L -95.0, 483.0, -26.0, -87.0, 481.0, -27.0, 178, 102, 255
L -110.0, 481.0, -23.0, -95.0, 483.0, -26.0, 178, 102, 255
L -114.0, 476.0, -28.0, -110.0, 481.0, -23.0, 178, 102, 255
L -118.8, 470.1, -18.5, -114.0, 476.0, -28.0, 178, 102, 255
L -133.0, 479.0, -14.0, -118.8, 470.1, -18.5, 178, 102, 255
L -144.0, 473.0, -13.0, -133.0, 479.0, -14.0, 178, 102, 255
L -156.0, 495.0, -13.0, -144.0, 473.0, -13.0, 178, 102, 255
L -172.0, 493.0, -13.0, -156.0, 495.0, -13.0, 178, 102, 255
L -184.0, 487.0, -13.0, -172.0, 493.0, -13.0, 178, 102, 255
L -191.0, 479.0, -13.0, -184.0, 487.0, -13.0, 178, 102, 255
L -191.0, 470.0, -12.0, -191.0, 479.0, -13.0, 178, 102, 255
L -181.0, 453.0, -9.0, -191.0, 470.0, -12.0, 178, 102, 255
L -195.0, 445.0, -6.0, -181.0, 453.0, -9.0, 178, 102, 255
L -195.0, 434.0, -14.0, -195.0, 445.0, -6.0, 178, 102, 255
L -197.0, 425.0, -14.0, -195.0, 434.0, -14.0, 178, 102, 255
L -205.0, 429.0, -14.0, -197.0, 425.0, -14.0, 178, 102, 255
L -232.0, 417.0, -13.0, -205.0, 429.0, -14.0, 178, 102, 255
L -254.5, 433.0, 0.0, -232.0, 417.0, -13.0, 178, 102, 255
L -247.0, 403.0, -14.0, -269.0, 391.0, 0.0, 178, 102, 255
L -211.0, 406.0, -14.0, -247.0, 403.0, -14.0, 178, 102, 255
L -200.0, 410.0, -14.0, -211.0, 406.0, -14.0, 178, 102, 255
L -197.0, 379.0, -15.0, -200.0, 410.0, -14.0, 178, 102, 255
L -191.0, 374.0, -13.0, -197.0, 379.0, -15.0, 178, 102, 255
L -172.0, 374.0, -12.0, -191.0, 374.0, -13.0, 178, 102, 255
L -160.0, 384.0, -13.5, -172.0, 374.0, -12.0, 178, 102, 255
L -157.0, 374.0, -13.0, -160.0, 384.0, -13.5, 178, 102, 255
L -148.0, 372.0, -13.0, -157.0, 374.0, -13.0, 178, 102, 255
L -138.0, 382.0, -13.0, -148.0, 372.0, -13.0, 178, 102, 255
L -140.0, 392.0, -14.0, -138.0, 382.0, -13.0, 178, 102, 255
L -131.0, 398.0, -14.0, -140.0, 392.0, -14.0, 178, 102, 255
L -125.0, 397.0, -14.0, -131.0, 398.0, -14.0, 178, 102, 255
L -125.0, 394.0, -13.0, -125.0, 397.0, -14.0, 178, 102, 255
L -125.0, 386.0, -13.0, -125.0, 394.0, -13.0, 178, 102, 255
L -125.0, 383.0, -13.0, -125.0, 386.0, -13.0, 178, 102, 255
L -125.0, 349.0, -27.0, -125.0, 353.2, -25.2, 178, 102, 255
L -139.0, 349.0, -27.0, -125.0, 349.0, -27.0, 178, 102, 255
L -139.0, 308.0, -27.0, -139.0, 349.0, -27.0, 178, 102, 255
L -111.0, 308.0, -27.0, -139.0, 308.0, -27.0, 178, 102, 255
L -111.0, 279.0, -41.0, -111.0, 282.6, -39.2, 178, 102, 255
L -125.0, 279.0, -41.0, -111.0, 279.0, -41.0, 178, 102, 255
L -125.0, 238.0, -41.0, -125.0, 279.0, -41.0, 178, 102, 255
L -97.0, 238.0, -41.0, -125.0, 238.0, -41.0, 178, 102, 255
L -83.0, 224.0, -41.0, -97.0, 238.0, -41.0, 178, 102, 255
L -70.0, 224.0, -41.0, -83.0, 224.0, -41.0, 178, 102, 255
L -56.0, 237.0, -41.0, -70.0, 224.0, -41.0, 178, 102, 255
L -56.0, 251.0, -41.0, -56.0, 237.0, -41.0, 178, 102, 255
L -70.0, 265.0, -41.0, -56.0, 251.0, -41.0, 178, 102, 255
L -70.0, 280.0, -41.0, -70.0, 265.0, -41.0, 178, 102, 255
L -42.0, 280.0, -41.0, -70.0, 280.0, -41.0, 178, 102, 255
L -42.0, 321.0, -41.0, -42.0, 280.0, -41.0, 178, 102, 255
L -56.0, 321.0, -41.0, -42.0, 321.0, -41.0, 178, 102, 255
L -56.0, 349.0, -41.0, -56.0, 321.0, -41.0, 178, 102, 255
L -27.0, 308.0, -55.0, -27.0, 321.0, -55.0, 178, 102, 255
L 5.0, 308.0, -55.0, -27.0, 308.0, -55.0, 178, 102, 255
L 5.0, 321.0, -55.0, 8.0, 321.0, -55.0, 178, 102, 255
L 8.0, 308.0, -55.0, 5.0, 308.0, -55.0, 178, 102, 255
L 13.0, 308.0, -55.0, 8.0, 308.0, -55.0, 178, 102, 255
L 28.0, 294.0, -55.0, 13.0, 308.0, -55.0, 178, 102, 255
L 28.0, 266.0, -55.0, 28.0, 294.0, -55.0, 178, 102, 255
L 97.0, 266.0, -55.0, 28.0, 266.0, -55.0, 178, 102, 255
L 98.0, 294.0, -55.0, 97.0, 266.0, -55.0, 178, 102, 255
L 139.0, 294.0, -55.0, 98.0, 294.0, -55.0, 178, 102, 255
L 139.0, 307.0, -55.0, 139.0, 294.0, -55.0, 178, 102, 255
L 167.0, 308.0, -55.0, 139.0, 307.0, -55.0, 178, 102, 255
L 167.0, 336.0, -55.0, 167.0, 308.0, -55.0, 178, 102, 255
L 181.0, 336.0, -55.0, 167.0, 336.0, -55.0, 178, 102, 255
L 181.0, 363.0, -55.0, 181.0, 336.0, -55.0, 178, 102, 255
L 196.0, 378.0, -55.0, 181.0, 363.0, -55.0, 178, 102, 255
L 209.0, 378.0, -55.0, 196.0, 378.0, -55.0, 178, 102, 255
L 224.0, 363.0, -55.0, 209.0, 378.0, -55.0, 178, 102, 255
L 224.0, 335.0, -55.0, 224.0, 363.0, -55.0, 178, 102, 255
L 209.0, 335.0, -55.0, 224.0, 335.0, -55.0, 178, 102, 255
L 209.0, 363.0, -55.0, 209.0, 335.0, -55.0, 178, 102, 255
L 196.0, 363.0, -55.0, 209.0, 363.0, -55.0, 178, 102, 255
L 196.0, 322.0, -55.0, 196.0, 363.0, -55.0, 178, 102, 255
L 237.0, 322.0, -55.0, 196.0, 322.0, -55.0, 178, 102, 255
L 237.0, 363.0, -55.0, 237.0, 322.0, -55.0, 178, 102, 255
L 251.0, 377.0, -55.0, 237.0, 363.0, -55.0, 178, 102, 255
L 251.0, 392.0, -55.0, 251.0, 377.0, -55.0, 178, 102, 255
L 237.0, 406.0, -55.0, 251.0, 392.0, -55.0, 178, 102, 255
L 237.0, 420.0, -55.0, 237.0, 406.0, -55.0, 178, 102, 255
L 265.0, 420.0, -55.0, 237.0, 420.0, -55.0, 178, 102, 255
L 265.0, 475.0, -55.0, 265.0, 420.0, -55.0, 178, 102, 255
L 209.0, 475.0, -55.0, 265.0, 475.0, -55.0, 178, 102, 255
L 209.0, 489.0, -55.0, 209.0, 475.0, -55.0, 178, 102, 255
L 182.0, 489.0, -55.0, 209.0, 489.0, -55.0, 178, 102, 255
L 196.0, 462.0, -55.0, 196.0, 475.0, -55.0, 178, 102, 255
L 251.0, 462.0, -55.0, 196.0, 462.0, -55.0, 178, 102, 255
L 252.0, 433.0, -55.0, 251.0, 462.0, -55.0, 178, 102, 255
L 237.0, 433.0, -55.0, 252.0, 433.0, -55.0, 178, 102, 255
L 237.0, 447.0, -55.0, 237.0, 433.0, -55.0, 178, 102, 255
L 196.0, 447.0, -55.0, 237.0, 447.0, -55.0, 178, 102, 255
L 196.0, 406.0, -55.0, 196.0, 447.0, -55.0, 178, 102, 255
L 209.0, 406.0, -55.0, 196.0, 406.0, -55.0, 178, 102, 255
L 209.0, 434.0, -55.0, 209.0, 406.0, -55.0, 178, 102, 255
L 224.0, 434.0, -55.0, 209.0, 434.0, -55.0, 178, 102, 255
L 224.0, 405.0, -55.0, 224.0, 434.0, -55.0, 178, 102, 255
L 209.0, 391.0, -55.0, 224.0, 405.0, -55.0, 178, 102, 255
L 195.0, 392.0, -55.0, 209.0, 391.0, -55.0, 178, 102, 255
L 181.0, 405.0, -55.0, 195.0, 392.0, -55.0, 178, 102, 255
L 181.0, 411.0, -55.0, 181.0, 405.0, -55.0, 178, 102, 255
L 181.0, 414.0, -55.0, 181.0, 411.0, -55.0, 178, 102, 255
L 181.0, 447.0, -55.0, 181.0, 414.0, -55.0, 178, 102, 255
L 153.0, 447.0, -55.0, 181.0, 447.0, -55.0, 178, 102, 255
L 97.0, 545.0, -83.0, 112.0, 531.0, -83.0, 102, 0, 204
L 84.0, 545.0, -83.0, 97.0, 545.0, -83.0, 102, 0, 204
L 70.0, 531.0, -83.0, 84.0, 545.0, -83.0, 102, 0, 204
L 70.0, 517.0, -83.0, 70.0, 531.0, -83.0, 102, 0, 204
L 84.0, 503.0, -83.0, 70.0, 517.0, -83.0, 102, 0, 204
L 84.0, 460.0, -83.0, 84.0, 503.0, -83.0, 102, 0, 204
L 84.0, 447.0, -83.0, 84.0, 460.0, -83.0, 102, 0, 204
L 70.0, 433.0, -83.0, 84.0, 447.0, -83.0, 102, 0, 204
L 70.0, 419.0, -83.0, 70.0, 433.0, -83.0, 102, 0, 204
L 84.0, 406.0, -83.0, 70.0, 419.0, -83.0, 102, 0, 204
L 84.0, 391.0, -83.0, 84.0, 406.0, -83.0, 102, 0, 204
L 76.0, 391.0, -83.0, 84.0, 391.0, -83.0, 102, 0, 204
L 73.0, 391.0, -83.0, 76.0, 391.0, -83.0, 102, 0, 204
L 55.0, 391.0, -83.0, 73.0, 391.0, -83.0, 102, 0, 204
L 41.0, 405.0, -83.0, 55.0, 391.0, -83.0, 102, 0, 204
L 28.0, 405.0, -83.0, 41.0, 405.0, -83.0, 102, 0, 204
L 14.0, 391.0, -83.0, 28.0, 405.0, -83.0, 102, 0, 204
L 0.0, 392.0, -84.0, 14.0, 391.0, -83.0, 102, 0, 204
L -1.9, 433.3, -85.0, 0.0, 392.0, -84.0, 102, 0, 204
L -12.1, 432.8, -85.0, -27.0, 447.0, -84.0, 0, 0, 255
L 13.0, 447.0, -87.0, -1.9, 433.3, -85.0, 0, 0, 255
L 0.0, 461.0, -85.0, 13.0, 447.0, -87.0, 0, 0, 255
L -27.0, 447.0, -84.0, -13.0, 461.0, -85.0, 0, 0, 255
L -13.0, 380.0, -84.0, -12.1, 432.8, -85.0, 102, 0, 204
L -6.0, 378.0, -83.0, -13.0, 380.0, -84.0, 102, 0, 204
L 13.0, 378.0, -83.0, -6.0, 378.0, -83.0, 102, 0, 204
L 28.0, 364.0, -83.0, 13.0, 378.0, -83.0, 102, 0, 204
L 42.0, 364.0, -83.0, 28.0, 364.0, -83.0, 102, 0, 204
L 54.0, 378.0, -83.0, 42.0, 364.0, -83.0, 102, 0, 204
L 73.0, 378.0, -83.0, 54.0, 378.0, -83.0, 102, 0, 204
L 76.0, 378.0, -83.0, 73.0, 378.0, -83.0, 102, 0, 204
L 97.0, 378.0, -83.0, 76.0, 378.0, -83.0, 102, 0, 204
L 97.0, 406.0, -83.0, 97.0, 378.0, -83.0, 102, 0, 204
L 111.0, 419.0, -83.0, 97.0, 406.0, -83.0, 102, 0, 204
L 111.0, 433.0, -83.0, 111.0, 419.0, -83.0, 102, 0, 204
L 97.0, 447.0, -83.0, 111.0, 433.0, -83.0, 102, 0, 204
L 98.0, 504.0, -83.0, 97.0, 447.0, -83.0, 102, 0, 204
L 111.0, 518.0, -83.0, 98.0, 504.0, -83.0, 102, 0, 204
L 139.0, 419.0, -55.0, 140.0, 447.0, -55.0, 178, 102, 255
L 126.0, 419.0, -55.0, 139.0, 419.0, -55.0, 178, 102, 255
L 125.0, 391.0, -55.0, 126.0, 419.0, -55.0, 178, 102, 255
L 112.0, 391.0, -55.0, 125.0, 391.0, -55.0, 178, 102, 255
L 112.0, 378.0, -55.0, 112.0, 391.0, -55.0, 178, 102, 255
L 139.0, 378.0, -55.0, 112.0, 378.0, -55.0, 178, 102, 255
L 139.0, 405.0, -55.0, 139.0, 378.0, -55.0, 178, 102, 255
L 153.0, 406.0, -55.0, 139.0, 405.0, -55.0, 178, 102, 255
L 168.0, 405.0, -55.0, 170.0, 411.0, -55.0, 178, 102, 255
L 154.0, 392.0, -55.0, 168.0, 405.0, -55.0, 178, 102, 255
L 154.0, 378.0, -55.0, 154.0, 392.0, -55.0, 178, 102, 255
L 168.0, 363.0, -55.0, 154.0, 378.0, -55.0, 178, 102, 255
L 169.0, 349.0, -55.0, 168.0, 363.0, -55.0, 178, 102, 255
L 153.0, 349.0, -55.0, 169.0, 349.0, -55.0, 178, 102, 255
L 153.0, 363.0, -55.0, 153.0, 349.0, -55.0, 178, 102, 255
L 112.0, 363.0, -55.0, 153.0, 363.0, -55.0, 178, 102, 255
L 112.0, 336.0, -55.0, 112.0, 363.0, -55.0, 178, 102, 255
L 125.0, 336.0, -55.0, 112.0, 336.0, -55.0, 178, 102, 255
L -83.0, 491.0, -32.1, -87.0, 481.0, -27.0, 178, 102, 255
L -26.0, 515.0, -39.0, -48.0, 501.1, -32.1, 178, 102, 255
L -4.0, 513.0, -43.0, -26.0, 515.0, -39.0, 178, 102, 255
L -4.0, 498.0, -41.0, -4.0, 513.0, -43.0, 178, 102, 255
L -12.0, 472.0, -39.0, -4.0, 498.0, -41.0, 178, 102, 255
L -30.0, 469.0, -38.0, -12.0, 472.0, -39.0, 178, 102, 255
L -34.0, 466.0, -37.0, -30.0, 469.0, -38.0, 178, 102, 255
L -41.0, 468.0, -36.0, -34.0, 466.0, -37.0, 178, 102, 255
L -45.0, 471.0, -37.0, -41.0, 468.0, -36.0, 178, 102, 255
L -57.0, 474.0, -30.0, -46.8, 481.5, -32.1, 178, 102, 255
L -75.0, 466.0, -23.0, -57.0, 474.0, -30.0, 178, 102, 255
L -80.0, 466.0, -21.0, -75.0, 466.0, -23.0, 178, 102, 255
L -96.0, 456.0, -27.0, -80.0, 466.0, -21.0, 178, 102, 255
L -117.7, 459.7, -18.7, -96.0, 456.0, -27.0, 178, 102, 255
L -135.0, 454.0, -11.0, -117.7, 459.7, -18.7, 178, 102, 255
L -143.0, 461.0, -13.0, -135.0, 454.0, -11.0, 178, 102, 255
L -166.0, 456.0, -14.0, -143.0, 461.0, -13.0, 178, 102, 255
L -156.0, 426.0, -13.0, -166.0, 456.0, -14.0, 178, 102, 255
L -160.0, 404.0, -11.0, -156.0, 426.0, -13.0, 178, 102, 255
L -156.0, 399.0, -11.0, -160.0, 404.0, -11.0, 178, 102, 255
L -154.0, 391.0, -14.0, -156.0, 399.0, -11.0, 178, 102, 255
L -149.0, 401.0, -14.0, -154.0, 391.0, -14.0, 178, 102, 255
L -151.0, 408.0, -14.0, -149.0, 401.0, -14.0, 178, 102, 255
L -151.0, 419.0, -14.0, -151.0, 408.0, -14.0, 178, 102, 255
L -140.0, 433.0, -14.0, -151.0, 419.0, -14.0, 178, 102, 255
L -128.0, 437.0, -14.0, -140.0, 433.0, -14.0, 178, 102, 255
L -112.0, 433.0, -14.0, -128.0, 437.0, -14.0, 178, 102, 255
L -104.0, 425.0, -14.0, -112.0, 433.0, -14.0, 178, 102, 255
L -104.0, 403.0, -14.0, -104.0, 425.0, -14.0, 178, 102, 255
L -112.0, 399.0, -14.0, -104.0, 403.0, -14.0, 178, 102, 255
L -112.0, 386.0, -13.0, -112.0, 399.0, -14.0, 178, 102, 255
L -112.0, 383.0, -13.0, -112.0, 386.0, -13.0, 178, 102, 255
L -126.0, 336.0, -27.0, -112.0, 336.0, -27.0, 178, 102, 255
L -126.0, 321.0, -27.0, -126.0, 336.0, -27.0, 178, 102, 255
L -84.0, 321.0, -27.0, -126.0, 321.0, -27.0, 178, 102, 255
L -84.0, 308.0, -27.0, -84.0, 321.0, -27.0, 178, 102, 255
L -98.0, 308.0, -27.0, -84.0, 308.0, -27.0, 178, 102, 255
L -111.0, 267.0, -41.0, -98.0, 266.0, -41.0, 178, 102, 255
L -112.0, 251.0, -41.0, -111.0, 267.0, -41.0, 178, 102, 255
L -98.0, 251.0, -41.0, -112.0, 251.0, -41.0, 178, 102, 255
L -83.0, 265.0, -41.0, -98.0, 251.0, -41.0, 178, 102, 255
L -83.0, 293.0, -41.0, -83.0, 265.0, -41.0, 178, 102, 255
L -56.0, 293.0, -41.0, -83.0, 293.0, -41.0, 178, 102, 255
L -56.0, 308.0, -41.0, -56.0, 293.0, -41.0, 178, 102, 255
L -69.0, 308.0, -41.0, -56.0, 308.0, -41.0, 178, 102, 255
L -70.0, 350.0, -41.0, -69.0, 308.0, -41.0, 178, 102, 255
L -97.0, 350.0, -41.0, -70.0, 350.0, -41.0, 178, 102, 255
L -97.0, 391.0, -41.0, -97.0, 350.0, -41.0, 178, 102, 255
L -70.0, 391.0, -41.0, -97.0, 391.0, -41.0, 178, 102, 255
L -70.0, 378.0, -41.0, -70.0, 391.0, -41.0, 178, 102, 255
L -84.0, 378.0, -41.0, -70.0, 378.0, -41.0, 178, 102, 255
L -84.0, 363.0, -41.0, -84.0, 378.0, -41.0, 178, 102, 255
L -55.0, 363.0, -41.0, -84.0, 363.0, -41.0, 178, 102, 255
L -55.0, 420.0, -41.0, -55.0, 363.0, -41.0, 178, 102, 255
L -84.0, 419.0, -41.0, -55.0, 420.0, -41.0, 178, 102, 255
L -84.0, 406.0, -41.0, -84.0, 419.0, -41.0, 178, 102, 255
L -97.0, 406.0, -41.0, -84.0, 406.0, -41.0, 178, 102, 255
L -97.0, 433.0, -41.0, -97.0, 406.0, -41.0, 178, 102, 255
L -42.0, 433.0, -41.0, -97.0, 433.0, -41.0, 178, 102, 255
L -42.0, 363.0, -41.0, -42.0, 433.0, -41.0, 178, 102, 255
L 5.0, 321.0, -55.0, -14.0, 321.0, -55.0, 178, 102, 255
L 12.0, 321.0, -55.0, 8.0, 321.0, -55.0, 178, 102, 255
L 27.0, 335.0, -55.0, 12.0, 321.0, -55.0, 178, 102, 255
L 41.0, 335.0, -55.0, 27.0, 335.0, -55.0, 178, 102, 255
L 55.0, 322.0, -55.0, 41.0, 335.0, -55.0, 178, 102, 255
L 55.0, 308.0, -55.0, 55.0, 322.0, -55.0, 178, 102, 255
L 42.0, 295.0, -55.0, 55.0, 308.0, -55.0, 178, 102, 255
L 41.0, 279.0, -55.0, 42.0, 295.0, -55.0, 178, 102, 255
L 83.0, 279.0, -55.0, 41.0, 279.0, -55.0, 178, 102, 255
L 83.0, 294.0, -55.0, 83.0, 279.0, -55.0, 178, 102, 255
L 70.0, 294.0, -55.0, 83.0, 294.0, -55.0, 178, 102, 255
L 70.0, 307.0, -55.0, 70.0, 294.0, -55.0, 178, 102, 255
L 83.0, 306.0, -55.0, 70.0, 307.0, -55.0, 178, 102, 255
L 83.0, 322.0, -55.0, 83.0, 306.0, -55.0, 178, 102, 255
L 70.0, 322.0, -55.0, 83.0, 322.0, -55.0, 178, 102, 255
L 70.0, 363.0, -55.0, 70.0, 322.0, -55.0, 178, 102, 255
L 97.0, 363.0, -55.0, 70.0, 363.0, -55.0, 178, 102, 255
L 97.0, 350.0, -55.0, 97.0, 363.0, -55.0, 178, 102, 255
L 83.0, 350.0, -55.0, 97.0, 350.0, -55.0, 178, 102, 255
L 83.0, 335.0, -55.0, 83.0, 350.0, -55.0, 178, 102, 255
L 97.0, 335.0, -55.0, 83.0, 335.0, -55.0, 178, 102, 255
L 97.0, 307.0, -55.0, 97.0, 335.0, -55.0, 178, 102, 255
L 126.0, 308.0, -55.0, 97.0, 307.0, -55.0, 178, 102, 255
L 126.0, 321.0, -55.0, 126.0, 308.0, -55.0, 178, 102, 255
L 154.0, 321.0, -55.0, 126.0, 321.0, -55.0, 178, 102, 255
L 154.0, 336.0, -55.0, 154.0, 321.0, -55.0, 178, 102, 255
L 140.0, 336.0, -55.0, 154.0, 336.0, -55.0, 178, 102, 255
L 139.0, 350.0, -55.0, 140.0, 336.0, -55.0, 178, 102, 255
L 125.0, 350.0, -55.0, 139.0, 350.0, -55.0, 178, 102, 255
L 125.0, 336.0, -55.0, 125.0, 350.0, -55.0, 178, 102, 255
L -347.0, 441.0, 0.0, -405.0, 441.0, 0.0, 150, 150, 150
L -327.0, 453.0, 1.0, -347.0, 441.0, 0.0, 150, 150, 150
L -311.0, 480.0, 0.0, -327.0, 453.0, 1.0, 150, 150, 150
L -316.0, 509.0, 1.0, -311.0, 480.0, 0.0, 150, 150, 150
L -308.0, 517.0, 0.0, -316.0, 509.0, 1.0, 150, 150, 150
L -313.0, 527.0, 0.0, -308.0, 517.0, 0.0, 150, 150, 150
L -305.0, 539.0, 1.0, -313.0, 527.0, 0.0, 150, 150, 150
L -299.0, 558.0, 0.0, -305.0, 539.0, 1.0, 150, 150, 150
L -307.0, 585.0, 1.0, -299.0, 558.0, 0.0, 150, 150, 150
L -299.0, 595.0, 0.0, -307.0, 585.0, 1.0, 150, 150, 150
L -298.0, 611.0, 1.0, -299.0, 595.0, 0.0, 150, 150, 150
L -303.0, 630.0, 0.0, -298.0, 611.0, 1.0, 150, 150, 150
L -331.0, 664.0, 0.0, -303.0, 630.0, 0.0, 150, 150, 150
L -407.0, 661.0, 0.0, -331.0, 664.0, 0.0, 150, 150, 150
L -429.0, 652.0, 0.0, -407.0, 661.0, 0.0, 150, 150, 150
L -438.0, 608.0, 0.0, -429.0, 652.0, 0.0, 150, 150, 150
L -426.0, 591.0, 0.0, -438.0, 608.0, 0.0, 150, 150, 150
L -435.0, 585.0, 0.0, -426.0, 591.0, 0.0, 150, 150, 150
L -440.0, 565.0, 0.0, -435.0, 585.0, 0.0, 150, 150, 150
L -428.0, 541.0, 0.0, -440.0, 565.0, 0.0, 150, 150, 150
L -420.0, 532.0, 0.0, -428.0, 541.0, 0.0, 150, 150, 150
L -410.0, 526.0, 0.0, -420.0, 532.0, 0.0, 150, 150, 150
L -412.0, 522.0, 1.0, -410.0, 526.0, 0.0, 150, 150, 150
L -416.0, 516.0, 0.0, -412.0, 522.0, 1.0, 150, 150, 150
L -437.0, 509.0, 0.0, -416.0, 516.0, 0.0, 150, 150, 150
L -446.0, 492.0, 0.0, -437.0, 509.0, 0.0, 150, 150, 150
L -448.0, 467.0, 0.0, -446.0, 492.0, 0.0, 150, 150, 150
L -437.0, 450.0, 1.0, -448.0, 467.0, 0.0, 150, 150, 150
L -405.0, 441.0, 0.0, -437.0, 450.0, 1.0, 150, 150, 150
L -392.0, 504.0, 4.0, -377.0, 504.0, 4.0, 0, 0, 0
L -392.0, 489.0, 4.0, -392.0, 504.0, 4.0, 0, 0, 0
L -377.0, 489.0, 4.0, -392.0, 489.0, 4.0, 0, 0, 0
L -377.0, 504.0, 4.0, -377.0, 489.0, 4.0, 0, 0, 0
L -392.0, 532.0, 4.0, -377.0, 532.0, 4.0, 0, 0, 0
L -392.0, 517.0, 4.0, -392.0, 532.0, 4.0, 0, 0, 0
L -377.0, 517.0, 4.0, -392.0, 517.0, 4.0, 0, 0, 0
L -377.0, 532.0, 4.0, -377.0, 517.0, 4.0, 0, 0, 0
L -392.0, 560.0, 4.0, -377.0, 560.0, 4.0, 0, 0, 0
L -392.0, 545.0, 4.0, -392.0, 560.0, 4.0, 0, 0, 0
L -377.0, 545.0, 4.0, -392.0, 545.0, 4.0, 0, 0, 0
L -377.0, 560.0, 4.0, -377.0, 545.0, 4.0, 0, 0, 0
L -392.0, 588.0, 4.0, -377.0, 588.0, 4.0, 0, 0, 0
L -392.0, 573.0, 4.0, -392.0, 588.0, 4.0, 0, 0, 0
L -377.0, 573.0, 4.0, -392.0, 573.0, 4.0, 0, 0, 0
L -377.0, 588.0, 4.0, -377.0, 573.0, 4.0, 0, 0, 0
L -377.0, 601.0, 4.0, -377.0, 616.0, 4.0, 0, 0, 0
L -392.0, 601.0, 4.0, -377.0, 601.0, 4.0, 0, 0, 0
L -392.0, 616.0, 4.0, -392.0, 601.0, 4.0, 0, 0, 0
L -377.0, 616.0, 4.0, -392.0, 616.0, 4.0, 0, 0, 0
L -363.0, 627.0, 5.0, -373.0, 627.0, 5.0, 0, 0, 0
L -361.0, 646.0, 5.0, -361.0, 627.0, 5.0, 0, 0, 0
L -380.0, 646.0, 5.0, -361.0, 646.0, 5.0, 0, 0, 0
L -380.0, 627.0, 5.0, -380.0, 646.0, 5.0, 0, 0, 0
L -361.0, 627.0, 5.0, -380.0, 627.0, 5.0, 0, 0, 0
L -349.0, 601.0, 4.0, -364.0, 601.0, 4.0, 0, 0, 0
L -349.0, 616.0, 4.0, -349.0, 601.0, 4.0, 0, 0, 0
L -364.0, 616.0, 4.0, -349.0, 616.0, 4.0, 0, 0, 0
L -364.0, 601.0, 4.0, -364.0, 616.0, 4.0, 0, 0, 0
L -349.0, 573.0, 4.0, -364.0, 573.0, 4.0, 0, 0, 0
L -349.0, 588.0, 4.0, -349.0, 573.0, 4.0, 0, 0, 0
L -364.0, 588.0, 4.0, -349.0, 588.0, 4.0, 0, 0, 0
L -364.0, 573.0, 4.0, -364.0, 588.0, 4.0, 0, 0, 0
L -349.0, 545.0, 4.0, -364.0, 545.0, 4.0, 0, 0, 0
L -349.0, 560.0, 4.0, -349.0, 545.0, 4.0, 0, 0, 0
L -364.0, 560.0, 4.0, -349.0, 560.0, 4.0, 0, 0, 0
L -364.0, 545.0, 4.0, -364.0, 560.0, 4.0, 0, 0, 0
L -349.0, 517.0, 4.0, -364.0, 517.0, 4.0, 0, 0, 0
L -349.0, 532.0, 4.0, -349.0, 517.0, 4.0, 0, 0, 0
L -364.0, 532.0, 4.0, -349.0, 532.0, 4.0, 0, 0, 0
L -364.0, 517.0, 4.0, -364.0, 532.0, 4.0, 0, 0, 0
L -349.0, 489.0, 4.0, -364.0, 489.0, 4.0, 0, 0, 0
L -349.0, 504.0, 4.0, -349.0, 489.0, 4.0, 0, 0, 0
L -364.0, 504.0, 4.0, -349.0, 504.0, 4.0, 0, 0, 0
L -364.0, 489.0, 4.0, -364.0, 504.0, 4.0, 0, 0, 0
L -349.0, 476.0, 4.0, -364.0, 476.0, 4.0, 0, 0, 0
L -349.0, 461.0, 4.0, -349.0, 476.0, 4.0, 0, 0, 0
L -364.0, 461.0, 4.0, -349.0, 461.0, 4.0, 0, 0, 0
L -364.0, 476.0, 4.0, -364.0, 461.0, 4.0, 0, 0, 0
L -377.0, 476.0, 4.0, -377.0, 461.0, 4.0, 0, 0, 0
L -392.0, 476.0, 4.0, -377.0, 476.0, 4.0, 0, 0, 0
L -392.0, 461.0, 4.0, -392.0, 476.0, 4.0, 0, 0, 0
L -377.0, 461.0, 4.0, -392.0, 461.0, 4.0, 0, 0, 0
L -244.0, 420.0, 0.0, -244.0, 404.0, 0.0, 0, 0, 255
L -265.0, 446.0, 0.0, -254.5, 433.0, 0.0, 0, 0, 255
L -588.0, -376.0, 0.0, -574.0, -363.0, 0.0, 0, 0, 255
L -573.0, -406.0, 1.0, -588.0, -376.0, 0.0, 0, 0, 255
L -558.0, -405.0, 0.0, -573.0, -406.0, 1.0, 0, 0, 255
L -544.0, -378.0, 0.0, -558.0, -405.0, 0.0, 0, 0, 255
L -574.0, -363.0, 0.0, -544.0, -378.0, 0.0, 0, 0, 255
L -616.0, -364.0, 0.0, -639.0, -364.0, 0.0, 0, 0, 255
L -587.0, -336.0, 0.0, -616.0, -364.0, 0.0, 0, 0, 255
L -559.0, -335.0, 0.0, -587.0, -336.0, 0.0, 0, 0, 255
L -545.0, -321.0, -12.0, -559.0, -335.0, 0.0, 0, 0, 255
L -490.0, -335.0, 0.0, -503.0, -321.0, -12.0, 0, 0, 0
L -476.0, -363.0, 0.0, -490.0, -335.0, 0.0, 0, 0, 0
L -490.0, -433.0, 0.0, -476.0, -363.0, 0.0, 0, 0, 0
L -503.0, -447.0, 0.0, -490.0, -433.0, 0.0, 0, 0, 0
L -519.0, -447.0, 0.0, -503.0, -447.0, 0.0, 0, 0, 0
L -522.0, -444.0, 0.0, -519.0, -447.0, 0.0, 0, 0, 0
L -531.0, -440.0, 0.0, -522.0, -444.0, 0.0, 0, 0, 0
L -538.0, -446.0, 0.0, -531.0, -440.0, 0.0, 0, 0, 0
L -539.0, -449.0, 0.0, -538.0, -446.0, 0.0, 0, 0, 0
L -538.0, -459.0, 0.0, -539.0, -449.0, 0.0, 0, 0, 0
L -540.0, -463.0, 0.0, -538.0, -459.0, 0.0, 0, 0, 0
L -545.0, -464.0, 0.0, -540.0, -463.0, 0.0, 0, 0, 0
L -544.0, -470.0, 0.0, -545.0, -464.0, 0.0, 0, 0, 0
L -547.0, -470.0, 0.0, -544.0, -470.0, 0.0, 0, 0, 0
L -548.0, -476.0, 0.0, -547.0, -470.0, 0.0, 0, 0, 0
L -585.0, -488.0, 0.0, -548.0, -476.0, 0.0, 0, 0, 0
L -616.0, -487.0, 0.0, -585.0, -488.0, 0.0, 0, 0, 0
L -630.0, -466.0, 0.0, -616.0, -487.0, 0.0, 0, 0, 0
L -627.0, -463.0, 0.0, -630.0, -466.0, 0.0, 0, 0, 0
L -620.0, -457.0, 0.0, -627.0, -463.0, 0.0, 0, 0, 0
L -626.0, -446.0, 0.0, -620.0, -457.0, 0.0, 0, 0, 0
L -639.0, -448.0, 0.0, -626.0, -446.0, 0.0, 0, 0, 0
L -639.0, -364.0, 0.0, -639.0, -448.0, 0.0, 150, 150, 150
L -1077.0, -699.0, 0.0, -1103.0, -705.0, -1.0, 0, 0, 0
L -1064.0, -699.0, 0.0, -1077.0, -699.0, 0.0, 0, 0, 0
L -1049.0, -671.0, 0.0, -1064.0, -699.0, 0.0, 0, 0, 0
L -1064.0, -601.0, 0.0, -1049.0, -671.0, 0.0, 0, 0, 0
L -1049.0, -600.0, 0.0, -1064.0, -601.0, 0.0, 0, 0, 0
L -1036.0, -627.0, 0.0, -1049.0, -600.0, 0.0, 0, 0, 0
L -1021.0, -671.0, 0.0, -1036.0, -627.0, 0.0, 0, 0, 0
L -1007.0, -671.0, 0.0, -1021.0, -671.0, 0.0, 0, 0, 0
L -993.0, -713.0, 0.0, -1007.0, -671.0, 0.0, 0, 0, 0
L -952.0, -713.0, 0.0, -993.0, -713.0, 0.0, 0, 0, 0
L -910.0, -727.0, 0.0, -952.0, -713.0, 0.0, 0, 0, 0
L -882.0, -727.0, 0.0, -910.0, -727.0, 0.0, 0, 0, 0
L -854.0, -699.0, 0.0, -882.0, -727.0, 0.0, 0, 0, 0
L -867.0, -672.0, 0.0, -854.0, -699.0, 0.0, 0, 0, 0
L -895.0, -658.0, 0.0, -867.0, -672.0, 0.0, 0, 0, 0
L -908.0, -671.0, 0.0, -895.0, -658.0, 0.0, 0, 0, 0
L -937.0, -686.0, 0.0, -908.0, -671.0, 0.0, 0, 0, 0
L -979.0, -630.0, 0.0, -937.0, -686.0, 0.0, 0, 0, 0
L -1007.0, -644.0, 0.0, -979.0, -630.0, 0.0, 0, 0, 0
L -1021.0, -629.0, 0.0, -1007.0, -644.0, 0.0, 0, 0, 0
L -1021.0, -615.0, 0.0, -1021.0, -629.0, 0.0, 0, 0, 0
L -1008.0, -615.0, 0.0, -1021.0, -615.0, 0.0, 0, 0, 0
L -979.0, -601.0, 0.0, -1008.0, -615.0, 0.0, 0, 0, 0
L -978.0, -573.0, -1.0, -979.0, -601.0, 0.0, 0, 0, 0
L -1166.0, -648.0, 0.0, -1342.0, -648.0, 0.0, 0, 0, 0
L -1158.0, -642.0, -1.0, -1166.0, -648.0, 0.0, 0, 0, 0
L -1147.0, -630.0, -1.0, -1158.0, -642.0, -1.0, 0, 0, 0
L -1118.0, -629.0, 0.0, -1147.0, -630.0, -1.0, 0, 0, 0
L -1077.0, -602.0, 0.0, -1118.0, -629.0, 0.0, 0, 0, 0
L -1090.0, -574.0, 0.0, -1077.0, -602.0, 0.0, 0, 0, 0
L -1077.0, -546.0, 0.0, -1090.0, -574.0, 0.0, 0, 0, 0
L -1050.0, -560.0, 0.0, -1077.0, -546.0, 0.0, 0, 0, 0
L -1035.0, -546.0, 0.0, -1050.0, -560.0, 0.0, 0, 0, 0
L -1022.0, -586.0, 0.0, -1035.0, -546.0, 0.0, 0, 0, 0
L -993.0, -573.0, -1.0, -1022.0, -586.0, 0.0, 0, 0, 0
L -583.0, 969.0, 0.0, -544.0, 1001.0, 0.0, 199, 21, 133
L -642.0, 762.0, 0.0, -783.0, 762.0, 0.0, 0, 0, 0
L -609.0, 762.0, 0.0, -642.0, 762.0, 0.0, 0, 0, 0
L -609.0, 765.0, 0.0, -609.0, 762.0, 0.0, 0, 0, 0
L -603.0, 765.0, -1.0, -609.0, 765.0, 0.0, 0, 0, 0
L -598.0, 762.0, -1.0, -603.0, 765.0, -1.0, 0, 0, 0
L -584.0, 762.0, -1.0, -598.0, 762.0, -1.0, 0, 0, 0
L -558.0, 769.0, -1.0, -584.0, 762.0, -1.0, 0, 0, 0
L -545.0, 755.0, -1.0, -558.0, 769.0, -1.0, 0, 0, 0
L -503.0, 755.0, 0.0, -517.0, 741.0, 0.0, 0, 0, 0
L -490.0, 741.0, 0.0, -503.0, 755.0, 0.0, 0, 0, 0
L -490.0, 727.0, 0.0, -490.0, 741.0, 0.0, 0, 0, 0
L -503.0, 714.0, 0.0, -490.0, 727.0, 0.0, 0, 0, 0
L -517.0, 714.0, 0.0, -503.0, 714.0, 0.0, 0, 0, 0
L -517.0, 728.0, 0.0, -517.0, 714.0, 0.0, 0, 0, 0
L -545.0, 728.0, 0.0, -545.0, 755.0, 0.0, 0, 0, 0
L -517.0, 728.0, 0.0, -545.0, 728.0, 0.0, 0, 0, 0
L -532.0, 741.0, 0.0, -517.0, 741.0, 0.0, 0, 0, 0
L -532.0, 756.0, -1.0, -532.0, 741.0, 0.0, 0, 0, 0
L -531.0, 770.0, 0.0, -532.0, 756.0, -1.0, 0, 0, 0
L -475.0, 770.0, 0.0, -531.0, 770.0, 0.0, 0, 0, 0
L -475.0, 742.0, 0.0, -475.0, 770.0, 0.0, 0, 0, 0
L -461.0, 741.0, 0.0, -475.0, 742.0, 0.0, 0, 0, 0
L -461.0, 714.0, 0.0, -461.0, 741.0, 0.0, 0, 0, 0
L -447.0, 713.0, 0.0, -461.0, 714.0, 0.0, 0, 0, 0
L -447.0, 685.0, 0.0, -447.0, 713.0, 0.0, 0, 0, 0
L -461.0, 671.0, 0.0, -447.0, 685.0, 0.0, 0, 0, 0
L -910.0, -279.0, -12.0, -909.0, -335.0, 0.0, 150, 150, 150
L -907.0, -279.0, -12.0, -910.0, -279.0, -12.0, 150, 150, 150
L -898.0, -279.0, -12.0, -907.0, -279.0, -12.0, 150, 150, 150
L -898.0, -252.0, -12.0, -898.0, -279.0, -12.0, 0, 0, 0
L -923.0, -252.0, -12.0, -898.0, -252.0, -12.0, 0, 0, 255
L -898.0, -251.0, 0.0, -907.0, -250.0, 0.0, 100, 50, 0
L -898.0, -261.0, 2.0, -898.0, -251.0, 0.0, 100, 50, 0
L -898.0, -269.0, 2.0, -898.0, -261.0, 2.0, 100, 50, 0
L -898.0, -280.0, 0.0, -898.0, -269.0, 2.0, 100, 50, 0
L -907.0, -280.0, 0.0, -898.0, -280.0, 0.0, 100, 50, 0
L -907.0, -270.0, 2.0, -907.0, -280.0, 0.0, 100, 50, 0
L -907.0, -262.0, 2.0, -907.0, -270.0, 2.0, 100, 50, 0
L -907.0, -250.0, 0.0, -907.0, -262.0, 2.0, 100, 50, 0
L -867.0, -14.0, 0.0, -881.0, -41.0, 0.0, 0, 0, 0
L -839.0, -14.0, 0.0, -867.0, -14.0, 0.0, 0, 0, 0
L -826.0, -42.0, 0.0, -839.0, -14.0, 0.0, 0, 0, 0
L -755.0, -242.0, 10.0, -755.0, -251.0, 13.0, 0, 0, 0
L -760.0, -243.0, 10.0, -755.0, -242.0, 10.0, 0, 0, 0
L -760.0, -195.0, 0.0, -760.0, -243.0, 10.0, 127, 64, 0
L -811.0, -242.0, 9.0, -811.0, -251.0, 14.0, 0, 0, 0
L -807.0, -242.0, 9.0, -811.0, -242.0, 9.0, 0, 0, 0
L -807.0, -229.0, 3.0, -807.0, -242.0, 9.0, 127, 64, 0
L -807.0, -196.0, 0.0, -807.0, -229.0, 3.0, 127, 64, 0
L -504.0, -166.0, -12.0, -518.0, -140.0, -12.0, 0, 0, 0
L -943.0, -527.0, -1.0, -923.0, -517.0, -1.0, 0, 0, 0
L -953.0, -529.0, -1.0, -943.0, -527.0, -1.0, 0, 0, 0
L -947.0, -541.0, 0.0, -953.0, -529.0, -1.0, 0, 0, 0
L -938.0, -559.0, -1.0, -947.0, -541.0, 0.0, 0, 0, 0
L -978.0, -573.0, -1.0, -938.0, -559.0, -1.0, 0, 0, 0
L -999.0, -560.0, -1.0, -993.0, -573.0, -1.0, 0, 0, 0
L -995.0, -559.0, -1.0, -999.0, -560.0, -1.0, 0, 0, 0
L -990.0, -552.0, -1.0, -995.0, -559.0, -1.0, 0, 0, 0
L -997.0, -541.0, -1.0, -990.0, -552.0, -1.0, 0, 0, 0
L -988.0, -536.0, -1.0, -997.0, -541.0, -1.0, 0, 0, 0
L -985.0, -538.0, 0.0, -988.0, -536.0, -1.0, 0, 0, 0
L -981.0, -536.0, 0.0, -985.0, -538.0, 0.0, 0, 0, 0
L -977.0, -531.0, -1.0, -981.0, -536.0, 0.0, 0, 0, 0
L -980.0, -525.0, -1.0, -977.0, -531.0, -1.0, 0, 0, 0
L -983.0, -522.0, 0.0, -980.0, -525.0, -1.0, 0, 0, 0
L -992.0, -504.0, -1.0, -983.0, -522.0, 0.0, 0, 0, 0
L -993.0, -462.0, -1.0, -992.0, -504.0, -1.0, 0, 0, 0
L -965.0, -448.0, -1.0, -993.0, -462.0, -1.0, 0, 0, 0
L -965.0, -408.0, -1.0, -965.0, -448.0, -1.0, 0, 0, 0
L -951.0, -378.0, -1.0, -965.0, -408.0, -1.0, 0, 0, 0
L -923.0, -364.0, 0.0, -951.0, -378.0, -1.0, 0, 0, 0
L -923.0, -338.0, 0.0, -923.0, -364.0, 0.0, 0, 0, 0
L -923.0, -279.0, -11.0, -923.0, -338.0, 0.0, 0, 0, 0
L -923.0, -252.0, -12.0, -923.0, -279.0, -11.0, 0, 0, 0
L -923.0, -252.0, 0.0, -923.0, -252.0, -12.0, 0, 0, 0
L -923.0, -226.0, 0.0, -923.0, -252.0, 0.0, 0, 0, 0
L -923.0, -223.0, 0.0, -923.0, -226.0, 0.0, 0, 0, 0
L -935.0, -211.0, 0.0, -923.0, -223.0, 0.0, 0, 0, 0
L -949.0, -184.0, 2.0, -935.0, -211.0, 0.0, 0, 0, 0
L -951.0, -164.0, 1.0, -949.0, -184.0, 2.0, 0, 0, 0
L -948.0, -161.0, 1.0, -951.0, -164.0, 1.0, 0, 0, 0
L -937.0, -152.0, 0.0, -948.0, -161.0, 1.0, 0, 0, 0
L -937.0, -147.0, 0.0, -937.0, -152.0, 0.0, 0, 0, 0
L -927.0, -142.0, 0.0, -937.0, -147.0, 0.0, 0, 0, 0
L -927.0, -180.0, 0.0, -927.0, -142.0, 0.0, 0, 0, 0
L -923.0, -177.0, 0.0, -927.0, -180.0, 0.0, 0, 0, 0
L -616.0, 14.0, 0.0, -600.0, 14.0, 0.0, 0, 0, 0
L -616.0, 0.0, 0.0, -616.0, 14.0, 0.0, 0, 0, 0
L -600.0, 14.0, 0.0, -616.0, 0.0, 0.0, 0, 0, 0
L -560.0, 83.0, -12.0, -559.0, 0.0, 0.0, 0, 0, 255
L -560.0, 111.0, -12.0, -560.0, 83.0, -12.0, 0, 0, 255
L -475.0, 111.0, -12.0, -560.0, 111.0, -12.0, 0, 0, 255
L -475.0, 70.0, 0.0, -475.0, 111.0, -12.0, 0, 0, 255
L -475.0, 0.0, 0.0, -475.0, 70.0, 0.0, 0, 0, 255
L -559.0, 0.0, 0.0, -475.0, 0.0, 0.0, 0, 0, 255
L -587.0, -167.0, 0.0, -615.0, -167.0, -2.0, 150, 150, 150
L -560.0, -139.0, -1.0, -587.0, -167.0, 0.0, 150, 150, 150
L -560.0, -267.0, -13.0, -545.0, -321.0, -12.0, 0, 0, 255
L -544.0, -239.0, -12.0, -560.0, -267.0, -13.0, 0, 0, 255
L -558.0, -223.0, -12.0, -544.0, -239.0, -12.0, 0, 0, 255
L -588.0, -237.0, -12.0, -558.0, -223.0, -12.0, 0, 0, 255
L -588.0, -264.0, -12.0, -588.0, -237.0, -12.0, 0, 0, 255
L -615.0, -238.0, -12.0, -588.0, -264.0, -12.0, 0, 0, 255
L -641.0, -224.0, -12.0, -615.0, -238.0, -12.0, 0, 0, 255
L -644.0, -365.0, 0.0, -643.0, -223.0, 0.0, 0, 0, 255
L -644.0, -447.0, 0.0, -643.0, -364.8, 0.0, 150, 150, 150
L -751.0, -447.0, 0.0, -644.0, -447.0, 0.0, 0, 0, 0
L -767.0, -434.0, 0.0, -751.0, -447.0, 0.0, 0, 0, 0
L -771.0, -441.0, 0.0, -767.0, -434.0, 0.0, 0, 0, 0
L -778.0, -444.0, 0.0, -771.0, -441.0, 0.0, 0, 0, 0
L -777.0, -448.0, 0.0, -778.0, -444.0, 0.0, 0, 0, 0
L -773.0, -454.0, 0.0, -777.0, -448.0, 0.0, 0, 0, 0
L -768.0, -451.0, 0.0, -773.0, -454.0, 0.0, 0, 0, 0
L -765.0, -453.0, 0.0, -768.0, -451.0, 0.0, 0, 0, 0
L -765.0, -463.0, 0.0, -765.0, -453.0, 0.0, 0, 0, 0
L -761.0, -466.0, 0.0, -765.0, -463.0, 0.0, 0, 0, 0
L -796.0, -475.0, 0.0, -761.0, -466.0, 0.0, 0, 0, 0
L -840.0, -475.0, -1.0, -796.0, -475.0, 0.0, 0, 0, 0
L -860.0, -505.0, -1.0, -840.0, -475.0, -1.0, 0, 0, 0
L -868.0, -500.0, -1.0, -860.0, -505.0, -1.0, 0, 0, 0
L -871.0, -504.0, -1.0, -868.0, -500.0, -1.0, 0, 0, 0
L -877.0, -512.0, 0.0, -871.0, -504.0, -1.0, 0, 0, 0
L -875.0, -517.0, -1.0, -877.0, -512.0, 0.0, 0, 0, 0
L -923.0, -517.0, -1.0, -875.0, -517.0, -1.0, 0, 0, 0
L -923.0, -140.0, 0.0, -923.0, -177.0, 0.0, 0, 0, 0
L -895.0, -140.0, 0.0, -923.0, -140.0, 0.0, 0, 0, 0
L -881.0, -126.0, 0.0, -895.0, -140.0, 0.0, 0, 0, 0
L -881.0, -41.0, 0.0, -881.0, -126.0, 0.0, 0, 0, 0
L -826.0, -124.0, 0.0, -826.0, -42.0, 0.0, 0, 0, 0
L -812.0, -139.0, 0.0, -826.0, -124.0, 0.0, 0, 0, 0
L -756.0, -140.0, 0.0, -812.0, -139.0, 0.0, 0, 0, 0
L -741.0, -125.0, 0.0, -756.0, -140.0, 0.0, 0, 0, 0
L -686.0, 14.0, 0.0, -686.0, 0.0, 0.0, 0, 0, 0
L -629.0, 14.0, 0.0, -686.0, 14.0, 0.0, 0, 0, 0
L -629.0, 0.0, 0.0, -629.0, 14.0, 0.0, 0, 0, 0
L -686.0, 0.0, 0.0, -629.0, 0.0, 0.0, 0, 0, 0
L -461.0, 350.0, 0.0, -461.0, 671.0, 0.0, 0, 0, 0
L -419.0, 350.0, 0.0, -461.0, 350.0, 0.0, 0, 0, 0
L -405.0, 336.0, 0.0, -419.0, 350.0, 0.0, 0, 0, 0
L -405.0, 167.0, 0.0, -405.0, 336.0, 0.0, 0, 0, 0
L -419.0, 153.0, 0.0, -405.0, 167.0, 0.0, 0, 0, 0
L -586.0, 153.0, 0.0, -419.0, 153.0, 0.0, 0, 0, 0
L -601.0, 139.0, 0.0, -586.0, 153.0, 0.0, 0, 0, 0
L -601.0, 27.0, 0.0, -601.0, 139.0, 0.0, 0, 0, 0
L -601.0, 27.0, 0.0, -630.0, 27.0, 0.0, 0, 0, 0
L -630.0, 75.0, 0.0, -630.0, 27.0, 0.0, 0, 0, 0
L -630.0, 78.0, 0.0, -630.0, 75.0, 0.0, 0, 0, 0
L -630.0, 78.0, 0.0, -630.0, 84.0, 0.0, 0, 0, 0
L -616.0, 84.0, 0.0, -630.0, 84.0, 0.0, 0, 0, 0
L -616.0, 125.0, 0.0, -616.0, 84.0, 0.0, 0, 0, 0
L -616.0, 125.0, 0.0, -630.0, 125.0, 0.0, 0, 0, 0
L -630.0, 139.0, 0.0, -630.0, 125.0, 0.0, 0, 0, 0
L -643.0, 139.0, 0.0, -630.0, 139.0, 0.0, 0, 0, 0
L -643.0, 139.0, 0.0, -643.0, 125.0, 0.0, 0, 0, 0
L -657.0, 125.0, 0.0, -643.0, 125.0, 0.0, 0, 0, 0
L -657.0, 84.0, 0.0, -657.0, 125.0, 0.0, 0, 0, 0
L -657.0, 84.0, 0.0, -643.0, 84.0, 0.0, 0, 0, 0
L -643.0, 75.0, 0.0, -643.0, 78.0, 0.0, 0, 0, 0
L -643.0, 78.0, 0.0, -643.0, 84.0, 0.0, 0, 0, 0
L -643.0, 27.0, 0.0, -643.0, 75.0, 0.0, 0, 0, 0
L -658.0, 27.0, 0.0, -643.0, 27.0, 0.0, 0, 0, 0
L -658.0, 55.0, 0.0, -658.0, 27.0, 0.0, 0, 0, 0
L -686.0, 55.0, 0.0, -658.0, 55.0, 0.0, 0, 0, 0
L -686.0, 61.0, 0.0, -686.0, 55.0, 0.0, 0, 0, 0
L -686.0, 64.0, 0.0, -686.0, 61.0, 0.0, 0, 0, 0
L -686.0, 70.0, 0.0, -686.0, 64.0, 0.0, 0, 0, 0
L -672.0, 70.0, 0.0, -686.0, 70.0, 0.0, 0, 0, 0
L -672.0, 111.0, 0.0, -672.0, 70.0, 0.0, 0, 0, 0
L -713.0, 111.0, 0.0, -672.0, 111.0, 0.0, 0, 0, 0
L -713.0, 97.0, 0.0, -713.0, 111.0, 0.0, 0, 0, 0
L -727.0, 97.0, 0.0, -713.0, 97.0, 0.0, 0, 0, 0
L -727.0, 84.0, 0.0, -727.0, 97.0, 0.0, 0, 0, 0
L -713.0, 84.0, 0.0, -727.0, 84.0, 0.0, 0, 0, 0
L -713.0, 70.0, 0.0, -713.0, 84.0, 0.0, 0, 0, 0
L -699.0, 70.0, 0.0, -713.0, 70.0, 0.0, 0, 0, 0
L -699.0, 64.0, 0.0, -699.0, 70.0, 0.0, 0, 0, 0
L -699.0, 61.0, 0.0, -699.0, 64.0, 0.0, 0, 0, 0
L -699.0, 42.0, 0.0, -699.0, 61.0, 0.0, 0, 0, 0
L -671.0, 42.0, 0.0, -699.0, 42.0, 0.0, 0, 0, 0
L -671.0, 27.0, 0.0, -671.0, 42.0, 0.0, 0, 0, 0
L -699.0, 27.0, 0.0, -671.0, 27.0, 0.0, 0, 0, 0
L -699.0, 0.0, 0.0, -699.0, 27.0, 0.0, 0, 0, 0
L -727.0, 0.0, 0.0, -699.0, 0.0, 0.0, 0, 0, 0
L -741.0, -14.0, 0.0, -727.0, 0.0, 0.0, 0, 0, 0
L -741.0, -108.0, 0.0, -741.0, -125.0, 0.0, 0, 0, 0
L -741.0, -108.0, 0.0, -741.0, -14.0, 0.0, 0, 0, 0
L -313.0, 84.0, 0.0, -334.0, 84.0, 0.0, 0, 0, 255
L -349.0, 70.0, 0.0, -334.0, 84.0, 0.0, 0, 0, 255
L -350.0, 14.0, 0.0, -349.0, 70.0, 0.0, 0, 0, 255
L -364.0, 0.0, 0.0, -350.0, 14.0, 0.0, 0, 0, 255
L -433.0, 0.0, 0.0, -364.0, 0.0, 0.0, 0, 0, 255
L -447.0, 13.0, 0.0, -433.0, 0.0, 0.0, 0, 0, 255
L -448.0, 97.0, 0.0, -447.0, 13.0, 0.0, 0, 0, 255
L -435.0, 111.0, 0.0, -448.0, 97.0, 0.0, 0, 0, 255
L -379.0, 111.0, 0.0, -435.0, 111.0, 0.0, 0, 0, 255
L -365.0, 126.0, 0.0, -379.0, 111.0, 0.0, 0, 0, 255
L -363.0, 349.0, 0.0, -365.0, 126.0, 0.0, 0, 0, 255
L -351.0, 363.0, 0.0, -363.0, 349.0, 0.0, 0, 0, 255
L -336.0, 363.0, 0.0, -351.0, 363.0, 0.0, 0, 0, 255
L -322.0, 376.0, 0.0, -336.0, 363.0, 0.0, 0, 0, 255
L -322.0, 386.0, 0.0, -322.0, 376.0, 0.0, 0, 0, 255
L -313.0, 391.0, 0.0, -322.0, 386.0, 0.0, 0, 0, 255
L -304.0, 392.0, 1.0, -313.0, 391.0, 0.0, 0, 0, 255
L -294.0, 395.0, 1.0, -304.0, 392.0, 1.0, 0, 0, 255
L -282.0, 391.0, 0.0, -294.0, 395.0, 1.0, 0, 0, 255
L -269.0, 391.0, 0.0, -282.0, 391.0, 0.0, 0, 0, 255
L -244.0, 404.0, 0.0, -269.0, 391.0, 0.0, 0, 0, 255
L -288.0, 432.0, 0.0, -265.0, 446.0, 0.0, 0, 0, 255
L -288.0, 423.0, 0.0, -288.0, 432.0, 0.0, 0, 0, 255
L -292.0, 420.0, 0.0, -288.0, 423.0, 0.0, 0, 0, 255
L -305.0, 413.0, 0.0, -292.0, 420.0, 0.0, 0, 0, 255
L -315.0, 414.0, 0.0, -305.0, 413.0, 0.0, 0, 0, 255
L -322.0, 414.0, 0.0, -315.0, 414.0, 0.0, 0, 0, 255
L -321.0, 419.0, 0.0, -322.0, 414.0, 0.0, 0, 0, 255
L -406.0, 420.0, 0.0, -369.0, 420.0, 0.0, 150, 150, 150
L -433.0, 419.0, 0.0, -419.0, 433.0, 0.0, 0, 0, 255
L -434.0, 378.0, 0.0, -433.0, 419.0, 0.0, 0, 0, 255
L -420.0, 363.0, 0.0, -434.0, 378.0, 0.0, 0, 0, 255
L -405.0, 364.0, 0.0, -420.0, 363.0, 0.0, 0, 0, 255
L -392.0, 349.0, 0.0, -405.0, 364.0, 0.0, 0, 0, 255
L -391.0, 154.0, 0.0, -392.0, 349.0, 0.0, 0, 0, 255
L -405.0, 140.0, 0.0, -391.0, 154.0, 0.0, 0, 0, 255
L -573.0, 140.0, 0.0, -405.0, 140.0, 0.0, 0, 0, 255
L -587.0, 126.0, 0.0, -573.0, 140.0, 0.0, 0, 0, 255
L -587.0, 0.0, 0.0, -587.0, 126.0, 0.0, 0, 0, 255
L -601.0, -13.0, 0.0, -587.0, 0.0, 0.0, 0, 0, 255
L -713.0, -13.0, 0.0, -601.0, -13.0, 0.0, 0, 0, 255
L -727.0, -26.0, 0.0, -713.0, -13.0, 0.0, 0, 0, 255
L -728.0, -195.0, 1.0, -727.0, -26.0, 0.0, 0, 0, 255
L -760.0, -195.0, 0.0, -728.0, -195.0, 1.0, 0, 0, 255
L -838.0, -196.0, 0.0, -807.0, -196.0, 0.0, 0, 0, 255
L -839.0, -16.0, 0.0, -838.0, -196.0, 0.0, 0, 0, 255
L -867.0, -223.0, 0.0, -867.0, -14.0, 0.0, 0, 0, 255
L -896.0, -223.0, 0.0, -867.0, -223.0, 0.0, 0, 0, 255
L -895.0, -392.0, 1.0, -896.0, -223.0, 0.0, 0, 0, 255
L -868.0, -393.0, 0.0, -895.0, -392.0, 1.0, 0, 0, 255
L -868.0, -420.0, 0.0, -868.0, -393.0, 0.0, 0, 0, 255
L -699.0, -419.0, 0.0, -868.0, -420.0, 0.0, 0, 0, 255
L -699.0, -392.0, 0.0, -699.0, -419.0, 0.0, 0, 0, 255
L -671.0, -391.0, 0.0, -699.0, -392.0, 0.0, 0, 0, 255
L -671.0, -224.0, 0.0, -671.0, -391.0, 0.0, 0, 0, 255
L -698.0, -224.0, 0.0, -671.0, -224.0, 0.0, 0, 0, 255
L -699.0, -56.0, 0.0, -698.0, -224.0, 0.0, 0, 0, 255
L -686.0, -43.0, 0.0, -699.0, -56.0, 0.0, 0, 0, 255
L -573.0, -41.0, 0.0, -686.0, -43.0, 0.0, 0, 0, 255
L -558.0, -28.0, 0.0, -573.0, -41.0, 0.0, 0, 0, 255
L -336.0, -28.0, 0.0, -558.0, -28.0, 0.0, 0, 0, 255
L -321.0, -14.0, 0.0, -336.0, -28.0, 0.0, 0, 0, 255
L -321.0, 41.0, 0.0, -321.0, -14.0, 0.0, 0, 0, 255
L -307.0, 55.0, 0.0, -321.0, 41.0, 0.0, 0, 0, 255
L -301.0, 55.0, 0.0, -307.0, 55.0, 0.0, 0, 0, 255
L -764.0, -347.0, 15.0, -764.0, -326.0, 15.0, 150, 150, 150
L -766.0, -326.0, 17.0, -766.0, -347.0, 17.0, 150, 150, 150
L -768.0, -347.0, 19.0, -768.0, -326.0, 19.0, 150, 150, 150
L -770.0, -326.0, 21.0, -770.0, -347.0, 21.0, 150, 150, 150
L -772.0, -347.0, 23.0, -772.0, -326.0, 23.0, 150, 150, 150
L -794.0, -347.0, 23.0, -794.0, -326.0, 23.0, 150, 150, 150
L -796.0, -326.0, 21.0, -796.0, -347.0, 21.0, 150, 150, 150
L -798.0, -347.0, 19.0, -798.0, -326.0, 19.0, 150, 150, 150
L -800.0, -347.0, 17.0, -800.0, -326.0, 17.0, 150, 150, 150
L -802.0, -347.0, 15.0, -802.0, -326.0, 15.0, 150, 150, 150
L -795.0, -265.0, 14.0, -795.0, -268.0, 14.0, 0, 0, 0
L -772.0, -268.0, 14.0, -772.0, -265.0, 14.0, 0, 0, 0
L -744.0, -296.0, 14.0, -744.0, -347.0, 14.0, 0, 0, 0
L -744.0, -293.0, 14.0, -744.0, -296.0, 14.0, 0, 0, 0
L -744.0, -268.0, 14.0, -744.0, -293.0, 14.0, 0, 0, 0
L -823.0, -296.0, 14.0, -823.0, -293.0, 14.0, 0, 0, 0
L -765.0, -326.0, 14.0, -802.0, -326.0, 14.0, 0, 0, 0
L -765.0, -296.0, 14.0, -764.0, -326.0, 14.0, 0, 0, 0
L -755.0, -296.0, 14.0, -765.0, -296.0, 14.0, 0, 0, 0
L -755.0, -293.0, 14.0, -755.0, -296.0, 14.0, 0, 0, 0
L -755.0, -293.0, 14.0, -768.0, -293.0, 14.0, 0, 0, 0
L -768.0, -323.0, 14.0, -768.0, -293.0, 14.0, 0, 0, 0
L -799.0, -323.0, 14.0, -768.0, -323.0, 14.0, 0, 0, 0
L -802.0, -296.0, 14.0, -802.0, -326.0, 14.0, 0, 0, 0
L -802.0, -296.0, 14.0, -812.0, -296.0, 14.0, 0, 0, 0
L -812.0, -293.0, 14.0, -812.0, -296.0, 14.0, 0, 0, 0
L -799.0, -293.0, 14.0, -812.0, -293.0, 14.0, 0, 0, 0
L -799.0, -323.0, 14.0, -799.0, -293.0, 14.0, 0, 0, 0
L -797.0, -293.0, 14.0, -769.0, -293.0, 14.0, 255, 0, 0
L -797.0, -322.0, 14.0, -797.0, -293.0, 14.0, 255, 0, 0
L -769.0, -322.0, 14.0, -797.0, -322.0, 14.0, 255, 0, 0
L -769.0, -293.0, 14.0, -769.0, -322.0, 14.0, 255, 0, 0
L -744.0, -268.0, 14.0, -772.0, -268.0, 14.0, 0, 0, 0
L -764.0, -347.0, 14.0, -744.0, -347.0, 14.0, 0, 0, 0
L -765.0, -347.0, 14.0, -773.0, -347.0, 22.0, 0, 204, 0
L -773.0, -347.0, 22.0, -774.0, -350.0, 24.0, 0, 204, 0
L -741.0, -350.0, 32.0, -743.0, -350.0, 31.0, 0, 204, 0
L -799.0, -347.0, 42.0, -744.0, -347.0, 42.0, 0, 204, 0
L -799.0, -278.0, 42.0, -799.0, -347.0, 42.0, 0, 204, 0
L -800.0, -336.0, 63.0, -800.0, -277.0, 63.0, 102, 255, 102
L -741.0, -361.0, 32.0, -730.0, -350.0, 32.0, 0, 204, 0
L -793.0, -347.0, 22.0, -793.0, -361.0, 24.0, 0, 204, 0
L -802.0, -347.0, 14.0, -793.0, -347.0, 22.0, 0, 204, 0
L -823.0, -347.0, 14.0, -802.0, -347.0, 14.0, 0, 0, 0
L -823.0, -296.0, 14.0, -823.0, -347.0, 14.0, 0, 0, 0
L -823.0, -268.0, 14.0, -823.0, -293.0, 14.0, 0, 0, 0
L -795.0, -268.0, 14.0, -823.0, -268.0, 14.0, 0, 0, 0
L -826.0, -265.0, 14.0, -795.0, -265.0, 14.0, 0, 0, 0
L -826.0, -350.0, 14.0, -826.0, -265.0, 14.0, 0, 0, 0
L -741.0, -350.0, 14.0, -826.0, -350.0, 14.0, 0, 0, 0
L -741.0, -265.0, 14.0, -741.0, -350.0, 14.0, 0, 0, 0
L -772.0, -265.0, 14.0, -741.0, -265.0, 14.0, 0, 0, 0
L -811.0, -251.0, 0.0, -840.0, -251.0, 0.0, 0, 0, 0
L -840.0, -279.0, 0.0, -840.0, -251.0, 0.0, 0, 0, 0
L -840.0, -364.0, 0.0, -840.0, -336.0, 0.0, 0, 0, 0
L -812.0, -364.0, 0.0, -840.0, -364.0, 0.0, 0, 0, 0
L -727.0, -364.0, 0.0, -755.0, -364.0, 0.0, 0, 0, 0
L -727.0, -336.0, 0.0, -727.0, -364.0, 0.0, 0, 0, 0
L -755.0, -251.0, 0.0, -727.0, -251.0, 0.0, 0, 0, 0
L -727.0, -279.0, 0.0, -727.0, -251.0, 0.0, 0, 0, 0
L -674.0, -207.0, 9.0, -674.0, -196.0, 9.0, 150, 150, 150
L -646.0, -196.0, 12.0, -646.0, -156.0, 13.0, 0, 204, 0
L -646.0, -207.0, 12.0, -646.0, -196.0, 12.0, 0, 204, 0
L -683.0, -207.0, 9.0, -674.0, -207.0, 9.0, 0, 204, 0
L -615.0, -214.0, -12.0, -615.0, -167.0, -2.0, 150, 150, 150
L -618.0, -221.0, -12.0, -615.0, -214.0, -12.0, 150, 150, 150
L -623.0, -224.0, -12.0, -618.0, -221.0, -12.0, 150, 150, 150
L -643.0, -224.0, -12.0, -623.0, -224.0, -12.0, 150, 150, 150
L -503.0, -321.0, -12.0, -504.0, -321.0, -12.0, 0, 0, 0
L -504.0, -321.0, -12.0, -545.0, -321.0, -12.0, 150, 150, 150
L -490.0, -307.0, -12.0, -504.0, -321.0, -12.0, 0, 0, 0
L -502.0, -251.0, -2.0, -490.0, -307.0, -12.0, 0, 0, 0
L -490.0, -251.0, 1.0, -502.0, -251.0, -2.0, 0, 0, 0
L -490.0, -233.0, -12.0, -490.0, -251.0, 1.0, 0, 0, 0
L -490.0, -209.0, -12.0, -490.0, -233.0, -12.0, 0, 0, 0
L -504.0, -166.0, -12.0, -490.0, -209.0, -12.0, 0, 0, 0
L -552.0, -140.0, -12.0, -518.0, -140.0, -12.0, 0, 0, 0
L -560.0, -139.0, -1.0, -552.0, -140.0, -12.0, 0, 0, 0
L -574.0, -126.0, 8.0, -560.0, -139.0, -1.0, 0, 0, 0
L -600.0, -126.0, 6.0, -574.0, -126.0, 8.0, 0, 0, 0
L -615.0, -140.0, 0.0, -600.0, -126.0, 6.0, 0, 0, 0
L -615.0, -150.0, 0.0, -615.0, -140.0, 0.0, 0, 0, 0
L -620.0, -145.0, 0.0, -615.0, -150.0, 0.0, 0, 0, 0
L -620.0, -140.0, 0.0, -620.0, -145.0, 0.0, 0, 0, 0
L -671.0, -140.0, 0.0, -620.0, -140.0, 0.0, 0, 0, 0
L -686.0, -125.0, 0.0, -671.0, -140.0, 0.0, 0, 0, 0
L -685.0, -69.0, 0.0, -686.0, -125.0, 0.0, 0, 0, 0
L -672.0, -69.0, 0.0, -685.0, -69.0, 0.0, 0, 0, 0
L -671.0, -55.0, 0.0, -672.0, -69.0, 0.0, 0, 0, 0
L -559.0, -55.0, 0.0, -671.0, -55.0, 0.0, 0, 0, 0
L -545.0, -41.0, 0.0, -559.0, -55.0, 0.0, 0, 0, 0
L -322.0, -41.0, 0.0, -545.0, -41.0, 0.0, 0, 0, 0
L -308.0, -27.0, 0.0, -322.0, -41.0, 0.0, 0, 0, 0
L -308.0, 28.0, 0.0, -308.0, -27.0, 0.0, 0, 0, 0
L -301.0, 34.0, 0.0, -308.0, 28.0, 0.0, 0, 0, 0
L -753.0, 801.0, 0.0, -783.0, 800.0, 0.0, 199, 21, 133
L -753.0, 801.0, 0.0, -609.0, 801.0, 0.0, 0, 0, 0
L -609.0, 801.0, 0.0, -601.0, 798.0, -1.0, 0, 0, 0
L -601.0, 798.0, -1.0, -595.0, 800.0, -1.0, 0, 0, 0
L -595.0, 800.0, -1.0, -595.0, 808.0, -1.0, 0, 0, 0
L -595.0, 808.0, -1.0, -585.0, 819.0, -1.0, 0, 0, 0
L -585.0, 819.0, -1.0, -578.0, 821.0, -1.0, 0, 0, 0
L -578.0, 821.0, -1.0, -583.0, 828.0, 0.0, 0, 0, 0
L -583.0, 828.0, 0.0, -583.0, 969.0, 0.0, 0, 0, 0
L -544.0, 1001.0, 0.0, -544.0, 830.0, 0.0, 0, 0, 0
L -544.0, 830.0, 0.0, -548.0, 829.0, 0.0, 0, 0, 0
L -548.0, 829.0, 0.0, -552.0, 825.0, 0.0, 0, 0, 0
L -552.0, 825.0, 0.0, -549.0, 817.0, -1.0, 0, 0, 0
L -549.0, 817.0, -1.0, -544.0, 815.0, -1.0, 0, 0, 0
L -544.0, 815.0, -1.0, -544.0, 801.0, -1.0, 0, 0, 0
L -544.0, 801.0, -1.0, -546.0, 783.0, -1.0, 0, 0, 0
L -546.0, 783.0, -1.0, -532.0, 783.0, -1.0, 0, 0, 0
L -532.0, 783.0, -1.0, -517.0, 797.0, 0.0, 0, 0, 0
L -517.0, 797.0, 0.0, -504.0, 797.0, 0.0, 0, 0, 0
L -504.0, 797.0, 0.0, -489.0, 783.0, 0.0, 0, 0, 0
L -489.0, 783.0, 0.0, -462.0, 783.0, 0.0, 0, 0, 0
L -462.0, 783.0, 0.0, -462.0, 769.0, 0.0, 0, 0, 0
L -462.0, 769.0, 0.0, -447.0, 769.0, 0.0, 0, 0, 0
L -447.0, 769.0, 0.0, -434.0, 755.0, 0.0, 0, 0, 0
L -434.0, 755.0, 0.0, -420.0, 727.0, 0.0, 0, 0, 0
L -420.0, 727.0, 0.0, -433.0, 714.0, 0.0, 0, 0, 0
L -433.0, 714.0, 0.0, -434.0, 686.0, 0.0, 0, 0, 0
L -434.0, 686.0, 0.0, -422.0, 673.0, 0.0, 0, 0, 0
L -422.0, 673.0, 0.0, -404.0, 671.0, 0.0, 0, 0, 0
L -404.0, 671.0, 0.0, -294.0, 671.0, 0.0, 0, 0, 0
L -294.0, 671.0, 0.0, -294.0, 438.0, 0.0, 0, 0, 0
L -294.0, 438.0, 0.0, -290.0, 441.0, 0.0, 0, 0, 0
L -290.0, 441.0, 0.0, -291.0, 461.0, 0.0, 0, 0, 0
L -291.0, 461.0, 0.0, -266.0, 457.0, 0.0, 0, 0, 0
L -266.0, 457.0, 0.0, -241.0, 459.0, 0.0, 0, 0, 0
L -241.0, 459.0, 0.0, -226.0, 443.0, 0.0, 0, 0, 0
L -226.0, 443.0, 0.0, -224.0, 420.0, 0.0, 0, 0, 0
L -224.0, 420.0, 0.0, -225.0, 393.0, 0.0, 0, 0, 0
L -225.0, 393.0, 0.0, -228.0, 391.0, 0.0, 0, 0, 0
L -228.0, 391.0, 0.0, -231.0, 384.0, 3.0, 0, 0, 0
L -231.0, 384.0, 3.0, -249.0, 374.0, 0.0, 0, 0, 0
L -249.0, 374.0, 0.0, -262.0, 374.0, 0.0, 0, 0, 0
L -262.0, 374.0, 0.0, -281.0, 378.0, 0.0, 0, 0, 0
L -281.0, 378.0, 0.0, -291.0, 378.0, 1.0, 0, 0, 0
L -291.0, 378.0, 1.0, -291.0, 392.0, 1.0, 0, 0, 0
L -291.0, 392.0, 1.0, -294.0, 389.0, 1.0, 0, 0, 0
L -294.0, 389.0, 1.0, -294.0, 350.0, 0.0, 0, 0, 0
L -294.0, 350.0, 0.0, -335.0, 350.0, 0.0, 0, 0, 0
L -335.0, 350.0, 0.0, -350.0, 336.0, 0.0, 0, 0, 0
L -350.0, 336.0, 0.0, -350.0, 112.0, 0.0, 0, 0, 0
L -350.0, 112.0, 0.0, -363.0, 98.0, 0.0, 0, 0, 0
L -363.0, 98.0, 0.0, -419.0, 98.0, 0.0, 0, 0, 0
L -419.0, 98.0, 0.0, -434.0, 84.0, 0.0, 0, 0, 0
L -434.0, 84.0, 0.0, -434.0, 27.0, 0.0, 0, 0, 0
L -434.0, 27.0, 0.0, -420.0, 13.0, 0.0, 0, 0, 0
L -420.0, 13.0, 0.0, -377.0, 13.0, 0.0, 0, 0, 0
L -377.0, 13.0, 0.0, -363.0, 27.0, 0.0, 0, 0, 0
L -363.0, 27.0, 0.0, -363.0, 83.0, 0.0, 0, 0, 0
L -363.0, 83.0, 0.0, -349.0, 97.0, 0.0, 0, 0, 0
L -823.0, -268.0, 63.0, -823.0, -347.0, 63.0, 102, 255, 102
L -823.0, -347.0, 63.0, -788.0, -347.0, 63.0, 102, 255, 102
L -760.0, -347.0, 73.0, -760.0, -295.0, 73.0, 102, 255, 102
L -760.0, -295.0, 73.0, -797.0, -295.0, 73.0, 102, 255, 102
L -797.0, -295.0, 73.0, -797.0, -333.0, 73.0, 102, 255, 102
L -797.0, -333.0, 73.0, -770.0, -333.0, 73.0, 102, 255, 102
L -769.0, -277.0, 42.0, -772.0, -277.0, 44.0, 102, 255, 102
L -783.0, 762.0, 0.0, -783.0, 800.0, 0.0, 0, 0, 0
L -1342.0, -648.0, 0.0, -1343.0, -648.0, 0.0, 0, 0, 0
L -1312.0, -687.0, 0.0, -1342.0, -648.0, 0.0, 199, 21, 133
L -1312.0, -687.0, 0.0, -1169.0, -687.0, 0.0, 0, 0, 0
L -1169.0, -687.0, 0.0, -1165.0, -680.0, 0.0, 0, 0, 0
L -1165.0, -680.0, 0.0, -1160.0, -681.0, -1.0, 0, 0, 0
L -1160.0, -681.0, -1.0, -1155.0, -688.0, -1.0, 0, 0, 0
L -1155.0, -688.0, -1.0, -1157.0, -693.0, -1.0, 0, 0, 0
L -1157.0, -693.0, -1.0, -1148.0, -701.0, -1.0, 0, 0, 0
L -1148.0, -701.0, -1.0, -1144.0, -700.0, -1.0, 0, 0, 0
L -1144.0, -700.0, -1.0, -1141.0, -704.0, -1.0, 0, 0, 0
L -1141.0, -704.0, -1.0, -1140.0, -707.0, -1.0, 0, 0, 0
L -1140.0, -707.0, -1.0, -1143.0, -712.0, 0.0, 0, 0, 0
L -1143.0, -712.0, 0.0, -1143.0, -856.0, 0.0, 0, 0, 0
L -1143.0, -856.0, 2.0, -1103.0, -869.0, 2.0, 199, 21, 133
L -1103.0, -869.0, 0.0, -1103.0, -813.0, 0.0, 0, 0, 0
L -1103.0, -813.0, 0.0, -1103.0, -705.0, 0.0, 0, 0, 0
L -683.0, -166.0, 0.0, -683.0, -180.0, 0.0, 0, 0, 0
L -643.0, -210.0, 0.0, -686.0, -210.0, 0.0, 0, 0, 0
L -686.0, -153.0, 0.0, -686.0, -156.0, 0.0, 0, 0, 0
L -646.0, -156.0, 0.0, -684.5, -156.0, 0.0, 0, 0, 0
L -686.0, -210.0, 0.0, -686.0, -166.0, 0.0, 0, 0, 0
L -643.0, -153.0, 0.0, -643.0, -210.0, 0.0, 0, 0, 0
L -686.0, -153.0, 0.0, -643.0, -153.0, 0.0, 0, 0, 0
L -646.0, -195.0, 0.0, -670.0, -195.0, 0.0, 0, 0, 0
L -683.0, -166.0, 0.0, -684.5, -166.0, 0.0, 0, 0, 0
L -670.0, -195.0, 0.0, -672.0, -195.0, 0.0, 0, 0, 0
L -672.0, -195.0, 0.0, -673.0, -179.0, 0.0, 0, 0, 0
L -646.0, -156.0, 12.0, -671.0, -156.0, 12.0, 0, 204, 0
L -671.0, -207.0, 12.0, -646.0, -207.0, 12.0, 0, 204, 0
L -671.0, -196.0, 12.0, -671.0, -207.0, 12.0, 150, 150, 150
L -674.0, -196.0, 9.0, -673.0, -196.0, 9.0, 0, 204, 0
L -674.0, -207.0, 9.0, -673.0, -207.0, 9.0, 0, 204, 0
L -671.0, -196.0, 12.0, -671.0, -156.0, 12.0, 0, 204, 0
L -672.0, -207.0, 10.0, -671.0, -207.0, 11.0, 0, 204, 0
L -672.0, -196.0, 10.0, -671.0, -196.0, 11.0, 0, 204, 0
L -672.0, -207.0, 10.0, -672.0, -196.0, 10.0, 150, 150, 150
L -671.0, -207.0, 11.0, -671.0, -207.0, 12.0, 0, 204, 0
L -671.0, -196.0, 11.0, -671.0, -196.0, 12.0, 0, 204, 0
L -671.0, -207.0, 11.0, -671.0, -196.0, 11.0, 150, 150, 150
L -673.0, -207.0, 9.0, -672.0, -207.0, 10.0, 0, 204, 0
L -673.0, -196.0, 9.0, -672.0, -196.0, 10.0, 0, 204, 0
L -673.0, -207.0, 9.0, -673.0, -196.0, 9.0, 150, 150, 150
L -674.0, -196.0, 9.0, -683.0, -196.0, 9.0, 150, 150, 150
L -683.0, -207.0, 9.0, -683.0, -196.0, 9.0, 0, 204, 0
L -674.0, -179.0, 0.0, -673.0, -179.0, 0.0, 0, 0, 0
L -674.0, -179.0, 0.0, -674.0, -180.0, 0.0, 0, 0, 0
L -683.0, -180.0, 0.0, -683.0, -182.0, 1.0, 0, 204, 0
L -674.0, -196.0, 9.0, -674.0, -194.0, 7.0, 0, 204, 0
L -674.0, -180.0, 0.0, -683.0, -180.0, 0.0, 150, 150, 150
L -683.0, -188.0, 4.0, -683.0, -190.0, 5.0, 0, 204, 0
L -674.0, -188.0, 4.0, -674.0, -186.0, 3.0, 0, 204, 0
L -683.0, -188.0, 4.0, -674.0, -188.0, 4.0, 150, 150, 150
L -683.0, -192.0, 6.0, -683.0, -194.0, 7.0, 0, 204, 0
L -674.0, -192.0, 6.0, -674.0, -190.0, 5.0, 0, 204, 0
L -683.0, -192.0, 6.0, -674.0, -192.0, 6.0, 150, 150, 150
L -683.0, -184.0, 2.0, -683.0, -186.0, 3.0, 0, 204, 0
L -674.0, -184.0, 2.0, -674.0, -182.0, 1.0, 0, 204, 0
L -683.0, -184.0, 2.0, -674.0, -184.0, 2.0, 150, 150, 150
L -683.0, -182.0, 1.0, -683.0, -184.0, 2.0, 0, 204, 0
L -674.0, -182.0, 1.0, -674.0, -180.0, 0.0, 0, 204, 0
L -683.0, -182.0, 1.0, -674.0, -182.0, 1.0, 150, 150, 150
L -683.0, -186.0, 3.0, -683.0, -188.0, 4.0, 0, 204, 0
L -674.0, -186.0, 3.0, -674.0, -184.0, 2.0, 0, 204, 0
L -683.0, -186.0, 3.0, -674.0, -186.0, 3.0, 150, 150, 150
L -683.0, -190.0, 5.0, -683.0, -192.0, 6.0, 0, 204, 0
L -674.0, -190.0, 5.0, -674.0, -188.0, 4.0, 0, 204, 0
L -683.0, -190.0, 5.0, -674.0, -190.0, 5.0, 150, 150, 150
L -683.0, -194.0, 7.0, -683.0, -196.0, 9.0, 0, 204, 0
L -674.0, -194.0, 7.0, -674.0, -192.0, 6.0, 0, 204, 0
L -683.0, -194.0, 7.0, -674.0, -194.0, 7.0, 150, 150, 150
L -744.0, -347.0, 42.0, -742.0, -321.0, 42.0, 0, 204, 0
L -730.0, -308.0, 42.0, -744.0, -308.0, 42.0, 0, 204, 0
L -744.0, -308.0, 42.0, -744.0, -268.0, 42.0, 0, 204, 0
L -742.0, -321.0, 42.0, -741.0, -321.0, 42.0, 0, 204, 0
L -730.0, -321.0, 42.0, -730.0, -308.0, 42.0, 0, 204, 0
L -741.0, -321.0, 42.0, -730.0, -321.0, 42.0, 150, 150, 150
L -774.0, -350.0, 24.0, -774.0, -361.0, 24.0, 150, 150, 150
L -793.0, -361.0, 24.0, -774.0, -361.0, 24.0, 0, 204, 0
L -741.0, -361.0, 32.0, -743.0, -361.0, 31.0, 0, 204, 0
L -741.0, -361.0, 32.0, -741.0, -350.0, 32.0, 150, 150, 150
L -741.0, -350.0, 32.0, -730.0, -350.0, 32.0, 150, 150, 150
L -741.0, -321.0, 42.0, -741.0, -324.0, 40.0, 0, 204, 0
L -730.0, -321.0, 42.0, -730.0, -324.0, 40.0, 0, 204, 0
L -757.0, -350.0, 28.0, -759.0, -350.0, 27.0, 0, 204, 0
L -757.0, -361.0, 28.0, -759.0, -361.0, 27.0, 0, 204, 0
L -757.0, -350.0, 28.0, -757.0, -361.0, 28.0, 150, 150, 150
L -765.0, -350.0, 26.0, -767.0, -350.0, 25.0, 0, 204, 0
L -765.0, -361.0, 26.0, -767.0, -361.0, 25.0, 0, 204, 0
L -765.0, -350.0, 26.0, -765.0, -361.0, 26.0, 150, 150, 150
L -749.0, -350.0, 30.0, -751.0, -350.0, 29.0, 0, 204, 0
L -749.0, -361.0, 30.0, -751.0, -361.0, 29.0, 0, 204, 0
L -749.0, -350.0, 30.0, -749.0, -361.0, 30.0, 150, 150, 150
L -753.0, -350.0, 29.0, -755.0, -350.0, 28.0, 0, 204, 0
L -753.0, -361.0, 29.0, -755.0, -361.0, 28.0, 0, 204, 0
L -753.0, -350.0, 29.0, -753.0, -361.0, 29.0, 150, 150, 150
L -745.0, -350.0, 31.0, -747.0, -350.0, 30.0, 0, 204, 0
L -745.0, -361.0, 31.0, -747.0, -361.0, 30.0, 0, 204, 0
L -745.0, -350.0, 31.0, -745.0, -361.0, 31.0, 150, 150, 150
L -761.0, -350.0, 27.0, -763.0, -350.0, 26.0, 0, 204, 0
L -761.0, -361.0, 27.0, -763.0, -361.0, 26.0, 0, 204, 0
L -761.0, -350.0, 27.0, -761.0, -361.0, 27.0, 150, 150, 150
L -769.0, -350.0, 25.0, -771.0, -350.0, 24.0, 0, 204, 0
L -769.0, -361.0, 25.0, -771.0, -361.0, 24.0, 0, 204, 0
L -769.0, -350.0, 25.0, -769.0, -361.0, 25.0, 150, 150, 150
L -771.0, -350.0, 24.0, -774.0, -350.0, 24.0, 0, 204, 0
L -771.0, -361.0, 24.0, -774.0, -361.0, 24.0, 0, 204, 0
L -771.0, -350.0, 24.0, -771.0, -361.0, 24.0, 150, 150, 150
L -767.0, -350.0, 25.0, -769.0, -350.0, 25.0, 0, 204, 0
L -767.0, -361.0, 25.0, -769.0, -361.0, 25.0, 0, 204, 0
L -767.0, -350.0, 25.0, -767.0, -361.0, 25.0, 150, 150, 150
L -763.0, -350.0, 26.0, -765.0, -350.0, 26.0, 0, 204, 0
L -763.0, -361.0, 26.0, -765.0, -361.0, 26.0, 0, 204, 0
L -763.0, -350.0, 26.0, -763.0, -361.0, 26.0, 150, 150, 150
L -759.0, -350.0, 27.0, -761.0, -350.0, 27.0, 0, 204, 0
L -759.0, -361.0, 27.0, -761.0, -361.0, 27.0, 0, 204, 0
L -759.0, -350.0, 27.0, -759.0, -361.0, 27.0, 150, 150, 150
L -755.0, -350.0, 28.0, -757.0, -350.0, 28.0, 0, 204, 0
L -755.0, -361.0, 28.0, -757.0, -361.0, 28.0, 0, 204, 0
L -755.0, -350.0, 28.0, -755.0, -361.0, 28.0, 150, 150, 150
L -751.0, -350.0, 29.0, -753.0, -350.0, 29.0, 0, 204, 0
L -751.0, -361.0, 29.0, -753.0, -361.0, 29.0, 0, 204, 0
L -751.0, -350.0, 29.0, -751.0, -361.0, 29.0, 150, 150, 150
L -747.0, -350.0, 30.0, -749.0, -350.0, 30.0, 0, 204, 0
L -747.0, -361.0, 30.0, -749.0, -361.0, 30.0, 0, 204, 0
L -747.0, -350.0, 30.0, -747.0, -361.0, 30.0, 150, 150, 150
L -743.0, -350.0, 31.0, -745.0, -350.0, 31.0, 0, 204, 0
L -743.0, -361.0, 31.0, -745.0, -361.0, 31.0, 0, 204, 0
L -743.0, -350.0, 31.0, -743.0, -361.0, 31.0, 150, 150, 150
L -730.0, -335.0, 37.0, -730.0, -339.0, 35.0, 0, 204, 0
L -741.0, -335.0, 37.0, -741.0, -339.0, 35.0, 0, 204, 0
L -730.0, -335.0, 37.0, -741.0, -335.0, 37.0, 150, 150, 150
L -730.0, -342.0, 34.0, -730.0, -346.0, 33.0, 0, 204, 0
L -741.0, -342.0, 34.0, -741.0, -346.0, 33.0, 0, 204, 0
L -730.0, -342.0, 34.0, -741.0, -342.0, 34.0, 150, 150, 150
L -730.0, -328.0, 39.0, -730.0, -331.0, 38.0, 0, 204, 0
L -741.0, -328.0, 39.0, -741.0, -331.0, 38.0, 0, 204, 0
L -730.0, -328.0, 39.0, -741.0, -328.0, 39.0, 150, 150, 150
L -730.0, -331.0, 38.0, -730.0, -335.0, 37.0, 0, 204, 0
L -741.0, -331.0, 38.0, -741.0, -335.0, 37.0, 0, 204, 0
L -730.0, -331.0, 38.0, -741.0, -331.0, 38.0, 150, 150, 150
L -730.0, -324.0, 40.0, -730.0, -328.0, 39.0, 0, 204, 0
L -741.0, -324.0, 40.0, -741.0, -328.0, 39.0, 0, 204, 0
L -730.0, -324.0, 40.0, -741.0, -324.0, 40.0, 150, 150, 150
L -730.0, -339.0, 35.0, -730.0, -342.0, 34.0, 0, 204, 0
L -741.0, -339.0, 35.0, -741.0, -342.0, 34.0, 0, 204, 0
L -730.0, -339.0, 35.0, -741.0, -339.0, 35.0, 150, 150, 150
L -730.0, -346.0, 33.0, -730.0, -350.0, 32.0, 0, 204, 0
L -741.0, -346.0, 33.0, -741.0, -350.0, 32.0, 0, 204, 0
L -730.0, -346.0, 33.0, -741.0, -346.0, 33.0, 150, 150, 150
L -772.0, -326.0, 23.0, -794.0, -326.0, 23.0, 0, 204, 0
L -406.0, 420.0, 0.0, -406.0, 420.0, -12.0, 100, 50, 0
L -349.0, 420.0, 0.0, -349.0, 420.0, -12.0, 100, 50, 0
L -406.0, 420.0, 0.0, -406.0, 433.0, 0.0, 0, 0, 255
L -349.0, 420.0, 0.0, -349.0, 433.0, 0.0, 0, 0, 255
L -419.0, 433.0, 0.0, -406.0, 433.0, 0.0, 0, 0, 255
L -335.0, 433.0, 0.0, -321.0, 419.0, 0.0, 0, 0, 255
L -349.0, 433.0, 0.0, -335.0, 433.0, 0.0, 0, 0, 255
L -406.0, 420.0, -12.0, -406.0, 405.0, -12.0, 100, 50, 0
L -349.0, 420.0, -12.0, -349.0, 405.0, -12.0, 100, 50, 0
L -406.0, 405.0, -12.0, -349.0, 405.0, -12.0, 100, 50, 0
L -362.0, 414.0, 0.0, -362.0, 420.0, 0.0, 150, 150, 150
L -362.0, 420.0, 0.0, -349.0, 420.0, 0.0, 150, 150, 150
L -369.0, 414.0, 0.0, -362.0, 414.0, 0.0, 150, 150, 150
L -369.0, 420.0, 0.0, -362.0, 420.0, 0.0, 150, 150, 150
L -369.0, 414.0, 0.0, -369.0, 420.0, 0.0, 150, 150, 150
L -382.0, 414.0, -12.0, -380.0, 414.0, -10.0, 150, 150, 150
L -382.0, 420.0, -12.0, -380.0, 420.0, -10.0, 150, 150, 150
L -382.0, 420.0, -12.0, -382.0, 414.0, -12.0, 150, 150, 150
L -375.0, 414.0, -6.0, -373.0, 414.0, -4.0, 150, 150, 150
L -375.0, 420.0, -6.0, -373.0, 420.0, -4.0, 150, 150, 150
L -375.0, 414.0, -6.0, -375.0, 420.0, -6.0, 150, 150, 150
L -378.0, 414.0, -9.0, -377.0, 414.0, -7.0, 150, 150, 150
L -378.0, 420.0, -9.0, -377.0, 420.0, -7.0, 150, 150, 150
L -378.0, 414.0, -9.0, -378.0, 420.0, -9.0, 150, 150, 150
L -372.0, 414.0, -3.0, -370.0, 414.0, -1.0, 150, 150, 150
L -372.0, 420.0, -3.0, -370.0, 420.0, -1.0, 150, 150, 150
L -372.0, 414.0, -3.0, -372.0, 420.0, -3.0, 150, 150, 150
L -370.0, 414.0, -1.0, -369.0, 414.0, 0.0, 150, 150, 150
L -370.0, 420.0, -1.0, -369.0, 420.0, 0.0, 150, 150, 150
L -370.0, 414.0, -1.0, -370.0, 420.0, -1.0, 150, 150, 150
L -373.0, 414.0, -4.0, -372.0, 414.0, -3.0, 150, 150, 150
L -373.0, 420.0, -4.0, -372.0, 420.0, -3.0, 150, 150, 150
L -373.0, 414.0, -4.0, -373.0, 420.0, -4.0, 150, 150, 150
L -377.0, 414.0, -7.0, -375.0, 414.0, -6.0, 150, 150, 150
L -377.0, 420.0, -7.0, -375.0, 420.0, -6.0, 150, 150, 150
L -377.0, 414.0, -7.0, -377.0, 420.0, -7.0, 150, 150, 150
L -380.0, 414.0, -10.0, -378.0, 414.0, -9.0, 150, 150, 150
L -380.0, 420.0, -10.0, -378.0, 420.0, -9.0, 150, 150, 150
L -380.0, 414.0, -10.0, -380.0, 420.0, -10.0, 150, 150, 150
L -823.0, -268.0, 63.0, -800.0, -268.0, 63.0, 102, 255, 102
L -800.0, -277.0, 63.0, -800.0, -268.0, 63.0, 150, 150, 150
L -769.0, -268.0, 42.0, -772.0, -268.0, 44.0, 102, 255, 102
L -769.0, -268.0, 42.0, -744.0, -268.0, 42.0, 0, 204, 0
L -769.0, -277.0, 42.0, -769.0, -268.0, 42.0, 150, 150, 150
L -784.0, -277.0, 52.0, -788.0, -277.0, 55.0, 102, 255, 102
L -784.0, -268.0, 52.0, -788.0, -268.0, 55.0, 102, 255, 102
L -784.0, -277.0, 52.0, -784.0, -268.0, 52.0, 150, 150, 150
L -776.0, -277.0, 47.0, -780.0, -277.0, 49.0, 102, 255, 102
L -776.0, -268.0, 47.0, -780.0, -268.0, 49.0, 102, 255, 102
L -776.0, -277.0, 47.0, -776.0, -268.0, 47.0, 150, 150, 150
L -792.0, -277.0, 57.0, -796.0, -277.0, 60.0, 102, 255, 102
L -792.0, -268.0, 57.0, -796.0, -268.0, 60.0, 102, 255, 102
L -792.0, -277.0, 57.0, -792.0, -268.0, 57.0, 150, 150, 150
L -788.0, -277.0, 55.0, -792.0, -277.0, 57.0, 102, 255, 102
L -788.0, -268.0, 55.0, -792.0, -268.0, 57.0, 102, 255, 102
L -788.0, -277.0, 55.0, -788.0, -268.0, 55.0, 150, 150, 150
L -780.0, -277.0, 49.0, -784.0, -277.0, 52.0, 102, 255, 102
L -780.0, -268.0, 49.0, -784.0, -268.0, 52.0, 102, 255, 102
L -780.0, -277.0, 49.0, -780.0, -268.0, 49.0, 150, 150, 150
L -772.0, -277.0, 44.0, -776.0, -277.0, 47.0, 102, 255, 102
L -772.0, -268.0, 44.0, -776.0, -268.0, 47.0, 102, 255, 102
L -772.0, -277.0, 44.0, -772.0, -268.0, 44.0, 150, 150, 150
L -796.0, -277.0, 60.0, -800.0, -277.0, 63.0, 102, 255, 102
L -796.0, -268.0, 60.0, -800.0, -268.0, 63.0, 102, 255, 102
L -796.0, -277.0, 60.0, -796.0, -268.0, 60.0, 150, 150, 150
L -788.0, -347.0, 63.0, -788.0, -336.0, 63.0, 150, 150, 150
L -800.0, -336.0, 63.0, -788.0, -336.0, 63.0, 102, 255, 102
L -646.0, -195.0, 0.0, -646.0, -156.0, 0.0, 0, 0, 0
L -770.0, -333.0, 73.0, -770.0, -336.0, 73.0, 102, 255, 102
L -770.0, -347.0, 73.0, -760.0, -347.0, 73.0, 102, 255, 102
L -770.0, -336.0, 73.0, -770.0, -347.0, 73.0, 150, 150, 150
L -770.0, -347.0, 73.0, -772.0, -347.0, 71.0, 102, 255, 102
L -770.0, -336.0, 73.0, -772.0, -336.0, 71.0, 102, 255, 102
L -779.0, -347.0, 68.0, -781.0, -347.0, 66.0, 102, 255, 102
L -779.0, -336.0, 68.0, -781.0, -336.0, 66.0, 102, 255, 102
L -779.0, -347.0, 68.0, -779.0, -336.0, 68.0, 150, 150, 150
L -783.0, -347.0, 65.0, -785.0, -347.0, 64.0, 102, 255, 102
L -783.0, -336.0, 65.0, -785.0, -336.0, 64.0, 102, 255, 102
L -783.0, -347.0, 65.0, -783.0, -336.0, 65.0, 150, 150, 150
L -774.0, -347.0, 70.0, -776.0, -347.0, 69.0, 102, 255, 102
L -774.0, -336.0, 70.0, -776.0, -336.0, 69.0, 102, 255, 102
L -774.0, -347.0, 70.0, -774.0, -336.0, 70.0, 150, 150, 150
L -776.0, -347.0, 69.0, -779.0, -347.0, 68.0, 102, 255, 102
L -776.0, -336.0, 69.0, -779.0, -336.0, 68.0, 102, 255, 102
L -776.0, -347.0, 69.0, -776.0, -336.0, 69.0, 150, 150, 150
L -772.0, -347.0, 71.0, -774.0, -347.0, 70.0, 102, 255, 102
L -772.0, -336.0, 71.0, -774.0, -336.0, 70.0, 102, 255, 102
L -772.0, -347.0, 71.0, -772.0, -336.0, 71.0, 150, 150, 150
L -781.0, -347.0, 66.0, -783.0, -347.0, 65.0, 102, 255, 102
L -781.0, -336.0, 66.0, -783.0, -336.0, 65.0, 102, 255, 102
L -781.0, -347.0, 66.0, -781.0, -336.0, 66.0, 150, 150, 150
L -785.0, -347.0, 64.0, -788.0, -347.0, 63.0, 102, 255, 102
L -785.0, -336.0, 64.0, -788.0, -336.0, 63.0, 102, 255, 102
L -785.0, -347.0, 64.0, -785.0, -336.0, 64.0, 150, 150, 150
L -301.0, 34.0, 0.0, -301.0, 55.0, 0.0, 199, 21, 133
L -301.0, 55.0, 0.0, -301.0, 84.0, 0.0, 199, 21, 133
L -349.0, 97.0, 0.0, -312.0, 97.0, 0.0, 0, 0, 0
L -312.0, 97.0, 0.0, -280.9, 97.0, 0.0, 0, 0, 0
L -301.0, 34.0, 0.0, -276.7, 34.0, 0.0, 0, 0, 0
L -301.0, 84.0, 0.0, -301.0, 96.8, 0.0, 199, 21, 133
L -313.0, 84.0, 0.0, -301.0, 84.0, 0.0, 0, 0, 255
L -753.0, 801.0, 0.0, -753.0, 838.5, 0.0, 0, 0, 0
L -783.0, 800.0, 0.0, -783.0, 838.5, 0.0, 0, 0, 0
L -583.0, 969.0, 0.0, -615.5, 969.0, 0.0, 0, 0, 0
L -583.0, 969.0, 0.0, -583.0, 970.0, 0.0, 0, 0, 0
L -544.0, 1001.0, 0.0, -615.5, 1001.0, 0.0, 0, 0, 0
L -1343.0, -648.0, 0.0, -1343.0, -728.6, 0.0, 0, 0, 0
L -1312.0, -687.0, 0.0, -1312.0, -728.6, 0.0, 0, 0, 0
L -1143.0, -856.0, 0.0, -1206.1, -856.0, 0.0, 0, 0, 0
L -1103.0, -869.0, 2.0, -1176.1, -869.0, 2.0, 0, 0, 0
L -684.5, -156.0, 0.0, -686.0, -156.0, 0.0, 0, 0, 0
L -684.5, -166.0, 0.0, -686.0, -166.0, 0.0, 0, 0, 0
L -369.2, 136.4, -18.2, -365.1, 136.5, -1.0, 255, 165, 0
L -365.1, 136.5, -1.0, -364.8, 131.7, -1.0, 255, 165, 0
L -364.8, 131.7, -1.0, -368.5, 131.7, -18.2, 255, 165, 0
L -361.7, 174.0, 1.0, -361.7, 168.1, 1.0, 127, 64, 0
L -393.3, 168.1, 1.0, -393.3, 174.0, 1.0, 127, 64, 0
L -393.3, 168.1, 1.0, -361.7, 168.1, 1.0, 127, 64, 0
L -361.7, 174.0, 1.0, -393.3, 174.0, 1.0, 127, 64, 0
L -369.2, 136.4, -18.2, -368.5, 131.7, -18.2, 255, 165, 0
L -154.0, 391.0, -14.0, -157.0, 387.5, -13.5, 255, 255, 0
L -564.1, 8.9, -21.6, -560.3, 9.2, -1.3, 255, 165, 0
L -560.3, 9.2, -1.3, -560.2, 4.6, -1.3, 255, 165, 0
L -560.2, 4.6, -1.3, -564.1, 5.1, -21.6, 255, 165, 0
L -552.5, 5.9, 0.0, -526.2, -27.8, 1.0, 127, 64, 0
L -526.2, -27.8, 1.0, -530.1, -31.2, 1.0, 127, 64, 0
L -530.1, -31.2, 1.0, -556.5, 2.5, 0.0, 127, 64, 0
L -556.5, 2.5, 0.0, -552.2, 6.1, 0.0, 127, 64, 0
L -698.5, -100.7, 0.0, -730.7, -71.8, 1.0, 139, 69, 19
L -730.7, -71.8, 1.0, -727.5, -68.5, 1.0, 139, 69, 19
L -727.5, -68.5, 1.0, -695.2, -96.3, 0.0, 139, 69, 19
L -695.2, -96.3, 0.0, -698.8, -100.1, 0.0, 139, 69, 19
L -694.6, -177.8, 0.0, -729.7, -177.6, 1.0, 127, 64, 0
L -729.7, -177.6, 1.0, -729.7, -173.7, 0.9, 127, 64, 0
L -729.7, -173.7, 0.9, -694.6, -173.9, 0.0, 127, 64, 0
L -694.6, -173.9, 0.0, -694.6, -177.8, 0.0, 127, 64, 0
L -681.0, -221.0, 0.0, -701.3, -257.8, 0.9, 127, 64, 0
L -701.3, -257.8, 0.9, -705.9, -255.7, 0.9, 127, 64, 0
L -705.9, -255.7, 0.9, -685.4, -218.8, 0.0, 127, 64, 0
L -685.4, -218.8, 0.0, -680.7, -221.2, 0.0, 127, 64, 0
L -700.7, -258.4, 0.0, -705.9, -253.0, 0.0, 0, 0, 255
L -705.9, -253.0, 0.0, -725.8, -253.2, 0.0, 0, 0, 255
L -700.0, -257.8, 0.0, -699.9, -362.4, 0.0, 0, 0, 255
L -699.9, -362.4, 0.0, -725.8, -362.7, 0.0, 0, 0, 255
L -711.4, -245.9, -18.2, -715.8, -246.4, -18.9, 255, 165, 0
L -715.8, -246.4, -18.9, -715.8, -250.1, -1.5, 255, 165, 0
L -715.8, -250.1, -1.5, -711.4, -250.1, -1.5, 255, 165, 0
L -711.4, -250.1, -1.5, -711.4, -245.9, -18.2, 255, 165, 0
L -749.4, -422.6, 0.0, -749.9, -388.7, 0.9, 127, 64, 0
L -749.9, -388.7, 0.9, -745.9, -388.7, 1.0, 127, 64, 0
L -745.9, -388.7, 1.0, -745.7, -422.2, 0.7, 127, 64, 0
L -745.7, -422.2, 0.7, -749.7, -422.3, 0.0, 127, 64, 0
L -876.0, -394.5, 0.0, -859.3, -359.9, 1.0, 127, 64, 0
L -859.3, -359.9, 1.0, -855.9, -361.8, 1.0, 127, 64, 0
L -855.9, -361.8, 1.0, -872.4, -396.1, 0.0, 127, 64, 0
L -872.4, -396.1, 0.0, -876.1, -394.1, 0.0, 127, 64, 0
L -841.6, -363.1, 0.0, -866.5, -362.9, 0.0, 0, 0, 255
L -866.5, -362.9, 0.0, -867.2, -253.1, 0.0, 0, 0, 255
L -867.2, -253.1, 0.0, -841.6, -252.6, 0.0, 0, 0, 255
L -881.7, -389.7, -1.3, -885.8, -389.8, -1.3, 255, 165, 0
L -885.8, -389.8, -1.3, -885.8, -387.7, -18.1, 255, 165, 0
L -885.8, -387.7, -18.1, -881.0, -387.7, -18.1, 255, 165, 0
L -881.7, -389.7, -1.3, -881.0, -387.7, -18.1, 255, 165, 0
L -639.0, -448.0, 0.0, -644.0, -447.0, 0.0, 0, 0, 0
L -639.0, -364.0, 0.0, -643.0, -364.8, 0.0, 0, 0, 255
L -643.0, -364.8, 0.0, -643.0, -364.0, 0.0, 150, 150, 150
L -643.0, -364.8, 0.0, -644.0, -365.0, 0.0, 0, 0, 0
L -564.1, 5.1, -21.6, -564.1, 8.9, -21.6, 255, 165, 0
L -157.0, 387.5, -13.5, -160.0, 384.0, -13.5, 255, 255, 0
L -155.5, 383.2, -13.5, -157.0, 387.5, -13.5, 255, 255, 0
L -157.0, 387.5, -13.5, -152.3, 386.9, -13.2, 255, 255, 0
L -155.5, 383.2, -13.5, -152.3, 386.9, -13.2, 255, 255, 0
L -111.0, 279.0, -41.0, -98.0, 279.0, -41.0, 155, 155, 155
L -98.0, 266.0, -41.0, -98.0, 279.0, -41.0, 178, 102, 255
L -98.0, 279.0, -41.0, -98.0, 282.6, -39.2, 178, 102, 255
L -98.0, 308.0, -27.0, -111.0, 308.0, -27.0, 155, 155, 155
L -111.0, 293.5, -34.0, -111.0, 297.1, -32.2, 178, 102, 255
L -98.0, 293.5, -34.0, -98.0, 297.1, -32.2, 178, 102, 255
L -111.0, 293.5, -34.0, -98.0, 293.5, -34.0, 155, 155, 155
L -111.0, 286.2, -37.5, -111.0, 289.9, -35.8, 178, 102, 255
L -98.0, 286.2, -37.5, -98.0, 289.9, -35.8, 178, 102, 255
L -111.0, 286.2, -37.5, -98.0, 286.2, -37.5, 155, 155, 155
L -111.0, 300.8, -30.5, -111.0, 304.4, -28.8, 178, 102, 255
L -98.0, 300.8, -30.5, -98.0, 304.4, -28.8, 178, 102, 255
L -111.0, 300.8, -30.5, -98.0, 300.8, -30.5, 155, 155, 155
L -111.0, 297.1, -32.2, -111.0, 300.8, -30.5, 178, 102, 255
L -98.0, 297.1, -32.2, -98.0, 300.8, -30.5, 178, 102, 255
L -111.0, 297.1, -32.2, -98.0, 297.1, -32.2, 155, 155, 155
L -111.0, 289.9, -35.8, -111.0, 293.5, -34.0, 178, 102, 255
L -98.0, 289.9, -35.8, -98.0, 293.5, -34.0, 178, 102, 255
L -111.0, 289.9, -35.8, -98.0, 289.9, -35.8, 155, 155, 155
L -111.0, 282.6, -39.2, -111.0, 286.2, -37.5, 178, 102, 255
L -98.0, 282.6, -39.2, -98.0, 286.2, -37.5, 178, 102, 255
L -111.0, 282.6, -39.2, -98.0, 282.6, -39.2, 155, 155, 155
L -111.0, 304.4, -28.8, -111.0, 308.0, -27.0, 178, 102, 255
L -98.0, 304.4, -28.8, -98.0, 308.0, -27.0, 178, 102, 255
L -111.0, 304.4, -28.8, -98.0, 304.4, -28.8, 155, 155, 155
L -125.0, 349.0, -27.0, -112.0, 349.0, -27.0, 155, 155, 155
L -112.0, 336.0, -27.0, -112.0, 349.0, -27.0, 178, 102, 255
L -112.0, 349.0, -27.0, -112.0, 353.2, -25.2, 178, 102, 255
L -125.0, 383.0, -13.0, -112.0, 383.0, -13.0, 155, 155, 155
L -125.0, 366.0, -20.0, -125.0, 370.2, -18.2, 178, 102, 255
L -112.0, 366.0, -20.0, -112.0, 370.2, -18.2, 178, 102, 255
L -125.0, 366.0, -20.0, -112.0, 366.0, -20.0, 155, 155, 155
L -125.0, 357.5, -23.5, -125.0, 361.8, -21.8, 178, 102, 255
L -112.0, 357.5, -23.5, -112.0, 361.8, -21.8, 178, 102, 255
L -125.0, 357.5, -23.5, -112.0, 357.5, -23.5, 155, 155, 155
L -125.0, 374.5, -16.5, -125.0, 378.8, -14.8, 178, 102, 255
L -112.0, 374.5, -16.5, -112.0, 378.8, -14.8, 178, 102, 255
L -125.0, 374.5, -16.5, -112.0, 374.5, -16.5, 155, 155, 155
L -125.0, 370.2, -18.2, -125.0, 374.5, -16.5, 178, 102, 255
L -112.0, 370.2, -18.2, -112.0, 374.5, -16.5, 178, 102, 255
L -125.0, 370.2, -18.2, -112.0, 370.2, -18.2, 155, 155, 155
L -125.0, 361.8, -21.8, -125.0, 366.0, -20.0, 178, 102, 255
L -112.0, 361.8, -21.8, -112.0, 366.0, -20.0, 178, 102, 255
L -125.0, 361.8, -21.8, -112.0, 361.8, -21.8, 155, 155, 155
L -125.0, 353.2, -25.2, -125.0, 357.5, -23.5, 178, 102, 255
L -112.0, 353.2, -25.2, -112.0, 357.5, -23.5, 178, 102, 255
L -125.0, 353.2, -25.2, -112.0, 353.2, -25.2, 155, 155, 155
L -125.0, 378.8, -14.8, -125.0, 383.0, -13.0, 178, 102, 255
L -112.0, 378.8, -14.8, -112.0, 383.0, -13.0, 178, 102, 255
L -125.0, 378.8, -14.8, -112.0, 378.8, -14.8, 155, 155, 155
L -27.0, 349.0, -41.0, -56.0, 349.0, -41.0, 178, 102, 255
L -27.0, 349.0, -41.0, -14.0, 349.0, -41.0, 155, 155, 155
L -14.0, 363.0, -41.0, -42.0, 363.0, -41.0, 178, 102, 255
L -14.0, 349.0, -41.0, -14.0, 363.0, -41.0, 178, 102, 255
L -27.0, 321.0, -55.0, -27.0, 324.5, -53.2, 178, 102, 255
L -14.0, 321.0, -55.0, -14.0, 324.5, -53.2, 178, 102, 255
L -14.0, 321.0, -55.0, -27.0, 321.0, -55.0, 155, 155, 155
L -27.0, 335.0, -48.0, -27.0, 338.5, -46.2, 178, 102, 255
L -14.0, 335.0, -48.0, -14.0, 338.5, -46.2, 178, 102, 255
L -27.0, 335.0, -48.0, -14.0, 335.0, -48.0, 155, 155, 155
L -27.0, 328.0, -51.5, -27.0, 331.5, -49.8, 178, 102, 255
L -14.0, 328.0, -51.5, -14.0, 331.5, -49.8, 178, 102, 255
L -27.0, 328.0, -51.5, -14.0, 328.0, -51.5, 155, 155, 155
L -27.0, 324.5, -53.2, -27.0, 328.0, -51.5, 178, 102, 255
L -14.0, 324.5, -53.2, -14.0, 328.0, -51.5, 178, 102, 255
L -27.0, 324.5, -53.2, -14.0, 324.5, -53.2, 155, 155, 155
L -27.0, 331.5, -49.8, -27.0, 335.0, -48.0, 178, 102, 255
L -14.0, 331.5, -49.8, -14.0, 335.0, -48.0, 178, 102, 255
L -27.0, 331.5, -49.8, -14.0, 331.5, -49.8, 155, 155, 155
L -27.0, 342.0, -44.5, -27.0, 345.5, -42.8, 178, 102, 255
L -14.0, 342.0, -44.5, -14.0, 345.5, -42.8, 178, 102, 255
L -27.0, 342.0, -44.5, -14.0, 342.0, -44.5, 155, 155, 155
L -27.0, 338.5, -46.2, -27.0, 342.0, -44.5, 178, 102, 255
L -14.0, 338.5, -46.2, -14.0, 342.0, -44.5, 178, 102, 255
L -27.0, 338.5, -46.2, -14.0, 338.5, -46.2, 155, 155, 155
L -27.0, 345.5, -42.8, -27.0, 349.0, -41.0, 178, 102, 255
L -14.0, 345.5, -42.8, -14.0, 349.0, -41.0, 178, 102, 255
L -27.0, 345.5, -42.8, -14.0, 345.5, -42.8, 155, 155, 155
L 153.0, 447.0, -55.0, 140.0, 447.0, -55.0, 155, 155, 155
L 167.0, 518.0, -83.0, 153.0, 504.0, -83.0, 102, 0, 204
L 153.0, 545.0, -83.0, 167.0, 531.0, -83.0, 102, 0, 204
L 167.0, 531.0, -83.0, 167.0, 518.0, -83.0, 102, 0, 204
L 139.0, 544.0, -83.0, 153.0, 545.0, -83.0, 102, 0, 204
L 125.0, 531.0, -83.0, 139.0, 544.0, -83.0, 102, 0, 204
L 112.0, 531.0, -83.0, 125.0, 531.0, -83.0, 102, 0, 204
L 126.0, 518.0, -83.0, 111.0, 518.0, -83.0, 102, 0, 204
L 153.0, 504.0, -83.0, 140.0, 504.0, -83.0, 155, 155, 155
L 140.0, 504.0, -83.0, 126.0, 518.0, -83.0, 102, 0, 204
L 153.0, 406.0, -55.0, 153.0, 434.0, -55.0, 178, 102, 255
L 170.0, 411.0, -55.0, 170.0, 434.0, -55.0, 178, 102, 255
L 153.0, 434.0, -55.0, 170.0, 434.0, -55.0, 178, 102, 255
L 196.0, 475.0, -55.0, 182.0, 475.0, -55.0, 178, 102, 255
L 182.0, 489.0, -55.0, 182.0, 475.0, -55.0, 178, 102, 255
L 153.0, 447.0, -55.0, 153.0, 450.6, -56.8, 178, 102, 255
L 140.0, 504.0, -83.0, 140.0, 500.4, -81.2, 102, 0, 204
L 140.0, 475.5, -69.0, 140.0, 471.9, -67.2, 102, 0, 204
L 153.0, 475.5, -69.0, 153.0, 479.1, -70.8, 102, 0, 204
L 140.0, 475.5, -69.0, 153.0, 475.5, -69.0, 155, 155, 155
L 140.0, 461.2, -62.0, 140.0, 457.7, -60.2, 102, 0, 204
L 153.0, 461.2, -62.0, 153.0, 464.8, -63.8, 102, 0, 204
L 140.0, 461.2, -62.0, 153.0, 461.2, -62.0, 155, 155, 155
L 140.0, 468.4, -65.5, 140.0, 464.8, -63.8, 102, 0, 204
L 153.0, 468.4, -65.5, 153.0, 471.9, -67.2, 102, 0, 204
L 140.0, 468.4, -65.5, 153.0, 468.4, -65.5, 155, 155, 155
L 140.0, 454.1, -58.5, 140.0, 450.6, -56.8, 102, 0, 204
L 153.0, 454.1, -58.5, 153.0, 457.7, -60.2, 102, 0, 204
L 140.0, 454.1, -58.5, 153.0, 454.1, -58.5, 155, 155, 155
L 140.0, 489.8, -76.0, 140.0, 486.2, -74.2, 102, 0, 204
L 153.0, 489.8, -76.0, 153.0, 493.3, -77.8, 102, 0, 204
L 140.0, 489.8, -76.0, 153.0, 489.8, -76.0, 155, 155, 155
L 140.0, 482.6, -72.5, 140.0, 479.1, -70.8, 102, 0, 204
L 153.0, 482.6, -72.5, 153.0, 486.2, -74.2, 102, 0, 204
L 140.0, 482.6, -72.5, 153.0, 482.6, -72.5, 155, 155, 155
L 140.0, 496.9, -79.5, 140.0, 493.3, -77.8, 102, 0, 204
L 153.0, 496.9, -79.5, 153.0, 500.4, -81.2, 102, 0, 204
L 140.0, 496.9, -79.5, 153.0, 496.9, -79.5, 155, 155, 155
L 140.0, 493.3, -77.8, 140.0, 489.8, -76.0, 102, 0, 204
L 153.0, 493.3, -77.8, 153.0, 496.9, -79.5, 102, 0, 204
L 140.0, 493.3, -77.8, 153.0, 493.3, -77.8, 155, 155, 155
L 140.0, 500.4, -81.2, 140.0, 496.9, -79.5, 102, 0, 204
L 153.0, 500.4, -81.2, 153.0, 504.0, -83.0, 102, 0, 204
L 140.0, 500.4, -81.2, 153.0, 500.4, -81.2, 155, 155, 155
L 140.0, 486.2, -74.2, 140.0, 482.6, -72.5, 102, 0, 204
L 153.0, 486.2, -74.2, 153.0, 489.8, -76.0, 102, 0, 204
L 140.0, 486.2, -74.2, 153.0, 486.2, -74.2, 155, 155, 155
L 140.0, 479.1, -70.8, 140.0, 475.5, -69.0, 102, 0, 204
L 153.0, 479.1, -70.8, 153.0, 482.6, -72.5, 102, 0, 204
L 140.0, 479.1, -70.8, 153.0, 479.1, -70.8, 155, 155, 155
L 140.0, 471.9, -67.2, 140.0, 468.4, -65.5, 102, 0, 204
L 153.0, 471.9, -67.2, 153.0, 475.5, -69.0, 102, 0, 204
L 140.0, 471.9, -67.2, 153.0, 471.9, -67.2, 155, 155, 155
L 140.0, 464.8, -63.8, 140.0, 461.2, -62.0, 102, 0, 204
L 153.0, 464.8, -63.8, 153.0, 468.4, -65.5, 102, 0, 204
L 140.0, 464.8, -63.8, 153.0, 464.8, -63.8, 155, 155, 155
L 140.0, 457.7, -60.2, 140.0, 454.1, -58.5, 102, 0, 204
L 153.0, 457.7, -60.2, 153.0, 461.2, -62.0, 102, 0, 204
L 140.0, 457.7, -60.2, 153.0, 457.7, -60.2, 155, 155, 155
L 140.0, 450.6, -56.8, 140.0, 447.0, -55.0, 102, 0, 204
L 153.0, 450.6, -56.8, 153.0, 454.1, -58.5, 102, 0, 204
L 140.0, 450.6, -56.8, 153.0, 450.6, -56.8, 155, 155, 155
L -254.5, 433.0, 0.0, -244.0, 420.0, 0.0, 0, 0, 255
L -118.8, 470.1, -18.5, -118.3, 464.9, -18.6, 0, 0, 255
L -30.1, 490.6, -100.0, -25.2, 485.7, -100.0, 0, 0, 255
L -16.1, 485.7, -100.0, -12.2, 462.8, -100.0, 0, 0, 255
L -0.4, 464.1, -100.0, 12.1, 476.6, -100.0, 0, 0, 255
L 12.1, 476.6, -100.0, 12.1, 488.4, -100.0, 0, 0, 255
L 12.1, 488.4, -100.0, -11.5, 495.6, -100.0, 0, 0, 255
L -23.5, 503.7, -100.0, -30.1, 498.8, -100.0, 0, 0, 255
L -12.1, 432.8, -85.0, -1.9, 433.3, -85.0, 0, 0, 255
L -118.3, 464.9, -18.6, -117.7, 459.7, -18.7, 0, 0, 255
L -123.2, 467.5, -18.5, -123.2, 462.3, -18.7, 255, 255, 0
L -123.2, 462.3, -18.7, -118.3, 464.9, -18.6, 255, 255, 0
L -118.3, 464.9, -18.6, -123.2, 467.5, -18.5, 255, 255, 0
L -48.0, 501.1, -32.1, -66.0, 499.0, -32.1, 178, 102, 255
L -46.8, 481.5, -32.1, -45.0, 471.0, -37.0, 178, 102, 255
L -73.0, 495.0, -32.1, -83.0, 491.0, -32.1, 178, 102, 255
L -66.0, 499.0, -32.1, -73.0, 495.0, -32.1, 178, 102, 255
L -48.0, 501.1, -32.1, -47.4, 491.3, -32.1, 0, 0, 255
L -47.4, 491.3, -32.1, -46.8, 481.5, -32.1, 0, 0, 255
L -47.4, 491.3, -32.1, -50.4, 493.8, -32.1, 255, 255, 0
L -0.4, 464.1, -100.0, 0.0, 461.0, -85.0, 0, 0, 255
L -12.2, 462.8, -100.0, -13.0, 461.0, -85.0, 0, 0, 255
L -25.2, 485.7, -59.1, -16.1, 485.7, -59.1, 0, 0, 255
L -15.5, 502.1, -59.1, -23.5, 503.7, -59.1, 0, 0, 255
L -30.1, 498.8, -59.1, -30.1, 490.6, -59.1, 0, 0, 255
L -16.1, 485.7, -100.0, -25.2, 485.7, -100.0, 0, 0, 255
L -30.1, 490.6, -100.0, -30.1, 498.8, -100.0, 0, 0, 255
L -23.5, 503.7, -100.0, -15.5, 502.1, -100.0, 0, 0, 255
L -23.5, 503.7, -59.1, -30.1, 498.8, -59.1, 0, 0, 255
L -30.1, 490.6, -59.1, -25.2, 485.7, -59.1, 0, 0, 255
L -11.5, 495.6, -59.1, -15.5, 502.1, -59.1, 0, 0, 255
L -11.5, 495.6, -100.0, -15.5, 502.1, -100.0, 0, 0, 255
L -16.1, 485.7, -59.1, -11.5, 495.6, -59.1, 0, 0, 255
L -11.5, 495.6, -59.1, -11.5, 495.6, -100.0, 0, 0, 255
L -15.5, 502.1, -59.1, -15.5, 502.1, -100.0, 0, 0, 255
L -23.5, 503.7, -59.1, -23.5, 503.7, -100.0, 0, 0, 255
L -30.1, 498.8, -59.1, -30.1, 498.8, -100.0, 0, 0, 255
L -30.1, 490.6, -100.0, -30.1, 490.6, -59.1, 0, 0, 255
L -25.2, 485.7, -59.1, -25.2, 485.7, -100.0, 0, 0, 255
L -16.1, 485.7, -59.1, -16.1, 485.7, -100.0, 0, 0, 255
L -50.4, 488.9, -32.1, -47.4, 491.3, -32.1, 255, 255, 0
L -50.4, 488.9, -32.1, -50.4, 493.8, -32.1, 255, 255, 0
