L -45.6, 331.4, 10.1, -57.8, 318.6, 2.3, 0, 0, 0
L -57.8, 318.6, 2.3, -69.9, 320.1, 1.5, 0, 0, 0
L -69.9, 320.1, 1.5, -69.6, 317.2, 0.9, 150, 150, 150
L -69.6, 317.2, 0.9, -73.2, 313.7, 1.5, 150, 150, 150
L -73.2, 313.7, 1.5, -73.8, 310.1, 1.3, 150, 150, 150
L -73.8, 310.1, 1.3, -73.1, 307.9, 1.3, 150, 150, 150
L -73.1, 307.9, 1.3, -74.1, 306.0, 1.0, 150, 150, 150
L -74.1, 306.0, 1.0, -75.4, 305.1, 0.8, 150, 150, 150
L -75.4, 305.1, 0.8, -78.6, 305.3, 0.4, 150, 150, 150
L -78.6, 305.3, 0.4, -80.1, 307.7, 0.3, 150, 150, 150
L -80.1, 307.7, 0.3, -80.6, 308.0, 0.2, 150, 150, 150
L -81.8, 302.9, -0.1, -68.7, 291.2, 0.2, 0, 0, 0
L -68.7, 291.2, 0.2, -58.8, 271.5, 5.0, 0, 0, 0
L -56.2, 271.6, 4.4, -53.4, 270.4, 3.5, 150, 150, 150
L -53.4, 270.4, 3.5, -52.3, 268.2, 3.4, 150, 150, 150
L -52.3, 268.2, 3.4, -50.2, 267.2, 2.6, 150, 150, 150
L -50.2, 267.2, 2.6, -49.6, 265.5, 2.1, 150, 150, 150
L -49.6, 265.5, 2.1, -49.9, 262.9, 1.9, 150, 150, 150
L -49.9, 262.9, 1.9, -51.1, 261.9, 2.3, 150, 150, 150
L -51.1, 261.9, 2.3, -53.8, 261.4, 3.3, 150, 150, 150
L -53.8, 261.4, 3.3, -53.9, 259.0, 3.1, 150, 150, 150
L -53.9, 259.0, 3.1, -55.8, 256.4, 3.1, 150, 150, 150
L -55.8, 256.4, 3.1, -53.9, 255.3, 2.6, 150, 150, 150
L -53.9, 255.3, 2.6, -52.9, 253.1, 1.9, 150, 150, 150
L -52.9, 253.1, 1.9, -52.9, 250.2, 1.6, 150, 150, 150
L -52.9, 250.2, 1.6, -55.2, 247.6, 2.3, 150, 150, 150
L -55.2, 247.6, 2.3, -58.2, 246.7, 3.2, 150, 150, 150
L -58.2, 246.7, 3.2, -60.1, 247.5, 3.8, 150, 150, 150
L -60.1, 247.5, 3.8, -63.9, 244.6, 5.5, 150, 150, 150
L -63.9, 244.6, 5.5, -67.4, 243.6, 6.9, 150, 150, 150
L -67.4, 243.6, 6.9, -69.0, 244.3, 7.1, 150, 150, 150
L -69.0, 244.3, 7.1, -70.6, 243.5, 7.7, 150, 150, 150
L -70.6, 243.5, 7.7, -74.6, 244.6, 8.2, 150, 150, 150
L -74.6, 244.6, 8.2, -77.8, 247.4, 8.3, 150, 150, 150
L -77.8, 247.4, 8.3, -79.8, 251.9, 9.0, 150, 150, 150
L -79.8, 251.9, 9.0, -78.8, 258.0, 9.3, 150, 150, 150
L -78.8, 258.0, 9.3, -90.7, 261.1, 11.6, 0, 0, 0
L -90.7, 261.1, 11.6, -97.3, 262.0, 9.7, 0, 0, 0
L -97.3, 262.0, 9.7, -96.3, 261.3, 9.9, 0, 0, 0
L -96.3, 261.3, 9.9, -94.8, 256.4, 10.6, 0, 0, 0
L -94.8, 256.4, 10.6, -95.4, 251.7, 10.7, 0, 0, 0
L -95.4, 251.7, 10.7, -96.7, 250.8, 10.4, 0, 0, 0
L -96.7, 250.8, 10.4, -96.9, 248.5, 10.6, 0, 0, 0
L -96.9, 248.5, 10.6, -99.7, 245.9, 11.3, 0, 0, 0
L -99.7, 245.9, 11.3, -102.1, 240.5, 13.3, 0, 0, 0
L -102.1, 240.5, 13.3, -108.0, 236.3, 12.6, 0, 0, 0
L -108.0, 236.3, 12.6, -113.8, 236.5, 9.5, 0, 0, 0
L -113.8, 236.5, 9.5, -126.2, 223.5, 11.5, 0, 0, 0
L -126.2, 223.5, 11.5, -146.8, 221.2, 3.5, 0, 0, 0
L -146.8, 221.2, 3.5, -167.0, 225.7, -3.2, 0, 0, 0
L -167.0, 225.7, -3.2, -183.0, 241.7, -4.3, 0, 0, 0
L -183.0, 241.7, -4.3, -194.0, 235.3, -4.7, 0, 0, 0
L -194.0, 235.3, -4.7, -191.8, 233.6, -4.9, 0, 0, 0
L -191.8, 233.6, -4.9, -190.8, 231.1, -5.2, 0, 0, 0
L -190.8, 231.1, -5.2, -191.7, 226.2, -5.3, 0, 0, 0
L -191.7, 226.2, -5.3, -193.8, 224.3, -4.7, 0, 0, 0
L -193.8, 224.3, -4.7, -192.6, 224.0, -4.8, 0, 0, 0
L -192.6, 224.0, -4.8, -189.1, 220.5, -4.9, 0, 0, 0
L -189.1, 220.5, -4.9, -188.3, 217.1, -4.7, 0, 0, 0
L -188.3, 217.1, -4.7, -189.1, 213.4, -4.2, 0, 0, 0
L -189.1, 213.4, -4.2, -190.4, 210.5, -4.1, 0, 0, 0
L -190.4, 210.5, -4.1, -189.8, 210.2, -4.2, 0, 0, 0
L -189.8, 210.2, -4.2, -188.4, 207.0, -4.2, 0, 0, 0
L -188.4, 207.0, -4.2, -188.7, 204.3, -4.4, 0, 0, 0
L -188.7, 204.3, -4.4, -190.8, 202.1, -4.2, 0, 0, 0
L -190.8, 202.1, -4.2, -194.0, 201.2, -3.6, 0, 0, 0
L -194.0, 201.2, -3.6, -196.3, 202.3, -3.1, 0, 0, 0
L -196.3, 202.3, -3.1, -199.4, 199.3, -2.6, 0, 0, 0
L -199.4, 199.3, -2.6, -203.4, 198.0, -2.2, 0, 0, 0
L -203.4, 198.0, -2.2, -204.6, 198.7, -2.4, 0, 0, 0
L -204.6, 198.7, -2.4, -206.2, 197.8, -2.2, 0, 0, 0
L -206.2, 197.8, -2.2, -209.8, 198.7, -2.4, 0, 0, 0
L -209.8, 198.7, -2.4, -214.4, 202.2, -2.8, 0, 0, 0
L -214.4, 202.2, -2.8, -228.9, 196.3, 1.7, 0, 0, 0
L -228.9, 196.3, 1.7, -226.1, 194.1, 0.1, 150, 150, 150
L -226.1, 194.1, 0.1, -224.7, 190.5, 1.4, 150, 150, 150
L -224.7, 190.5, 1.4, -224.9, 187.9, 2.3, 150, 150, 150
L -224.9, 187.9, 2.3, -227.1, 185.9, 3.3, 150, 150, 150
L -227.1, 185.9, 3.3, -229.5, 186.5, 3.3, 150, 150, 150
L -229.5, 186.5, 3.3, -230.5, 187.6, 3.0, 150, 150, 150
L -230.5, 187.6, 3.0, -231.9, 187.9, 4.7, 150, 150, 150
L -233.3, 194.5, 3.1, -231.9, 187.9, 4.7, 0, 0, 0
L -228.4, 171.2, 8.8, -236.6, 160.2, 13.8, 0, 0, 0
L -236.6, 160.2, 13.8, -248.4, 156.0, 11.8, 0, 0, 0
L -248.4, 156.0, 11.8, -246.9, 154.5, 11.8, 0, 0, 0
L -246.9, 154.5, 11.8, -247.1, 151.6, 11.3, 0, 0, 0
L -247.1, 151.6, 11.3, -248.3, 149.3, 10.4, 0, 0, 0
L -248.3, 149.3, 10.4, -250.0, 147.9, 9.4, 0, 0, 0
L -250.0, 147.9, 9.4, -252.1, 148.6, 9.2, 0, 0, 0
L -252.1, 148.6, 9.2, -254.2, 145.1, 7.0, 0, 0, 0
L -254.2, 145.1, 7.0, -256.8, 143.2, 5.5, 0, 0, 0
L -256.8, 143.2, 5.5, -258.7, 143.2, 5.1, 0, 0, 0
L -258.7, 143.2, 5.1, -259.6, 142.1, 4.4, 0, 0, 0
L -259.6, 142.1, 4.4, -263.9, 141.7, 3.1, 0, 0, 0
L -263.9, 141.7, 3.1, -268.3, 143.7, 1.8, 0, 0, 0
L -268.3, 143.7, 1.8, -271.5, 147.9, 1.9, 0, 0, 0
L -271.5, 147.9, 1.9, -271.6, 153.7, 3.5, 0, 0, 0
L -271.6, 153.7, 3.5, -277.1, 151.6, 0.9, 0, 0, 0
L -277.1, 151.6, 0.9, -287.9, 126.2, -0.1, 0, 0, 0
L -287.9, 126.2, -0.1, -281.8, 126.2, 2.8, 0, 0, 0
L -281.8, 120.6, 1.2, -318.4, 120.6, 0.8, 0, 0, 0
L -318.4, 120.6, 0.8, -318.4, 110.1, 0.8, 0, 0, 0
L -318.4, 110.1, 0.8, -324.1, 110.1, 0.8, 0, 0, 0
L -324.1, 110.1, 0.8, -324.1, 120.6, 0.8, 0, 0, 0
L -324.1, 120.6, 0.8, -399.6, 120.5, 0.8, 0, 0, 0
L -399.6, 120.5, 0.8, -399.6, 110.1, 0.8, 0, 0, 0
L -399.6, 110.1, 0.8, -405.3, 110.1, 0.8, 0, 0, 0
L -405.3, 110.1, 0.8, -405.3, 120.6, 0.8, 0, 0, 0
L -405.3, 120.6, 0.8, -454.1, 120.5, 0.8, 0, 0, 0
L -454.1, 120.5, 0.8, -454.1, 75.9, 0.8, 0, 0, 0
L -454.1, 75.9, 0.8, -443.7, 75.9, 0.8, 0, 0, 0
L -443.7, 75.9, 0.8, -443.8, 70.3, 0.8, 0, 0, 0
L -443.8, 70.3, 0.8, -454.2, 70.3, 0.8, 0, 0, 0
L -454.2, 70.3, 0.8, -454.2, 25.8, 0.8, 0, 0, 0
L -454.2, 25.8, 0.8, -443.8, 25.8, 0.8, 0, 0, 0
L -443.8, 25.8, 0.8, -443.8, 20.1, 0.8, 0, 0, 0
L -443.8, 20.1, 0.8, -454.2, 20.1, 0.8, 0, 0, 0
L -454.2, 20.1, 0.8, -454.2, -24.4, 0.8, 0, 0, 0
L -454.2, -24.4, 0.8, -443.8, -24.4, 0.8, 0, 0, 0
L -443.8, -24.4, 0.8, -443.8, -30.1, 0.8, 0, 0, 0
L -443.8, -30.1, 0.8, -454.2, -30.1, 0.8, 0, 0, 0
L -454.2, -30.1, 0.8, -454.2, -74.6, 0.8, 0, 0, 0
L -454.2, -74.6, 0.8, -443.8, -74.6, 0.8, 0, 0, 0
L -443.8, -74.6, 0.8, -443.8, -80.3, 0.8, 0, 0, 0
L -443.8, -80.3, 0.8, -454.2, -80.3, 0.8, 0, 0, 0
L -454.2, -80.3, 0.8, -454.2, -124.9, 0.8, 0, 0, 0
L -454.2, -124.9, 0.8, -405.4, -124.9, 0.8, 0, 0, 0
L -405.4, -124.9, 0.8, -405.4, -114.5, 0.8, 0, 0, 0
L -405.4, -114.5, 0.8, -399.7, -114.5, 0.8, 0, 0, 0
L -399.7, -114.5, 0.8, -399.7, -124.9, 0.8, 0, 0, 0
L -399.7, -124.9, 0.8, -324.1, -124.9, 0.8, 0, 0, 0
L -324.1, -114.5, 0.8, -318.4, -114.5, 0.8, 0, 0, 0
L -318.4, -114.5, 0.8, -318.4, -124.9, 0.8, 0, 0, 0
L -318.4, -124.9, 0.8, -269.6, -124.9, 0.8, 0, 0, 0
L -269.6, -124.9, 0.8, -269.6, -80.3, 0.8, 0, 0, 0
L -269.6, -80.3, 0.8, -280.0, -80.3, 0.8, 0, 0, 0
L -324.1, -124.9, 0.8, -324.1, -114.5, 0.8, 0, 0, 0
L -280.0, -80.3, 0.8, -280.0, -74.6, 0.8, 0, 0, 0
L -280.0, -74.6, 0.8, -269.6, -74.6, 0.8, 0, 0, 0
L -269.6, -74.6, 0.8, -269.6, -30.1, 0.8, 0, 0, 0
L -269.6, -30.1, 0.8, -280.0, -30.1, 0.8, 0, 0, 0
L -280.0, -30.1, 0.8, -280.0, -24.4, 0.8, 0, 0, 0
L -269.6, 20.1, -0.2, -280.0, 20.1, 0.8, 0, 0, 0
L -280.0, 20.1, 0.8, -280.0, 25.8, 0.8, 0, 0, 0
L -269.6, 25.8, 0.8, -269.6, 70.3, 0.8, 0, 0, 0
L -269.6, 70.3, 0.8, -280.0, 70.3, 0.8, 0, 0, 0
L -280.0, 70.3, 0.8, -280.0, 75.9, 0.8, 0, 0, 0
L -280.0, 75.9, 0.8, -269.6, 76.0, 0.8, 0, 0, 0
L -269.6, 76.0, 0.8, -269.6, 107.3, 0.8, 0, 0, 0
L -264.3, 107.3, 0.5, -264.3, 103.7, 0.1, 0, 0, 0
L -264.3, 103.7, 0.1, -246.6, 113.4, 2.2, 0, 0, 0
L -246.6, 113.4, 2.2, -230.7, 135.1, 11.4, 0, 0, 0
L -213.9, 131.7, 11.0, -214.5, 133.6, 11.5, 150, 150, 150
L -214.5, 133.6, 11.5, -212.2, 137.8, 11.9, 150, 150, 150
L -212.2, 137.8, 11.9, -210.8, 139.3, 11.8, 150, 150, 150
L -210.8, 139.3, 11.8, -212.6, 142.7, 12.8, 150, 150, 150
L -212.6, 142.7, 12.8, -208.6, 148.7, 10.0, 150, 150, 150
L -208.6, 148.7, 10.0, -204.4, 150.8, 6.9, 150, 150, 150
L -204.4, 150.8, 6.9, -197.8, 147.1, 4.6, 150, 150, 150
L -197.8, 147.1, 4.6, -197.3, 143.6, 5.1, 150, 150, 150
L -197.3, 143.6, 5.1, -196.1, 144.0, 4.6, 150, 150, 150
L -195.9, 144.1, 4.5, -195.8, 145.2, 4.2, 150, 150, 150
L -195.8, 145.2, 4.2, -194.5, 146.9, 3.5, 150, 150, 150
L -194.5, 146.9, 3.5, -191.8, 148.4, 2.3, 150, 150, 150
L -191.8, 148.4, 2.3, -189.5, 148.1, 1.6, 150, 150, 150
L -189.5, 148.1, 1.6, -187.0, 146.4, 1.2, 150, 150, 150
L -187.0, 146.4, 1.2, -186.2, 143.6, 1.5, 150, 150, 150
L -186.2, 143.6, 1.5, -184.3, 142.1, 1.2, 150, 150, 150
L -184.3, 142.1, 1.2, -184.3, 140.1, 1.7, 150, 150, 150
L -184.3, 140.1, 1.7, -185.1, 138.4, 2.4, 150, 150, 150
L -185.1, 138.4, 2.4, -186.6, 137.3, 3.1, 150, 150, 150
L -186.6, 137.3, 3.1, -188.8, 137.1, 3.9, 150, 150, 150
L -188.8, 137.1, 3.9, -190.3, 138.4, 4.0, 150, 150, 150
L -190.3, 138.4, 4.0, -190.3, 138.1, 4.1, 150, 150, 150
L -190.3, 138.1, 4.1, -188.7, 137.1, 3.9, 150, 150, 150
L -188.7, 137.1, 3.9, -188.0, 135.5, 4.2, 150, 150, 150
L -188.0, 135.5, 4.2, -188.1, 133.1, 4.2, 150, 150, 150
L -188.1, 133.1, 4.2, -190.0, 131.8, 4.6, 150, 150, 150
L -190.0, 131.8, 4.6, -190.5, 129.7, 4.7, 150, 150, 150
L -195.4, 128.0, 4.7, -179.3, 133.6, 2.0, 0, 0, 0
L -179.3, 133.6, 2.0, -174.5, 150.5, -3.6, 0, 0, 0
L -161.0, 154.5, 0.6, -158.0, 158.8, 0.5, 150, 150, 150
L -158.0, 158.8, 0.5, -160.0, 163.2, -0.5, 150, 150, 150
L -160.0, 163.2, -0.5, -157.7, 167.8, -0.2, 150, 150, 150
L -157.7, 167.8, -0.2, -154.4, 169.4, 0.5, 150, 150, 150
L -154.4, 169.4, 0.5, -148.7, 168.1, 3.1, 150, 150, 150
L -148.7, 168.1, 3.1, -145.3, 164.1, 3.9, 150, 150, 150
L -145.3, 164.1, 3.9, -145.0, 161.1, 6.1, 150, 150, 150
L -145.0, 161.1, 6.1, -142.7, 162.1, 4.0, 150, 150, 150
L -142.7, 162.1, 4.0, -140.5, 160.7, 6.6, 150, 150, 150
L -140.5, 160.7, 6.6, -138.8, 158.9, 4.9, 150, 150, 150
L -138.8, 158.9, 4.9, -138.7, 156.2, 6.5, 150, 150, 150
L -138.7, 156.2, 6.5, -139.2, 153.6, 3.3, 150, 150, 150
L -139.2, 153.6, 3.3, -141.7, 152.9, 3.5, 150, 150, 150
L -141.7, 152.9, 3.5, -140.4, 147.9, 0.0, 150, 150, 150
L -140.4, 147.9, 0.0, -142.3, 145.5, 1.1, 150, 150, 150
L -155.5, 156.1, 2.3, -142.3, 145.5, 1.1, 0, 0, 0
L -136.1, 140.6, 0.6, -134.5, 142.6, 0.7, 150, 150, 150
L -134.5, 142.6, 0.7, -128.4, 145.2, 4.0, 150, 150, 150
L -128.4, 145.2, 4.0, -125.5, 144.2, 4.1, 150, 150, 150
L -125.5, 144.2, 4.1, -122.8, 141.4, 3.5, 150, 150, 150
L -122.8, 141.4, 3.5, -122.0, 138.9, 2.5, 150, 150, 150
L -122.0, 138.9, 2.5, -110.6, 145.4, 7.8, 0, 0, 0
L -110.6, 145.4, 7.8, -108.8, 162.4, 10.8, 0, 0, 0
L -98.6, 172.4, 11.0, -100.8, 177.6, 10.2, 150, 150, 150
L -100.8, 177.6, 10.2, -100.3, 179.5, 10.0, 150, 150, 150
L -100.3, 179.5, 10.0, -99.4, 180.8, 10.0, 150, 150, 150
L -99.4, 180.8, 10.0, -97.5, 181.7, 10.1, 150, 150, 150
L -97.5, 181.7, 10.1, -94.2, 179.6, 10.7, 150, 150, 150
L -94.2, 179.6, 10.7, -91.7, 179.1, 10.8, 150, 150, 150
L -91.7, 179.1, 10.8, -90.2, 177.0, 11.1, 150, 150, 150
L -90.2, 177.0, 11.1, -89.6, 174.7, 11.4, 150, 150, 150
L -89.6, 174.7, 11.4, -90.4, 172.2, 11.6, 150, 150, 150
L -90.4, 172.2, 11.6, -92.3, 171.1, 12.4, 150, 150, 150
L -92.3, 171.1, 12.4, -79.6, 161.5, 13.0, 0, 0, 0
L -64.0, 163.0, 10.4, -63.9, 164.8, 9.9, 150, 150, 150
L -63.9, 164.8, 9.9, -65.0, 169.7, 9.0, 150, 150, 150
L -65.0, 169.7, 9.0, -64.3, 170.8, 8.8, 150, 150, 150
L -64.3, 170.8, 8.8, -65.9, 171.3, 8.8, 150, 150, 150
L -65.9, 171.3, 8.8, -67.8, 174.1, 8.4, 150, 150, 150
L -67.8, 174.1, 8.4, -68.0, 176.5, 8.0, 150, 150, 150
L -68.0, 176.5, 8.0, -66.5, 179.6, 8.4, 150, 150, 150
L -66.5, 179.6, 8.4, -63.7, 181.1, 9.1, 150, 150, 150
L -63.7, 181.1, 9.1, -60.7, 180.3, 9.3, 150, 150, 150
L -60.7, 180.3, 9.3, -60.1, 181.9, 9.7, 150, 150, 150
L -60.1, 181.9, 9.7, -56.8, 184.7, 10.6, 150, 150, 150
L -56.8, 184.7, 10.6, -54.4, 185.3, 10.0, 150, 150, 150
L -54.4, 185.3, 10.0, -55.6, 187.7, 10.4, 150, 150, 150
L -55.6, 187.7, 10.4, -54.2, 189.9, 10.1, 150, 150, 150
L -54.2, 189.9, 10.1, -52.1, 191.4, 9.6, 150, 150, 150
L -52.1, 191.4, 9.6, -49.7, 191.9, 8.9, 150, 150, 150
L -49.7, 191.9, 8.9, -46.9, 191.1, 8.2, 150, 150, 150
L -46.9, 191.1, 8.2, -46.0, 188.7, 7.9, 150, 150, 150
L -46.0, 188.7, 7.9, -42.2, 189.4, 6.9, 150, 150, 150
L -42.2, 189.4, 6.9, -37.8, 188.3, 5.8, 150, 150, 150
L -37.8, 188.3, 5.8, -37.2, 186.9, 5.6, 150, 150, 150
L -37.2, 186.9, 5.6, -35.2, 186.7, 5.1, 150, 150, 150
L -35.2, 186.7, 5.1, -32.7, 183.6, 4.3, 150, 150, 150
L -32.7, 183.6, 4.3, -31.2, 178.5, 3.9, 150, 150, 150
L -31.2, 178.5, 3.9, -33.0, 172.1, 4.7, 150, 150, 150
L -33.0, 172.1, 4.7, -36.6, 169.2, 5.0, 150, 150, 150
L -36.6, 169.2, 5.0, -24.8, 165.1, 0.8, 0, 0, 0
L 24.8, 164.3, 0.9, 24.9, 166.1, 1.0, 150, 150, 150
L 24.9, 166.1, 1.0, 26.7, 169.4, 0.6, 150, 150, 150
L 26.7, 169.4, 0.6, 30.5, 171.6, 0.4, 150, 150, 150
L 30.5, 171.6, 0.4, 34.1, 171.6, 0.4, 150, 150, 150
L 34.1, 171.6, 0.4, 37.0, 168.6, 3.7, 150, 150, 150
L 37.0, 168.6, 3.7, 39.0, 160.5, 6.0, 150, 150, 150
L 32.7, 165.2, 0.8, 39.0, 160.5, 6.0, 0, 0, 0
L 46.4, 155.0, 12.3, 63.4, 161.5, 0.9, 0, 0, 0
L 63.4, 161.5, 0.9, 83.9, 159.8, 0.7, 0, 0, 0
L 90.0, 166.2, 3.7, 88.4, 171.5, 4.6, 150, 150, 150
L 88.4, 171.5, 4.6, 88.5, 174.1, 4.5, 150, 150, 150
L 88.5, 174.1, 4.5, 84.0, 175.8, 3.8, 150, 150, 150
L 84.0, 175.8, 3.8, 82.6, 180.0, 3.1, 150, 150, 150
L 82.6, 180.0, 3.1, 83.1, 184.5, 2.4, 150, 150, 150
L 83.1, 184.5, 2.4, 85.6, 188.2, 0.9, 150, 150, 150
L 85.6, 188.2, 0.9, 89.1, 188.9, 0.7, 150, 150, 150
L 89.1, 188.9, 0.7, 93.8, 188.0, 2.7, 150, 150, 150
L 93.8, 188.0, 2.7, 96.2, 185.8, 4.2, 150, 150, 150
L 96.2, 185.8, 4.2, 97.6, 187.8, 4.2, 150, 150, 150
L 97.6, 187.8, 4.2, 100.1, 188.5, 5.1, 150, 150, 150
L 100.1, 188.5, 5.1, 102.5, 187.5, 6.2, 150, 150, 150
L 102.5, 187.5, 6.2, 105.0, 185.3, 7.7, 150, 150, 150
L 105.0, 185.3, 7.7, 105.6, 182.8, 8.5, 150, 150, 150
L 105.6, 182.8, 8.5, 104.3, 180.5, 8.5, 150, 150, 150
L 104.3, 180.5, 8.5, 106.9, 177.7, 9.3, 150, 150, 150
L 106.9, 177.7, 9.3, 108.6, 173.8, 8.9, 150, 150, 150
L 108.6, 173.8, 8.9, 108.1, 168.5, 8.3, 150, 150, 150
L 108.1, 168.5, 8.3, 109.9, 168.4, 8.1, 0, 0, 0
L 109.9, 168.4, 8.1, 112.8, 172.1, 10.0, 150, 150, 150
L 112.8, 172.1, 10.0, 116.3, 173.5, 11.7, 150, 150, 150
L 116.3, 173.5, 11.7, 120.0, 173.3, 12.0, 150, 150, 150
L 120.0, 173.3, 12.0, 123.9, 170.7, 12.1, 150, 150, 150
L 123.9, 170.7, 12.1, 124.7, 166.2, 12.1, 150, 150, 150
L 124.7, 166.2, 12.1, 124.1, 163.2, 11.9, 150, 150, 150
L 124.1, 163.2, 11.9, 121.6, 161.8, 12.7, 150, 150, 150
L 131.2, 155.6, 12.1, 146.0, 168.4, 10.8, 0, 0, 0
L 146.0, 168.4, 10.8, 154.0, 188.4, 8.6, 0, 0, 0
L 154.0, 188.4, 8.6, 155.1, 214.2, 11.3, 0, 0, 0
L 155.1, 214.2, 11.3, 135.9, 209.1, 13.6, 0, 0, 0
L 124.5, 230.3, 7.4, 123.3, 228.9, 7.7, 150, 150, 150
L 123.3, 228.9, 7.7, 120.8, 228.2, 7.7, 150, 150, 150
L 120.8, 228.2, 7.7, 118.4, 229.0, 7.3, 150, 150, 150
L 118.4, 229.0, 7.3, 116.9, 231.2, 6.5, 150, 150, 150
L 116.9, 231.2, 6.5, 112.4, 232.1, 4.1, 150, 150, 150
L 112.4, 232.1, 4.1, 109.7, 235.3, 3.8, 150, 150, 150
L 109.7, 235.3, 3.8, 109.3, 239.6, 3.5, 150, 150, 150
L 109.3, 239.6, 3.5, 111.7, 243.7, 3.0, 150, 150, 150
L 117.4, 243.5, 3.0, 87.1, 244.6, 3.4, 0, 0, 0
L 87.1, 244.6, 3.4, 73.5, 236.6, 3.3, 0, 0, 0
L 73.5, 236.6, 3.3, 57.2, 244.4, 3.1, 0, 0, 0
L 57.2, 244.4, 3.1, 58.2, 262.6, 5.1, 0, 0, 0
L 58.2, 262.6, 5.1, 48.1, 277.9, 15.1, 0, 0, 0
L 48.1, 277.9, 15.1, 30.7, 283.4, 4.6, 0, 0, 0
L 30.7, 283.4, 4.6, 26.7, 290.2, 3.3, 0, 0, 0
L 26.7, 290.2, 3.3, 24.7, 288.9, 1.3, 150, 150, 150
L 24.7, 288.9, 1.3, 21.2, 289.1, 0.3, 150, 150, 150
L 21.2, 289.1, 0.3, 18.6, 291.9, 0.6, 150, 150, 150
L 18.6, 291.9, 0.6, 17.2, 295.2, -0.3, 150, 150, 150
L 17.2, 295.2, -0.3, 18.2, 303.2, 1.2, 150, 150, 150
L 18.2, 303.2, 1.2, 20.5, 306.5, 1.5, 150, 150, 150
L 20.5, 306.5, 1.5, 22.3, 307.3, 1.3, 150, 150, 150
L 22.3, 307.3, 1.3, 24.2, 307.8, 0.9, 150, 150, 150
L 24.2, 307.8, 0.9, 26.9, 306.3, 0.9, 150, 150, 150
L 19.0, 328.8, 1.4, 17.8, 327.8, 1.3, 150, 150, 150
L 17.8, 327.8, 1.3, 15.3, 327.3, 1.4, 150, 150, 150
L 15.3, 327.3, 1.4, 9.9, 328.2, 2.9, 150, 150, 150
L 9.9, 328.2, 2.9, 8.2, 328.9, 2.5, 150, 150, 150
L 8.2, 328.9, 2.5, 7.0, 330.5, 2.1, 150, 150, 150
L 7.0, 330.5, 2.1, 6.9, 331.8, 2.0, 150, 150, 150
L -364.8, -64.1, 0.7, -359.0, -64.1, 0.7, 0, 0, 0
L -359.0, -64.1, 0.8, -359.0, -74.6, 0.8, 0, 0, 0
L -359.0, -74.6, 0.8, -348.6, -74.6, 0.8, 0, 0, 0
L -348.6, -74.6, 0.8, -348.6, -80.3, 0.8, 0, 0, 0
L -348.6, -80.3, 0.8, -359.0, -80.3, 0.8, 0, 0, 0
L -359.0, -80.3, 0.8, -359.0, -90.7, 0.8, 0, 0, 0
L -359.0, -90.7, 0.8, -364.8, -90.7, 0.8, 0, 0, 0
L -364.8, -90.7, 0.8, -364.8, -80.3, 0.8, 0, 0, 0
L -364.8, -80.3, 0.8, -375.2, -80.3, 0.8, 0, 0, 0
L -375.2, -80.3, 0.8, -375.2, -74.6, 0.8, 0, 0, 0
L -375.2, -74.6, 0.8, -364.8, -74.6, 0.8, 0, 0, 0
L -364.8, -74.6, 0.8, -364.8, -64.1, 0.8, 0, 0, 0
L -359.0, 59.8, 0.8, -364.8, 59.8, 0.8, 0, 0, 0
L -364.8, 59.8, 0.8, -364.8, 70.3, 0.8, 0, 0, 0
L -364.8, 70.3, 0.8, -375.3, 70.3, 0.8, 0, 0, 0
L -375.3, 70.3, 0.8, -375.1, 75.9, 0.8, 0, 0, 0
L -375.1, 75.9, 0.8, -364.7, 75.9, 0.8, 0, 0, 0
L -364.7, 75.9, 0.8, -364.7, 86.4, 0.8, 0, 0, 0
L -364.7, 86.4, 0.8, -359.0, 86.4, 0.8, 0, 0, 0
L -359.0, 86.4, 0.8, -359.0, 75.9, 0.8, 0, 0, 0
L -359.0, 75.9, 0.8, -348.6, 75.9, 0.8, 0, 0, 0
L -348.6, 75.9, 0.8, -348.6, 70.3, 0.8, 0, 0, 0
L -348.6, 70.3, 0.8, -359.0, 70.3, 0.8, 0, 0, 0
L -359.0, 70.3, 0.8, -359.0, 59.8, 0.8, 0, 0, 0
L -218.3, -23.7, -0.2, -218.3, -18.7, -0.2, 0, 0, 0
L -220.2, -18.7, -0.2, -222.2, -14.5, -0.2, 0, 0, 0
L -222.2, -14.5, -0.2, -220.2, -10.3, -0.2, 0, 0, 0
L -220.2, -10.3, -0.2, -209.9, -10.3, -0.2, 0, 0, 0
L -211.9, -18.7, -0.2, -211.8, -24.4, -0.2, 0, 0, 0
L -211.8, -24.4, -0.2, -167.4, -24.4, -0.2, 0, 0, 0
L -167.4, -24.4, -0.2, -167.4, -18.7, -0.2, 0, 0, 0
L -159.0, -18.6, -0.2, -159.5, -18.6, -0.2, 0, 0, 0
L -169.4, -18.7, -0.2, -171.4, -14.5, -0.2, 0, 0, 0
L -171.4, -14.5, -0.2, -169.4, -10.3, -0.2, 0, 0, 0
L -169.4, 6.0, -0.2, -164.2, 6.0, -0.2, 0, 0, 0
L -159.0, -10.3, -0.2, -157.0, -14.5, -0.2, 0, 0, 0
L -157.0, -14.5, -0.2, -159.0, -18.6, -0.2, 0, 0, 0
L -159.5, -29.0, -0.2, -148.7, -40.0, -0.2, 0, 0, 0
L -148.7, -40.0, -0.2, -86.3, -86.6, -0.2, 0, 0, 0
L -86.3, -86.6, -0.2, -59.2, -124.1, -0.2, 0, 0, 0
L -59.2, -124.1, -0.2, -40.1, -148.5, -0.2, 0, 0, 0
L -40.1, -148.5, -0.2, -29.0, -159.6, -0.2, 0, 0, 0
L -29.0, -159.6, -0.2, 25.0, -159.6, -0.2, 0, 0, 0
L 25.0, -159.6, -0.2, 35.9, -148.7, -0.2, 0, 0, 0
L 35.9, -148.7, -0.2, 82.3, -86.6, -0.2, 0, 0, 0
L 82.3, -86.6, -0.2, 144.5, -40.1, -0.2, 0, 0, 0
L 144.5, -40.1, -0.2, 155.4, -29.2, -0.2, 0, 0, 0
L 155.0, -18.7, -0.2, 153.0, -14.5, -0.2, 0, 0, 0
L 155.0, -10.3, -0.2, 153.0, -14.5, -0.2, 0, 0, 0
L 155.5, -18.7, -0.2, 155.0, -18.7, -0.2, 0, 0, 0
L 155.5, -18.7, -0.2, 155.5, -29.0, -0.2, 0, 0, 0
L 155.0, 6.0, -0.2, 153.0, 10.2, -0.2, 0, 0, 0
L 153.0, 10.2, -0.2, 155.0, 14.3, -0.2, 0, 0, 0
L 155.0, 14.3, -0.2, 155.5, 14.3, -0.2, 0, 0, 0
L 155.5, 14.3, -0.2, 155.5, 24.8, -0.2, 0, 0, 0
L 155.5, 24.8, -0.2, 144.5, 35.8, -0.2, 0, 0, 0
L 144.5, 35.8, -0.2, 82.0, 82.7, -0.2, 0, 0, 0
L 82.0, 82.7, -0.2, 35.9, 144.4, -0.2, 0, 0, 0
L 35.9, 144.4, -0.2, 24.9, 155.4, 0.8, 0, 0, 0
L -29.0, 155.3, 0.8, -40.0, 144.4, -0.2, 0, 0, 0
L -40.0, 144.4, -0.2, -86.6, 82.0, -0.2, 0, 0, 0
L -86.6, 82.0, -0.2, -148.5, 35.8, -0.2, 0, 0, 0
L -148.5, 35.8, -0.2, -159.5, 24.7, -0.2, 0, 0, 0
L -159.5, 24.7, -0.2, -159.5, 14.3, -0.2, 0, 0, 0
L -159.0, 14.3, -0.2, -157.0, 10.2, -0.2, 0, 0, 0
L -157.0, 10.2, -0.2, -159.0, 6.0, -0.2, 0, 0, 0
L -169.4, 6.0, -0.2, -171.4, 10.2, -0.2, 0, 0, 0
L -171.4, 10.2, -0.2, -169.4, 14.3, -0.2, 0, 0, 0
L -167.4, 14.3, -0.2, -167.5, 20.1, -0.2, 0, 0, 0
L -167.5, 20.1, -0.2, -211.9, 20.1, -0.2, 0, 0, 0
L -211.9, 20.1, -0.2, -211.9, 14.3, -0.2, 0, 0, 0
L -209.9, 14.3, -0.2, -207.9, 10.2, -0.2, 0, 0, 0
L -220.2, 6.0, -0.2, -222.2, 10.1, -0.2, 0, 0, 0
L -222.2, 10.1, -0.2, -220.2, 14.3, -0.2, 0, 0, 0
L -218.3, 14.3, -0.2, -218.3, 20.1, -0.2, 0, 0, 0
L -218.3, 20.1, -0.2, -262.8, 20.1, -0.2, 0, 0, 0
L -209.9, -10.3, -0.2, -207.9, -14.5, -0.2, 0, 0, 0
L -207.9, -14.5, -0.2, -209.9, -18.7, -0.2, 0, 0, 0
L 165.3, -10.3, -0.2, 167.3, -14.5, -0.2, 0, 0, 0
L 167.3, -14.5, -0.2, 165.3, -18.6, -0.2, 0, 0, 0
L 163.3, -18.7, -0.2, 163.3, -24.4, -0.2, 0, 0, 0
L 163.3, -24.4, -0.2, 207.7, -24.4, -0.2, 0, 0, 0
L 207.7, -24.4, -0.2, 207.7, -18.7, -0.2, 0, 0, 0
L 205.8, -18.7, -0.2, 203.8, -14.5, -0.2, 0, 0, 0
L 216.1, 6.0, -0.2, 205.8, 6.0, -0.2, 0, 0, 0
L 205.8, 6.0, -0.2, 203.8, 10.2, -0.2, 0, 0, 0
L 203.8, 10.2, -0.2, 205.8, 14.3, -0.2, 0, 0, 0
L 205.8, 14.3, -0.2, 207.7, 14.3, -0.2, 0, 0, 0
L 207.7, 14.3, -0.2, 207.7, 20.1, -0.2, 0, 0, 0
L 207.7, 20.1, -0.2, 163.3, 20.1, -0.2, 0, 0, 0
L 163.3, 20.1, -0.2, 163.3, 14.3, -0.2, 0, 0, 0
L 165.3, 14.3, -0.2, 167.3, 10.2, -0.2, 0, 0, 0
L 167.3, 10.2, -0.2, 165.3, 6.0, -0.2, 0, 0, 0
L 216.1, -10.3, -0.2, 218.1, -14.5, -0.2, 0, 0, 0
L 218.1, -14.5, -0.2, 216.2, -18.6, -0.2, 0, 0, 0
L 214.1, -18.7, -0.2, 214.1, -24.4, -0.2, 0, 0, 0
L 214.1, -24.4, -0.2, 258.5, -24.3, -0.2, 0, 0, 0
L 258.5, -24.3, -0.2, 258.5, -18.7, -0.2, 0, 0, 0
L 256.6, -18.7, -0.2, 254.6, -14.5, -0.2, 0, 0, 0
L 254.6, -14.5, -0.2, 256.6, -10.3, -0.2, 0, 0, 0
L 266.9, -10.3, -0.2, 267.4, -11.3, -0.2, 0, 0, 0
L 268.9, -14.5, -0.2, 266.9, -18.6, -0.2, 0, 0, 0
L 256.6, 6.0, -0.2, 254.6, 10.2, -0.2, 0, 0, 0
L 254.6, 10.2, -0.2, 256.6, 14.3, -0.2, 0, 0, 0
L 256.6, 14.3, -0.2, 258.5, 14.3, -0.2, 0, 0, 0
L 258.5, 14.3, -0.2, 258.5, 20.1, -0.2, 0, 0, 0
L 258.5, 20.1, -0.2, 214.1, 20.1, -0.2, 0, 0, 0
L 214.1, 20.1, -0.2, 214.1, 14.3, -0.2, 0, 0, 0
L 216.2, 14.3, -0.2, 218.1, 10.2, -0.2, 0, 0, 0
L 218.1, 10.2, -0.2, 216.1, 6.0, -0.2, 0, 0, 0
L 267.4, -11.3, -0.2, 268.9, -14.5, -0.2, 0, 0, 0
L 267.4, -11.3, -0.2, 268.2, -13.0, -0.2, 0, 0, 0
L 264.9, -18.7, -0.2, 264.9, -36.5, -0.2, 0, 0, 0
L 264.9, -36.5, -0.2, 298.3, -60.3, -0.2, 0, 0, 0
L 298.3, -60.3, -0.2, 291.5, -100.6, -0.2, 0, 0, 0
L 291.5, -100.6, -0.2, 306.5, -115.7, -0.2, 0, 0, 0
L 306.5, -115.7, -0.2, 309.8, -112.4, -0.2, 0, 0, 0
L 309.8, -112.4, -0.2, 314.0, -112.1, -0.2, 0, 0, 0
L 314.0, -112.1, -0.2, 324.3, -107.1, -0.2, 0, 0, 0
L 324.3, -107.1, -0.2, 333.3, -107.5, -0.2, 0, 0, 0
L 333.3, -107.5, -0.2, 334.0, -117.1, -0.2, 0, 0, 0
L 334.0, -117.1, -0.2, 328.6, -126.8, -0.2, 0, 0, 0
L 328.6, -126.8, -0.2, 328.3, -131.1, -0.2, 0, 0, 0
L 328.3, -131.1, -0.2, 325.0, -134.2, -0.2, 0, 0, 0
L 325.0, -134.2, -0.2, 340.1, -149.2, -0.2, 0, 0, 0
L 340.1, -149.2, -0.2, 380.3, -142.5, -0.2, 0, 0, 0
L 380.3, -142.5, -0.2, 404.8, -176.6, -0.2, 0, 0, 0
L 404.8, -176.6, -0.2, 406.4, -199.8, -0.2, 0, 0, 0
L 406.4, -199.8, -0.2, 470.7, -199.8, -0.2, 0, 0, 0
L 470.7, -199.8, -0.2, 472.2, -176.8, -0.2, 0, 0, 0
L 472.2, -176.8, -0.2, 496.8, -142.6, -0.2, 0, 0, 0
L 496.8, -142.6, -0.2, 537.0, -149.2, -0.2, 0, 0, 0
L 537.0, -149.2, -0.2, 552.0, -134.2, -0.2, 0, 0, 0
L 552.0, -134.2, -0.2, 548.7, -130.7, -0.2, 0, 0, 0
L 548.7, -130.7, -0.2, 548.5, -126.8, -0.2, 0, 0, 0
L 548.5, -126.8, -0.2, 543.1, -116.8, -0.2, 0, 0, 0
L 543.1, -116.8, -0.2, 543.8, -107.4, -0.2, 0, 0, 0
L 543.8, -107.4, -0.2, 553.1, -106.8, -0.2, 0, 0, 0
L 553.1, -106.8, -0.2, 563.1, -112.1, -0.2, 0, 0, 0
L 563.1, -112.1, -0.2, 567.4, -112.4, -0.2, 0, 0, 0
L 567.4, -112.4, -0.2, 570.5, -115.7, -0.2, 0, 0, 0
L 570.5, -115.7, -0.2, 585.6, -100.7, -0.2, 0, 0, 0
L 585.6, -100.7, -0.2, 578.9, -60.3, -0.2, 0, 0, 0
L 578.9, -60.3, -0.2, 613.2, -35.8, -0.2, 0, 0, 0
L 613.2, -35.8, -0.2, 636.0, -34.4, -0.2, 0, 0, 0
L 636.0, -34.4, -0.2, 636.1, 29.9, -0.2, 0, 0, 0
L 636.1, 29.9, -0.2, 613.1, 31.4, -0.2, 0, 0, 0
L 613.1, 31.4, -0.2, 578.9, 55.8, -0.2, 0, 0, 0
L 578.9, 55.8, -0.2, 585.6, 96.3, -0.2, 0, 0, 0
L 585.6, 96.3, -0.2, 570.5, 111.3, -0.2, 0, 0, 0
L 570.5, 111.3, -0.2, 567.3, 108.0, -0.2, 0, 0, 0
L 567.3, 108.0, -0.2, 563.0, 107.7, -0.2, 0, 0, 0
L 563.0, 107.7, -0.2, 553.2, 102.4, -0.2, 0, 0, 0
L 553.2, 102.4, -0.2, 543.7, 103.0, -0.2, 0, 0, 0
L 543.7, 103.0, -0.2, 543.1, 112.6, -0.2, 0, 0, 0
L 543.1, 112.6, -0.2, 548.4, 122.3, -0.2, 0, 0, 0
L 548.4, 122.3, -0.2, 548.8, 126.6, -0.2, 0, 0, 0
L 548.8, 126.6, -0.2, 552.0, 129.8, -0.2, 0, 0, 0
L 552.0, 129.8, -0.2, 537.0, 144.8, -0.2, 0, 0, 0
L 537.0, 144.8, -0.2, 496.9, 138.1, -0.2, 0, 0, 0
L 496.9, 138.1, -0.2, 471.7, 173.0, -0.2, 0, 0, 0
L 471.7, 173.0, -0.2, 470.7, 195.3, -0.2, 0, 0, 0
L 470.7, 195.3, -0.2, 406.4, 195.3, -0.2, 0, 0, 0
L 406.4, 195.3, -0.2, 405.5, 173.0, -0.2, 0, 0, 0
L 405.5, 173.0, -0.2, 380.3, 137.9, -0.2, 0, 0, 0
L 380.3, 137.9, -0.2, 340.1, 144.8, -0.2, 0, 0, 0
L 340.1, 144.8, -0.2, 325.0, 129.8, -0.2, 0, 0, 0
L 325.0, 129.8, -0.2, 328.3, 126.3, -0.2, 0, 0, 0
L 328.3, 126.3, -0.2, 328.6, 122.3, -0.2, 0, 0, 0
L 328.6, 122.3, -0.2, 334.1, 112.2, -0.2, 0, 0, 0
L 334.1, 112.2, -0.2, 333.2, 102.9, -0.2, 0, 0, 0
L 333.2, 102.9, -0.2, 323.9, 102.4, -0.2, 0, 0, 0
L 323.9, 102.4, -0.2, 314.0, 107.7, -0.2, 0, 0, 0
L 314.0, 107.7, -0.2, 309.7, 108.0, -0.2, 0, 0, 0
L 309.7, 108.0, -0.2, 306.5, 111.3, -0.2, 0, 0, 0
L 306.5, 111.3, -0.2, 291.5, 96.2, -0.2, 0, 0, 0
L 291.5, 96.2, -0.2, 298.2, 55.9, -0.2, 0, 0, 0
L 298.2, 55.9, -0.2, 265.0, 32.0, -0.2, 0, 0, 0
L 265.0, 32.0, -0.2, 264.9, 14.3, -0.2, 0, 0, 0
L 267.0, 14.3, -0.2, 268.8, 10.3, -0.2, 0, 0, 0
L 268.8, 10.3, -0.2, 267.0, 6.0, -0.2, 0, 0, 0
L 385.9, -7.5, 1.8, 385.9, 3.1, 1.8, 150, 150, 150
L 385.9, 3.1, 1.8, 400.5, 13.5, 1.8, 150, 150, 150
L 397.6, 31.2, 1.8, 400.5, 13.6, 1.8, 150, 150, 150
L 397.6, 31.2, 1.8, 405.1, 38.7, 1.8, 150, 150, 150
L 405.1, 38.7, 1.8, 422.9, 35.8, 1.8, 150, 150, 150
L 422.9, 35.8, 1.8, 433.2, 50.4, 1.8, 150, 150, 150
L 433.2, 50.4, 1.8, 443.9, 50.4, 1.8, 150, 150, 150
L 443.9, 50.4, 1.8, 454.3, 35.8, 1.8, 150, 150, 150
L 454.3, 35.8, 1.8, 472.0, 38.7, 1.8, 150, 150, 150
L 472.0, 38.7, 1.8, 479.5, 31.2, 1.8, 150, 150, 150
L 479.5, 31.2, 1.8, 476.6, 13.4, 1.8, 150, 150, 150
L 476.6, 13.4, 1.8, 491.1, 3.1, 1.8, 150, 150, 150
L 491.1, 3.1, 1.8, 491.1, -7.5, 1.8, 150, 150, 150
L 491.1, -7.5, 1.8, 476.6, -18.3, 1.8, 150, 150, 150
L 476.6, -18.3, 1.8, 479.5, -35.6, 1.8, 150, 150, 150
L 479.5, -35.6, 1.8, 472.0, -43.2, 1.8, 150, 150, 150
L 472.0, -43.2, 1.8, 454.3, -40.2, 1.8, 150, 150, 150
L 454.3, -40.2, 1.8, 443.9, -54.8, 1.8, 150, 150, 150
L 443.9, -54.8, 1.8, 433.2, -54.8, 1.8, 150, 150, 150
L 433.2, -54.8, 1.8, 422.8, -40.2, 1.8, 150, 150, 150
L 422.8, -40.2, 1.8, 405.1, -43.2, 1.8, 150, 150, 150
L 405.1, -43.2, 1.8, 397.6, -35.6, 1.8, 150, 150, 150
L 397.6, -35.6, 1.8, 400.5, -18.0, 1.8, 150, 150, 150
L 400.5, -18.0, 1.8, 385.9, -7.5, 1.8, 150, 150, 150
L 413.4, -12.4, 3.8, 397.5, -2.2, 3.8, 150, 150, 150
L 397.5, -2.2, 3.8, 413.6, 8.1, 3.8, 150, 150, 150
L 413.6, 8.1, 3.8, 409.5, 26.8, 3.8, 150, 150, 150
L 409.5, 26.8, 3.8, 428.2, 22.7, 3.8, 150, 150, 150
L 428.2, 22.7, 3.8, 438.5, 38.8, 3.8, 150, 150, 150
L 438.5, 38.8, 3.8, 448.8, 22.7, 3.8, 150, 150, 150
L 448.8, 22.7, 3.8, 467.5, 26.8, 3.8, 150, 150, 150
L 467.5, 26.8, 3.8, 463.5, 8.2, 3.8, 150, 150, 150
L 463.5, 8.2, 3.8, 479.5, -2.2, 3.8, 150, 150, 150
L 479.5, -2.2, 3.8, 463.5, -12.6, 3.8, 150, 150, 150
L 463.5, -12.6, 3.8, 467.6, -31.2, 3.8, 150, 150, 150
L 467.6, -31.2, 3.8, 448.9, -27.2, 3.8, 150, 150, 150
L 448.9, -27.2, 3.8, 438.5, -43.2, 3.8, 150, 150, 150
L 438.5, -43.2, 3.8, 428.1, -27.2, 3.8, 150, 150, 150
L 428.1, -27.2, 3.8, 409.5, -31.2, 3.8, 150, 150, 150
L 409.5, -31.2, 3.8, 413.6, -12.5, 3.8, 150, 150, 150
L 449.0, 170.1, 0.8, 428.1, 170.1, 0.8, 0, 0, 0
L 428.1, 170.1, 0.8, 428.1, 181.5, 0.8, 0, 0, 0
L 428.1, 181.5, 0.8, 449.0, 181.5, 0.8, 0, 0, 0
L 449.0, 181.5, 0.8, 449.0, 170.1, 0.8, 0, 0, 0
L 434.2, -9.7, 6.0, 442.9, -9.7, 6.0, 0, 0, 0
L 442.9, -9.7, 5.9, 442.9, 5.3, 5.9, 0, 0, 0
L 442.9, 5.3, 6.0, 434.2, 5.3, 6.0, 0, 0, 0
L 434.2, 5.3, 5.9, 434.2, -9.7, 5.9, 0, 0, 0
L 414.5, -22.1, 5.4, 414.4, -18.1, 5.4, 0, 0, 0
L 414.4, -18.1, 5.4, 416.9, -15.7, 5.4, 0, 0, 0
L 416.9, -15.7, 5.4, 420.7, -15.8, 5.4, 0, 0, 0
L 420.7, -15.8, 5.4, 423.2, -17.4, 5.4, 0, 0, 0
L 423.2, -17.4, 5.4, 424.9, -19.9, 5.4, 0, 0, 0
L 424.9, -19.9, 5.4, 425.4, -23.7, 5.4, 0, 0, 0
L 425.4, -23.7, 5.4, 422.2, -26.7, 5.4, 0, 0, 0
L 422.2, -26.7, 5.4, 418.8, -26.3, 5.4, 0, 0, 0
L 418.8, -26.3, 5.4, 415.9, -24.3, 5.4, 0, 0, 0
L 415.9, -24.3, 5.4, 414.5, -22.1, 5.4, 0, 0, 0
L 451.7, -23.6, 5.4, 452.1, -20.2, 5.4, 0, 0, 0
L 452.1, -20.2, 5.4, 453.8, -17.4, 5.4, 0, 0, 0
L 453.8, -17.4, 5.4, 456.4, -15.8, 5.4, 0, 0, 0
L 456.4, -15.8, 5.4, 459.6, -15.4, 5.4, 0, 0, 0
L 459.6, -15.4, 5.4, 462.8, -18.3, 5.4, 0, 0, 0
L 462.8, -18.3, 5.4, 462.4, -22.6, 5.4, 0, 0, 0
L 462.4, -22.6, 5.4, 461.0, -24.5, 5.4, 0, 0, 0
L 461.0, -24.5, 5.4, 458.8, -26.1, 5.4, 0, 0, 0
L 458.8, -26.1, 5.4, 454.8, -26.7, 5.4, 0, 0, 0
L 454.8, -26.7, 5.4, 451.7, -23.6, 5.4, 0, 0, 0
L 456.3, 11.4, 5.4, 453.7, 13.1, 5.4, 0, 0, 0
L 453.7, 13.1, 5.4, 452.1, 15.7, 5.4, 0, 0, 0
L 452.1, 15.7, 5.4, 451.7, 19.0, 5.4, 0, 0, 0
L 451.7, 19.0, 5.4, 455.0, 22.3, 5.4, 0, 0, 0
L 455.0, 22.3, 5.4, 458.7, 21.7, 5.4, 0, 0, 0
L 458.7, 21.7, 5.4, 460.7, 20.4, 5.4, 0, 0, 0
L 460.7, 20.4, 5.4, 462.6, 17.5, 5.4, 0, 0, 0
L 462.6, 17.5, 5.4, 463.0, 14.2, 5.4, 0, 0, 0
L 463.0, 14.2, 5.4, 459.6, 10.9, 5.4, 0, 0, 0
L 459.6, 10.9, 5.4, 456.3, 11.4, 5.4, 0, 0, 0
L 425.4, 19.1, 5.4, 424.9, 15.4, 5.4, 0, 0, 0
L 424.9, 15.4, 5.4, 423.3, 13.1, 5.4, 0, 0, 0
L 423.3, 13.1, 5.4, 420.4, 11.3, 5.4, 0, 0, 0
L 420.4, 11.3, 5.4, 417.3, 11.0, 5.4, 0, 0, 0
L 417.3, 11.0, 5.4, 414.1, 14.2, 5.4, 0, 0, 0
L 414.1, 14.2, 5.4, 414.5, 17.6, 5.4, 0, 0, 0
L 414.5, 17.6, 5.4, 416.3, 20.3, 5.4, 0, 0, 0
L 416.3, 20.3, 5.4, 418.7, 21.8, 5.4, 0, 0, 0
L 418.7, 21.8, 5.4, 422.1, 22.3, 5.4, 0, 0, 0
L 422.1, 22.3, 5.4, 425.4, 19.1, 5.4, 0, 0, 0
L 428.1, -172.7, 0.8, 449.0, -172.7, 0.8, 0, 0, 0
L 449.0, -172.7, 0.8, 449.0, -184.2, 0.8, 0, 0, 0
L 449.0, -184.2, 0.8, 428.1, -184.2, 0.8, 0, 0, 0
L 428.1, -184.2, 0.8, 428.1, -172.7, 0.8, 0, 0, 0
L 608.5, -12.3, 0.8, 608.5, 8.6, 0.8, 0, 0, 0
L 608.5, 8.6, 0.8, 620.0, 8.6, 0.8, 0, 0, 0
L 620.0, 8.6, 0.8, 620.0, -12.3, 0.8, 0, 0, 0
L 620.0, -12.3, 0.8, 608.5, -12.3, 0.8, 0, 0, 0
L 31.5, 36.6, -1.7, 35.0, 34.9, -1.7, 0, 0, 0
L 35.0, 34.9, -1.7, 36.1, 31.3, -1.7, 0, 0, 0
L 36.1, 31.3, -1.7, 36.5, 25.7, -1.7, 0, 0, 0
L 36.5, 25.7, -1.7, 32.9, 21.4, -1.7, 0, 0, 0
L 32.9, 21.4, -1.7, 28.8, 22.5, -1.7, 0, 0, 0
L 28.8, 22.5, -1.7, 21.8, 15.2, -4.7, 0, 0, 0
L 21.8, 15.2, -4.7, 18.1, 14.5, -5.7, 0, 0, 0
L 18.1, 14.5, -5.7, 12.8, 12.8, -5.7, 0, 0, 0
L 12.8, 12.8, -5.7, 14.5, 18.1, -5.7, 0, 0, 0
L 14.5, 18.1, -5.7, 14.9, 21.5, -4.7, 0, 0, 0
L 14.9, 21.5, -4.7, 22.4, 28.7, -1.7, 0, 0, 0
L 22.4, 28.7, -1.7, 21.2, 32.7, -1.7, 0, 0, 0
L 21.2, 32.7, -1.7, 25.0, 36.4, -1.7, 0, 0, 0
L 25.0, 36.4, -1.7, 27.0, 36.0, -1.7, 0, 0, 0
L 27.0, 36.0, -1.7, 31.5, 36.6, -1.7, 0, 0, 0
L -26.5, 28.7, -1.7, -18.9, 21.4, -4.8, 0, 0, 0
L -18.9, 21.4, -4.8, -18.5, 18.3, -5.7, 0, 0, 0
L -18.5, 18.3, -5.7, -16.9, 13.5, -5.7, 0, 0, 0
L -16.9, 13.5, -5.7, -22.2, 14.5, -5.7, 0, 0, 0
L -22.2, 14.5, -5.7, -25.8, 15.1, -4.7, 0, 0, 0
L -25.8, 15.1, -4.7, -32.7, 22.5, -1.7, 0, 0, 0
L -32.7, 22.5, -1.7, -37.3, 21.3, -1.7, 0, 0, 0
L -37.3, 21.3, -1.7, -40.5, 25.1, -1.7, 0, 0, 0
L -40.5, 25.1, -1.7, -40.0, 27.0, -1.7, 0, 0, 0
L -40.0, 27.0, -1.7, -40.7, 31.1, -1.7, 0, 0, 0
L -40.7, 31.1, -1.7, -38.7, 35.0, -1.7, 0, 0, 0
L -38.7, 35.0, -1.7, -34.5, 36.9, -1.7, 0, 0, 0
L -34.5, 36.9, -1.7, -31.2, 36.0, -1.7, 0, 0, 0
L -31.2, 36.0, -1.7, -28.5, 36.3, -1.7, 0, 0, 0
L -28.5, 36.3, -1.7, -25.6, 33.1, -1.7, 0, 0, 0
L -25.6, 33.1, -1.7, -26.5, 28.8, -1.7, 0, 0, 0
L -32.6, -26.4, -1.7, -25.9, -19.2, -4.7, 0, 0, 0
L -25.9, -19.2, -4.7, -22.4, -18.5, -5.7, 0, 0, 0
L -22.4, -18.5, -5.7, -17.3, -16.8, -5.7, 0, 0, 0
L -17.3, -16.8, -5.7, -18.5, -22.1, -5.7, 0, 0, 0
L -18.5, -22.1, -5.7, -19.0, -25.7, -4.7, 0, 0, 0
L -19.0, -25.7, -4.7, -26.5, -32.7, -1.7, 0, 0, 0
L -26.5, -32.7, -1.7, -25.3, -36.9, -1.7, 0, 0, 0
L -25.3, -36.9, -1.7, -29.0, -40.4, -1.7, 0, 0, 0
L -29.0, -40.4, -1.7, -31.4, -40.0, -1.7, 0, 0, 0
L -31.4, -40.0, -1.7, -35.0, -40.7, -1.7, 0, 0, 0
L -35.0, -40.7, -1.7, -38.7, -38.7, -1.7, 0, 0, 0
L -38.7, -38.7, -1.7, -40.5, -34.4, -1.7, 0, 0, 0
L -40.5, -34.4, -1.7, -40.0, -31.1, -1.7, 0, 0, 0
L -40.0, -31.1, -1.7, -40.3, -28.3, -1.7, 0, 0, 0
L -40.3, -28.3, -1.7, -36.7, -25.3, -1.7, 0, 0, 0
L -36.7, -25.3, -1.7, -32.7, -26.5, -1.7, 0, 0, 0
L 22.4, -32.6, -1.7, 14.9, -25.4, -4.8, 0, 0, 0
L 14.9, -25.4, -4.8, 14.4, -21.9, -5.7, 0, 0, 0
L 14.4, -21.9, -5.7, 12.5, -16.7, -5.7, 0, 0, 0
L 12.5, -16.7, -5.7, 18.3, -18.5, -5.7, 0, 0, 0
L 18.3, -18.5, -5.7, 21.9, -19.2, -4.7, 0, 0, 0
L 21.9, -19.2, -4.7, 28.8, -26.4, -1.7, 0, 0, 0
L 28.8, -26.4, -1.7, 33.2, -25.5, -1.7, 0, 0, 0
L 33.2, -25.5, -1.7, 36.1, -28.6, -1.7, 0, 0, 0
L 36.1, -28.6, -1.7, 36.0, -31.0, -1.7, 0, 0, 0
L 36.0, -31.0, -1.7, 36.6, -34.7, -1.7, 0, 0, 0
L 36.6, -34.7, -1.7, 34.5, -39.1, -1.7, 0, 0, 0
L 34.5, -39.1, -1.7, 30.3, -40.5, -1.7, 0, 0, 0
L 30.3, -40.5, -1.7, 27.0, -39.9, -1.7, 0, 0, 0
L 27.0, -39.9, -1.7, 24.9, -40.3, -1.7, 0, 0, 0
L 24.9, -40.3, -1.7, 21.3, -36.7, -1.7, 0, 0, 0
L 21.3, -36.7, -1.7, 22.4, -32.6, -1.7, 0, 0, 0
L 22.1, -32.2, -1.7, 17.5, -32.6, -1.7, 150, 150, 150
L 17.5, -32.6, -1.7, -2.2, -38.7, -1.7, 150, 150, 150
L -2.2, -38.7, -1.7, -21.9, -32.7, -1.7, 150, 150, 150
L -21.9, -32.7, -1.7, -26.4, -32.5, -1.7, 150, 150, 150
L -23.8, -29.8, -2.7, -20.3, -30.2, -2.7, 150, 150, 150
L -20.3, -30.2, -2.7, -1.9, -36.0, -2.7, 150, 150, 150
L -1.9, -36.0, -2.7, 16.2, -30.1, -2.7, 150, 150, 150
L 16.2, -30.1, -2.7, 19.7, -29.7, -2.7, 150, 150, 150
L 17.2, -27.9, -3.7, 14.9, -27.9, -3.7, 150, 150, 150
L 14.9, -27.9, -3.7, -1.9, -33.4, -3.7, 150, 150, 150
L -1.9, -33.4, -3.7, -18.9, -28.2, -3.7, 150, 150, 150
L -18.9, -28.2, -3.7, -21.5, -28.1, -3.7, 150, 150, 150
L -19.2, -25.9, -4.7, -17.2, -26.2, -4.7, 150, 150, 150
L -17.2, -26.2, -4.7, -1.8, -30.9, -4.7, 150, 150, 150
L -1.8, -30.9, -4.7, 13.2, -25.9, -4.7, 150, 150, 150
L 13.2, -25.9, -4.7, 15.1, -25.8, -4.7, 150, 150, 150
L 21.9, -19.2, -4.7, 22.0, -16.8, -4.7, 150, 150, 150
L 22.0, -16.8, -4.7, 26.5, -1.8, -4.7, 150, 150, 150
L 26.5, -1.8, -4.7, 21.9, 13.0, -4.7, 150, 150, 150
L 21.9, 13.0, -4.7, 21.8, 15.1, -4.7, 150, 150, 150
L 24.1, 17.4, -3.7, 24.4, 14.8, -3.7, 150, 150, 150
L 24.4, 14.8, -3.7, 29.2, -2.0, -3.7, 150, 150, 150
L 29.2, -2.0, -3.7, 23.9, -19.1, -3.7, 150, 150, 150
L 23.9, -19.1, -3.7, 24.0, -21.3, -3.7, 150, 150, 150
L 26.0, -23.6, -2.7, 26.3, -20.0, -2.7, 150, 150, 150
L 26.3, -20.0, -2.7, 31.9, -2.1, -2.7, 150, 150, 150
L 31.9, -2.1, -2.7, 26.6, 16.2, -2.7, 150, 150, 150
L 26.6, 16.2, -2.7, 26.0, 19.9, -2.7, 150, 150, 150
L 28.2, 22.1, -1.7, 28.5, 18.1, -1.7, 150, 150, 150
L 28.5, 18.1, -1.7, 34.7, -2.0, -1.7, 150, 150, 150
L 34.7, -2.0, -1.7, 28.5, -21.6, -1.7, 150, 150, 150
L 28.5, -21.6, -1.7, 28.0, -26.0, -1.7, 150, 150, 150
L 15.2, 22.0, -4.7, 12.8, 22.1, -4.7, 150, 150, 150
L 12.8, 22.1, -4.7, -2.0, 26.4, -4.9, 150, 150, 150
L -2.0, 26.4, -4.9, -17.4, 22.0, -4.7, 150, 150, 150
L -17.4, 22.0, -4.7, -19.0, 21.7, -4.7, 150, 150, 150
L -21.1, 23.8, -3.7, -18.3, 24.3, -3.7, 150, 150, 150
L -18.3, 24.3, -3.7, -2.2, 29.3, -3.7, 150, 150, 150
L -2.2, 29.3, -3.7, 15.0, 24.0, -3.7, 150, 150, 150
L 15.0, 24.0, -3.7, 17.2, 23.9, -3.7, 150, 150, 150
L 19.5, 25.8, -2.7, 15.9, 26.5, -2.7, 150, 150, 150
L 15.9, 26.5, -2.7, -2.3, 32.3, -2.7, 150, 150, 150
L -2.3, 32.3, -2.7, -20.6, 26.3, -2.7, 150, 150, 150
L -20.6, 26.3, -2.7, -23.9, 25.9, -2.7, 150, 150, 150
L -26.1, 28.1, -1.7, -21.6, 28.4, -1.7, 150, 150, 150
L -21.6, 28.4, -1.7, -2.2, 35.0, -1.7, 150, 150, 150
L -2.2, 35.0, -1.7, 17.9, 28.4, -1.7, 150, 150, 150
L 17.9, 28.4, -1.7, 21.8, 27.8, -1.8, 150, 150, 150
L -25.6, 15.0, -4.7, -26.0, 13.1, -4.7, 150, 150, 150
L -26.0, 13.1, -4.7, -31.0, -2.0, -4.7, 150, 150, 150
L -31.0, -2.0, -4.7, -25.9, -17.1, -4.7, 150, 150, 150
L -25.9, -17.1, -4.7, -25.8, -19.1, -4.7, 150, 150, 150
L -27.6, -20.9, -3.7, -28.1, -18.7, -3.7, 150, 150, 150
L -28.1, -18.7, -3.7, -33.3, -2.1, -3.7, 150, 150, 150
L -33.3, -2.1, -3.7, -28.1, 14.3, -3.7, 150, 150, 150
L -28.1, 14.3, -3.7, -28.0, 17.3, -3.7, 150, 150, 150
L -30.1, 19.9, -2.7, -30.6, 15.7, -2.7, 150, 150, 150
L -30.6, 15.7, -2.7, -35.8, -1.6, -2.8, 150, 150, 150
L -35.8, -1.6, -2.8, -30.6, -20.6, -2.7, 150, 150, 150
L -30.6, -20.6, -2.7, -30.1, -24.0, -2.7, 150, 150, 150
L -32.1, -26.0, -1.7, -32.7, -21.2, -1.7, 150, 150, 150
L -32.7, -21.2, -1.7, -38.7, -1.8, -1.7, 150, 150, 150
L -38.7, -1.8, -1.7, -32.4, 17.6, -1.7, 150, 150, 150
L -32.4, 17.6, -1.7, -32.2, 22.2, -1.7, 150, 150, 150
L 256.6, 6.0, -0.2, 261.8, 6.0, -0.2, 0, 0, 0
L 256.6, -10.3, -0.2, 261.8, -10.3, -0.2, 0, 0, 0
L 259.1, 0.6, -0.2, 259.1, -4.9, -0.2, 205, 133, 63
L 261.8, 6.0, -0.2, 267.0, 6.0, -0.2, 0, 0, 0
L 261.8, 6.0, -0.2, 261.8, 0.6, -0.2, 205, 133, 63
L 259.1, 0.6, -0.2, 264.4, 0.6, -0.2, 205, 133, 63
L 259.1, -4.9, -0.2, 261.8, -4.9, -0.2, 205, 133, 63
L 261.8, -4.9, -0.2, 264.4, -4.9, -0.2, 205, 133, 63
L 261.8, -10.3, -0.2, 266.9, -10.3, -0.2, 0, 0, 0
L 261.8, -4.9, -0.2, 261.8, -10.3, -0.2, 205, 133, 63
L 264.4, 0.6, -0.2, 264.4, -4.9, -0.2, 205, 133, 63
L 264.9, 14.3, -0.2, 267.0, 14.3, -0.2, 0, 0, 0
L 264.9, -18.7, -0.2, 266.9, -18.6, -0.2, 0, 0, 0
L 258.5, -18.7, -0.2, 256.6, -18.7, -0.2, 0, 0, 0
L 214.1, 14.3, -0.2, 216.2, 14.3, -0.2, 0, 0, 0
L 216.1, -10.3, -0.2, 205.8, -10.3, -0.2, 0, 0, 0
L 205.8, -10.3, -0.2, 203.8, -14.5, -0.2, 0, 0, 0
L 214.1, -18.7, -0.2, 216.2, -18.6, -0.2, 0, 0, 0
L 207.7, -18.7, -0.2, 205.8, -18.7, -0.2, 0, 0, 0
L 163.3, -18.7, -0.2, 165.3, -18.6, -0.2, 0, 0, 0
L 163.3, 14.3, -0.2, 165.3, 14.3, -0.2, 0, 0, 0
L 165.3, -10.3, -0.2, 160.1, -10.3, -0.2, 0, 0, 0
L 165.3, 6.0, -0.2, 160.1, 6.0, -0.2, 0, 0, 0
L 157.6, 0.6, -0.2, 157.6, -4.9, -0.2, 205, 133, 63
L 160.1, 6.0, -0.2, 155.0, 6.0, -0.2, 0, 0, 0
L 160.1, 6.0, -0.2, 160.1, 0.6, -0.2, 205, 133, 63
L 157.6, 0.6, -0.2, 162.7, 0.6, -0.2, 205, 133, 63
L 157.6, -4.9, -0.2, 160.1, -4.9, -0.2, 205, 133, 63
L 160.1, -4.9, -0.2, 162.7, -4.9, -0.2, 205, 133, 63
L 160.1, -10.3, -0.2, 155.0, -10.3, -0.2, 0, 0, 0
L 160.1, -4.9, -0.2, 160.1, -10.3, -0.2, 205, 133, 63
L 162.7, 0.6, -0.2, 162.7, -4.9, -0.2, 205, 133, 63
L -159.5, -29.0, -0.2, -159.5, -18.6, -0.2, 0, 0, 0
L -167.4, -18.7, -0.2, -169.4, -18.7, -0.2, 0, 0, 0
L -159.0, 14.3, -0.2, -159.5, 14.3, -0.2, 0, 0, 0
L -167.4, 14.3, -0.2, -169.4, 14.3, -0.2, 0, 0, 0
L -159.0, -10.3, -0.2, -164.2, -10.3, -0.2, 0, 0, 0
L -166.8, 0.6, -0.2, -166.8, -4.9, -0.2, 205, 133, 63
L -164.2, 6.0, -0.2, -159.0, 6.0, -0.2, 0, 0, 0
L -164.2, 6.0, -0.2, -164.2, 0.6, -0.2, 205, 133, 63
L -166.8, 0.6, -0.2, -161.6, 0.6, -0.2, 205, 133, 63
L -166.8, -4.9, -0.2, -164.2, -4.9, -0.2, 205, 133, 63
L -164.2, -4.9, -0.2, -161.6, -4.9, -0.2, 205, 133, 63
L -164.2, -10.3, -0.2, -169.4, -10.3, -0.2, 0, 0, 0
L -164.2, -4.9, -0.2, -164.2, -10.3, -0.2, 205, 133, 63
L -161.6, 0.6, -0.2, -161.6, -4.9, -0.2, 205, 133, 63
L -220.2, 6.0, -0.2, -211.5, 6.0, -0.2, 0, 0, 0
L -211.5, 6.0, -0.2, -209.9, 6.0, -0.2, 0, 0, 0
L -207.9, 10.2, -0.2, -209.9, 6.0, -0.2, 0, 0, 0
L -211.9, 14.3, -0.2, -209.9, 14.3, -0.2, 0, 0, 0
L -218.3, 14.3, -0.2, -220.2, 14.3, -0.2, 0, 0, 0
L -211.9, -18.7, -0.2, -209.9, -18.7, -0.2, 0, 0, 0
L -218.3, -18.7, -0.2, -220.2, -18.7, -0.2, 0, 0, 0
L -262.8, -24.4, -0.2, -218.3, -23.7, -0.2, 0, 0, 0
L -280.0, -24.4, 0.8, -269.6, -24.4, -0.2, 0, 0, 0
L -269.6, -24.4, -0.2, -269.6, -18.7, -0.2, 0, 0, 0
L -273.1, 10.2, -0.2, -271.0, 6.0, -0.2, 0, 0, 0
L -271.1, 14.3, -0.2, -269.6, 14.3, -0.2, 0, 0, 0
L -269.6, 14.3, -0.2, -269.6, 20.1, -0.2, 0, 0, 0
L -271.0, -10.3, -0.2, -265.9, -10.3, -0.2, 0, 0, 0
L -273.1, 10.2, -0.2, -271.1, 14.3, -0.2, 0, 0, 0
L -271.1, -18.7, -0.2, -273.2, -14.6, -0.2, 0, 0, 0
L -262.8, -18.7, -0.2, -262.8, -24.4, -0.2, 0, 0, 0
L -258.8, -14.5, -0.2, -260.8, -18.6, -0.2, 0, 0, 0
L -258.8, 10.2, -0.2, -260.8, 6.0, -0.2, 0, 0, 0
L -260.8, 14.3, -0.2, -258.8, 10.2, -0.2, 0, 0, 0
L -262.8, 20.1, -0.2, -262.8, 14.3, -0.2, 0, 0, 0
L -271.0, -10.3, -0.2, -273.2, -14.6, -0.2, 0, 0, 0
L -260.7, -10.3, -0.2, -258.8, -14.5, -0.2, 0, 0, 0
L -280.0, 25.8, 0.8, -269.6, 25.8, 0.8, 0, 0, 0
L -260.8, 6.0, -0.2, -265.9, 6.0, -0.2, 0, 0, 0
L -268.5, 0.6, -0.2, -268.5, -4.9, -0.2, 205, 133, 63
L -265.9, 6.0, -0.2, -271.0, 6.0, -0.2, 0, 0, 0
L -265.9, 6.0, -0.2, -265.9, 0.6, -0.2, 205, 133, 63
L -268.5, 0.6, -0.2, -263.3, 0.6, -0.2, 205, 133, 63
L -268.5, -4.9, -0.2, -265.9, -4.9, -0.2, 205, 133, 63
L -265.9, -4.9, -0.2, -263.3, -4.9, -0.2, 205, 133, 63
L -265.9, -10.3, -0.2, -260.7, -10.3, -0.2, 0, 0, 0
L -265.9, -4.9, -0.2, -265.9, -10.3, -0.2, 205, 133, 63
L -263.3, 0.6, -0.2, -263.3, -4.9, -0.2, 205, 133, 63
L -269.6, -18.7, -0.2, -271.1, -18.7, -0.2, 0, 0, 0
L -262.8, -18.7, -0.2, -260.8, -18.6, -0.2, 0, 0, 0
L -260.8, 14.3, -0.2, -262.8, 14.3, -0.2, 0, 0, 0
L -281.8, 120.6, 1.2, -281.8, 126.2, 2.8, 0, 0, 0
L -269.6, 107.3, 0.8, -264.3, 107.3, 0.5, 0, 0, 0
L -213.9, 131.7, 11.0, -195.4, 128.0, 4.7, 0, 0, 0
L -213.9, 131.7, 11.0, -230.7, 135.1, 11.4, 0, 0, 0
L -228.9, 196.3, 1.7, -233.3, 194.5, 3.1, 0, 0, 0
L -231.9, 187.9, 4.7, -228.4, 171.2, 8.8, 0, 0, 0
L -161.0, 154.5, 0.6, -174.5, 150.5, -3.6, 0, 0, 0
L -155.5, 156.1, 2.3, -161.0, 154.5, 0.6, 0, 0, 0
L -142.3, 145.5, 1.1, -136.1, 140.6, 0.6, 0, 0, 0
L -136.1, 140.6, 0.6, -129.1, 134.9, -0.1, 0, 0, 0
L -122.0, 138.9, 2.5, -129.1, 134.9, -0.1, 0, 0, 0
L -96.7, 174.3, 11.0, -92.3, 171.1, 12.4, 0, 0, 0
L -96.7, 174.3, 11.0, -98.6, 172.4, 11.0, 0, 0, 0
L -98.6, 172.4, 11.0, -108.8, 162.4, 10.8, 0, 0, 0
L -41.7, 165.2, 5.6, -64.0, 163.0, 10.4, 0, 0, 0
L -64.0, 163.0, 10.4, -79.6, 161.5, 13.0, 0, 0, 0
L -36.6, 169.2, 5.0, -41.7, 165.2, 5.6, 0, 0, 0
L -10.2, 163.0, 0.8, 6.1, 163.0, 0.8, 0, 0, 0
L -10.2, 154.9, 0.8, -14.4, 152.8, 0.8, 0, 0, 0
L 6.2, 156.9, 0.8, -10.2, 156.9, 0.8, 0, 0, 0
L 14.5, 163.1, 0.8, 32.7, 165.2, 0.8, 0, 0, 0
L -18.5, 155.4, 0.8, -29.0, 155.3, 0.8, 0, 0, 0
L -18.5, 164.4, 0.8, -18.5, 165.2, 0.8, 0, 0, 0
L -24.8, 165.1, 0.8, -18.5, 164.4, 0.8, 0, 0, 0
L -14.4, 152.8, 0.8, -18.5, 154.9, 0.8, 0, 0, 0
L 6.1, 165.2, 0.8, 10.3, 167.2, 0.8, 0, 0, 0
L -14.4, 167.2, 0.8, -10.2, 165.2, 0.8, 0, 0, 0
L -18.5, 165.2, 0.8, -14.4, 167.2, 0.8, 0, 0, 0
L 14.5, 165.2, 0.8, 14.5, 163.1, 0.8, 0, 0, 0
L 10.3, 167.2, 0.8, 14.5, 165.2, 0.8, 0, 0, 0
L 14.5, 154.9, 0.8, 10.3, 152.8, 0.8, 0, 0, 0
L 10.3, 152.8, 0.8, 6.2, 154.9, 0.8, 0, 0, 0
L 24.9, 155.4, 0.8, 14.5, 155.4, 0.8, 0, 0, 0
L 39.0, 160.5, 6.0, 46.4, 155.0, 12.3, 0, 0, 0
L -10.2, 165.2, 0.8, -10.2, 163.0, 0.8, 0, 0, 0
L -10.2, 156.9, 0.8, -10.2, 154.9, 0.8, 0, 0, 0
L -18.5, 155.4, 0.8, -18.5, 154.9, 0.8, 0, 0, 0
L 6.2, 156.9, 0.8, 6.2, 154.9, 0.8, 0, 0, 0
L 6.1, 163.0, 0.8, 6.1, 165.2, 0.8, 0, 0, 0
L 14.5, 155.4, 0.8, 14.5, 154.9, 0.8, 0, 0, 0
L 92.9, 169.2, 3.7, 90.0, 166.2, 3.7, 0, 0, 0
L 90.0, 166.2, 3.7, 83.9, 159.8, 0.7, 0, 0, 0
L 131.2, 155.6, 12.1, 121.6, 161.8, 12.7, 0, 0, 0
L 121.6, 161.8, 12.7, 111.4, 168.4, 7.9, 0, 0, 0
L 109.9, 168.4, 8.1, 111.4, 168.4, 7.9, 0, 0, 0
L 108.1, 168.5, 8.3, 92.9, 169.2, 3.7, 0, 0, 0
L 135.9, 209.1, 13.6, 124.5, 230.3, 7.4, 0, 0, 0
L 124.5, 230.3, 7.4, 117.4, 243.5, 3.0, 0, 0, 0
L 26.7, 290.2, 3.3, 23.6, 296.7, 0.9, 0, 0, 0
L 32.3, 322.0, -1.3, 26.9, 306.3, 0.9, 0, 0, 0
L 26.9, 306.3, 0.9, 23.6, 296.7, 0.9, 0, 0, 0
L -78.8, 258.0, 9.3, -64.8, 271.3, 5.0, 0, 0, 0
L -56.2, 271.6, 4.4, -58.8, 271.5, 5.0, 150, 150, 150
L -58.8, 271.5, 5.0, -64.8, 271.3, 5.0, 0, 0, 0
L -69.9, 320.1, 1.5, -77.4, 321.1, 0.2, 0, 0, 0
L -81.8, 302.9, -0.1, -80.6, 308.0, 0.2, 0, 0, 0
L -80.6, 308.0, 0.2, -77.4, 321.1, 0.2, 0, 0, 0
L -24.6, 346.2, 0.3, -28.4, 346.3, 0.3, 0, 0, 0
L -76.6, 368.9, 0.3, -76.6, 371.9, 0.3, 0, 0, 0
L -53.5, 371.9, 0.3, -58.9, 371.9, 0.3, 0, 0, 0
L -82.0, 371.9, 0.3, -76.6, 371.9, 0.3, 0, 0, 0
L -53.5, 345.8, 0.3, -50.5, 345.8, 0.3, 0, 0, 0
L 3.5, 340.4, 0.3, 3.5, 368.9, 0.3, 0, 0, 0
L -18.9, 340.4, 0.3, -18.9, 329.1, 0.3, 0, 0, 0
L -82.0, 340.4, 0.3, -53.5, 340.4, 0.3, 0, 0, 0
L -2.6, 329.1, 0.3, -2.6, 340.4, 0.3, 0, 0, 0
L -2.6, 340.4, 0.3, 3.5, 340.4, 0.3, 0, 0, 0
L -82.0, 376.1, 0.3, -53.5, 376.1, 0.3, 199, 21, 133
L -53.5, 368.9, 0.3, -58.9, 368.9, 0.3, 0, 0, 0
L -53.5, 371.9, 0.3, -53.5, 376.1, 0.3, 0, 0, 0
L -50.5, 368.9, 0.3, -28.4, 368.9, 0.3, 0, 0, 0
L -53.5, 368.9, 0.3, -53.5, 363.5, 0.3, 0, 0, 0
L -24.6, 363.1, 0.3, -28.4, 363.1, 0.3, 0, 0, 0
L -58.9, 371.9, 0.3, -58.9, 368.9, 0.3, 0, 0, 0
L -53.5, 363.5, 0.3, -50.5, 363.5, 0.3, 0, 0, 0
L -82.0, 368.9, 0.3, -76.6, 368.9, 0.3, 0, 0, 0
L -50.5, 363.5, 0.3, -50.5, 368.9, 0.3, 0, 0, 0
L -24.6, 340.4, 0.3, -18.9, 340.4, 0.3, 0, 0, 0
L 1.4, 329.1, 0.3, -2.6, 329.1, 0.3, 0, 0, 0
L -18.9, 329.1, 0.3, -22.9, 329.1, 0.3, 0, 0, 0
L -24.6, 368.9, 0.3, 3.5, 368.9, 0.3, 0, 0, 0
L -24.6, 363.1, 0.3, -24.6, 368.9, 0.3, 0, 0, 0
L -28.4, 363.1, 0.3, -28.4, 368.9, 0.3, 0, 0, 0
L -28.4, 346.3, 0.3, -28.4, 340.4, 0.3, 0, 0, 0
L -24.6, 346.2, 0.3, -24.6, 340.4, 0.3, 0, 0, 0
L -53.5, 345.8, 0.3, -53.5, 340.4, 0.3, 0, 0, 0
L -50.5, 340.4, 0.3, -28.4, 340.4, 0.3, 0, 0, 0
L -50.5, 345.8, 0.3, -50.5, 340.4, 0.3, 0, 0, 0
L -82.0, 371.9, 0.3, -82.0, 376.1, 0.3, 0, 0, 0
L -82.0, 368.9, 0.3, -82.0, 340.4, 0.3, 0, 0, 0
L 1.4, 330.6, 0.3, 1.4, 329.1, 0.3, 0, 0, 0
L -22.9, 330.5, 0.3, -22.9, 329.1, 0.3, 0, 0, 0
L -22.9, 330.5, 0.3, -45.6, 331.4, 10.1, 0, 0, 0
L 1.4, 330.6, 0.3, 6.9, 331.8, 2.0, 0, 0, 0
L 6.9, 331.8, 2.0, 11.4, 332.8, 1.4, 0, 0, 0
L 19.0, 328.8, 1.4, 32.3, 322.0, -1.3, 0, 0, 0
L 19.0, 328.8, 1.4, 11.4, 332.8, 1.4, 0, 0, 0
L -53.5, 376.1, 0.3, -53.5, 387.8, 0.3, 0, 0, 0
L -82.0, 376.1, 0.3, -82.0, 387.8, 0.3, 0, 0, 0
