L -185.0, 662.0, 0.0, -142.0, 662.0, 0.0, 199, 21, 133
L -142.0, 662.0, 0.0, -142.0, 568.0, 0.0, 0, 0, 0
L -142.0, 568.0, 0.0, -221.0, 568.0, 0.0, 0, 0, 0
L -321.0, 462.0, 0.0, -285.0, 524.0, 0.0, 0, 0, 0
L -285.0, 524.0, 0.0, -273.0, 567.0, 0.0, 0, 0, 0
L -273.0, 567.0, 0.0, -273.0, 622.0, 0.0, 0, 0, 0
L -273.0, 622.0, 0.0, -185.0, 622.0, 0.0, 0, 0, 0
L -185.0, 622.0, 0.0, -185.0, 662.0, 0.0, 0, 0, 0
L -221.0, 568.0, 0.0, -221.0, 402.0, 0.0, 0, 0, 0
L -221.0, 402.0, 0.0, -86.0, 493.0, 0.0, 0, 0, 0
L -86.0, 493.0, 0.0, -28.0, 435.0, 0.0, 0, 0, 0
L -28.0, 435.0, 0.0, 37.0, 435.0, 0.0, 0, 0, 0
L 37.0, 435.0, 0.0, 107.0, 387.0, 0.0, 0, 0, 0
L 107.0, 387.0, 0.0, 115.0, 336.0, 0.0, 0, 0, 0
L 115.0, 336.0, 0.0, 94.0, 288.0, 0.0, 0, 0, 0
L 94.0, 288.0, 0.0, 101.0, 136.0, 0.0, 0, 0, 0
L 101.0, 136.0, 0.0, 142.0, 57.0, 0.0, 0, 0, 0
L 142.0, 57.0, 0.0, 201.0, 9.0, 0.0, 0, 0, 0
L 201.0, 9.0, 0.0, 220.0, -21.0, 0.0, 0, 0, 0
L 220.0, -21.0, 0.0, 231.0, -71.0, 0.0, 0, 0, 0
L 231.0, -71.0, 0.0, 300.0, -71.0, 0.0, 0, 0, 0
L 300.0, -71.0, 0.0, 325.0, -102.0, 0.0, 0, 0, 0
L 325.0, -102.0, 0.0, 325.0, -124.0, 0.0, 0, 0, 0
L 325.0, -124.0, 0.0, 300.0, -146.0, 0.0, 0, 0, 0
L 300.0, -146.0, 0.0, 283.0, -164.0, 0.0, 0, 0, 0
L 283.0, -164.0, 0.0, 247.0, -196.0, 0.0, 0, 0, 0
L 247.0, -196.0, 0.0, 232.0, -225.0, 0.0, 0, 0, 0
L 232.0, -225.0, 0.0, 177.0, -225.0, 0.0, 0, 0, 0
L 177.0, -225.0, 0.0, 197.0, -249.0, 0.0, 0, 0, 0
L 197.0, -249.0, 0.0, 176.0, -261.0, 0.0, 0, 0, 0
L 176.0, -261.0, 0.0, 176.0, -287.0, 0.0, 0, 0, 0
L 176.0, -287.0, 0.0, 156.0, -276.0, 0.0, 0, 0, 0
L 106.0, -276.0, 0.0, 69.0, -298.0, 0.0, 0, 0, 0
L 69.0, -298.0, 0.0, 68.0, -312.0, 0.0, 0, 0, 0
L 68.0, -312.0, 0.0, 47.0, -324.0, 0.0, 0, 0, 0
L 47.0, -324.0, 0.0, 21.0, -324.0, 0.0, 0, 0, 0
L 21.0, -324.0, 0.0, 0.0, -312.0, 0.0, 0, 0, 0
L 0.0, -312.0, 0.0, 0.0, -299.0, 0.0, 150, 150, 150
L 0.0, -299.0, 0.0, 24.0, -288.0, 0.0, 150, 150, 150
L 24.0, -288.0, 0.0, 49.0, -288.0, 0.0, 150, 150, 150
L 49.0, -288.0, 0.0, 77.0, -278.0, 0.0, 150, 150, 150
L 77.0, -278.0, 0.0, 136.0, -227.0, 0.0, 150, 150, 150
L -1.0, -312.0, -25.0, -20.0, -331.0, 0.0, 0, 0, 0
L -1.0, -312.0, -25.0, -1.0, -298.0, -25.0, 150, 150, 150
L -1.0, -298.0, -25.0, 24.0, -286.0, -25.0, 150, 150, 150
L 24.0, -286.0, -25.0, 48.0, -286.0, -27.0, 150, 150, 150
L 48.0, -286.0, -27.0, 76.0, -277.0, -22.0, 150, 150, 150
L 76.0, -277.0, -22.0, 136.0, -227.0, -27.0, 150, 150, 150
L 136.0, -227.0, -27.0, 124.0, -197.0, -1.0, 150, 150, 150
L 124.0, -197.0, -1.0, 154.0, -165.0, -1.0, 0, 0, 0
L 154.0, -165.0, -1.0, 188.0, -145.0, -3.0, 0, 0, 0
L 188.0, -145.0, -3.0, 188.0, -99.0, -3.0, 0, 0, 0
L 275.0, -99.0, 0.0, 275.0, -132.0, 0.0, 150, 150, 150
L 124.0, -197.0, -1.0, -20.0, -288.0, 0.0, 0, 0, 0
L -20.0, -331.0, 0.0, -20.0, -288.0, 0.0, 150, 150, 150
L -20.0, -331.0, 0.0, -62.0, -331.0, 0.0, 0, 0, 0
L -62.0, -331.0, 0.0, -61.0, -307.0, 0.0, 0, 0, 0
L -61.0, -319.0, 0.0, -46.0, -303.0, 0.0, 0, 0, 0
L -46.0, -303.0, 0.0, -20.0, -288.0, 0.0, 0, 0, 0
L 275.0, -99.0, 0.0, 188.0, -99.0, -3.0, 150, 150, 150
L 180.0, -144.0, 0.0, 165.0, -150.0, 0.0, 0, 0, 0
L 165.0, -150.0, 0.0, 144.0, -164.0, 0.0, 0, 0, 0
L 144.0, -164.0, 0.0, 128.0, -182.0, 0.0, 0, 0, 0
L 128.0, -182.0, 0.0, 112.0, -196.0, 0.0, 0, 0, 0
L 112.0, -196.0, 0.0, -47.0, -296.0, 0.0, 0, 0, 0
L -47.0, -296.0, 0.0, -63.0, -309.0, 0.0, 0, 0, 0
L -63.0, -309.0, 0.0, -79.0, -314.0, 0.0, 0, 0, 0
L -79.0, -314.0, 0.0, -91.0, -322.0, 0.0, 0, 0, 0
L -91.0, -322.0, 0.0, -152.0, -332.0, 0.0, 0, 0, 0
L -152.0, -332.0, 0.0, -217.0, -315.0, 0.0, 0, 0, 0
L -217.0, -315.0, 0.0, -286.0, -364.0, 0.0, 0, 0, 0
L -286.0, -364.0, 0.0, -304.0, -371.0, 0.0, 0, 0, 0
L -304.0, -371.0, 0.0, -304.0, -399.0, 0.0, 0, 0, 0
L -304.0, -399.0, 0.0, -356.0, -428.0, 0.0, 0, 0, 0
L -356.0, -428.0, 0.0, -402.0, -428.0, 0.0, 0, 0, 0
L -402.0, -428.0, 0.0, -480.0, -371.0, 0.0, 0, 0, 0
L -480.0, -371.0, 0.0, -505.0, -311.0, 0.0, 0, 0, 0
L -505.0, -311.0, -10.0, -551.0, -311.0, -11.0, 0, 0, 0
L -482.0, -311.0, -10.0, -482.0, -293.0, -10.0, 0, 0, 0
L -482.0, -293.0, -11.0, -462.0, -284.0, -4.0, 0, 0, 0
L -462.0, -284.0, -4.0, -448.0, -290.0, 0.0, 0, 0, 0
L -879.0, -95.0, -11.0, -879.0, -49.0, -24.0, 0, 0, 0
L -879.0, -95.0, -11.0, -854.0, -125.0, -15.0, 0, 0, 0
L -854.0, -125.0, -15.0, -806.0, -136.0, -6.0, 0, 0, 0
L -806.0, -136.0, -6.0, -774.0, -172.0, -14.0, 0, 0, 0
L -774.0, -172.0, -14.0, -754.0, -172.0, -13.0, 0, 0, 0
L -754.0, -172.0, -13.0, -741.0, -180.0, -6.0, 0, 0, 0
L -741.0, -180.0, -6.0, -723.0, -199.0, -6.0, 0, 0, 0
L -723.0, -199.0, -6.0, -703.0, -234.0, -6.0, 0, 0, 0
L -703.0, -234.0, -6.0, -683.0, -258.0, -6.0, 0, 0, 0
L -683.0, -258.0, -6.0, -580.0, -312.0, 0.0, 0, 0, 0
L -580.0, -312.0, 0.0, -569.0, -367.0, 0.0, 0, 0, 0
L -569.0, -367.0, 0.0, -551.0, -311.0, -11.0, 0, 0, 0
L -505.0, -311.0, -10.0, -482.0, -311.0, -10.0, 0, 0, 0
L -462.0, -286.0, 0.0, -481.0, -293.0, 0.0, 0, 0, 0
L -481.0, -293.0, 0.0, -481.0, -312.0, 0.0, 0, 0, 0
L -481.0, -312.0, 0.0, -505.0, -311.0, 0.0, 0, 0, 0
L -879.0, -49.0, -24.0, -861.0, -39.0, -23.0, 0, 0, 0
L -861.0, -39.0, -23.0, -835.0, -39.0, -23.0, 0, 0, 0
L -835.0, -39.0, -23.0, -835.0, -31.0, -22.0, 0, 0, 0
L -835.0, -31.0, -22.0, -799.0, -26.0, -33.0, 0, 0, 0
L -462.0, -286.0, 0.0, -448.0, -290.0, 0.0, 0, 0, 0
L -631.0, -202.0, -30.0, -585.0, -202.0, -30.0, 0, 0, 255
L -631.0, -202.0, -30.0, -660.0, -211.0, -32.0, 0, 0, 255
L -660.0, -211.0, -32.0, -683.0, -201.0, -32.0, 0, 0, 255
L -683.0, -201.0, -32.0, -703.0, -176.0, -33.0, 0, 0, 255
L -703.0, -176.0, -33.0, -723.0, -145.0, -33.0, 0, 0, 255
L -723.0, -145.0, -33.0, -740.0, -128.0, -33.0, 0, 0, 255
L -740.0, -128.0, -33.0, -754.0, -117.0, -33.0, 0, 0, 255
L -754.0, -117.0, -33.0, -775.0, -114.0, -33.0, 0, 0, 255
L -775.0, -114.0, -33.0, -790.0, -89.0, -33.0, 0, 0, 255
L -790.0, -89.0, -33.0, -792.0, -81.0, -33.0, 0, 0, 255
L -792.0, -81.0, -33.0, -798.0, -76.0, -33.0, 0, 0, 255
L -798.0, -76.0, -33.0, -806.0, -63.0, -33.0, 0, 0, 255
L -811.0, -63.0, -33.0, -787.0, -63.0, -33.0, 139, 69, 19
L -787.0, -63.0, -33.0, -786.0, -63.0, -33.0, 240, 240, 240
L -787.0, -63.0, -33.0, -776.0, -89.0, -33.0, 0, 0, 255
L -776.0, -89.0, -33.0, -766.0, -100.0, -33.0, 0, 0, 255
L -766.0, -100.0, -33.0, -755.0, -107.0, -33.0, 0, 0, 255
L -755.0, -107.0, -33.0, -747.0, -106.0, -33.0, 0, 0, 255
L -747.0, -106.0, -33.0, -742.0, -109.0, -33.0, 0, 0, 255
L -742.0, -109.0, -33.0, -724.0, -101.0, -33.0, 0, 0, 255
L -724.0, -101.0, -33.0, -661.0, -101.0, -33.0, 0, 0, 255
L -661.0, -101.0, -33.0, -601.0, -159.0, -33.0, 0, 0, 255
L -601.0, -159.0, -33.0, -596.0, -171.0, -33.0, 0, 0, 255
L -596.0, -171.0, -33.0, -587.0, -183.0, -33.0, 0, 0, 255
L -587.0, -183.0, -33.0, -585.0, -202.0, -33.0, 0, 0, 255
L -811.0, -49.0, -33.0, -793.6, -49.0, -30.9, 139, 69, 19
L -776.0, -48.0, -30.0, -776.0, -63.0, -30.0, 0, 0, 0
L -776.0, -63.0, -30.0, -761.0, -63.0, -30.0, 0, 0, 0
L -761.0, -63.0, -30.0, -761.0, -76.0, -30.0, 0, 0, 0
L -761.0, -76.0, -30.0, -764.0, -76.0, -30.0, 0, 0, 0
L -764.0, -76.0, -30.0, -764.0, -90.0, -30.0, 0, 0, 0
L -764.0, -90.0, -30.0, -755.0, -94.0, -30.0, 0, 0, 0
L -755.0, -94.0, -30.0, -755.0, -97.0, -30.0, 0, 0, 0
L -755.0, -97.0, -30.0, -746.0, -97.0, -30.0, 0, 0, 0
L -746.0, -97.0, -30.0, -746.0, -94.0, -30.0, 0, 0, 0
L -746.0, -94.0, -30.0, -741.0, -90.0, -30.0, 0, 0, 0
L -741.0, -90.0, -30.0, -724.0, -102.0, -30.0, 0, 0, 0
L -724.0, -102.0, -30.0, -721.0, -98.0, -30.0, 0, 0, 0
L -721.0, -98.0, -30.0, -686.0, -98.0, -30.0, 0, 0, 0
L -686.0, -98.0, -30.0, -686.0, -20.0, -30.0, 0, 0, 0
L -686.0, -20.0, -30.0, -664.0, -20.0, -30.0, 0, 0, 0
L -664.0, -20.0, -30.0, -664.0, 15.0, -30.0, 0, 0, 0
L -664.0, 15.0, -30.0, -698.0, 15.0, -30.0, 0, 0, 0
L -698.0, 15.0, -30.0, -697.0, 20.0, -30.0, 0, 0, 0
L -697.0, 20.0, -30.0, -697.0, 27.0, -30.0, 0, 0, 0
L -700.0, 24.0, -30.0, -697.0, 27.0, -30.0, 0, 0, 0
L -712.0, 24.0, -30.0, -715.0, 27.0, -30.0, 0, 0, 0
L -715.0, 27.0, -30.0, -715.0, 20.0, -30.0, 0, 0, 0
L -715.0, 20.0, -30.0, -714.0, 15.0, -30.0, 0, 0, 0
L -714.0, 15.0, -30.0, -743.0, 15.0, -30.0, 0, 0, 0
L -743.0, 15.0, -30.0, -743.0, -19.0, -30.0, 0, 0, 0
L -743.0, -19.0, -30.0, -748.0, -25.0, -30.0, 0, 0, 0
L -748.0, -25.0, -30.0, -764.0, -25.0, -30.0, 0, 0, 0
L -764.0, -25.0, -30.0, -764.0, -37.0, -30.0, 0, 0, 0
L -758.0, -37.0, -30.0, -764.0, -37.0, -30.0, 0, 0, 0
L -764.0, -46.0, -30.0, -773.0, -43.0, -30.0, 0, 0, 0
L -762.0, -39.0, -30.0, -764.0, -46.0, -30.0, 0, 0, 0
L -758.0, -37.0, -30.0, -762.0, -39.0, -30.0, 0, 0, 0
L -773.0, -46.0, -30.0, -773.0, -43.0, -30.0, 0, 0, 0
L -773.0, -46.0, -30.0, -776.0, -48.0, -30.0, 0, 0, 0
L -793.6, -49.0, -30.9, -776.0, -24.0, -33.0, 0, 0, 255
L -776.0, -24.0, -33.0, -766.0, 29.0, -33.0, 0, 0, 255
L -766.0, 29.0, -33.0, -748.0, 71.0, -33.0, 0, 0, 255
L -748.0, 71.0, -33.0, -756.0, 95.0, -33.0, 0, 0, 255
L -756.0, 95.0, -33.0, -748.0, 125.0, -33.0, 0, 0, 255
L -748.0, 125.0, -33.0, -748.0, 164.0, -33.0, 0, 0, 255
L -748.0, 164.0, -33.0, -724.0, 211.0, -33.0, 0, 0, 255
L -724.0, 211.0, -33.0, -659.0, 253.0, -33.0, 0, 0, 255
L -659.0, 273.0, -33.0, -723.0, 236.0, -33.0, 0, 0, 255
L -723.0, 236.0, -33.0, -763.0, 164.0, -33.0, 0, 0, 255
L -763.0, 164.0, -33.0, -771.0, 107.0, -33.0, 0, 0, 255
L -771.0, 107.0, -33.0, -771.0, 63.0, -33.0, 0, 0, 255
L -771.0, 63.0, -33.0, -786.0, 28.0, -33.0, 0, 0, 255
L -786.0, 28.0, -33.0, -799.0, -26.0, -33.0, 0, 0, 255
L -799.0, -26.0, -33.0, -811.0, -49.0, -33.0, 0, 0, 255
L -700.0, 24.0, -30.0, -700.0, 22.0, -30.0, 0, 0, 0
L -700.0, 14.0, -30.0, -667.0, 14.0, -30.0, 0, 0, 0
L -667.0, 14.0, -30.0, -667.0, -17.0, -30.0, 0, 0, 0
L -667.0, -17.0, -30.0, -689.0, -17.0, -30.0, 0, 0, 0
L -689.0, -17.0, -30.0, -689.0, -96.0, -30.0, 0, 0, 0
L -730.0, -96.0, -30.0, -739.0, -87.0, -23.0, 0, 0, 0
L -739.0, -87.0, -23.0, -742.0, -87.0, -21.0, 0, 0, 0
L -742.0, -87.0, -21.0, -749.0, -93.0, -20.0, 0, 0, 0
L -749.0, -93.0, -20.0, -752.0, -93.0, -20.0, 0, 0, 0
L -760.0, -89.0, -20.0, -752.0, -93.0, -20.0, 0, 0, 0
L -760.0, -89.0, -20.0, -761.0, -78.0, -20.0, 0, 0, 0
L -761.0, -78.0, -20.0, -758.0, -78.0, -20.0, 0, 0, 0
L -758.0, -78.0, -20.0, -758.0, -68.0, -20.0, 0, 0, 0
L -758.0, -68.0, -20.0, -753.0, -68.0, -20.0, 0, 0, 0
L -753.0, -68.0, -20.0, -753.0, -78.0, -20.0, 0, 0, 0
L -753.0, -78.0, -20.0, -743.0, -78.0, -20.0, 0, 0, 0
L -743.0, -78.0, -20.0, -740.0, -80.0, -22.0, 0, 0, 0
L -740.0, -80.0, -22.0, -740.0, -61.0, -22.0, 0, 0, 0
L -743.0, -62.0, -20.0, -740.0, -61.0, -22.0, 0, 0, 0
L -743.0, -62.0, -20.0, -758.0, -62.0, -20.0, 0, 0, 0
L -758.0, -62.0, -20.0, -773.0, -61.0, -20.0, 0, 0, 0
L -773.0, -61.0, -20.0, -772.0, -48.0, -20.0, 0, 0, 0
L -772.0, -48.0, -20.0, -766.0, -48.0, -20.0, 0, 0, 0
L -766.0, -48.0, -20.0, -761.0, -50.0, -20.0, 0, 0, 0
L -761.0, -50.0, -20.0, -756.0, -54.0, -20.0, 0, 0, 0
L -756.0, -54.0, -20.0, -743.0, -54.0, -20.0, 0, 0, 0
L -743.0, -54.0, -20.0, -740.0, -56.0, -22.0, 0, 0, 0
L -740.0, -56.0, -22.0, -740.0, -47.0, -22.0, 0, 0, 0
L -740.0, -47.0, -22.0, -744.0, -49.0, -20.0, 0, 0, 0
L -744.0, -49.0, -20.0, -753.0, -49.0, -20.0, 0, 0, 0
L -753.0, -49.0, -20.0, -758.0, -45.0, -20.0, 0, 0, 0
L -758.0, -45.0, -20.0, -758.0, -41.0, -20.0, 0, 0, 0
L -758.0, -41.0, -20.0, -753.0, -38.0, -20.0, 0, 0, 0
L -753.0, -38.0, -20.0, -753.0, -35.0, -20.0, 0, 0, 0
L -753.0, -35.0, -20.0, -761.0, -35.0, -20.0, 0, 0, 0
L -761.0, -35.0, -20.0, -761.0, -27.0, -20.0, 0, 0, 0
L -761.0, -27.0, -20.0, -745.0, -27.0, -20.0, 0, 0, 0
L -745.0, -27.0, -20.0, -745.0, -40.0, -20.0, 0, 0, 0
L -745.0, -40.0, -20.0, -741.0, -42.0, -22.0, 0, 0, 0
L -741.0, -42.0, -22.0, -739.0, -40.0, -24.0, 0, 0, 0
L -739.0, -40.0, -24.0, -731.0, -33.0, -27.0, 0, 0, 0
L -731.0, -33.0, -27.0, -727.0, -29.0, -29.0, 0, 0, 0
L -727.0, -29.0, -29.0, -719.0, -29.0, -30.0, 0, 0, 0
L -719.0, -29.0, -30.0, -719.0, -17.0, -30.0, 0, 0, 0
L -719.0, -17.0, -30.0, -740.0, -17.0, -30.0, 0, 0, 0
L -740.0, -17.0, -30.0, -740.0, 14.0, -30.0, 0, 0, 0
L -740.0, 14.0, -30.0, -712.0, 14.0, -30.0, 0, 0, 0
L -712.0, 24.0, -30.0, -712.0, 22.0, -30.0, 0, 0, 0
L -712.0, 22.0, -30.0, -712.0, 14.0, -30.0, 0, 0, 0
L -700.0, 22.0, -30.0, -700.0, 14.0, -30.0, 0, 0, 0
L -730.0, -96.0, -30.0, -689.0, -96.0, -30.0, 0, 0, 0
L -575.0, -44.0, -14.0, -586.0, -40.0, -27.0, 0, 0, 0
L -586.0, -40.0, -27.0, -577.0, -24.0, -24.0, 0, 0, 0
L -577.0, -24.0, -24.0, -563.0, -9.0, -11.0, 0, 0, 0
L -563.0, -9.0, -11.0, -559.0, -7.0, -11.0, 0, 0, 0
L -555.0, -6.0, -11.0, -559.0, -7.0, -11.0, 0, 0, 0
L -555.0, -6.0, -11.0, -549.0, -1.0, -11.0, 0, 0, 0
L -549.0, -9.0, -11.0, -549.0, -1.0, -11.0, 0, 0, 0
L -549.0, -9.0, -11.0, -530.0, -12.0, -11.0, 0, 0, 0
L -530.0, -12.0, -11.0, -527.0, -10.0, -11.0, 0, 0, 0
L -527.0, -10.0, -11.0, -461.0, -10.0, -16.0, 0, 0, 0
L -461.0, -10.0, -16.0, -435.0, -22.0, -16.0, 0, 0, 0
L -435.0, -22.0, -16.0, -469.0, -71.0, -16.0, 0, 0, 0
L -469.0, -71.0, -16.0, -491.0, -44.0, -16.0, 0, 0, 0
L -491.0, -44.0, -16.0, -505.0, -44.0, -16.0, 0, 0, 0
L -505.0, -44.0, -16.0, -519.0, -22.0, -17.0, 0, 0, 0
L -519.0, -22.0, -17.0, -550.0, -46.0, -22.0, 0, 0, 0
L -560.0, -57.0, -19.0, -560.0, -74.0, -22.0, 0, 0, 0
L -574.0, -74.0, -25.0, -575.0, -44.0, -14.0, 0, 0, 0
L -575.0, -84.0, -24.0, -575.0, -101.0, -23.0, 0, 0, 0
L -575.0, -101.0, -23.0, -569.0, -106.0, -23.0, 0, 0, 0
L -569.0, -106.0, -23.0, -559.0, -106.0, -20.0, 0, 0, 0
L -559.0, -106.0, -20.0, -545.0, -116.0, -20.0, 0, 0, 0
L -545.0, -116.0, -20.0, -530.0, -114.0, -19.0, 0, 0, 0
L -528.0, -106.0, -17.0, -530.0, -114.0, -19.0, 0, 0, 0
L -528.0, -106.0, -17.0, -528.0, -96.0, -20.0, 0, 0, 0
L -534.0, -96.0, -20.0, -528.0, -96.0, -20.0, 0, 0, 0
L -534.0, -96.0, -20.0, -534.0, -89.0, -20.0, 0, 0, 0
L -534.0, -89.0, -20.0, -550.0, -83.0, -24.0, 0, 0, 0
L -550.0, -83.0, -24.0, -575.0, -84.0, -24.0, 0, 0, 0
L -519.0, -106.0, -17.0, -503.0, -108.0, -15.0, 0, 0, 0
L -503.0, -108.0, -15.0, -503.0, -89.0, -16.0, 0, 0, 0
L -503.0, -89.0, -16.0, -519.0, -89.0, -16.0, 0, 0, 0
L -519.0, -89.0, -16.0, -519.0, -106.0, -17.0, 0, 0, 0
L -491.0, -108.0, -15.0, -491.0, -89.0, -16.0, 0, 0, 0
L -491.0, -89.0, -16.0, -469.0, -84.0, -16.0, 0, 0, 0
L -469.0, -84.0, -16.0, -436.0, -115.0, -16.0, 0, 0, 0
L -436.0, -115.0, -16.0, -395.0, -115.0, -16.0, 0, 0, 0
L -395.0, -115.0, -16.0, -362.0, -85.0, -16.0, 0, 0, 0
L -362.0, -85.0, -16.0, -362.0, -70.0, -16.0, 0, 0, 0
L -362.0, -70.0, -16.0, -397.0, -20.0, -16.0, 0, 0, 0
L -397.0, -20.0, -16.0, -314.0, -54.0, -16.0, 0, 0, 0
L -314.0, -54.0, -16.0, -293.0, -51.0, -12.0, 0, 0, 0
L -293.0, -42.0, -11.0, -293.0, -51.0, -11.0, 150, 150, 150
L -293.0, -42.0, -12.0, -315.0, -40.0, -16.0, 0, 0, 0
L -315.0, -40.0, -16.0, -366.0, -11.0, -16.0, 0, 0, 0
L -366.0, -11.0, -16.0, -366.0, 5.0, -16.0, 0, 0, 0
L -366.0, 5.0, -16.0, -461.0, 5.0, -16.0, 0, 0, 0
L -461.0, 5.0, -16.0, -505.0, 8.0, -12.0, 0, 0, 0
L -505.0, 8.0, -12.0, -527.0, 8.0, -11.0, 0, 0, 0
L -527.0, 8.0, -11.0, -531.0, 13.0, -11.0, 0, 0, 0
L -482.0, -110.0, -13.0, -491.0, -108.0, -15.0, 0, 0, 0
L -482.0, -110.0, -13.0, -482.0, -132.0, -16.0, 0, 0, 0
L -482.0, -132.0, -16.0, -476.0, -133.0, -9.0, 0, 0, 0
L -476.0, -133.0, -9.0, -462.0, -137.0, -4.0, 0, 0, 0
L -462.0, -137.0, -4.0, -444.0, -137.0, 0.0, 0, 0, 0
L -444.0, -137.0, 0.0, -306.0, -137.0, 0.0, 0, 0, 0
L -304.0, -136.0, 0.0, -304.0, -123.0, 0.0, 0, 0, 0
L -304.0, -123.0, 0.0, -279.0, -131.0, 0.0, 0, 0, 0
L -279.0, -131.0, 0.0, -279.0, -122.0, 0.0, 0, 0, 0
L -279.0, -122.0, 0.0, -269.0, -93.0, 0.0, 0, 0, 0
L -269.0, -93.0, 0.0, -269.0, -80.0, 0.0, 0, 0, 0
L -269.0, -80.0, 0.0, -280.0, -73.0, -13.0, 0, 0, 0
L -280.0, -73.0, -13.0, -253.0, -73.0, -13.0, 0, 0, 255
L -253.0, -73.0, -13.0, -245.0, -80.0, -13.0, 0, 0, 255
L -245.0, -80.0, -13.0, -245.0, -92.0, -14.0, 0, 0, 255
L -245.0, -92.0, -14.0, -240.0, -101.0, -13.0, 0, 0, 255
L -240.0, -101.0, -13.0, -240.0, -122.0, -13.0, 0, 0, 255
L -240.0, -122.0, -13.0, -244.0, -130.0, -13.0, 0, 0, 255
L -244.0, -130.0, -13.0, -244.0, -136.0, -13.0, 0, 0, 255
L -244.0, -136.0, -13.0, -241.0, -140.0, -13.0, 0, 0, 255
L -232.0, -150.0, -14.0, -241.0, -140.0, -13.0, 0, 0, 255
L -232.0, -150.0, -14.0, -232.0, -156.0, -13.0, 0, 0, 255
L -232.0, -156.0, -13.0, -235.0, -174.0, -13.0, 0, 0, 255
L -235.0, -174.0, -13.0, -235.0, -229.0, -11.0, 0, 0, 255
L -235.0, -239.0, -11.0, -216.0, -271.0, -14.0, 0, 0, 255
L -216.0, -271.0, -14.0, -152.0, -306.0, -13.0, 0, 0, 255
L -152.0, -306.0, -13.0, -90.0, -287.0, -13.0, 0, 0, 255
L -90.0, -287.0, -13.0, -79.0, -293.0, -13.0, 0, 0, 255
L -79.0, -293.0, -13.0, -63.0, -284.0, -13.0, 0, 0, 255
L -63.0, -284.0, -13.0, -47.0, -280.0, -13.0, 0, 0, 255
L -47.0, -280.0, -13.0, 50.0, -226.0, -13.0, 0, 0, 255
L 50.0, -226.0, -13.0, 84.0, -196.0, -13.0, 0, 0, 255
L 84.0, -196.0, -13.0, 87.0, -182.0, -14.0, 0, 0, 255
L 87.0, -182.0, -14.0, 96.0, -164.0, -13.0, 0, 0, 255
L 96.0, -164.0, -13.0, 120.0, -150.0, -13.0, 0, 0, 255
L 120.0, -150.0, -13.0, 148.0, -144.0, -13.0, 0, 0, 255
L 148.0, -144.0, -13.0, 173.0, -100.0, 0.0, 0, 0, 255
L 162.0, -70.0, 0.0, 137.0, -31.0, -14.0, 0, 0, 255
L 137.0, -31.0, -14.0, 89.0, 9.0, -13.0, 0, 0, 255
L 89.0, 9.0, -13.0, 10.0, 52.0, 0.0, 0, 0, 255
L -8.0, 52.0, 0.0, -52.0, 32.0, -14.0, 0, 0, 255
L -52.0, 32.0, -14.0, -102.0, 26.0, -13.0, 0, 0, 255
L -102.0, 26.0, -13.0, -131.0, -12.0, -14.0, 0, 0, 255
L -131.0, -12.0, -14.0, -156.0, -36.0, -12.0, 0, 0, 255
L -156.0, -36.0, -12.0, -184.0, -54.0, -13.0, 0, 0, 255
L -184.0, -54.0, -13.0, -213.0, -112.0, -14.0, 0, 0, 255
L -213.0, -112.0, -14.0, -227.0, -123.0, -13.0, 0, 0, 255
L -227.0, -123.0, -13.0, -227.0, -102.0, -11.0, 0, 0, 255
L -227.0, -102.0, -11.0, -232.0, -96.0, -14.0, 0, 0, 255
L -232.0, -96.0, -14.0, -242.0, -74.0, -13.0, 0, 0, 255
L -242.0, -74.0, -13.0, -272.0, -55.0, -13.0, 0, 0, 255
L -272.0, -55.0, -13.0, -281.0, -32.0, -14.0, 0, 0, 255
L -281.0, -32.0, -14.0, -273.0, -8.0, -13.0, 0, 0, 255
L -273.0, -8.0, -13.0, -291.0, 18.0, -13.0, 0, 0, 255
L -291.0, 18.0, -13.0, -299.0, 25.0, -13.0, 0, 0, 255
L -299.0, 25.0, -13.0, -324.0, 41.0, -13.0, 0, 0, 255
L -324.0, 41.0, -13.0, -324.0, 66.0, -13.0, 0, 0, 255
L -324.0, 66.0, -13.0, -346.0, 70.0, -13.0, 0, 0, 255
L -346.0, 70.0, -13.0, -398.0, 71.0, -13.0, 0, 0, 255
L -398.0, 71.0, -13.0, -418.0, 95.0, -13.0, 0, 0, 255
L -418.0, 95.0, -13.0, -446.0, 124.0, -13.0, 0, 0, 255
L -446.0, 124.0, -13.0, -446.0, 184.0, -13.0, 0, 0, 255
L -446.0, 184.0, -13.0, -415.0, 231.0, -13.0, 0, 0, 255
L -415.0, 231.0, -13.0, -448.0, 332.0, -13.0, 0, 0, 255
L -448.0, 332.0, -13.0, -437.0, 389.0, -13.0, 0, 0, 255
L -437.0, 389.0, -13.0, -437.0, 423.0, -13.0, 0, 0, 255
L -437.0, 423.0, -13.0, -448.0, 446.0, -13.0, 0, 0, 255
L -446.0, 524.0, 0.0, -486.0, 560.0, -13.0, 0, 0, 255
L -486.0, 560.0, -13.0, -517.0, 560.0, -14.0, 0, 0, 255
L -517.0, 560.0, -14.0, -537.0, 586.0, -13.0, 0, 0, 255
L -537.0, 586.0, -13.0, -592.0, 586.0, -13.0, 0, 0, 255
L -592.0, 586.0, -13.0, -633.0, 521.0, -13.0, 0, 0, 255
L -633.0, 521.0, -13.0, -617.0, 438.0, -13.0, 0, 0, 255
L -617.0, 438.0, -13.0, -593.0, 390.0, -13.0, 0, 0, 255
L -593.0, 390.0, -13.0, -585.0, 332.0, -13.0, 0, 0, 255
L -585.0, 332.0, -13.0, -615.0, 295.0, -12.0, 0, 0, 255
L -615.0, 295.0, -12.0, -628.0, 286.0, -12.0, 0, 0, 255
L -628.0, 286.0, -12.0, -659.0, 273.0, -33.0, 0, 0, 255
L -477.0, 183.0, -13.0, -477.0, 125.0, -14.0, 0, 0, 255
L -477.0, 125.0, -14.0, -417.0, 72.0, -13.0, 0, 0, 255
L -417.0, 72.0, -13.0, -388.0, 58.0, -13.0, 0, 0, 255
L -388.0, 58.0, -13.0, -346.0, 58.0, -13.0, 0, 0, 255
L -346.0, 58.0, -13.0, -341.0, 53.0, -13.0, 0, 0, 255
L -341.0, 53.0, -13.0, -341.0, 37.0, -13.0, 0, 0, 255
L -341.0, 37.0, -13.0, -323.0, 19.0, -13.0, 0, 0, 255
L -323.0, 19.0, -13.0, -304.0, 19.0, -13.0, 0, 0, 255
L -304.0, 19.0, -13.0, -288.0, -10.0, -13.0, 0, 0, 255
L -293.0, -42.0, -11.0, -288.0, -10.0, -14.0, 0, 0, 255
L -293.0, -51.0, -11.0, -280.0, -73.0, -13.0, 0, 0, 255
L -339.0, 32.0, 0.0, -336.0, 35.0, -14.0, 255, 165, 0
L -336.0, 35.0, -14.0, -331.0, 30.0, -13.0, 255, 165, 0
L -331.0, 30.0, -13.0, -334.0, 27.0, 0.0, 255, 165, 0
L -339.0, 32.0, 0.0, -334.0, 27.0, 0.0, 255, 165, 0
L -477.0, 183.0, -13.0, -453.0, 230.0, -13.0, 0, 0, 255
L -453.0, 230.0, -13.0, -484.0, 333.0, -13.0, 0, 0, 255
L -465.0, 264.0, 0.0, -462.0, 265.0, -15.0, 255, 165, 0
L -462.0, 265.0, -15.0, -464.0, 272.0, -15.0, 255, 165, 0
L -464.0, 272.0, -15.0, -467.0, 271.0, 0.0, 255, 165, 0
L -467.0, 271.0, 0.0, -465.0, 264.0, 0.0, 255, 165, 0
L -484.0, 333.0, -13.0, -497.0, 389.0, -14.0, 0, 0, 255
L -497.0, 389.0, -14.0, -497.0, 437.0, -11.0, 0, 0, 255
L -497.0, 437.0, -11.0, -484.0, 446.0, -13.0, 0, 0, 255
L -484.0, 446.0, -13.0, -486.0, 471.0, 0.0, 0, 0, 255
L -486.0, 524.0, 0.0, -510.0, 534.0, -13.0, 0, 0, 255
L -510.0, 534.0, -13.0, -554.0, 563.0, -13.0, 0, 0, 255
L -554.0, 563.0, -13.0, -593.0, 522.0, -13.0, 0, 0, 255
L -593.0, 522.0, -13.0, -593.0, 437.0, -13.0, 0, 0, 255
L -593.0, 437.0, -13.0, -573.0, 389.0, -11.0, 0, 0, 255
L -573.0, 389.0, -11.0, -573.0, 333.0, -14.0, 0, 0, 255
L -573.0, 333.0, -14.0, -601.0, 275.0, -13.0, 0, 0, 255
L -601.0, 275.0, -13.0, -616.0, 275.0, -13.0, 0, 0, 255
L -616.0, 275.0, -13.0, -629.0, 264.0, -13.0, 0, 0, 255
L -629.0, 264.0, -13.0, -659.0, 253.0, -33.0, 0, 0, 255
L -383.0, -249.0, 0.0, -383.0, -270.0, 0.0, 0, 0, 0
L -383.0, -270.0, 0.0, -361.0, -270.0, 0.0, 0, 0, 0
L -361.0, -270.0, 0.0, -361.0, -249.0, 0.0, 0, 0, 0
L -357.0, -249.0, 0.0, -361.0, -249.0, 0.0, 0, 0, 0
L -357.0, -249.0, 0.0, -357.0, -274.0, 0.0, 0, 0, 0
L -357.0, -274.0, 0.0, -387.0, -274.0, 0.0, 0, 0, 0
L -387.0, -274.0, 0.0, -387.0, -249.0, 0.0, 0, 0, 0
L -383.0, -249.0, 0.0, -387.0, -249.0, 0.0, 0, 0, 0
L -340.0, -234.0, 0.0, -340.0, -238.0, 0.0, 0, 0, 0
L -340.0, -238.0, 0.0, -311.0, -238.0, 0.0, 0, 0, 0
L -311.0, -238.0, 0.0, -311.0, -206.0, 0.0, 0, 0, 0
L -311.0, -206.0, 0.0, -340.0, -206.0, 0.0, 0, 0, 0
L -340.0, -206.0, 0.0, -340.0, -210.0, 0.0, 0, 0, 0
L -340.0, -210.0, 0.0, -315.0, -210.0, 0.0, 0, 0, 0
L -315.0, -210.0, 0.0, -315.0, -234.0, 0.0, 0, 0, 0
L -315.0, -234.0, 0.0, -340.0, -234.0, 0.0, 0, 0, 0
L -303.0, -180.0, 0.0, -303.0, -157.0, 0.0, 127, 64, 0
L -303.0, -157.0, 0.0, -327.0, -157.0, 0.0, 127, 64, 0
L -327.0, -157.0, 0.0, -327.0, -180.0, 0.0, 127, 64, 0
L -327.0, -180.0, 0.0, -303.0, -180.0, 0.0, 127, 64, 0
L -337.0, -173.0, 0.0, -365.0, -173.0, 0.0, 127, 64, 0
L -365.0, -173.0, 0.0, -365.0, -145.0, 0.0, 127, 64, 0
L -365.0, -145.0, 0.0, -337.0, -145.0, 0.0, 127, 64, 0
L -337.0, -145.0, 0.0, -337.0, -173.0, 0.0, 127, 64, 0
L -342.0, -286.0, 0.0, -369.0, -286.0, 0.0, 0, 0, 0
L -369.0, -286.0, 0.0, -384.0, -292.0, 0.0, 0, 0, 0
L -384.0, -292.0, 0.0, -395.0, -304.0, 0.0, 0, 0, 0
L -395.0, -304.0, 0.0, -397.0, -317.0, 0.0, 0, 0, 0
L -397.0, -317.0, 0.0, -395.0, -335.0, 0.0, 0, 0, 0
L -395.0, -335.0, 0.0, -413.0, -344.0, 0.0, 0, 0, 0
L -413.0, -344.0, 0.0, -417.0, -344.0, 0.0, 0, 0, 0
L -417.0, -344.0, 0.0, -415.0, -348.0, 0.0, 0, 0, 0
L -415.0, -348.0, 0.0, -412.0, -348.0, 0.0, 0, 0, 0
L -412.0, -348.0, 0.0, -391.0, -336.0, 0.0, 0, 0, 0
L -391.0, -336.0, 0.0, -393.0, -323.0, 0.0, 0, 0, 0
L -393.0, -323.0, 0.0, -393.0, -316.0, 0.0, 0, 0, 0
L -393.0, -316.0, 0.0, -391.0, -305.0, 0.0, 0, 0, 0
L -391.0, -305.0, 0.0, -382.0, -294.0, 0.0, 0, 0, 0
L -382.0, -294.0, 0.0, -368.0, -289.0, 0.0, 0, 0, 0
L -368.0, -289.0, 0.0, -361.0, -289.0, 0.0, 0, 0, 0
L -344.0, -293.0, 0.0, -361.0, -289.0, 0.0, 0, 0, 0
L -344.0, -293.0, 0.0, -342.0, -286.0, 0.0, 0, 0, 0
L -337.0, -303.0, 0.0, -330.0, -303.0, 0.0, 0, 0, 0
L -330.0, -303.0, 0.0, -330.0, -323.0, 0.0, 0, 0, 0
L -330.0, -323.0, 0.0, -332.0, -335.0, 0.0, 0, 0, 0
L -332.0, -335.0, 0.0, -323.0, -337.0, 0.0, 0, 0, 0
L -323.0, -337.0, 0.0, -319.0, -337.0, 0.0, 0, 0, 0
L -319.0, -337.0, 0.0, -321.0, -341.0, 0.0, 0, 0, 0
L -321.0, -341.0, 0.0, -324.0, -341.0, 0.0, 0, 0, 0
L -324.0, -341.0, 0.0, -337.0, -337.0, 0.0, 0, 0, 0
L -337.0, -337.0, 0.0, -333.0, -323.0, 0.0, 0, 0, 0
L -333.0, -323.0, 0.0, -333.0, -317.0, 0.0, 0, 0, 0
L -333.0, -317.0, 0.0, -337.0, -303.0, 0.0, 0, 0, 0
L -361.0, -349.0, 0.0, -346.0, -346.0, 0.0, 0, 0, 0
L -346.0, -346.0, 0.0, -323.0, -357.0, 0.0, 0, 0, 0
L -323.0, -357.0, 0.0, -319.0, -361.0, 0.0, 0, 0, 0
L -319.0, -361.0, 0.0, -324.0, -361.0, 0.0, 0, 0, 0
L -324.0, -361.0, 0.0, -348.0, -350.0, 0.0, 0, 0, 0
L -348.0, -350.0, 0.0, -357.0, -352.0, 0.0, 0, 0, 0
L -357.0, -352.0, 0.0, -368.0, -352.0, 0.0, 0, 0, 0
L -368.0, -352.0, 0.0, -383.0, -350.0, 0.0, 0, 0, 0
L -383.0, -350.0, 0.0, -412.0, -367.0, 0.0, 0, 0, 0
L -412.0, -367.0, 0.0, -417.0, -367.0, 0.0, 0, 0, 0
L -417.0, -367.0, 0.0, -413.0, -363.0, 0.0, 0, 0, 0
L -413.0, -363.0, 0.0, -384.0, -346.0, 0.0, 0, 0, 0
L -384.0, -346.0, 0.0, -368.0, -349.0, 0.0, 0, 0, 0
L -368.0, -349.0, 0.0, -361.0, -349.0, 0.0, 0, 0, 0
L -261.0, -240.0, 0.0, -261.0, -277.0, 0.0, 0, 0, 0
L -261.0, -277.0, 0.0, -285.0, -277.0, 0.0, 0, 0, 0
L -285.0, -277.0, 0.0, -304.0, -287.0, 0.0, 0, 0, 0
L -304.0, -287.0, 0.0, -304.0, -249.0, 0.0, 0, 0, 0
L -304.0, -249.0, 0.0, -286.0, -249.0, 0.0, 0, 0, 0
L -286.0, -249.0, 0.0, -286.0, -165.0, 0.0, 0, 0, 0
L -286.0, -165.0, 0.0, -271.0, -135.0, 0.0, 0, 0, 0
L -271.0, -135.0, 0.0, -245.0, -136.0, 1.0, 0, 0, 0
L -537.0, 586.0, -13.0, -486.0, 586.0, 0.0, 0, 0, 0
L -486.0, 586.0, 0.0, -422.0, 524.0, 0.0, 0, 0, 0
L -422.0, 524.0, 0.0, -321.0, 415.0, 0.0, 0, 0, 0
L -321.0, 415.0, 0.0, -321.0, 462.0, 0.0, 0, 0, 0
L -220.0, 330.0, 0.0, -85.0, 426.0, 0.0, 150, 150, 150
L -85.0, 426.0, 2.0, -85.0, 308.0, 22.0, 150, 150, 150
L -85.0, 308.0, 22.0, 8.0, 308.0, 11.0, 150, 150, 150
L 8.0, 308.0, 11.0, 38.0, 289.0, 0.0, 150, 150, 150
L 38.0, 289.0, 0.0, 38.0, 117.0, 0.0, 150, 150, 150
L 38.0, 117.0, 0.0, -35.0, 57.0, 0.0, 150, 150, 150
L -35.0, 57.0, 0.0, -299.0, 57.0, 0.0, 150, 150, 150
L -299.0, 57.0, 0.0, -299.0, 231.0, 13.0, 150, 150, 150
L -299.0, 231.0, 13.0, -219.0, 309.0, 12.0, 150, 150, 150
L -220.0, 330.0, 0.0, -323.0, 231.0, 0.0, 150, 150, 150
L -323.0, 231.0, 0.0, -324.0, 66.0, 0.0, 150, 150, 150
L -219.0, 309.0, 12.0, -95.0, 307.0, 48.0, 150, 150, 150
L -95.0, 307.0, 48.0, -219.0, 307.0, 48.0, 150, 150, 150
L -219.0, 307.0, 48.0, -298.0, 230.0, 45.0, 150, 150, 150
L -298.0, 230.0, 45.0, -298.0, 59.0, 44.0, 150, 150, 150
L -298.0, 59.0, 44.0, -36.0, 59.0, 48.0, 150, 150, 150
L -36.0, 59.0, 48.0, 35.0, 117.0, 48.0, 150, 150, 150
L 35.0, 117.0, 48.0, 35.0, 288.0, 48.0, 150, 150, 150
L 35.0, 288.0, 48.0, 6.0, 306.0, 48.0, 150, 150, 150
L 6.0, 306.0, 48.0, -95.0, 307.0, 48.0, 150, 150, 150
L -373.0, 52.0, 0.0, -373.0, 79.0, 0.0, 139, 69, 19
L -373.0, 79.0, 0.0, -345.0, 79.0, 0.0, 139, 69, 19
L -345.0, 79.0, 0.0, -345.0, 52.0, 0.0, 139, 69, 19
L -345.0, 52.0, 0.0, -373.0, 52.0, 0.0, 139, 69, 19
L 77.0, 388.0, 0.0, 85.0, 388.0, 0.0, 0, 0, 0
L 85.0, 388.0, 0.0, 88.0, 335.0, 0.0, 0, 0, 0
L 88.0, 335.0, 0.0, 74.0, 288.0, 0.0, 0, 0, 0
L 74.0, 288.0, 0.0, 74.0, 137.0, 0.0, 0, 0, 0
L 74.0, 137.0, 0.0, 116.0, 58.0, 0.0, 0, 0, 0
L 116.0, 58.0, 0.0, 168.0, 10.0, 0.0, 0, 0, 0
L 168.0, 10.0, 0.0, 188.0, -20.0, 0.0, 0, 0, 0
L 188.0, -20.0, 0.0, 188.0, -71.0, 0.0, 0, 0, 0
L 188.0, -71.0, 0.0, 180.0, -71.0, 0.0, 0, 0, 0
L 180.0, -71.0, 0.0, 180.0, -21.0, 0.0, 0, 0, 0
L 180.0, -21.0, 0.0, 158.0, 9.0, 0.0, 0, 0, 0
L 158.0, 9.0, 0.0, 108.0, 57.0, 0.0, 0, 0, 0
L 108.0, 57.0, 0.0, 68.0, 136.0, 0.0, 0, 0, 0
L 68.0, 289.0, 0.0, 80.0, 335.0, 0.0, 0, 0, 0
L 80.0, 335.0, 0.0, 77.0, 388.0, 0.0, 0, 0, 0
L 180.0, -99.0, 0.0, 180.0, -144.0, 0.0, 0, 0, 0
L 188.0, -99.0, -3.0, 180.0, -99.0, 0.0, 0, 0, 0
L -235.0, -229.0, -11.0, -261.0, -201.0, 31.0, 0, 0, 0
L -261.0, -201.0, 31.0, -261.0, -240.0, 0.0, 0, 0, 0
L -224.0, -207.0, -13.0, -224.0, -173.0, -13.0, 0, 0, 255
L -224.0, -139.0, -13.0, -214.0, -139.0, -13.0, 0, 0, 255
L -214.0, -139.0, -13.0, -176.0, -67.0, -13.0, 0, 0, 255
L -176.0, -67.0, -13.0, -125.0, -35.0, -13.0, 0, 0, 255
L -125.0, -35.0, -13.0, -113.0, -11.0, -13.0, 0, 0, 255
L -113.0, -11.0, -13.0, -101.0, 0.0, -13.0, 0, 0, 255
L -101.0, 0.0, -14.0, -95.0, 4.0, -13.0, 0, 0, 255
L -95.0, 4.0, -13.0, -53.0, 16.0, -13.0, 0, 0, 255
L -53.0, 16.0, -13.0, -31.0, 14.0, -13.0, 0, 0, 255
L -31.0, 14.0, -13.0, -8.0, 30.4, 0.0, 0, 0, 255
L 10.0, 29.6, 0.0, 34.0, 13.0, -12.0, 0, 0, 255
L 34.0, 13.0, -12.0, 60.0, 10.0, -13.0, 0, 0, 255
L 60.0, 10.0, -13.0, 79.0, -20.0, -12.0, 0, 0, 255
L 79.0, -20.0, -12.0, 105.0, -30.0, -13.0, 0, 0, 255
L 105.0, -30.0, -13.0, 118.0, -48.0, -13.0, 0, 0, 255
L 118.0, -48.0, -13.0, 129.0, -70.0, 0.0, 0, 0, 255
L 129.0, -100.0, 0.0, 79.0, -145.0, -13.0, 0, 0, 255
L 79.0, -145.0, -13.0, 65.0, -151.0, -13.0, 0, 0, 255
L 65.0, -151.0, -13.0, 65.0, -183.0, -13.0, 0, 0, 255
L 65.0, -183.0, -13.0, 51.0, -197.0, -10.0, 0, 0, 255
L 51.0, -197.0, -10.0, -20.0, -225.0, -13.0, 0, 0, 255
L -20.0, -225.0, -13.0, -46.0, -237.0, -13.0, 0, 0, 255
L -46.0, -237.0, -13.0, -62.0, -237.0, -13.0, 0, 0, 255
L -62.0, -237.0, -13.0, -91.0, -248.0, -13.0, 0, 0, 255
L -91.0, -248.0, -13.0, -153.0, -272.0, -13.0, 0, 0, 255
L -153.0, -272.0, -13.0, -204.0, -240.0, -13.0, 0, 0, 255
L -204.0, -240.0, -13.0, -224.0, -207.0, -13.0, 0, 0, 255
L 275.0, -132.0, -1.0, 223.0, -140.0, -1.0, 150, 150, 150
L 223.0, -140.0, -1.0, 188.0, -145.0, -3.0, 150, 150, 150
L 173.0, -100.0, 0.0, 129.0, -100.0, 0.0, 139, 69, 19
L 162.0, -70.0, 0.0, 129.0, -70.0, 0.0, 139, 69, 19
L 79.0, -70.0, 0.0, 90.0, -87.0, 0.0, 0, 0, 0
L 90.0, -87.0, 0.0, 79.0, -100.0, 0.0, 0, 0, 0
L 79.0, -100.0, 0.0, 64.0, -100.0, 0.0, 0, 0, 0
L 64.0, -100.0, 0.0, 54.0, -94.0, 0.0, 0, 0, 0
L 54.0, -94.0, 0.0, 52.0, -78.0, 0.0, 0, 0, 0
L 52.0, -78.0, 0.0, 64.0, -70.0, 0.0, 0, 0, 0
L 64.0, -70.0, 0.0, 79.0, -70.0, 0.0, 0, 0, 0
L 24.0, -98.0, 0.0, 33.0, -113.0, 0.0, 0, 0, 0
L 33.0, -113.0, 0.0, 27.0, -122.0, 0.0, 0, 0, 0
L 27.0, -122.0, 0.0, 27.0, -150.0, 0.0, 0, 0, 0
L 50.0, -164.0, 0.0, 27.0, -150.0, 0.0, 0, 0, 0
L 50.0, -164.0, 0.0, 23.0, -183.0, 0.0, 0, 0, 0
L 23.0, -183.0, 0.0, 10.0, -183.0, 0.0, 0, 0, 0
L 10.0, -183.0, 0.0, 2.0, -178.0, 0.0, 0, 0, 0
L 2.0, -178.0, 0.0, -9.0, -197.0, 0.0, 0, 0, 0
L -9.0, -197.0, 0.0, -46.0, -213.0, 0.0, 0, 0, 0
L -46.0, -213.0, 0.0, -63.0, -213.0, 0.0, 0, 0, 0
L -63.0, -213.0, 0.0, -91.0, -197.0, 0.0, 0, 0, 0
L -91.0, -197.0, 0.0, -153.0, -178.0, 0.0, 0, 0, 0
L -153.0, -178.0, 0.0, -174.0, -163.0, 0.0, 0, 0, 0
L -174.0, -163.0, 0.0, -174.0, -140.0, 0.0, 0, 0, 0
L -174.0, -140.0, 0.0, -142.0, -116.0, 0.0, 0, 0, 0
L -142.0, -116.0, 0.0, -137.0, -103.0, 0.0, 0, 0, 0
L -137.0, -103.0, 0.0, -140.0, -99.0, 0.0, 0, 0, 0
L -140.0, -99.0, 0.0, -140.0, -86.0, 0.0, 0, 0, 0
L -140.0, -86.0, 0.0, -136.0, -75.0, 0.0, 0, 0, 0
L -136.0, -75.0, 0.0, -125.0, -67.0, 0.0, 0, 0, 0
L -125.0, -67.0, 0.0, -112.0, -66.0, 0.0, 0, 0, 0
L -112.0, -66.0, 0.0, -92.0, -74.0, 0.0, 0, 0, 0
L -92.0, -74.0, 0.0, -76.0, -73.0, 0.0, 0, 0, 0
L -76.0, -73.0, 0.0, -62.0, -80.0, 0.0, 0, 0, 0
L -62.0, -80.0, 0.0, -48.0, -80.0, 0.0, 0, 0, 0
L -48.0, -80.0, 0.0, -51.0, -75.0, 0.0, 0, 0, 0
L -51.0, -75.0, 0.0, -51.0, -63.0, 0.0, 0, 0, 0
L -51.0, -63.0, 0.0, -60.0, -55.0, 1.0, 0, 0, 0
L -60.0, -55.0, 1.0, -40.0, -44.0, 4.0, 0, 0, 0
L -40.0, -44.0, 4.0, -22.0, -44.0, 4.0, 0, 0, 0
L -28.0, -34.0, 7.0, -27.0, -20.0, 0.0, 0, 0, 0
L -27.0, -20.0, 0.0, -13.0, -20.0, 0.0, 0, 0, 0
L -13.0, -20.0, 0.0, -13.0, -17.0, 0.0, 0, 0, 0
L -22.0, -44.0, 4.0, -28.0, -34.0, 7.0, 0, 0, 0
L -10.0, -17.0, 0.0, -13.0, -17.0, 0.0, 0, 0, 0
L -10.0, -21.0, 2.0, -10.0, -17.0, 0.0, 0, 0, 0
L -10.0, -21.0, 2.0, -23.0, -34.0, 8.0, 0, 0, 0
L -23.0, -34.0, 8.0, -8.0, -50.0, 16.0, 0, 0, 0
L 15.0, -57.0, 16.0, 20.0, -65.0, 16.0, 0, 0, 0
L 20.0, -65.0, 16.0, 22.0, -73.0, 16.0, 0, 0, 0
L 22.0, -73.0, 16.0, 22.0, -77.0, 16.0, 0, 0, 0
L 22.0, -77.0, 16.0, 13.0, -83.0, 16.0, 0, 0, 0
L 13.0, -86.0, 16.0, 13.0, -83.0, 16.0, 0, 0, 0
L -6.0, -56.0, 16.0, -7.0, -52.0, 16.0, 0, 0, 0
L 10.0, -51.0, 16.0, 25.0, -34.0, 8.0, 0, 0, 0
L 25.0, -34.0, 8.0, 12.0, -21.0, 1.0, 0, 0, 0
L 12.0, -17.0, 0.0, 12.0, -21.0, 1.0, 0, 0, 0
L 12.0, -17.0, 0.0, 15.0, -17.0, 0.0, 0, 0, 0
L 15.0, -20.0, 0.0, 15.0, -17.0, 0.0, 0, 0, 0
L 21.0, -45.0, 0.0, 29.0, -34.0, 0.0, 0, 0, 0
L 21.0, -45.0, 0.0, 19.0, -55.0, 0.0, 0, 0, 0
L 19.0, -55.0, 0.0, 23.0, -66.0, 0.0, 0, 0, 0
L 23.0, -66.0, 0.0, 24.0, -70.0, 0.0, 0, 0, 0
L 24.0, -70.0, 0.0, 24.0, -81.0, 0.0, 0, 0, 0
L 24.0, -81.0, 0.0, 13.0, -86.0, 0.0, 0, 0, 0
L 13.0, -86.0, 0.0, 2.0, -86.0, 0.0, 0, 0, 0
L 2.0, -86.0, 0.0, -20.0, -82.0, 0.0, 0, 0, 0
L -20.0, -82.0, 0.0, -26.0, -91.0, 0.0, 0, 0, 0
L -26.0, -91.0, 0.0, -32.0, -98.0, 0.0, 0, 0, 0
L -32.0, -98.0, 0.0, -46.0, -100.0, 0.0, 0, 0, 0
L -46.0, -100.0, 0.0, -53.0, -99.0, 0.0, 0, 0, 0
L -53.0, -99.0, 0.0, -67.0, -99.0, 0.0, 0, 0, 0
L -67.0, -99.0, 0.0, -77.0, -93.0, 0.0, 0, 0, 0
L -77.0, -93.0, 0.0, -92.0, -93.0, 0.0, 0, 0, 0
L -92.0, -93.0, 0.0, -99.0, -103.0, 0.0, 0, 0, 0
L -99.0, -103.0, 0.0, -95.0, -115.0, 0.0, 0, 0, 0
L -95.0, -115.0, 0.0, -94.0, -118.0, 0.0, 0, 0, 0
L -94.0, -118.0, 0.0, -90.0, -124.0, 0.0, 0, 0, 0
L -90.0, -124.0, 0.0, -79.0, -126.0, 0.0, 0, 0, 0
L -79.0, -126.0, 0.0, -63.0, -117.0, 0.0, 0, 0, 0
L -44.0, -117.0, 0.0, -63.0, -117.0, 0.0, 0, 0, 0
L -44.0, -117.0, 0.0, -32.0, -123.0, 0.0, 0, 0, 0
L -32.0, -123.0, 0.0, -26.0, -127.0, 0.0, 0, 0, 0
L -26.0, -127.0, 0.0, -12.0, -134.0, 0.0, 0, 0, 0
L -12.0, -134.0, 0.0, -2.0, -144.0, 0.0, 0, 0, 0
L -2.0, -144.0, 0.0, 2.0, -152.0, 0.0, 0, 0, 0
L 2.0, -152.0, 0.0, 4.0, -152.0, 0.0, 0, 0, 0
L 4.0, -152.0, 0.0, 6.0, -121.0, 0.0, 0, 0, 0
L 6.0, -121.0, 0.0, 12.0, -113.0, 0.0, 0, 0, 0
L 12.0, -113.0, 0.0, 19.0, -107.0, 0.0, 0, 0, 0
L 19.0, -107.0, 0.0, 24.0, -98.0, 0.0, 0, 0, 0
L 62.0, -24.0, 0.0, 62.0, -39.0, 0.0, 0, 64, 0
L 62.0, -39.0, 0.0, 48.0, -43.0, 0.0, 0, 64, 0
L 48.0, -43.0, 0.0, 34.0, -31.0, 0.0, 0, 64, 0
L 34.0, -31.0, 0.0, 43.0, -19.0, 0.0, 0, 64, 0
L 43.0, -19.0, 0.0, 62.0, -24.0, 0.0, 0, 64, 0
L 29.0, -34.0, 0.0, 29.0, -20.0, 0.0, 0, 0, 0
L 29.0, -20.0, 0.0, 15.0, -20.0, 0.0, 0, 0, 0
L 0.0, -86.0, 16.0, 0.0, -83.0, 16.0, 0, 0, 0
L 13.0, -83.0, 12.0, 13.0, -81.0, 12.0, 255, 0, 0
L -6.0, -56.0, 16.0, -6.0, -60.0, 16.0, 0, 0, 0
L -6.0, -60.0, 16.0, -10.0, -68.0, 16.0, 0, 0, 0
L -10.0, -68.0, 16.0, -15.0, -68.0, 16.0, 0, 0, 0
L -15.0, -68.0, 16.0, -15.0, -62.0, 16.0, 0, 0, 0
L -15.0, -62.0, 16.0, -12.0, -55.0, 16.0, 0, 0, 0
L -12.0, -55.0, 16.0, -25.0, -47.0, 16.0, 0, 0, 0
L -25.0, -47.0, 16.0, -38.0, -47.0, 16.0, 0, 0, 0
L -38.0, -47.0, 16.0, -49.0, -55.0, 16.0, 0, 0, 0
L -49.0, -55.0, 16.0, -44.0, -62.0, 16.0, 0, 0, 0
L -44.0, -62.0, 16.0, -44.0, -68.0, 16.0, 0, 0, 0
L -44.0, -68.0, 16.0, -45.0, -72.0, 16.0, 0, 0, 0
L -45.0, -72.0, 16.0, -35.0, -78.0, 16.0, 0, 0, 0
L -35.0, -78.0, 16.0, -40.0, -88.0, 16.0, 0, 0, 0
L -40.0, -88.0, 16.0, -47.0, -83.0, 16.0, 0, 0, 0
L -47.0, -83.0, 16.0, -67.0, -83.0, 16.0, 0, 0, 0
L -67.0, -83.0, 16.0, -77.0, -77.0, 16.0, 0, 0, 0
L -77.0, -77.0, 16.0, -103.0, -77.0, 16.0, 0, 0, 0
L -103.0, -77.0, 16.0, -114.0, -71.0, 16.0, 0, 0, 0
L -114.0, -71.0, 16.0, -123.0, -71.0, 16.0, 0, 0, 0
L -123.0, -71.0, 16.0, -132.0, -77.0, 16.0, 0, 0, 0
L -132.0, -77.0, 16.0, -136.0, -88.0, 16.0, 0, 0, 0
L -136.0, -88.0, 16.0, -136.0, -97.0, 16.0, 0, 0, 0
L -136.0, -97.0, 16.0, -131.0, -102.0, 16.0, 0, 0, 0
L -131.0, -102.0, 16.0, -135.0, -111.0, 16.0, 0, 0, 0
L -135.0, -111.0, 16.0, -135.0, -115.0, 16.0, 0, 0, 0
L -135.0, -115.0, 16.0, -138.0, -119.0, 16.0, 0, 0, 0
L -138.0, -119.0, 16.0, -152.0, -127.0, 16.0, 0, 0, 0
L -152.0, -127.0, 16.0, -170.0, -143.0, 16.0, 0, 0, 0
L -170.0, -143.0, 16.0, -170.0, -160.0, 16.0, 0, 0, 0
L -170.0, -160.0, 16.0, -152.0, -174.0, 16.0, 0, 0, 0
L -152.0, -174.0, 16.0, -90.0, -192.0, 16.0, 0, 0, 0
L -90.0, -192.0, 16.0, -61.0, -210.0, 16.0, 0, 0, 0
L -61.0, -210.0, 16.0, -48.0, -210.0, 16.0, 0, 0, 0
L -48.0, -210.0, 16.0, -11.0, -192.0, 16.0, 0, 0, 0
L -11.0, -192.0, 16.0, -7.0, -188.0, 17.0, 0, 0, 0
L -7.0, -188.0, 17.0, 0.0, -169.0, 16.0, 0, 0, 0
L 0.0, -169.0, 16.0, 3.0, -169.0, 16.0, 0, 0, 0
L 3.0, -169.0, 16.0, 5.0, -174.0, 16.0, 0, 0, 0
L 5.0, -174.0, 16.0, 11.0, -177.0, 16.0, 0, 0, 0
L 11.0, -177.0, 16.0, 22.0, -177.0, 16.0, 0, 0, 0
L 22.0, -177.0, 16.0, 30.0, -172.0, 16.0, 0, 0, 0
L 30.0, -172.0, 16.0, 43.0, -164.0, 16.0, 0, 0, 0
L 43.0, -164.0, 16.0, 30.0, -157.0, 16.0, 0, 0, 0
L 30.0, -157.0, 16.0, 22.0, -151.0, 16.0, 0, 0, 0
L 22.0, -151.0, 16.0, 22.0, -148.0, 16.0, 0, 0, 0
L 22.0, -148.0, 16.0, 24.0, -144.0, 16.0, 0, 0, 0
L 24.0, -144.0, 16.0, 21.0, -120.0, 21.0, 0, 0, 0
L 21.0, -120.0, 21.0, 26.0, -116.0, 25.0, 0, 204, 0
L 26.0, -116.0, 25.0, 28.0, -112.0, 25.0, 0, 204, 0
L 28.0, -112.0, 25.0, 34.0, -108.0, 27.0, 0, 204, 0
L 55.0, -81.0, 30.0, 47.0, -81.0, 30.0, 0, 204, 0
L 33.0, -93.0, 29.0, 25.0, -101.0, 27.0, 0, 204, 0
L 25.0, -101.0, 27.0, 21.0, -109.0, 25.0, 0, 204, 0
L 21.0, -109.0, 25.0, 13.0, -117.0, 23.0, 0, 204, 0
L 13.0, -117.0, 23.0, 11.0, -121.0, 22.0, 0, 0, 0
L 11.0, -121.0, 22.0, 9.0, -144.0, 16.0, 0, 0, 0
L 9.0, -144.0, 16.0, 11.0, -148.0, 16.0, 0, 0, 0
L 11.0, -148.0, 16.0, 11.0, -151.0, 16.0, 0, 0, 0
L 11.0, -151.0, 16.0, 5.0, -155.0, 16.0, 0, 0, 0
L 5.0, -155.0, 16.0, 3.0, -159.0, 16.0, 0, 0, 0
L -7.0, -143.0, 17.0, -11.0, -139.0, 16.0, 0, 0, 0
L -11.0, -139.0, 16.0, -48.0, -121.0, 16.0, 0, 0, 0
L -48.0, -121.0, 16.0, -60.0, -121.0, 16.0, 0, 0, 0
L -60.0, -121.0, 16.0, -79.0, -132.0, 17.0, 0, 0, 0
L -79.0, -132.0, 16.0, -91.0, -127.0, 16.0, 0, 0, 0
L -91.0, -127.0, 16.0, -97.0, -119.0, 16.0, 0, 0, 0
L -97.0, -119.0, 16.0, -99.0, -115.0, 16.0, 0, 0, 0
L -99.0, -115.0, 16.0, -99.0, -111.0, 16.0, 0, 0, 0
L -99.0, -111.0, 16.0, -104.0, -102.0, 16.0, 0, 0, 0
L -104.0, -102.0, 16.0, -93.0, -90.0, 16.0, 0, 0, 0
L -93.0, -90.0, 16.0, -76.0, -90.0, 16.0, 0, 0, 0
L -76.0, -90.0, 16.0, -66.0, -95.0, 16.0, 0, 0, 0
L -66.0, -95.0, 16.0, -52.0, -96.0, 16.0, 0, 0, 0
L -52.0, -96.0, 16.0, -46.0, -97.0, 16.0, 0, 0, 0
L -46.0, -97.0, 16.0, -33.0, -96.0, 16.0, 0, 0, 0
L -33.0, -96.0, 16.0, -21.0, -77.0, 16.0, 0, 0, 0
L -21.0, -77.0, 16.0, -17.0, -80.0, 16.0, 0, 0, 0
L -17.0, -80.0, 16.0, 0.0, -83.0, 16.0, 0, 0, 0
L 34.0, -108.0, 27.0, 38.0, -104.0, 28.0, 0, 204, 0
L 38.0, -104.0, 28.0, 38.0, -100.0, 28.0, 0, 204, 0
L 38.0, -100.0, 28.0, 46.0, -91.0, 30.0, 0, 204, 0
L 46.0, -91.0, 30.0, 55.0, -92.0, 30.0, 0, 204, 0
L 33.0, -93.0, 29.0, 47.0, -81.0, 30.0, 0, 204, 0
L 55.0, -81.0, 30.0, 66.0, -75.0, 30.0, 0, 204, 0
L 66.0, -75.0, 30.0, 77.0, -75.0, 30.0, 0, 204, 0
L 77.0, -75.0, 30.0, 82.0, -86.0, 30.0, 0, 204, 0
L 82.0, -86.0, 30.0, 77.0, -96.0, 30.0, 0, 204, 0
L 77.0, -96.0, 30.0, 66.0, -96.0, 30.0, 0, 204, 0
L 66.0, -96.0, 30.0, 55.0, -92.0, 30.0, 0, 204, 0
L -420.0, -311.0, 0.0, -405.0, -314.0, 0.0, 0, 0, 0
L -405.0, -314.0, 0.0, -404.0, -325.0, 0.0, 0, 0, 0
L -404.0, -325.0, 0.0, -415.0, -329.0, 0.0, 0, 0, 0
L -425.0, -321.0, 0.0, -415.0, -329.0, 0.0, 0, 0, 0
L -425.0, -321.0, 0.0, -420.0, -311.0, 0.0, 0, 0, 0
L 10.0, 15.0, 0.0, 10.0, 29.6, 0.0, 139, 69, 19
L -8.0, 15.0, 0.0, -8.0, 30.4, 0.0, 139, 69, 19
L -560.0, -57.0, -19.0, -550.0, -46.0, -22.0, 0, 0, 0
L -235.0, -174.0, -13.0, -247.0, -165.0, 0.0, 0, 0, 0
L -247.0, -165.0, 0.0, -245.0, -136.0, 1.0, 0, 0, 0
L -89.0, -66.0, 0.0, -76.0, -71.0, 0.0, 0, 64, 0
L -76.0, -71.0, 0.0, -67.0, -56.0, 0.0, 0, 64, 0
L -67.0, -56.0, 0.0, -74.0, -42.0, 0.0, 0, 64, 0
L -74.0, -42.0, 0.0, -89.0, -46.0, 0.0, 0, 64, 0
L -89.0, -46.0, 0.0, -89.0, -66.0, 0.0, 0, 64, 0
L -174.0, -295.0, 0.0, -172.0, -292.0, -14.0, 255, 165, 0
L -172.0, -292.0, -14.0, -166.0, -296.0, -14.0, 255, 165, 0
L -166.0, -296.0, -14.0, -168.0, -299.0, 0.0, 255, 165, 0
L -168.0, -299.0, 0.0, -174.0, -295.0, 0.0, 255, 165, 0
L 68.0, 136.0, 0.0, 68.0, 289.0, 0.0, 0, 0, 0
L -224.0, -173.0, -13.0, -213.0, -161.0, 0.0, 127, 64, 0
L -213.0, -161.0, 0.0, -173.0, -206.0, 0.0, 127, 64, 0
L -173.0, -206.0, 1.0, -151.0, -239.0, 1.0, 127, 64, 0
L -151.0, -239.0, 1.0, -151.0, -272.0, 1.0, 127, 64, 0
L -332.0, -264.0, 0.0, -337.0, -266.0, 0.0, 0, 0, 0
L -337.0, -272.0, 0.0, -337.0, -266.0, 0.0, 0, 0, 0
L -337.0, -272.0, 0.0, -326.0, -283.0, 0.0, 0, 0, 0
L -326.0, -283.0, 0.0, -322.0, -283.0, 0.0, 0, 0, 0
L -322.0, -283.0, 0.0, -311.0, -272.0, 0.0, 0, 0, 0
L -311.0, -268.0, 0.0, -311.0, -272.0, 0.0, 0, 0, 0
L -311.0, -268.0, 0.0, -322.0, -256.0, 0.0, 0, 0, 0
L -322.0, -256.0, 0.0, -328.0, -256.0, 0.0, 0, 0, 0
L -329.0, -259.0, 0.0, -328.0, -256.0, 0.0, 0, 0, 0
L -323.0, -259.0, 0.0, -329.0, -262.0, 0.0, 0, 0, 0
L -323.0, -259.0, 0.0, -314.0, -269.0, 0.0, 0, 0, 0
L -314.0, -269.0, 0.0, -325.0, -280.0, 0.0, 0, 0, 0
L -325.0, -280.0, 0.0, -334.0, -271.0, 0.0, 0, 0, 0
L -334.0, -271.0, 0.0, -332.0, -264.0, 0.0, 0, 0, 0
L -329.0, -259.0, 0.0, -329.0, -262.0, 0.0, 0, 0, 0
L -704.0, 80.0, -30.0, -694.0, 92.0, -30.0, 0, 0, 0
L -704.0, 111.0, -30.0, -711.0, 111.0, -30.0, 0, 0, 0
L -721.0, 92.0, -30.0, -711.0, 80.0, -30.0, 0, 0, 0
L -692.0, 89.0, -30.0, -702.0, 78.0, -30.0, 0, 0, 0
L -711.0, 80.0, -30.0, -704.0, 80.0, -30.0, 0, 0, 0
L -692.0, 101.0, -30.0, -682.0, 101.0, -30.0, 0, 0, 0
L -688.0, 99.0, -30.0, -682.0, 101.0, -30.0, 0, 0, 0
L -711.0, 111.0, -30.0, -721.0, 99.0, -30.0, 0, 0, 0
L -688.0, 92.0, -30.0, -682.0, 90.0, -30.0, 0, 0, 0
L -724.0, 101.0, -30.0, -713.0, 113.0, -30.0, 0, 0, 0
L -688.0, 99.0, -30.0, -694.0, 99.0, -30.0, 0, 0, 0
L -682.0, 90.0, -30.0, -692.0, 89.0, -30.0, 0, 0, 0
L -694.0, 99.0, -30.0, -704.0, 111.0, -30.0, 0, 0, 0
L -713.0, 78.0, -30.0, -724.0, 90.0, -30.0, 0, 0, 0
L -721.0, 99.0, -30.0, -721.0, 92.0, -30.0, 0, 0, 0
L -702.0, 113.0, -30.0, -692.0, 101.0, -30.0, 0, 0, 0
L -694.0, 92.0, -30.0, -688.0, 92.0, -30.0, 0, 0, 0
L -702.0, 78.0, -30.0, -713.0, 78.0, -30.0, 0, 0, 0
L -724.0, 90.0, -30.0, -724.0, 101.0, -30.0, 0, 0, 0
L -713.0, 113.0, -30.0, -702.0, 113.0, -30.0, 0, 0, 0
L -15.0, -155.0, 16.0, -10.0, -155.0, 16.0, 150, 150, 150
L -6.0, -157.0, 16.0, -6.0, -171.0, 16.0, 150, 150, 150
L -15.0, -173.0, 16.0, -15.0, -169.0, 16.0, 150, 150, 150
L -10.0, -173.0, 16.0, -10.0, -171.0, 16.0, 150, 150, 150
L -10.0, -171.0, 16.0, -10.0, -169.0, 16.0, 150, 150, 150
L -10.0, -171.0, 16.0, -6.0, -171.0, 16.0, 150, 150, 150
L -10.0, -173.0, 16.0, -15.0, -173.0, 16.0, 150, 150, 150
L -10.0, -169.0, 16.0, -10.0, -159.0, 16.0, 150, 150, 150
L -15.0, -169.0, 16.0, -15.0, -159.0, 16.0, 150, 150, 150
L -10.0, -169.0, 16.0, -15.0, -169.0, 16.0, 150, 150, 150
L 0.0, -159.0, 16.0, -7.0, -143.0, 16.0, 0, 0, 0
L 0.0, -159.0, 16.0, 3.0, -159.0, 16.0, 0, 0, 0
L -10.0, -159.0, 16.0, -10.0, -157.0, 16.0, 150, 150, 150
L -15.0, -159.0, 16.0, -15.0, -155.0, 16.0, 150, 150, 150
L -10.0, -159.0, 16.0, -15.0, -159.0, 16.0, 150, 150, 150
L -10.0, -157.0, 16.0, -10.0, -155.0, 16.0, 150, 150, 150
L -10.0, -157.0, 16.0, -6.0, -157.0, 16.0, 150, 150, 150
L -235.0, -229.0, -11.0, -235.0, -239.0, -11.0, 0, 0, 255
L -224.0, -173.0, -13.0, -224.0, -139.0, -13.0, 0, 0, 255
L -448.0, 446.0, -13.0, -446.0, 471.0, 0.0, 0, 0, 255
L -446.0, 471.0, 0.0, -486.0, 471.0, 0.0, 127, 64, 0
L -486.0, 524.0, 0.0, -446.0, 524.0, 0.0, 127, 64, 0
L 156.0, -276.0, 0.0, 157.0, -276.0, -8.0, 0, 0, 0
L 106.0, -276.0, -43.0, 157.0, -276.0, -8.0, 0, 0, 0
L 106.0, -276.0, -43.0, 106.0, -276.0, 0.0, 0, 0, 0
L 157.0, -276.0, 0.0, 157.0, -262.0, 0.0, 150, 150, 150
L 157.0, -276.0, -8.0, 157.0, -262.0, -12.0, 0, 0, 0
L 157.0, -262.0, 0.0, 137.0, -251.0, 0.0, 150, 150, 150
L 157.0, -262.0, -12.0, 137.0, -251.0, -27.0, 0, 0, 0
L 137.0, -251.0, 0.0, 106.0, -276.0, 0.0, 150, 150, 150
L 137.0, -251.0, -27.0, 106.0, -276.0, -43.0, 0, 0, 0
L 156.0, -276.0, 0.0, 106.0, -276.0, 0.0, 0, 0, 0
L -142.0, 662.0, 0.0, -142.0, 677.0, 0.0, 0, 0, 0
L -185.0, 662.0, 0.0, -185.0, 677.0, 0.0, 0, 0, 0
L -478.0, 127.0, -10.0, -491.0, 146.0, -1.0, 0, 0, 0
L -491.0, 146.0, -1.0, -493.0, 166.0, 0.0, 0, 0, 0
L -493.0, 166.0, 0.0, -502.0, 166.0, 0.0, 0, 0, 0
L -502.0, 166.0, 0.0, -502.0, 176.0, 0.0, 0, 0, 0
L -502.0, 176.0, 0.0, -503.0, 179.0, 8.0, 0, 0, 0
L -503.0, 179.0, 8.0, -571.0, 204.0, 8.0, 0, 0, 0
L -531.0, 12.0, -11.0, -530.0, 123.0, -1.0, 0, 0, 0
L -530.0, 123.0, -1.0, -573.0, 124.0, -9.0, 0, 0, 0
L -573.0, 124.0, -9.0, -608.0, 163.0, -17.0, 0, 0, 0
L -608.0, 163.0, -17.0, -613.0, 220.0, 4.0, 0, 0, 0
L -613.0, 220.0, 4.0, -572.0, 220.0, 0.0, 0, 0, 0
L -572.0, 220.0, 0.0, -571.0, 204.0, 8.0, 0, 0, 0
L -560.0, -74.0, -24.0, -571.0, -74.0, -24.0, 0, 0, 0
L -571.0, -74.0, -24.0, -574.0, -74.0, -24.0, 0, 0, 0
L -398.0, -154.0, 1.0, -400.0, -151.0, 1.0, 0, 0, 255
L -400.0, -151.0, 1.0, -400.0, -149.0, 1.0, 0, 0, 255
L -400.0, -149.0, 1.0, -397.0, -145.0, 1.0, 0, 0, 255
L -397.0, -145.0, 1.0, -383.0, -145.0, 1.0, 0, 0, 255
L -383.0, -145.0, 1.0, -381.0, -149.0, 1.0, 0, 0, 255
L -381.0, -149.0, 1.0, -381.0, -151.0, 1.0, 0, 0, 255
L -381.0, -151.0, 1.0, -383.0, -154.0, 1.0, 0, 0, 255
L -383.0, -154.0, 1.0, -398.0, -154.0, 1.0, 0, 0, 255
L -380.0, -198.0, 2.0, -376.0, -194.0, 2.0, 255, 0, 0
L -376.0, -194.0, 2.0, -369.0, -193.0, 2.0, 255, 0, 0
L -369.0, -193.0, 2.0, -364.0, -193.0, 2.0, 255, 0, 0
L -364.0, -193.0, 2.0, -357.0, -194.0, 2.0, 255, 0, 0
L -357.0, -194.0, 2.0, -353.0, -198.0, 2.0, 255, 0, 0
L -353.0, -198.0, 2.0, -353.0, -204.0, 2.0, 255, 0, 0
L -353.0, -204.0, 2.0, -357.0, -214.0, 2.0, 255, 0, 0
L -357.0, -214.0, 2.0, -366.0, -217.0, 2.0, 255, 0, 0
L -366.0, -217.0, 2.0, -376.0, -214.0, 2.0, 255, 0, 0
L -376.0, -214.0, 2.0, -380.0, -204.0, 2.0, 255, 0, 0
L -380.0, -204.0, 2.0, -380.0, -198.0, 2.0, 255, 0, 0
L 71.0, 18.0, 0.0, 75.0, 16.0, 0.0, 255, 165, 0
L 75.0, 16.0, 0.0, 75.0, 14.0, -23.0, 255, 165, 0
L 75.0, 14.0, -23.0, 71.0, 16.0, -23.0, 255, 165, 0
L 71.0, 16.0, -23.0, 71.0, 18.0, 0.0, 255, 165, 0
L -7.0, -52.0, 16.0, -8.0, -50.0, 16.0, 0, 0, 0
L 10.0, -51.0, 16.0, 10.0, -52.0, 16.0, 0, 0, 0
L 10.0, -53.0, 16.0, 15.0, -57.0, 16.0, 0, 0, 0
L 5.0, -53.0, 16.0, -2.0, -53.0, 16.0, 205, 133, 63
L -2.0, -51.0, 16.0, 5.0, -51.0, 16.0, 205, 133, 63
L 5.0, -53.0, 16.0, 5.0, -52.0, 16.0, 205, 133, 63
L -2.0, -53.0, 16.0, -2.0, -52.0, 16.0, 205, 133, 63
L 10.0, -52.0, 16.0, 10.0, -53.0, 16.0, 0, 0, 0
L 10.0, -52.0, 16.0, 5.0, -52.0, 16.0, 205, 133, 63
L 5.0, -52.0, 16.0, 5.0, -51.0, 16.0, 205, 133, 63
L -2.0, -52.0, 16.0, -2.0, -51.0, 16.0, 205, 133, 63
L -2.0, -52.0, 16.0, -7.0, -52.0, 16.0, 205, 133, 63
L 13.0, -81.0, 12.0, 0.0, -81.0, 12.0, 255, 0, 0
L 0.0, -83.0, 12.0, 0.0, -81.0, 12.0, 255, 0, 0
L -17.0, -77.0, -3.0, -17.0, -80.0, -3.0, 255, 0, 0
L 22.0, -80.0, -3.0, 13.0, -83.0, -3.0, 255, 0, 0
L -17.0, -80.0, -3.0, 0.0, -83.0, -3.0, 255, 0, 0
L 22.0, -77.0, -3.0, -17.0, -77.0, -3.0, 255, 0, 0
L 22.0, -80.0, -3.0, 22.0, -77.0, -3.0, 255, 0, 0
L 13.0, -83.0, -3.0, 0.0, -83.0, -3.0, 255, 0, 0
L 13.0, -83.0, 12.0, 0.0, -83.0, 12.0, 255, 0, 0
L -709.0, 21.0, -30.0, -703.0, 21.0, -30.0, 205, 133, 63
L -703.0, 24.0, -30.0, -709.0, 24.0, -30.0, 205, 133, 63
L -700.0, 22.0, -30.0, -703.0, 22.0, -30.0, 205, 133, 63
L -709.0, 21.0, -30.0, -709.0, 22.0, -30.0, 205, 133, 63
L -709.0, 22.0, -30.0, -712.0, 22.0, -30.0, 205, 133, 63
L -709.0, 22.0, -30.0, -709.0, 24.0, -30.0, 205, 133, 63
L -703.0, 21.0, -30.0, -703.0, 22.0, -30.0, 205, 133, 63
L -703.0, 22.0, -30.0, -703.0, 24.0, -30.0, 205, 133, 63
L -446.0, 471.0, 0.0, -433.9, 471.0, 0.0, 139, 69, 19
L -446.0, 524.0, 0.0, -433.9, 524.0, 0.0, 139, 69, 19
L -486.0, 471.0, 0.0, -493.8, 471.0, 0.0, 139, 69, 19
L -486.0, 524.0, 0.0, -493.8, 524.0, 0.0, 139, 69, 19
L -493.8, 524.0, 0.0, -493.8, 518.9, 0.0, 139, 69, 19
L -433.9, 524.0, 0.0, -433.9, 518.9, 0.0, 139, 69, 19
L -433.9, 518.9, 0.0, -493.8, 518.9, 0.0, 139, 69, 19
L -433.9, 471.0, 0.0, -433.9, 477.0, 0.0, 139, 69, 19
L -493.8, 471.0, 0.0, -493.8, 477.0, 0.0, 139, 69, 19
L -493.8, 477.0, 0.0, -433.9, 477.0, 0.0, 139, 69, 19
L 10.0, 29.6, 0.0, 10.0, 52.0, 0.0, 139, 69, 19
L -8.0, 30.4, 0.0, -8.0, 52.0, 0.0, 139, 69, 19
L 10.0, 52.0, 0.0, 7.8, 52.0, 0.0, 139, 69, 19
L 7.8, 52.0, 0.0, 7.8, 14.8, 0.0, 139, 69, 19
L 7.8, 14.8, 0.0, 10.0, 15.0, 0.0, 139, 69, 19
L -8.0, 15.0, 0.0, -5.3, 15.0, 0.0, 139, 69, 19
L -8.0, 52.0, 0.0, -5.3, 52.0, 0.0, 139, 69, 19
L -5.3, 52.0, 0.0, -5.3, 15.0, 0.0, 139, 69, 19
L 129.0, -70.0, 0.0, 129.0, -74.0, 0.0, 139, 69, 19
L 129.0, -100.0, 0.0, 129.0, -96.1, 0.0, 139, 69, 19
L 173.0, -100.0, 0.0, 173.0, -96.1, 0.0, 139, 69, 19
L 173.0, -96.1, 0.0, 129.0, -96.1, 0.0, 139, 69, 19
L 173.0, -70.0, 0.0, 162.0, -70.0, 0.0, 139, 69, 19
L 173.0, -74.0, 0.0, 173.0, -70.0, 0.0, 139, 69, 19
L 129.0, -74.0, 0.0, 173.0, -74.0, 0.0, 139, 69, 19
L -786.0, -49.0, -30.0, -786.0, -51.1, -30.0, 139, 69, 19
L -811.0, -49.0, -33.0, -811.0, -51.1, -33.0, 139, 69, 19
L -811.0, -51.1, -33.0, -786.0, -51.1, -30.0, 139, 69, 19
L -787.0, -63.0, -33.0, -787.0, -60.8, -33.0, 139, 69, 19
L -787.0, -60.8, -33.0, -811.0, -60.8, -33.0, 139, 69, 19
L -811.0, -60.8, -33.0, -811.0, -63.0, -33.0, 139, 69, 19
L -793.6, -49.0, -30.9, -786.0, -49.0, -30.0, 139, 69, 19
