L 381.5, -487.0, -67.5, 394.0, -475.0, -59.0, 0, 0, 0
L 394.0, -475.0, -59.0, 408.0, -466.0, -61.0, 0, 0, 0
L 408.0, -466.0, -61.0, 415.0, -428.0, -65.0, 0, 0, 0
L 415.0, -428.0, -65.0, 416.0, -413.0, -62.0, 0, 0, 0
L 416.0, -413.0, -62.0, 416.0, -406.0, -59.0, 0, 0, 0
L 416.0, -406.0, -59.0, 415.0, -366.0, -43.0, 0, 0, 0
L 415.0, -366.0, -43.0, 416.0, -364.0, -42.0, 0, 0, 0
L 416.0, -364.0, -42.0, 433.0, -335.0, -26.0, 0, 0, 0
L 433.0, -335.0, -26.0, 447.0, -306.0, -12.0, 0, 0, 0
L 447.0, -306.0, -12.0, 469.0, -293.0, -7.0, 0, 0, 0
L 442.0, -426.0, -62.0, 437.0, -445.0, -62.0, 0, 0, 0
L 437.0, -445.0, -62.0, 437.0, -465.0, -66.0, 0, 0, 0
L 437.0, -465.0, -66.0, 456.0, -480.0, -71.0, 0, 0, 0
L 456.0, -480.0, -71.0, 439.0, -500.0, -69.0, 127, 64, 0
L 439.0, -500.0, -69.0, 401.0, -498.0, -70.0, 127, 64, 0
L 401.0, -498.0, -70.0, 367.0, -521.0, -75.0, 127, 64, 0
L 367.0, -521.0, -75.0, 373.0, -562.0, -75.0, 127, 64, 0
L 373.0, -562.0, -75.0, 368.0, -585.0, -73.0, 127, 64, 0
L 368.0, -585.0, -73.0, 389.0, -619.0, -70.0, 127, 64, 0
L 389.0, -619.0, -70.0, 422.0, -617.0, -69.0, 127, 64, 0
L 422.0, -617.0, -69.0, 445.0, -637.0, -68.0, 127, 64, 0
L 445.0, -637.0, -68.0, 425.0, -654.0, -68.0, 0, 0, 0
L 425.0, -654.0, -68.0, 429.0, -689.0, -60.0, 0, 0, 0
L 429.0, -689.0, -60.0, 446.0, -715.3, -64.0, 0, 0, 0
L 781.0, -795.0, -347.0, 805.0, -783.0, -345.0, 102, 0, 204
L 805.0, -783.0, -345.0, 806.0, -782.0, -344.0, 102, 0, 204
L 806.0, -782.0, -344.0, 814.0, -761.0, -341.0, 102, 0, 204
L 814.0, -761.0, -341.0, 811.0, -742.0, -353.0, 102, 0, 204
L 811.0, -742.0, -353.0, 811.0, -740.0, -354.0, 102, 0, 204
L 811.0, -740.0, -354.0, 808.0, -718.0, -368.0, 102, 0, 204
L 808.0, -718.0, -368.0, 767.0, -680.0, -388.0, 102, 0, 204
L 767.0, -680.0, -388.0, 741.0, -668.0, -391.0, 102, 0, 204
L 741.0, -668.0, -391.0, 693.0, -663.0, -391.0, 102, 0, 204
L 693.0, -663.0, -391.0, 689.0, -652.0, -391.0, 102, 0, 204
L 689.0, -652.0, -391.0, 688.0, -650.0, -391.0, 102, 0, 204
L 688.0, -650.0, -391.0, 675.0, -635.0, -396.0, 102, 0, 204
L 675.0, -635.0, -396.0, 652.0, -632.0, -404.0, 102, 0, 204
L 652.0, -632.0, -404.0, 614.0, -629.0, -405.0, 102, 0, 204
L 614.0, -629.0, -405.0, 586.0, -603.0, -402.0, 102, 0, 204
L 586.0, -603.0, -402.0, 552.0, -602.0, -402.0, 102, 0, 204
L 552.0, -602.0, -402.0, 539.0, -621.0, -401.0, 102, 0, 204
L 539.0, -621.0, -401.0, 535.0, -621.0, -401.0, 102, 0, 204
L 535.0, -621.0, -401.0, 527.0, -605.0, -401.0, 102, 0, 204
L 527.0, -605.0, -401.0, 514.0, -585.0, -400.0, 102, 0, 204
L 514.0, -585.0, -400.0, 462.0, -579.0, -406.0, 102, 0, 204
L 462.0, -579.0, -406.0, 439.0, -582.0, -413.0, 102, 0, 204
L 439.0, -582.0, -413.0, 432.0, -584.0, -415.0, 102, 0, 204
L 432.0, -584.0, -415.0, 424.0, -610.0, -413.0, 102, 0, 204
L 424.0, -610.0, -413.0, 415.0, -623.0, -415.0, 102, 0, 204
L 415.0, -623.0, -415.0, 400.0, -627.0, -418.0, 102, 0, 204
L 400.0, -627.0, -418.0, 378.0, -620.0, -415.0, 102, 0, 204
L 378.0, -620.0, -415.0, 378.0, -618.0, -415.0, 102, 0, 204
L 378.0, -618.0, -415.0, 379.0, -594.0, -405.0, 102, 0, 204
L 379.0, -594.0, -405.0, 379.0, -592.0, -404.0, 102, 0, 204
L 379.0, -592.0, -404.0, 378.0, -579.0, -413.0, 102, 0, 204
L 378.0, -579.0, -413.0, 378.0, -571.0, -411.0, 102, 0, 204
L 378.0, -571.0, -411.0, 379.0, -567.0, -411.0, 102, 0, 204
L 379.0, -567.0, -411.0, 394.0, -520.0, -404.0, 102, 0, 204
L 394.0, -520.0, -404.0, 426.0, -516.0, -401.0, 178, 102, 255
L 426.0, -516.0, -401.0, 451.0, -512.0, -389.0, 178, 102, 255
L 451.0, -512.0, -389.0, 479.0, -510.0, -381.0, 178, 102, 255
L 479.0, -510.0, -381.0, 490.0, -511.0, -376.0, 178, 102, 255
L 490.0, -511.0, -376.0, 520.0, -511.0, -370.0, 178, 102, 255
L 520.0, -511.0, -370.0, 537.0, -511.0, -368.0, 178, 102, 255
L 537.0, -511.0, -368.0, 557.0, -505.0, -367.0, 178, 102, 255
L 557.0, -505.0, -367.0, 558.0, -504.0, -366.0, 178, 102, 255
L 558.0, -504.0, -366.0, 591.0, -470.0, -371.0, 178, 102, 255
L 591.0, -470.0, -371.0, 607.0, -465.0, -367.0, 178, 102, 255
L 607.0, -465.0, -367.0, 621.0, -467.0, -360.0, 178, 102, 255
L 621.0, -467.0, -360.0, 655.0, -480.0, -365.0, 178, 102, 255
L 655.0, -480.0, -365.0, 657.0, -485.0, -366.0, 178, 102, 255
L 657.0, -485.0, -366.0, 704.0, -515.0, -368.0, 178, 102, 255
L 704.0, -515.0, -368.0, 712.0, -527.0, -371.0, 178, 102, 255
L 712.0, -527.0, -371.0, 748.0, -574.0, -382.0, 178, 102, 255
L 748.0, -574.0, -382.0, 750.0, -591.0, -380.0, 178, 102, 255
L 750.0, -591.0, -380.0, 756.0, -627.0, -395.0, 178, 102, 255
L 756.0, -627.0, -395.0, 760.0, -627.0, -394.0, 178, 102, 255
L 760.0, -627.0, -394.0, 757.0, -650.0, -393.0, 102, 0, 204
L 757.0, -650.0, -393.0, 758.0, -652.0, -392.0, 102, 0, 204
L 758.0, -652.0, -392.0, 813.0, -681.0, -373.0, 102, 0, 204
L 813.0, -681.0, -373.0, 812.0, -691.0, -370.0, 102, 0, 204
L 812.0, -691.0, -370.0, 827.0, -722.0, -365.0, 102, 0, 204
L 827.0, -722.0, -365.0, 840.0, -749.0, -354.0, 102, 0, 204
L 840.0, -749.0, -354.0, 838.0, -774.0, -347.0, 102, 0, 204
L 838.0, -774.0, -347.0, 830.0, -781.0, -347.0, 102, 0, 204
L 830.0, -781.0, -347.0, 829.0, -809.0, -347.0, 102, 0, 204
L 829.0, -809.0, -347.0, 833.2, -815.2, -348.0, 102, 0, 204
L 804.3, -936.9, -341.0, 779.0, -939.0, -329.0, 204, 0, 204
L 779.0, -939.0, -329.0, 762.0, -946.0, -329.0, 204, 0, 204
L 762.0, -946.0, -329.0, 747.0, -960.0, -335.0, 204, 0, 204
L 747.0, -960.0, -335.0, 747.0, -962.0, -334.0, 204, 0, 204
L 747.0, -962.0, -334.0, 722.0, -997.0, -320.0, 204, 0, 204
L 722.0, -997.0, -320.0, 682.0, -1026.0, -310.0, 204, 0, 204
L 682.0, -1026.0, -310.0, 671.0, -1050.0, -312.0, 204, 0, 204
L 671.0, -1050.0, -312.0, 668.0, -1057.0, -312.0, 204, 0, 204
L 668.0, -1057.0, -312.0, 657.0, -1069.0, -312.0, 204, 0, 204
L 657.0, -1069.0, -312.0, 636.0, -1092.0, -312.0, 204, 0, 204
L 636.0, -1092.0, -312.0, 611.0, -1101.0, -307.0, 204, 0, 204
L 611.0, -1101.0, -307.0, 611.0, -1099.0, -306.0, 204, 0, 204
L 611.0, -1099.0, -306.0, 595.0, -1095.0, -299.0, 204, 0, 204
L 595.0, -1095.0, -299.0, 564.0, -1072.0, -296.0, 204, 0, 204
L 564.0, -1072.0, -296.0, 562.0, -1007.0, -294.0, 204, 0, 204
L 562.0, -1007.0, -294.0, 564.0, -1006.0, -291.0, 204, 0, 204
L 564.0, -1006.0, -291.0, 595.0, -989.0, -283.0, 204, 0, 204
L 595.0, -989.0, -283.0, 612.0, -978.0, -296.0, 204, 0, 204
L 612.0, -978.0, -296.0, 615.0, -968.0, -293.0, 204, 0, 204
L 615.0, -968.0, -293.0, 617.0, -965.0, -294.0, 204, 0, 204
L 617.0, -965.0, -294.0, 621.0, -947.0, -294.0, 204, 0, 204
L 621.0, -947.0, -294.0, 620.0, -928.0, -291.0, 204, 0, 204
L 620.0, -928.0, -291.0, 613.0, -908.0, -282.0, 204, 0, 204
L 613.0, -908.0, -282.0, 611.0, -901.0, -283.0, 204, 0, 204
L 611.0, -901.0, -283.0, 602.0, -891.0, -280.0, 204, 0, 204
L 602.0, -891.0, -280.0, 591.0, -884.0, -278.0, 204, 0, 204
L 591.0, -884.0, -278.0, 588.0, -882.0, -278.0, 204, 0, 204
L 588.0, -882.0, -278.0, 561.0, -864.0, -277.0, 204, 0, 204
L 561.0, -864.0, -277.0, 525.0, -844.0, -265.0, 204, 0, 204
L 525.0, -844.0, -265.0, 512.0, -825.0, -260.0, 204, 0, 204
L 512.0, -825.0, -260.0, 514.0, -793.0, -258.0, 204, 0, 204
L 514.0, -793.0, -258.0, 515.0, -787.0, -258.0, 204, 0, 204
L 515.0, -787.0, -258.0, 518.0, -761.0, -253.0, 204, 0, 204
L 518.0, -761.0, -253.0, 512.0, -733.0, -244.0, 204, 0, 204
L 512.0, -733.0, -244.0, 506.0, -701.0, -237.0, 204, 0, 204
L 506.0, -701.0, -237.0, 481.0, -670.0, -223.0, 204, 0, 204
L 481.0, -670.0, -223.0, 488.3, -638.5, -222.2, 204, 0, 204
L 390.4, -622.8, -246.0, 383.0, -621.0, -247.0, 204, 0, 204
L 383.0, -621.0, -247.0, 375.0, -593.0, -258.0, 204, 0, 204
L 375.0, -593.0, -258.0, 376.0, -581.0, -263.0, 204, 0, 204
L 376.0, -581.0, -263.0, 378.0, -567.0, -268.0, 204, 0, 204
L 378.0, -567.0, -268.0, 375.0, -543.0, -276.0, 204, 0, 204
L 375.0, -543.0, -276.0, 384.0, -514.0, -279.0, 204, 0, 204
L 384.0, -514.0, -279.0, 389.0, -511.0, -279.0, 204, 0, 204
L 389.0, -511.0, -279.0, 409.9, -514.8, -276.0, 204, 0, 204
L 497.0, -652.0, -368.0, 495.0, -633.0, -369.0, 178, 102, 255
L 495.0, -633.0, -369.0, 497.0, -610.0, -372.0, 178, 102, 255
L 578.0, -511.0, -369.0, 593.0, -500.0, -369.0, 178, 102, 255
L 593.0, -500.0, -369.0, 625.0, -496.0, -365.0, 178, 102, 255
L 625.0, -496.0, -365.0, 652.0, -506.0, -366.0, 178, 102, 255
L 652.0, -506.0, -366.0, 676.0, -523.0, -368.0, 178, 102, 255
L 676.0, -523.0, -368.0, 711.0, -553.0, -376.0, 178, 102, 255
L 711.0, -553.0, -376.0, 722.0, -571.0, -381.0, 178, 102, 255
L 722.0, -571.0, -381.0, 721.0, -605.0, -391.0, 178, 102, 255
L 721.0, -605.0, -391.0, 721.0, -612.0, -391.0, 178, 102, 255
L 721.0, -612.0, -391.0, 697.0, -624.0, -391.0, 102, 0, 204
L 697.0, -624.0, -391.0, 669.0, -616.0, -397.0, 102, 0, 204
L 669.0, -616.0, -397.0, 644.0, -616.0, -402.0, 102, 0, 204
L 644.0, -616.0, -402.0, 628.0, -613.0, -404.0, 102, 0, 204
L 628.0, -613.0, -404.0, 624.0, -589.0, -399.0, 102, 0, 204
L 624.0, -589.0, -399.0, 631.0, -554.0, -401.0, 102, 0, 204
L 631.0, -554.0, -401.0, 622.0, -517.0, -407.0, 102, 0, 204
L 622.0, -517.0, -407.0, 621.0, -489.0, -412.0, 102, 0, 204
L 621.0, -489.0, -412.0, 640.0, -469.0, -409.0, 102, 0, 204
L 640.0, -469.0, -409.0, 652.0, -464.0, -409.0, 102, 0, 204
L 652.0, -464.0, -409.0, 667.0, -460.0, -410.0, 102, 0, 204
L 667.0, -460.0, -410.0, 672.0, -459.0, -411.0, 102, 0, 204
L 672.0, -459.0, -411.0, 705.0, -454.0, -411.0, 102, 0, 204
L 705.0, -454.0, -411.0, 716.0, -451.0, -410.0, 102, 0, 204
L 716.0, -451.0, -410.0, 730.0, -444.0, -411.0, 102, 0, 204
L 730.0, -444.0, -411.0, 757.0, -406.0, -415.0, 102, 0, 204
L 757.0, -406.0, -415.0, 757.0, -395.0, -416.0, 102, 0, 204
L 757.0, -395.0, -416.0, 757.0, -364.0, -421.0, 102, 0, 204
L 757.0, -364.0, -421.0, 747.1, -343.4, -419.3, 102, 0, 204
L 729.0, -368.0, -417.0, 738.0, -400.0, -413.0, 102, 0, 204
L 738.0, -400.0, -413.0, 711.0, -423.0, -408.0, 102, 0, 204
L 711.0, -423.0, -408.0, 694.0, -429.0, -409.0, 102, 0, 204
L 694.0, -429.0, -409.0, 680.0, -436.0, -413.0, 102, 0, 204
L 680.0, -436.0, -413.0, 658.0, -435.0, -412.0, 102, 0, 204
L 658.0, -435.0, -412.0, 635.0, -438.0, -410.0, 102, 0, 204
L 635.0, -438.0, -410.0, 620.0, -445.0, -409.0, 102, 0, 204
L 620.0, -445.0, -409.0, 602.0, -473.0, -414.0, 102, 0, 204
L 602.0, -473.0, -414.0, 598.0, -501.0, -412.0, 102, 0, 204
L 598.0, -501.0, -412.0, 591.0, -513.0, -409.0, 102, 0, 204
L 591.0, -513.0, -409.0, 598.0, -526.0, -407.0, 102, 0, 204
L 598.0, -526.0, -407.0, 610.0, -547.0, -403.0, 102, 0, 204
L 610.0, -547.0, -403.0, 596.0, -580.0, -402.0, 102, 0, 204
L 596.0, -580.0, -402.0, 581.0, -580.0, -401.0, 102, 0, 204
L 581.0, -580.0, -401.0, 570.0, -585.0, -401.0, 102, 0, 204
L 570.0, -585.0, -401.0, 549.0, -574.0, -402.0, 102, 0, 204
L 549.0, -574.0, -402.0, 551.0, -561.0, -402.0, 102, 0, 204
L 551.0, -561.0, -402.0, 543.0, -545.0, -401.0, 102, 0, 204
L 543.0, -545.0, -401.0, 516.0, -528.0, -416.0, 102, 0, 204
L 516.0, -528.0, -416.0, 494.0, -520.0, -416.0, 102, 0, 204
L 494.0, -520.0, -416.0, 475.0, -524.0, -416.0, 102, 0, 204
L 475.0, -524.0, -416.0, 450.0, -523.0, -416.0, 102, 0, 204
L 450.0, -523.0, -416.0, 429.0, -529.0, -417.0, 102, 0, 204
L 429.0, -529.0, -417.0, 400.0, -537.0, -414.0, 102, 0, 204
L 400.0, -537.0, -414.0, 393.0, -568.0, -415.0, 102, 0, 204
L 393.0, -568.0, -415.0, 390.0, -584.0, -416.0, 102, 0, 204
L 781.0, -795.0, -347.0, 755.0, -793.0, -358.0, 102, 0, 204
L 755.0, -793.0, -358.0, 733.0, -804.0, -351.0, 102, 0, 204
L 733.0, -804.0, -351.0, 715.0, -802.0, -344.0, 102, 0, 204
L 715.0, -802.0, -344.0, 712.0, -833.0, -347.0, 102, 0, 204
L 712.0, -833.0, -347.0, 713.0, -834.0, -348.0, 102, 0, 204
L 713.0, -834.0, -348.0, 721.0, -868.0, -359.0, 102, 0, 204
L 721.0, -868.0, -359.0, 724.0, -892.0, -355.0, 102, 0, 204
L 724.0, -892.0, -355.0, 743.0, -899.0, -348.0, 102, 0, 204
L 743.0, -899.0, -348.0, 745.0, -898.0, -348.0, 102, 0, 204
L 745.0, -898.0, -348.0, 763.0, -897.0, -349.0, 127, 64, 0
L 763.0, -897.0, -349.0, 772.0, -911.0, -346.0, 127, 64, 0
L 772.0, -911.0, -346.0, 776.0, -921.0, -335.0, 127, 64, 0
L 776.0, -921.0, -335.0, 751.0, -910.0, -334.0, 127, 64, 0
L 751.0, -910.0, -334.0, 736.0, -914.0, -336.0, 204, 0, 204
L 736.0, -914.0, -336.0, 738.0, -930.0, -335.0, 204, 0, 204
L 738.0, -930.0, -335.0, 732.0, -948.0, -334.0, 204, 0, 204
L 732.0, -948.0, -334.0, 714.0, -964.0, -323.0, 204, 0, 204
L 714.0, -964.0, -323.0, 698.0, -978.0, -316.0, 204, 0, 204
L 698.0, -978.0, -316.0, 680.0, -1004.0, -313.0, 204, 0, 204
L 680.0, -1004.0, -313.0, 665.0, -1016.0, -310.0, 204, 0, 204
L 665.0, -1016.0, -310.0, 640.0, -1017.0, -309.0, 204, 0, 204
L 640.0, -1017.0, -309.0, 630.0, -983.0, -296.0, 204, 0, 204
L 630.0, -983.0, -296.0, 639.0, -952.0, -294.0, 204, 0, 204
L 639.0, -952.0, -294.0, 639.0, -926.0, -288.0, 204, 0, 204
L 639.0, -926.0, -288.0, 628.0, -890.0, -278.0, 204, 0, 204
L 628.0, -890.0, -278.0, 623.0, -881.0, -277.0, 204, 0, 204
L 623.0, -881.0, -277.0, 618.0, -876.0, -275.0, 204, 0, 204
L 618.0, -876.0, -275.0, 611.0, -868.0, -275.0, 204, 0, 204
L 611.0, -868.0, -275.0, 584.0, -857.0, -277.0, 204, 0, 204
L 584.0, -857.0, -277.0, 568.0, -848.0, -276.0, 204, 0, 204
L 568.0, -848.0, -276.0, 550.0, -830.0, -266.0, 204, 0, 204
L 550.0, -830.0, -266.0, 533.0, -802.0, -257.0, 204, 0, 204
L 533.0, -802.0, -257.0, 532.0, -786.0, -256.0, 204, 0, 204
L 532.0, -786.0, -256.0, 541.0, -754.0, -251.0, 204, 0, 204
L 541.0, -754.0, -251.0, 539.0, -722.0, -239.0, 204, 0, 204
L 539.0, -722.0, -239.0, 519.0, -696.0, -234.0, 204, 0, 204
L 519.0, -696.0, -234.0, 506.0, -662.0, -222.0, 204, 0, 204
L 506.0, -662.0, -222.0, 505.0, -651.0, -221.0, 204, 0, 204
L 505.0, -651.0, -221.0, 518.0, -623.0, -223.0, 204, 0, 204
L 518.0, -623.0, -223.0, 540.0, -617.0, -228.0, 204, 0, 204
L 540.0, -617.0, -228.0, 524.0, -607.0, -222.0, 127, 64, 0
L 524.0, -607.0, -222.0, 506.0, -607.0, -224.0, 127, 64, 0
L 506.0, -607.0, -224.0, 492.0, -611.0, -222.0, 127, 64, 0
L 492.0, -611.0, -222.0, 473.0, -612.0, -224.0, 127, 64, 0
L 473.0, -612.0, -224.0, 457.0, -609.0, -226.0, 127, 64, 0
L 457.0, -609.0, -226.0, 428.0, -597.0, -238.0, 127, 64, 0
L 428.0, -597.0, -238.0, 412.0, -598.0, -243.0, 127, 64, 0
L 412.0, -598.0, -243.0, 401.0, -605.0, -246.0, 127, 64, 0
L 401.0, -605.0, -246.0, 389.0, -606.0, -249.0, 127, 64, 0
L 389.0, -606.0, -249.0, 394.0, -591.0, -252.0, 127, 64, 0
L 394.0, -591.0, -252.0, 394.0, -563.0, -269.0, 127, 64, 0
L 394.0, -563.0, -269.0, 395.0, -528.0, -276.0, 127, 64, 0
L 395.0, -528.0, -276.0, 416.0, -534.0, -276.0, 127, 64, 0
L 416.0, -534.0, -276.0, 441.0, -528.0, -299.0, 127, 64, 0
L 441.0, -528.0, -299.0, 447.0, -545.0, -301.0, 127, 64, 0
L 447.0, -545.0, -301.0, 463.0, -570.0, -295.0, 127, 64, 0
L 463.0, -570.0, -295.0, 496.0, -606.0, -290.0, 127, 64, 0
L 496.0, -606.0, -290.0, 497.0, -609.0, -278.0, 139, 69, 19
L 497.0, -609.0, -278.0, 510.0, -612.0, -293.0, 0, 204, 204
L 510.0, -612.0, -293.0, 532.0, -609.0, -295.0, 0, 204, 204
L 532.0, -609.0, -295.0, 563.0, -616.0, -293.0, 0, 204, 204
L 563.0, -616.0, -293.0, 575.0, -586.0, -286.0, 0, 204, 204
L 575.0, -586.0, -286.0, 566.0, -565.0, -285.0, 0, 204, 204
L 566.0, -565.0, -285.0, 570.0, -544.0, -281.0, 0, 204, 204
L 570.0, -544.0, -281.0, 551.0, -509.0, -277.0, 0, 204, 204
L 551.0, -509.0, -277.0, 532.0, -494.0, -277.0, 0, 204, 204
L 532.0, -494.0, -277.0, 533.0, -470.0, -276.0, 0, 204, 204
L 533.0, -470.0, -276.0, 537.0, -448.0, -274.0, 0, 204, 204
L 537.0, -448.0, -274.0, 547.0, -435.0, -270.0, 0, 204, 204
L 547.0, -435.0, -270.0, 556.0, -401.0, -260.0, 0, 204, 204
L 556.0, -401.0, -260.0, 563.0, -369.0, -248.0, 0, 204, 204
L 563.0, -369.0, -248.0, 565.0, -343.0, -242.0, 0, 204, 204
L 565.0, -343.0, -242.0, 582.0, -319.0, -234.0, 0, 204, 204
L 582.0, -319.0, -234.0, 583.0, -317.0, -233.0, 0, 204, 204
L 583.0, -317.0, -233.0, 611.0, -295.0, -220.0, 0, 204, 204
L 611.0, -295.0, -220.0, 636.0, -289.0, -223.0, 0, 204, 204
L 636.0, -289.0, -223.0, 656.0, -314.0, -210.0, 0, 204, 204
L 656.0, -314.0, -210.0, 654.0, -326.0, -208.0, 0, 204, 204
L 654.0, -326.0, -208.0, 649.0, -334.0, -204.0, 0, 204, 204
L 649.0, -334.0, -204.0, 614.0, -367.0, -193.0, 0, 204, 204
L 614.0, -367.0, -193.0, 611.0, -373.0, -192.0, 0, 204, 204
L 611.0, -373.0, -192.0, 608.0, -401.0, -184.0, 0, 204, 204
L 608.0, -401.0, -184.0, 606.0, -412.0, -179.0, 0, 204, 204
L 606.0, -412.0, -179.0, 598.0, -419.0, -177.0, 0, 204, 204
L 598.0, -419.0, -177.0, 566.0, -434.0, -171.0, 0, 204, 204
L 566.0, -434.0, -171.0, 543.0, -447.0, -168.0, 0, 204, 204
L 555.0, -466.0, -164.0, 555.0, -463.0, -159.0, 0, 204, 204
L 555.0, -463.0, -159.0, 574.0, -454.0, -169.0, 0, 204, 204
L 574.0, -454.0, -169.0, 614.0, -433.0, -172.0, 0, 204, 204
L 614.0, -433.0, -172.0, 623.0, -426.0, -175.0, 0, 204, 204
L 623.0, -426.0, -175.0, 629.0, -414.0, -179.0, 0, 204, 204
L 629.0, -414.0, -179.0, 630.0, -408.0, -182.0, 0, 204, 204
L 630.0, -408.0, -182.0, 640.0, -374.0, -192.0, 0, 204, 204
L 640.0, -374.0, -192.0, 659.0, -346.0, -206.0, 0, 204, 204
L 659.0, -346.0, -206.0, 668.0, -327.0, -208.0, 0, 204, 204
L 668.0, -327.0, -208.0, 671.0, -325.0, -208.0, 0, 204, 204
L 671.0, -325.0, -208.0, 716.0, -315.0, -206.0, 0, 204, 204
L 716.0, -315.0, -206.0, 731.0, -307.0, -208.0, 0, 204, 204
L 731.0, -307.0, -208.0, 732.0, -303.0, -208.0, 0, 204, 204
L 732.0, -303.0, -208.0, 736.0, -281.0, -206.0, 0, 204, 204
L 736.0, -281.0, -206.0, 730.0, -261.0, -207.0, 0, 204, 204
L 730.0, -261.0, -207.0, 728.0, -251.0, -207.0, 0, 204, 204
L 728.0, -251.0, -207.0, 689.0, -215.0, -217.0, 0, 204, 204
L 689.0, -215.0, -217.0, 671.0, -217.0, -223.0, 0, 204, 204
L 671.0, -217.0, -223.0, 657.0, -224.0, -219.0, 0, 204, 204
L 657.0, -224.0, -219.0, 634.0, -245.0, -223.0, 0, 204, 204
L 634.0, -245.0, -223.0, 619.0, -244.0, -222.0, 0, 204, 204
L 619.0, -244.0, -222.0, 618.0, -266.0, -218.0, 0, 204, 204
L 618.0, -266.0, -218.0, 575.0, -292.0, -230.0, 0, 204, 204
L 575.0, -292.0, -230.0, 552.0, -311.0, -239.0, 0, 204, 204
L 552.0, -311.0, -239.0, 544.0, -352.0, -250.0, 0, 204, 204
L 544.0, -352.0, -250.0, 542.0, -363.0, -252.0, 0, 204, 204
L 542.0, -363.0, -252.0, 537.0, -376.0, -254.0, 0, 204, 204
L 537.0, -376.0, -254.0, 531.0, -427.0, -269.0, 0, 204, 204
L 531.0, -427.0, -269.0, 518.0, -442.0, -275.0, 0, 204, 204
L 518.0, -442.0, -275.0, 513.0, -470.0, -277.0, 0, 204, 204
L 513.0, -470.0, -277.0, 511.0, -503.0, -278.0, 0, 204, 204
L 511.0, -503.0, -278.0, 505.0, -507.0, -277.0, 0, 204, 204
L 505.0, -507.0, -277.0, 503.0, -509.0, -277.0, 0, 204, 204
L 544.0, -446.0, -168.0, 528.0, -470.0, -163.0, 0, 204, 204
L 528.0, -470.0, -163.0, 520.0, -501.0, -164.0, 0, 204, 204
L 520.0, -501.0, -164.0, 487.0, -503.0, -172.0, 0, 204, 204
L 487.0, -503.0, -172.0, 473.0, -503.0, -174.0, 0, 204, 204
L 473.0, -503.0, -174.0, 451.0, -504.0, -179.0, 0, 204, 204
L 451.0, -504.0, -179.0, 425.0, -507.0, -183.0, 0, 204, 204
L 425.0, -507.0, -183.0, 405.0, -501.0, -183.0, 0, 204, 0
L 405.0, -501.0, -183.0, 391.0, -482.0, -181.0, 0, 204, 0
L 391.0, -482.0, -181.0, 390.0, -454.0, -178.0, 0, 204, 0
L 390.0, -454.0, -178.0, 385.0, -432.0, -169.0, 0, 204, 0
L 385.0, -432.0, -169.0, 384.0, -401.0, -159.0, 0, 204, 0
L 384.0, -401.0, -159.0, 386.0, -373.0, -153.0, 0, 204, 0
L 386.0, -373.0, -153.0, 419.0, -354.0, -135.0, 0, 204, 0
L 419.0, -354.0, -135.0, 458.0, -356.0, -133.0, 0, 204, 0
L 458.0, -356.0, -133.0, 461.0, -359.0, -132.0, 0, 204, 0
L 461.0, -359.0, -132.0, 471.0, -392.0, -124.0, 0, 204, 0
L 471.0, -392.0, -124.0, 481.0, -413.0, -116.0, 0, 204, 0
L 481.0, -413.0, -116.0, 491.0, -453.0, -83.0, 0, 204, 0
L 491.0, -453.0, -83.0, 492.0, -458.0, -81.0, 0, 204, 0
L 492.0, -458.0, -81.0, 483.0, -492.0, -69.0, 0, 204, 0
L 534.0, -515.0, -69.0, 526.0, -510.0, -69.0, 0, 204, 0
L 526.0, -510.0, -69.0, 507.0, -503.0, -70.0, 0, 204, 0
L 507.0, -503.0, -70.0, 515.0, -482.0, -70.0, 0, 204, 0
L 515.0, -482.0, -70.0, 523.0, -471.0, -75.0, 0, 204, 0
L 523.0, -471.0, -75.0, 522.0, -467.0, -76.0, 0, 204, 0
L 522.0, -467.0, -76.0, 505.0, -427.0, -99.0, 0, 204, 0
L 505.0, -427.0, -99.0, 490.0, -371.0, -133.0, 0, 204, 0
L 490.0, -371.0, -133.0, 491.0, -366.0, -133.0, 0, 204, 0
L 491.0, -366.0, -133.0, 510.0, -338.0, -130.0, 0, 204, 0
L 510.0, -338.0, -130.0, 497.0, -316.0, -133.0, 0, 204, 0
L 497.0, -316.0, -133.0, 468.0, -297.0, -132.0, 0, 204, 0
L 468.0, -297.0, -132.0, 437.0, -314.0, -132.0, 0, 204, 0
L 437.0, -314.0, -132.0, 425.0, -331.0, -131.0, 0, 204, 0
L 425.0, -331.0, -131.0, 407.0, -335.0, -139.0, 0, 204, 0
L 407.0, -335.0, -139.0, 381.0, -352.0, -150.0, 0, 204, 0
L 381.0, -352.0, -150.0, 366.0, -369.0, -154.0, 0, 204, 0
L 366.0, -369.0, -154.0, 362.0, -402.0, -163.0, 0, 204, 0
L 362.0, -402.0, -163.0, 367.0, -431.0, -173.0, 0, 204, 0
L 367.0, -431.0, -173.0, 370.0, -486.0, -181.0, 0, 204, 0
L 370.0, -486.0, -181.0, 382.0, -510.0, -183.0, 0, 204, 0
L 382.0, -510.0, -183.0, 367.0, -527.0, -183.0, 0, 204, 0
L 367.0, -527.0, -183.0, 361.0, -536.0, -171.0, 0, 204, 0
L 361.0, -536.0, -171.0, 367.0, -555.0, -183.0, 0, 204, 0
L 367.0, -555.0, -183.0, 370.0, -535.0, -183.0, 127, 64, 0
L 370.0, -535.0, -183.0, 391.0, -520.0, -184.0, 127, 64, 0
L 391.0, -520.0, -184.0, 416.0, -536.0, -180.0, 127, 64, 0
L 416.0, -536.0, -180.0, 414.0, -559.0, -176.0, 127, 64, 0
L 414.0, -559.0, -176.0, 415.0, -596.0, -173.0, 127, 64, 0
L 415.0, -596.0, -173.0, 401.0, -620.0, -170.0, 127, 64, 0
L 401.0, -620.0, -170.0, 414.0, -636.0, -166.0, 0, 204, 204
L 414.0, -636.0, -166.0, 394.0, -658.0, -168.0, 0, 204, 204
L 394.0, -658.0, -168.0, 392.0, -670.0, -171.0, 0, 204, 204
L 392.0, -670.0, -171.0, 398.0, -698.0, -174.0, 0, 204, 204
L 398.0, -698.0, -174.0, 400.0, -707.0, -173.0, 0, 204, 204
L 400.0, -707.0, -173.0, 391.0, -744.0, -177.0, 0, 204, 0
L 391.0, -744.0, -177.0, 356.0, -777.0, -180.0, 0, 204, 0
L 356.0, -777.0, -180.0, 355.0, -779.0, -180.0, 0, 204, 0
L 355.0, -779.0, -180.0, 337.0, -799.0, -174.0, 0, 204, 0
L 337.0, -799.0, -174.0, 324.0, -806.0, -176.0, 0, 204, 0
L 324.0, -806.0, -176.0, 358.0, -843.0, -167.0, 0, 204, 0
L 358.0, -843.0, -167.0, 361.0, -867.0, -158.0, 0, 204, 0
L 361.0, -867.0, -158.0, 363.0, -878.0, -154.0, 0, 204, 0
L 363.0, -878.0, -154.0, 372.0, -907.0, -145.0, 0, 204, 0
L 372.0, -907.0, -145.0, 387.0, -892.0, -140.0, 0, 204, 0
L 387.0, -892.0, -140.0, 401.0, -875.0, -136.0, 0, 204, 0
L 401.0, -875.0, -136.0, 433.0, -865.0, -124.0, 0, 204, 0
L 433.0, -865.0, -124.0, 459.0, -850.0, -114.0, 0, 204, 0
L 459.0, -850.0, -114.0, 474.0, -843.0, -121.0, 0, 204, 0
L 474.0, -843.0, -121.0, 484.0, -865.0, -117.0, 0, 204, 0
L 484.0, -865.0, -117.0, 495.0, -900.0, -119.0, 0, 204, 0
L 495.0, -900.0, -119.0, 494.0, -932.0, -123.0, 0, 204, 0
L 494.0, -932.0, -123.0, 492.0, -943.0, -124.0, 0, 204, 0
L 492.0, -943.0, -124.0, 491.0, -952.0, -124.0, 0, 204, 0
L 491.0, -952.0, -124.0, 477.0, -987.0, -122.0, 0, 204, 0
L 477.0, -987.0, -122.0, 475.0, -1025.0, -119.0, 0, 204, 0
L 475.0, -1025.0, -119.0, 476.0, -1030.0, -120.0, 0, 204, 0
L 476.0, -1030.0, -120.0, 469.0, -1060.0, -119.0, 0, 204, 0
L 469.0, -1060.0, -119.0, 475.0, -1084.0, -117.0, 0, 204, 0
L 475.0, -1084.0, -117.0, 502.0, -1108.0, -118.0, 0, 204, 0
L 502.0, -1108.0, -118.0, 531.0, -1098.0, -119.0, 0, 204, 0
L 531.0, -1098.0, -119.0, 534.0, -1088.0, -119.0, 0, 204, 0
L 534.0, -1088.0, -119.0, 538.0, -1085.0, -119.0, 0, 204, 0
L 538.0, -1085.0, -119.0, 563.0, -1065.0, -113.0, 0, 204, 0
L 563.0, -1065.0, -113.0, 584.0, -1052.0, -111.0, 0, 204, 0
L 584.0, -1052.0, -111.0, 640.0, -1042.0, -106.0, 0, 204, 0
L 640.0, -1042.0, -106.0, 670.0, -1021.0, -108.0, 0, 204, 0
L 670.0, -1021.0, -108.0, 665.0, -997.0, -109.0, 0, 204, 0
L 665.0, -997.0, -109.0, 651.0, -970.0, -104.0, 0, 204, 0
L 651.0, -970.0, -104.0, 618.0, -966.0, -105.0, 0, 204, 0
L 618.0, -966.0, -105.0, 600.0, -951.0, -94.0, 0, 204, 0
L 600.0, -951.0, -94.0, 584.0, -939.0, -84.0, 0, 204, 0
L 584.0, -939.0, -84.0, 585.0, -931.0, -81.0, 0, 204, 0
L 585.0, -931.0, -81.0, 580.0, -930.0, -79.0, 0, 204, 0
L 580.0, -930.0, -79.0, 558.0, -931.0, -76.0, 0, 204, 0
L 558.0, -931.0, -76.0, 546.0, -930.0, -75.0, 0, 204, 0
L 546.0, -930.0, -75.0, 525.0, -935.0, -75.0, 0, 204, 0
L 525.0, -935.0, -75.0, 505.0, -944.0, -75.0, 0, 204, 0
L 505.0, -944.0, -75.0, 471.0, -927.0, -72.0, 0, 0, 0
L 471.0, -927.0, -72.0, 434.0, -884.0, -63.0, 0, 0, 0
L 408.0, -883.0, -65.0, 418.0, -900.0, -65.0, 0, 0, 0
L 418.0, -900.0, -65.0, 419.0, -904.0, -64.0, 0, 0, 0
L 419.0, -904.0, -64.0, 446.0, -929.0, -74.0, 0, 0, 0
L 446.0, -929.0, -74.0, 447.0, -950.0, -76.0, 0, 0, 0
L 447.0, -950.0, -76.0, 436.0, -968.0, -74.0, 0, 0, 0
L 436.0, -968.0, -74.0, 424.0, -976.0, -76.0, 0, 0, 0
L 424.0, -976.0, -76.0, 393.0, -988.0, -74.0, 0, 0, 0
L 393.0, -988.0, -74.0, 374.0, -1013.0, -75.0, 0, 0, 0
L 374.0, -1013.0, -75.0, 365.0, -1025.0, -77.0, 0, 0, 0
L 365.0, -1025.0, -77.0, 367.0, -1048.0, -79.0, 0, 0, 0
L 367.0, -1048.0, -79.0, 380.0, -1088.0, -82.0, 0, 0, 0
L 380.0, -1088.0, -82.0, 386.0, -1097.0, -82.0, 0, 0, 0
L 386.0, -1097.0, -82.0, 377.0, -1133.0, -78.0, 0, 0, 0
L 377.0, -1133.0, -78.0, 392.0, -1160.0, -81.0, 0, 0, 0
L 392.0, -1160.0, -81.0, 437.0, -1165.0, -81.0, 0, 0, 0
L 437.0, -1165.0, -81.0, 451.0, -1140.0, -81.0, 0, 0, 0
L 451.0, -1140.0, -81.0, 433.0, -1113.0, -82.0, 0, 0, 0
L 433.0, -1113.0, -82.0, 415.0, -1104.0, -80.0, 0, 0, 0
L 415.0, -1104.0, -80.0, 401.0, -1082.0, -81.0, 0, 0, 0
L 401.0, -1082.0, -81.0, 389.0, -1027.0, -75.0, 0, 0, 0
L 389.0, -1027.0, -75.0, 391.0, -1022.0, -75.0, 0, 0, 0
L 391.0, -1022.0, -75.0, 405.0, -1006.0, -72.0, 0, 0, 0
L 405.0, -1006.0, -72.0, 418.0, -1001.0, -72.0, 0, 0, 0
L 418.0, -1001.0, -72.0, 442.0, -992.0, -75.0, 0, 0, 0
L 442.0, -992.0, -75.0, 443.0, -993.0, -73.0, 0, 0, 0
L 443.0, -993.0, -73.0, 461.0, -999.0, -75.0, 0, 0, 0
L 461.0, -999.0, -75.0, 485.0, -994.0, -72.0, 0, 0, 0
L 485.0, -994.0, -72.0, 503.0, -968.0, -73.0, 0, 0, 0
L 503.0, -968.0, -73.0, 531.0, -960.0, -74.0, 0, 204, 0
L 531.0, -960.0, -74.0, 547.0, -956.0, -76.0, 0, 204, 0
L 547.0, -956.0, -76.0, 579.0, -963.0, -91.0, 0, 204, 0
L 579.0, -963.0, -91.0, 605.0, -981.0, -103.0, 0, 204, 0
L 605.0, -981.0, -103.0, 611.0, -1013.0, -108.0, 0, 204, 0
L 611.0, -1013.0, -108.0, 605.0, -1024.0, -106.0, 0, 204, 0
L 605.0, -1024.0, -106.0, 577.0, -1028.0, -111.0, 0, 204, 0
L 577.0, -1028.0, -111.0, 538.0, -1057.0, -119.0, 0, 204, 0
L 538.0, -1057.0, -119.0, 511.0, -1046.0, -119.0, 0, 204, 0
L 511.0, -1046.0, -119.0, 497.0, -1030.0, -118.0, 0, 204, 0
L 497.0, -1030.0, -118.0, 494.0, -1018.0, -117.0, 0, 204, 0
L 494.0, -1018.0, -117.0, 497.0, -978.0, -123.0, 0, 204, 0
L 497.0, -978.0, -123.0, 511.0, -951.0, -122.0, 0, 204, 0
L 511.0, -951.0, -122.0, 516.0, -900.0, -115.0, 0, 204, 0
L 516.0, -900.0, -115.0, 513.0, -887.0, -114.0, 0, 204, 0
L 513.0, -887.0, -114.0, 509.0, -876.0, -114.0, 0, 204, 0
L 509.0, -876.0, -114.0, 496.0, -849.0, -116.0, 0, 204, 0
L 496.0, -849.0, -116.0, 491.0, -828.0, -120.0, 0, 204, 0
L 491.0, -828.0, -120.0, 506.0, -805.0, -126.0, 0, 204, 0
L 506.0, -805.0, -126.0, 485.0, -807.0, -120.0, 127, 64, 0
L 485.0, -807.0, -120.0, 470.0, -818.0, -122.0, 127, 64, 0
L 470.0, -818.0, -122.0, 461.0, -829.0, -119.0, 127, 64, 0
L 461.0, -829.0, -119.0, 445.0, -840.0, -121.0, 127, 64, 0
L 445.0, -840.0, -121.0, 431.0, -848.0, -124.0, 127, 64, 0
L 431.0, -848.0, -124.0, 420.0, -848.0, -128.0, 127, 64, 0
L 420.0, -848.0, -128.0, 401.0, -854.0, -135.0, 127, 64, 0
L 401.0, -854.0, -135.0, 388.0, -864.0, -141.0, 127, 64, 0
L 388.0, -864.0, -141.0, 374.0, -884.0, -146.0, 127, 64, 0
L 374.0, -884.0, -146.0, 373.0, -865.0, -150.0, 127, 64, 0
L 373.0, -865.0, -150.0, 371.0, -833.0, -167.0, 127, 64, 0
L 371.0, -833.0, -167.0, 350.0, -820.0, -177.0, 127, 64, 0
L 350.0, -820.0, -177.0, 338.0, -811.0, -174.0, 127, 64, 0
L 338.0, -811.0, -174.0, 358.0, -807.0, -174.0, 127, 64, 0
L 358.0, -807.0, -174.0, 370.0, -793.0, -180.0, 127, 64, 0
L 370.0, -793.0, -180.0, 387.0, -772.0, -179.0, 127, 64, 0
L 387.0, -772.0, -179.0, 408.0, -749.0, -176.0, 127, 64, 0
L 408.0, -749.0, -176.0, 422.0, -745.0, -173.0, 127, 64, 0
L 422.0, -745.0, -173.0, 447.0, -758.0, -184.0, 127, 64, 0
L 447.0, -758.0, -184.0, 459.0, -778.0, -204.0, 127, 64, 0
L 459.0, -778.0, -204.0, 478.0, -793.0, -216.0, 127, 64, 0
L 478.0, -793.0, -216.0, 460.0, -807.0, -226.0, 127, 64, 0
L 460.0, -807.0, -226.0, 437.0, -821.0, -241.0, 127, 64, 0
L 437.0, -821.0, -241.0, 418.0, -844.0, -256.0, 127, 64, 0
L 418.0, -844.0, -256.0, 391.0, -848.0, -274.0, 127, 64, 0
L 373.0, -864.0, -274.0, 385.0, -901.0, -273.0, 0, 204, 204
L 385.0, -901.0, -273.0, 392.0, -892.0, -272.0, 0, 204, 204
L 392.0, -892.0, -272.0, 405.0, -869.0, -268.0, 0, 204, 204
L 405.0, -869.0, -268.0, 435.0, -864.0, -254.0, 0, 204, 204
L 435.0, -864.0, -254.0, 458.0, -839.0, -237.0, 0, 204, 204
L 458.0, -839.0, -237.0, 491.0, -814.0, -217.0, 0, 204, 204
L 491.0, -814.0, -217.0, 523.0, -795.0, -205.0, 0, 204, 204
L 523.0, -795.0, -205.0, 491.0, -784.0, -212.0, 0, 204, 204
L 491.0, -784.0, -212.0, 477.0, -764.0, -204.0, 0, 204, 204
L 477.0, -764.0, -204.0, 464.0, -712.0, -176.0, 0, 204, 204
L 464.0, -712.0, -176.0, 451.0, -710.0, -174.0, 0, 204, 204
L 451.0, -710.0, -174.0, 437.0, -706.0, -173.0, 0, 204, 204
L 437.0, -706.0, -174.0, 431.0, -706.0, -174.0, 0, 204, 204
L 431.0, -706.0, -174.0, 418.0, -688.0, -170.0, 0, 204, 204
L 418.0, -688.0, -170.0, 414.0, -665.0, -169.0, 0, 204, 204
L 414.0, -665.0, -169.0, 426.0, -644.0, -164.0, 0, 204, 204
L 426.0, -644.0, -164.0, 440.0, -625.0, -168.0, 0, 204, 204
L 440.0, -625.0, -168.0, 468.0, -624.0, -169.0, 0, 204, 204
L 468.0, -624.0, -169.0, 441.0, -611.0, -169.0, 127, 64, 0
L 441.0, -611.0, -169.0, 441.0, -583.0, -173.0, 127, 64, 0
L 441.0, -583.0, -173.0, 443.0, -552.0, -176.0, 127, 64, 0
L 443.0, -552.0, -176.0, 444.0, -534.0, -180.0, 127, 64, 0
L 444.0, -534.0, -180.0, 442.0, -519.0, -182.0, 127, 64, 0
L 442.0, -519.0, -182.0, 464.0, -513.0, -177.0, 127, 64, 0
L 464.0, -513.0, -177.0, 488.0, -510.0, -172.0, 127, 64, 0
L 488.0, -510.0, -172.0, 507.0, -519.0, -168.0, 127, 64, 0
L 507.0, -519.0, -168.0, 532.0, -523.0, -167.0, 127, 64, 0
L 532.0, -523.0, -167.0, 547.0, -519.0, -166.0, 127, 64, 0
L 547.0, -519.0, -166.0, 564.0, -521.0, -165.0, 127, 64, 0
L 564.0, -521.0, -165.0, 540.0, -513.0, -166.0, 0, 204, 204
L 540.0, -513.0, -166.0, 545.0, -499.0, -164.0, 0, 204, 204
L 545.0, -499.0, -164.0, 549.0, -475.0, -163.0, 0, 204, 204
L 549.0, -475.0, -163.0, 551.0, -472.0, -164.0, 0, 204, 204
L 551.0, -472.0, -164.0, 554.0, -464.0, -165.0, 0, 204, 204
L 473.0, -656.0, -365.0, 475.0, -672.0, -369.0, 178, 102, 255
L 475.0, -672.0, -369.0, 473.0, -704.0, -376.0, 178, 102, 255
L 498.0, -701.0, -372.0, 496.0, -678.0, -372.0, 178, 102, 255
L 496.0, -678.0, -372.0, 497.0, -652.0, -368.0, 178, 102, 255
L 473.0, -656.0, -365.0, 479.0, -620.0, -369.0, 178, 102, 255
L 479.0, -620.0, -369.0, 477.0, -611.0, -369.0, 178, 102, 255
L 477.0, -611.0, -369.0, 459.0, -608.0, -368.0, 178, 102, 255
L 459.0, -608.0, -368.0, 425.0, -616.0, -375.0, 178, 102, 255
L 425.0, -616.0, -375.0, 424.0, -615.0, -375.0, 178, 102, 255
L 424.0, -615.0, -375.0, 450.0, -600.0, -371.0, 127, 64, 0
L 450.0, -600.0, -371.0, 476.0, -581.0, -373.0, 127, 64, 0
L 476.0, -581.0, -373.0, 483.0, -560.0, -368.0, 127, 64, 0
L 483.0, -560.0, -368.0, 507.0, -525.0, -370.0, 127, 64, 0
L 507.0, -525.0, -370.0, 482.0, -520.0, -378.0, 127, 64, 0
L 482.0, -520.0, -378.0, 449.0, -518.0, -390.0, 127, 64, 0
L 390.0, -584.0, -416.0, 395.0, -541.0, -407.0, 127, 64, 0
L 395.0, -541.0, -407.0, 400.0, -530.0, -404.0, 127, 64, 0
L 400.0, -530.0, -404.0, 426.0, -528.0, -402.0, 127, 64, 0
L 426.0, -528.0, -402.0, 449.0, -518.0, -390.0, 127, 64, 0
L 524.0, -614.0, -370.0, 520.0, -594.0, -370.0, 127, 64, 0
L 520.0, -594.0, -370.0, 512.0, -575.0, -367.0, 127, 64, 0
L 512.0, -575.0, -367.0, 524.0, -553.0, -367.0, 127, 64, 0
L 524.0, -553.0, -367.0, 536.0, -535.0, -370.0, 127, 64, 0
L 536.0, -535.0, -370.0, 564.0, -558.0, -370.0, 127, 64, 0
L 564.0, -558.0, -370.0, 572.0, -541.0, -367.0, 178, 102, 255
L 572.0, -541.0, -367.0, 571.0, -540.0, -368.0, 178, 102, 255
L 571.0, -540.0, -368.0, 562.0, -528.0, -363.0, 178, 102, 255
L 562.0, -528.0, -363.0, 568.0, -520.0, -368.0, 178, 102, 255
L 442.0, -426.0, -62.0, 441.9, -423.9, -61.5, 0, 0, 0
L 441.9, -423.9, -61.5, 438.5, -416.2, -59.8, 0, 0, 0
L 438.5, -416.2, -59.8, 434.8, -404.1, -54.8, 0, 0, 0
L 434.8, -404.1, -54.8, 437.0, -389.9, -45.5, 0, 0, 0
L 437.0, -389.9, -45.5, 439.5, -376.9, -38.5, 0, 0, 0
L 439.5, -376.9, -38.5, 437.8, -375.3, -38.8, 0, 0, 0
L 437.8, -375.3, -38.8, 437.1, -372.3, -37.9, 0, 0, 0
L 437.1, -372.3, -37.9, 439.9, -370.8, -35.6, 0, 0, 0
L 439.9, -370.8, -35.6, 439.6, -367.3, -34.4, 0, 0, 0
L 439.6, -367.3, -34.4, 440.8, -367.5, -31.8, 0, 0, 0
L 440.8, -367.5, -31.8, 445.8, -361.9, -29.6, 0, 0, 0
L 445.8, -361.9, -29.6, 448.0, -357.2, -27.0, 0, 0, 0
L 448.0, -357.2, -27.0, 449.7, -344.2, -22.4, 0, 0, 0
L 449.7, -344.2, -22.4, 464.2, -327.5, -13.6, 0, 0, 0
L 381.5, -487.0, -67.5, 365.8, -502.6, -72.9, 0, 0, 0
L 365.8, -502.6, -72.9, 356.8, -513.0, -75.5, 0, 0, 0
L 356.8, -513.0, -75.5, 354.5, -517.5, -75.9, 0, 0, 0
L 354.5, -517.5, -75.9, 361.3, -558.1, -75.5, 0, 0, 0
L 361.3, -558.1, -75.5, 362.2, -564.1, -75.4, 0, 0, 0
L 362.2, -564.1, -75.4, 357.5, -596.1, -72.3, 0, 0, 0
L 357.5, -596.1, -72.3, 375.5, -634.8, -70.0, 0, 0, 0
L 375.5, -634.8, -70.0, 397.1, -652.5, -70.0, 0, 0, 0
L 397.1, -652.5, -70.0, 400.6, -653.6, -67.6, 0, 0, 0
L 400.6, -653.6, -67.6, 401.7, -657.9, -69.2, 0, 0, 0
L 401.7, -657.9, -69.2, 399.3, -659.2, -67.6, 0, 0, 0
L 399.3, -659.2, -67.6, 402.3, -667.1, -66.6, 0, 0, 0
L 402.3, -667.1, -66.6, 398.3, -672.8, -65.0, 0, 0, 0
L 398.3, -672.8, -65.0, 396.1, -686.0, -63.1, 0, 0, 0
L 396.1, -686.0, -63.1, 401.6, -693.0, -63.0, 0, 0, 0
L 401.6, -693.0, -63.0, 405.7, -696.6, -63.3, 0, 0, 0
L 405.7, -696.6, -63.3, 408.5, -702.0, -63.5, 0, 0, 0
L 408.5, -702.0, -63.5, 417.8, -712.4, -63.9, 0, 0, 0
L 417.8, -712.4, -63.9, 414.8, -722.6, -62.8, 0, 0, 0
L 414.8, -722.6, -62.8, 419.0, -724.0, -62.3, 0, 0, 0
L 419.0, -724.0, -62.3, 419.8, -726.4, -62.7, 0, 0, 0
L 419.8, -726.4, -62.7, 418.2, -728.6, -65.1, 0, 0, 0
L 418.2, -728.6, -65.1, 410.5, -725.6, -64.1, 0, 0, 0
L 410.5, -725.6, -64.1, 406.9, -726.5, -64.4, 0, 0, 0
L 406.9, -726.5, -64.4, 395.1, -729.9, -67.6, 0, 0, 0
L 395.1, -729.9, -67.6, 400.3, -737.7, -67.8, 0, 0, 0
L 400.3, -737.7, -67.8, 397.2, -742.9, -69.2, 0, 0, 0
L 397.2, -742.9, -69.2, 394.4, -743.4, -69.9, 0, 0, 0
L 394.4, -743.4, -69.9, 389.6, -743.0, -70.6, 0, 0, 0
L 389.6, -743.0, -70.6, 387.3, -738.8, -70.3, 0, 0, 0
L 387.3, -738.8, -70.3, 386.0, -745.5, -71.5, 0, 0, 0
L 386.0, -745.5, -71.5, 369.9, -760.5, -76.0, 0, 0, 0
L 369.9, -760.5, -76.0, 350.2, -781.4, -81.8, 0, 0, 0
L 350.2, -781.4, -81.8, 333.7, -786.8, -80.6, 0, 0, 0
L 333.7, -786.8, -80.6, 332.2, -785.9, -80.6, 0, 0, 0
L 332.2, -785.9, -80.6, 325.0, -784.8, -81.2, 0, 0, 0
L 325.0, -784.8, -81.2, 324.4, -785.6, -81.2, 0, 0, 0
L 324.4, -785.6, -81.2, 329.5, -787.5, -80.9, 0, 0, 0
L 329.5, -787.5, -80.9, 334.7, -792.5, -81.2, 0, 0, 0
L 334.7, -792.5, -81.2, 331.9, -797.7, -81.5, 0, 0, 0
L 331.9, -797.7, -81.5, 328.0, -801.2, -81.9, 0, 0, 0
L 328.0, -801.2, -81.9, 324.6, -800.3, -82.0, 0, 0, 0
L 324.6, -800.3, -82.0, 320.8, -798.4, -82.1, 0, 0, 0
L 318.1, -794.4, -82.1, 320.8, -798.4, -82.1, 0, 0, 0
L 318.1, -794.4, -82.1, 311.4, -805.0, -81.7, 0, 0, 0
L 311.4, -805.0, -81.7, 315.4, -804.5, -82.2, 0, 0, 0
L 315.4, -804.5, -82.2, 318.5, -807.2, -82.4, 0, 0, 0
L 318.5, -807.2, -82.4, 318.3, -812.2, -82.2, 0, 0, 0
L 318.3, -812.2, -82.2, 317.6, -815.5, -82.0, 0, 0, 0
L 317.6, -815.5, -82.0, 313.2, -816.9, -81.9, 0, 0, 0
L 313.2, -816.9, -81.9, 310.2, -815.3, -81.5, 0, 0, 0
L 310.2, -815.3, -81.5, 312.3, -821.6, -81.2, 0, 0, 0
L 312.3, -821.6, -81.2, 319.4, -831.2, -81.3, 0, 0, 0
L 319.4, -831.2, -81.3, 336.9, -839.5, -81.2, 0, 0, 0
L 336.9, -839.5, -81.2, 343.8, -842.7, -80.8, 0, 0, 0
L 343.8, -842.7, -80.8, 338.8, -835.9, -81.5, 127, 64, 0
L 338.8, -835.9, -81.5, 330.5, -830.3, -81.4, 127, 64, 0
L 330.5, -830.3, -81.4, 328.1, -813.1, -82.5, 127, 64, 0
L 328.1, -813.1, -82.5, 341.6, -804.7, -81.4, 127, 64, 0
L 341.6, -804.7, -81.4, 344.5, -800.1, -81.1, 127, 64, 0
L 344.5, -800.1, -81.1, 353.2, -807.7, -78.0, 127, 64, 0
L 353.2, -807.7, -78.0, 361.8, -818.8, -74.8, 127, 64, 0
L 361.8, -818.8, -74.8, 373.9, -844.8, -70.9, 127, 64, 0
L 373.9, -844.8, -70.9, 381.3, -850.1, -71.1, 127, 64, 0
L 381.3, -850.1, -71.1, 386.3, -857.2, -70.8, 127, 64, 0
L 386.3, -857.2, -70.8, 394.8, -865.6, -68.2, 127, 64, 0
L 394.8, -865.6, -68.2, 396.5, -870.0, -67.7, 127, 64, 0
L 396.5, -870.0, -67.7, 393.5, -874.0, -67.7, 127, 64, 0
L 393.5, -874.0, -67.7, 391.9, -889.1, -67.7, 127, 64, 0
L 391.9, -889.1, -67.7, 399.5, -882.6, -67.7, 0, 0, 0
L 399.5, -882.6, -67.7, 401.2, -881.7, -67.7, 0, 0, 0
L 401.2, -881.7, -67.7, 403.2, -877.2, -67.7, 0, 0, 0
L 403.2, -877.2, -67.7, 406.2, -876.1, -67.6, 0, 0, 0
L 406.2, -876.1, -67.6, 409.4, -876.8, -66.0, 0, 0, 0
L 409.4, -876.8, -66.0, 409.6, -880.3, -67.2, 0, 0, 0
L 409.6, -880.3, -67.2, 408.1, -882.9, -66.0, 0, 0, 0
L 434.0, -884.0, -63.0, 433.4, -878.1, -63.3, 0, 0, 0
L 433.4, -878.1, -63.3, 431.6, -866.0, -66.7, 0, 0, 0
L 431.6, -866.0, -66.7, 428.9, -866.2, -66.1, 0, 0, 0
L 428.9, -866.2, -66.1, 427.5, -863.6, -66.2, 0, 0, 0
L 427.5, -863.6, -66.2, 427.8, -861.7, -67.0, 0, 0, 0
L 427.8, -861.7, -67.0, 431.4, -859.4, -67.0, 0, 0, 0
L 431.4, -859.4, -67.0, 434.5, -859.4, -66.9, 0, 0, 0
L 434.5, -859.4, -66.9, 447.8, -853.1, -66.7, 0, 0, 0
L 447.8, -853.1, -66.7, 444.8, -851.4, -66.7, 127, 64, 0
L 444.8, -851.4, -66.7, 436.1, -850.2, -66.9, 127, 64, 0
L 436.1, -850.2, -66.9, 419.5, -855.9, -68.5, 127, 64, 0
L 419.5, -855.9, -68.5, 415.8, -848.8, -68.2, 127, 64, 0
L 415.8, -848.8, -68.2, 408.3, -841.8, -70.8, 127, 64, 0
L 408.3, -841.8, -70.8, 402.3, -834.1, -71.3, 127, 64, 0
L 402.3, -834.1, -71.3, 399.4, -826.8, -70.6, 127, 64, 0
L 399.4, -826.8, -70.6, 385.0, -806.2, -74.4, 127, 64, 0
L 385.0, -806.2, -74.4, 379.5, -802.5, -75.1, 127, 64, 0
L 379.5, -802.5, -75.1, 374.7, -790.5, -78.0, 127, 64, 0
L 374.7, -790.5, -78.0, 366.3, -783.0, -80.3, 127, 64, 0
L 366.3, -783.0, -80.3, 381.0, -766.1, -75.2, 127, 64, 0
L 381.0, -766.1, -75.2, 397.6, -757.2, -71.3, 127, 64, 0
L 397.6, -757.2, -71.3, 399.0, -749.3, -69.7, 127, 64, 0
L 399.0, -749.3, -69.7, 405.6, -746.7, -67.9, 127, 64, 0
L 405.6, -746.7, -67.9, 417.0, -744.1, -66.7, 127, 64, 0
L 417.0, -744.1, -66.7, 420.5, -744.9, -66.4, 127, 64, 0
L 420.5, -744.9, -66.4, 427.8, -742.1, -65.5, 127, 64, 0
L 427.8, -742.1, -65.5, 439.2, -734.9, -64.9, 127, 64, 0
L 439.2, -734.9, -64.9, 443.6, -734.7, -64.6, 127, 64, 0
L 443.6, -734.7, -64.6, 445.1, -731.9, -64.5, 127, 64, 0
L 445.1, -731.9, -64.5, 453.3, -723.1, -64.0, 127, 64, 0
L 453.3, -723.1, -64.0, 465.5, -716.0, -63.3, 127, 64, 0
L 465.5, -716.0, -63.3, 450.5, -719.2, -64.0, 0, 0, 0
L 450.5, -719.2, -64.0, 447.7, -722.9, -64.2, 0, 0, 0
L 447.7, -722.9, -64.2, 444.3, -723.6, -64.3, 0, 0, 0
L 444.3, -723.6, -64.3, 440.8, -720.3, -62.5, 0, 0, 0
L 440.8, -720.3, -62.5, 442.1, -717.2, -63.7, 0, 0, 0
L 442.1, -717.2, -63.7, 446.0, -715.3, -63.4, 0, 0, 0
L 503.0, -509.0, -277.0, 499.5, -496.3, -275.3, 0, 204, 204
L 499.5, -496.3, -275.3, 494.9, -499.1, -278.4, 0, 204, 204
L 494.9, -499.1, -278.4, 508.8, -519.8, -276.3, 127, 64, 0
L 508.8, -519.8, -276.3, 538.9, -524.9, -276.8, 127, 64, 0
L 538.9, -524.9, -276.8, 543.5, -523.0, -277.0, 127, 64, 0
L 543.5, -523.0, -277.0, 547.3, -527.0, -279.1, 127, 64, 0
L 547.3, -527.0, -279.1, 547.9, -534.2, -280.4, 127, 64, 0
L 547.9, -534.2, -280.4, 549.1, -540.4, -280.8, 127, 64, 0
L 549.1, -540.4, -280.8, 545.8, -551.6, -284.2, 127, 64, 0
L 545.8, -551.6, -284.2, 544.7, -573.8, -288.4, 127, 64, 0
L 544.7, -573.8, -288.4, 545.7, -596.9, -293.7, 127, 64, 0
L 545.7, -596.9, -293.7, 539.4, -596.1, -295.2, 127, 64, 0
L 539.4, -596.1, -295.2, 520.9, -583.3, -295.3, 127, 64, 0
L 520.9, -583.3, -295.3, 505.4, -581.5, -292.6, 127, 64, 0
L 505.4, -581.5, -292.6, 499.0, -576.2, -290.0, 127, 64, 0
L 499.0, -576.2, -290.0, 491.7, -550.6, -295.4, 127, 64, 0
L 491.7, -550.6, -295.4, 484.6, -546.5, -295.7, 127, 64, 0
L 484.6, -546.5, -295.7, 472.2, -531.8, -302.0, 127, 64, 0
L 472.2, -531.8, -302.0, 468.3, -518.4, -303.8, 127, 64, 0
L 468.3, -518.4, -303.8, 469.0, -513.1, -303.9, 127, 64, 0
L 469.0, -513.1, -303.9, 480.6, -500.2, -303.0, 127, 64, 0
L 480.6, -500.2, -303.0, 468.7, -502.4, -302.9, 204, 0, 204
L 468.7, -502.4, -302.9, 460.1, -502.4, -303.0, 204, 0, 204
L 460.1, -502.4, -303.0, 444.2, -508.3, -301.6, 204, 0, 204
L 444.2, -508.3, -301.6, 434.1, -509.0, -296.5, 204, 0, 204
L 434.1, -509.0, -296.5, 409.9, -514.8, -276.7, 204, 0, 204
L 488.3, -638.5, -222.2, 491.0, -637.9, -222.8, 204, 0, 204
L 491.0, -637.9, -222.8, 491.7, -635.1, -220.9, 204, 0, 204
L 491.7, -635.1, -220.9, 490.2, -631.3, -223.4, 204, 0, 204
L 490.2, -631.3, -223.4, 488.6, -631.3, -223.4, 204, 0, 204
L 488.6, -631.3, -223.4, 486.9, -628.6, -223.4, 204, 0, 204
L 486.9, -628.6, -223.4, 484.1, -628.2, -223.4, 204, 0, 204
L 484.1, -628.2, -223.4, 482.4, -629.3, -223.4, 204, 0, 204
L 482.4, -629.3, -223.4, 480.7, -628.7, -223.4, 204, 0, 204
L 480.7, -628.7, -223.4, 478.8, -627.1, -223.7, 204, 0, 204
L 478.8, -627.1, -223.7, 475.9, -628.4, -224.0, 204, 0, 204
L 475.9, -628.4, -224.0, 472.5, -629.9, -223.8, 204, 0, 204
L 472.5, -629.9, -223.8, 454.9, -631.8, -212.9, 204, 0, 204
L 454.9, -631.8, -212.9, 442.9, -624.4, -231.3, 204, 0, 204
L 442.9, -624.4, -231.3, 429.8, -620.9, -237.6, 204, 0, 204
L 429.8, -620.9, -237.6, 416.7, -614.9, -238.6, 204, 0, 204
L 416.7, -614.9, -238.6, 413.6, -615.9, -239.4, 204, 0, 204
L 413.6, -615.9, -239.4, 393.3, -621.5, -244.3, 204, 0, 204
L 393.3, -621.5, -244.3, 390.4, -622.8, -245.1, 204, 0, 204
L 832.4, -932.7, -341.1, 836.4, -914.7, -340.2, 204, 0, 204
L 836.4, -914.7, -340.2, 834.5, -901.2, -334.8, 204, 0, 204
L 834.5, -901.2, -334.8, 829.1, -885.3, -329.2, 204, 0, 204
L 829.1, -885.3, -329.2, 840.1, -864.0, -312.4, 204, 0, 204
L 840.1, -864.0, -312.4, 840.7, -851.2, -306.1, 204, 0, 204
L 840.7, -851.2, -306.1, 836.7, -838.9, -299.1, 204, 0, 204
L 836.7, -838.9, -299.1, 835.1, -818.8, -299.7, 204, 0, 204
L 835.1, -818.8, -299.7, 829.0, -800.1, -300.7, 204, 0, 204
L 829.0, -800.1, -300.7, 821.5, -794.5, -298.5, 204, 0, 204
L 821.5, -794.5, -298.5, 813.7, -791.0, -296.5, 204, 0, 204
L 813.7, -791.0, -296.5, 798.1, -788.7, -293.7, 204, 0, 204
L 798.1, -788.7, -293.7, 774.9, -802.8, -288.5, 204, 0, 204
L 774.9, -802.8, -288.5, 767.5, -802.5, -288.3, 204, 0, 204
L 767.5, -802.5, -288.3, 766.0, -799.9, -288.2, 204, 0, 204
L 766.0, -799.9, -288.2, 745.1, -806.4, -280.9, 204, 0, 204
L 745.1, -806.4, -280.9, 730.6, -812.2, -272.4, 204, 0, 204
L 730.6, -812.2, -272.4, 718.2, -824.6, -268.6, 204, 0, 204
L 718.2, -824.6, -268.6, 719.3, -826.8, -268.6, 204, 0, 204
L 719.3, -826.8, -268.6, 718.8, -828.6, -268.4, 204, 0, 204
L 718.8, -828.6, -268.4, 716.2, -829.2, -265.7, 204, 0, 204
L 716.2, -829.2, -265.7, 713.5, -825.5, -264.3, 204, 0, 204
L 713.5, -825.5, -264.3, 710.1, -827.1, -265.7, 204, 0, 204
L 710.1, -827.1, -265.7, 708.9, -829.1, -265.8, 204, 0, 204
L 708.9, -829.1, -265.8, 710.2, -831.0, -265.7, 204, 0, 204
L 710.2, -831.0, -265.7, 709.4, -832.7, -265.8, 204, 0, 204
L 709.4, -832.7, -265.8, 708.5, -834.6, -265.9, 204, 0, 204
L 708.5, -834.6, -265.9, 709.9, -838.5, -266.3, 204, 0, 204
L 709.9, -838.5, -266.3, 706.4, -840.2, -263.1, 204, 0, 204
L 706.4, -840.2, -263.1, 703.3, -839.6, -265.6, 204, 0, 204
L 703.3, -839.6, -265.6, 703.4, -838.3, -265.6, 204, 0, 204
L 703.4, -838.3, -265.6, 696.7, -842.6, -265.5, 204, 0, 204
L 696.7, -842.6, -265.5, 689.0, -840.1, -264.5, 204, 0, 204
L 676.4, -868.9, -267.9, 688.7, -868.1, -266.2, 204, 0, 204
L 688.7, -868.1, -266.2, 694.8, -863.7, -266.1, 204, 0, 204
L 694.8, -863.7, -266.1, 703.9, -864.6, -265.3, 204, 0, 204
L 703.9, -864.6, -265.3, 706.6, -863.0, -264.3, 204, 0, 204
L 706.6, -863.0, -264.3, 709.2, -865.5, -265.8, 204, 0, 204
L 709.2, -865.5, -265.8, 709.7, -868.0, -266.1, 204, 0, 204
L 709.7, -868.0, -266.1, 710.5, -868.1, -266.1, 204, 0, 204
L 710.5, -868.1, -266.1, 712.7, -866.7, -265.8, 204, 0, 204
L 712.7, -866.7, -265.8, 715.3, -868.2, -265.9, 204, 0, 204
L 715.3, -868.2, -265.9, 715.3, -870.2, -266.4, 204, 0, 204
L 715.3, -870.2, -266.4, 717.2, -871.4, -266.8, 204, 0, 204
L 717.2, -871.4, -266.8, 717.0, -874.0, -267.4, 204, 0, 204
L 717.0, -874.0, -267.4, 715.0, -874.7, -267.5, 204, 0, 204
L 715.0, -874.7, -267.5, 713.2, -874.4, -266.6, 204, 0, 204
L 713.2, -874.4, -266.6, 713.5, -876.6, -267.9, 204, 0, 204
L 713.5, -876.6, -267.9, 713.1, -878.4, -268.4, 204, 0, 204
L 713.1, -878.4, -268.4, 711.1, -879.5, -268.6, 204, 0, 204
L 711.1, -879.5, -268.6, 709.5, -879.0, -268.6, 204, 0, 204
L 709.5, -879.0, -268.6, 710.4, -888.1, -270.7, 204, 0, 204
L 710.4, -888.1, -270.7, 720.2, -871.9, -266.9, 127, 64, 0
L 720.2, -871.9, -266.9, 723.6, -873.3, -266.8, 127, 64, 0
L 723.6, -873.3, -266.8, 731.3, -879.4, -265.3, 127, 64, 0
L 731.3, -879.4, -265.3, 742.0, -881.5, -260.9, 127, 64, 0
L 742.0, -881.5, -260.9, 753.2, -887.0, -258.2, 127, 64, 0
L 753.2, -887.0, -258.2, 778.2, -903.2, -251.4, 127, 64, 0
L 778.2, -903.2, -251.4, 786.4, -904.0, -250.6, 127, 64, 0
L 786.4, -904.0, -250.6, 794.7, -908.4, -249.2, 127, 64, 0
L 794.7, -908.4, -249.2, 805.5, -910.9, -245.4, 127, 64, 0
L 805.5, -910.9, -245.4, 812.2, -916.5, -245.3, 127, 64, 0
L 812.2, -916.5, -245.3, 820.2, -920.6, -245.0, 127, 64, 0
L 820.2, -920.6, -245.0, 820.6, -925.9, -244.0, 127, 64, 0
L 820.6, -925.9, -244.0, 822.1, -921.8, -244.6, 0, 204, 204
L 822.1, -921.8, -244.6, 824.8, -921.7, -244.2, 0, 204, 204
L 824.8, -921.7, -244.2, 827.7, -921.1, -243.9, 0, 204, 204
L 827.7, -921.1, -243.9, 829.3, -922.2, -243.5, 0, 204, 204
L 829.3, -922.2, -243.5, 828.7, -926.6, -242.8, 0, 204, 204
L 828.7, -926.6, -242.8, 830.9, -927.4, -243.0, 0, 204, 204
L 830.9, -927.4, -243.0, 832.7, -929.9, -243.7, 0, 204, 204
L 832.7, -929.9, -243.7, 835.7, -927.7, -243.7, 0, 204, 204
L 835.7, -927.7, -243.7, 836.9, -923.3, -243.3, 0, 204, 204
L 836.9, -923.3, -243.3, 840.7, -922.3, -242.0, 0, 204, 204
L 840.7, -922.3, -242.0, 843.5, -924.9, -243.8, 0, 204, 204
L 843.5, -924.9, -243.8, 844.0, -926.2, -243.3, 0, 204, 204
L 844.0, -926.2, -243.3, 852.0, -925.9, -242.8, 0, 204, 204
L 866.5, -906.3, -238.6, 855.9, -901.5, -242.0, 0, 204, 204
L 855.9, -901.5, -242.0, 851.2, -898.6, -243.3, 0, 204, 204
L 851.2, -898.6, -243.3, 850.1, -900.4, -243.8, 0, 204, 204
L 850.1, -900.4, -243.8, 847.4, -901.4, -241.9, 0, 204, 204
L 847.3, -901.4, -241.9, 845.2, -900.3, -242.3, 0, 204, 204
L 845.2, -900.3, -242.3, 843.5, -898.6, -244.8, 0, 204, 204
L 843.5, -898.6, -244.8, 840.8, -899.5, -244.7, 0, 204, 204
L 840.8, -899.5, -244.7, 839.5, -898.0, -244.8, 0, 204, 204
L 839.5, -898.0, -244.8, 839.1, -895.5, -244.2, 0, 204, 204
L 839.1, -895.5, -244.2, 837.5, -895.7, -244.8, 0, 204, 204
L 837.5, -895.7, -244.8, 835.0, -893.5, -244.8, 0, 204, 204
L 835.0, -893.5, -244.8, 835.7, -891.7, -244.7, 0, 204, 204
L 835.7, -891.7, -244.7, 837.4, -890.5, -244.6, 0, 204, 204
L 837.4, -890.5, -244.6, 837.5, -889.1, -244.6, 0, 204, 204
L 837.5, -889.1, -244.6, 838.3, -887.8, -244.5, 0, 204, 204
L 838.3, -887.8, -244.5, 841.4, -887.6, -244.3, 0, 204, 204
L 841.4, -887.6, -244.3, 842.8, -886.5, -244.5, 0, 204, 204
L 842.8, -886.5, -244.5, 844.3, -886.3, -245.1, 0, 204, 204
L 844.3, -886.3, -245.1, 842.9, -876.7, -252.9, 0, 204, 204
L 842.9, -876.7, -252.9, 838.7, -885.3, -244.5, 127, 64, 0
L 838.7, -885.3, -244.5, 828.5, -890.4, -244.8, 127, 64, 0
L 828.5, -890.4, -244.8, 824.1, -889.8, -246.1, 127, 64, 0
L 824.1, -889.8, -246.1, 815.8, -885.0, -245.8, 127, 64, 0
L 815.8, -885.0, -245.8, 805.5, -883.6, -249.3, 127, 64, 0
L 805.5, -883.6, -249.3, 795.8, -879.4, -251.5, 127, 64, 0
L 795.8, -879.4, -251.5, 790.7, -873.9, -252.1, 127, 64, 0
L 790.7, -873.9, -252.1, 767.8, -863.6, -257.7, 127, 64, 0
L 767.8, -863.6, -257.7, 761.2, -862.9, -258.6, 127, 64, 0
L 761.2, -862.9, -258.6, 751.4, -855.4, -261.5, 127, 64, 0
L 751.4, -855.4, -261.5, 734.1, -848.9, -267.4, 127, 64, 0
L 734.1, -848.9, -267.4, 734.0, -846.2, -271.3, 127, 64, 0
L 734.0, -846.2, -271.3, 741.0, -843.9, -274.5, 127, 64, 0
L 741.0, -843.9, -274.5, 748.1, -836.7, -275.8, 127, 64, 0
L 748.1, -836.7, -275.8, 758.3, -833.3, -283.3, 127, 64, 0
L 758.3, -833.3, -283.3, 786.3, -813.4, -291.5, 127, 64, 0
L 786.3, -813.4, -291.5, 797.4, -806.9, -294.4, 127, 64, 0
L 797.4, -806.9, -294.4, 807.5, -816.1, -301.0, 127, 64, 0
L 807.5, -816.1, -301.0, 808.3, -824.4, -302.7, 127, 64, 0
L 808.3, -824.4, -302.7, 814.8, -833.5, -303.1, 127, 64, 0
L 814.8, -833.5, -303.1, 816.2, -840.9, -302.5, 127, 64, 0
L 816.2, -840.9, -302.5, 807.2, -861.4, -316.6, 127, 64, 0
L 807.2, -861.4, -316.6, 811.2, -869.3, -319.3, 127, 64, 0
L 811.2, -869.3, -319.3, 812.1, -890.4, -333.3, 127, 64, 0
L 812.1, -890.4, -333.3, 807.7, -899.7, -337.7, 127, 64, 0
L 807.7, -899.7, -337.7, 805.0, -907.2, -342.4, 127, 64, 0
L 832.6, -932.8, -340.6, 817.6, -926.2, -344.0, 204, 0, 204
L 817.6, -926.2, -344.0, 804.3, -936.9, -341.5, 204, 0, 204
L 464.2, -327.5, -13.6, 486.2, -314.5, -8.6, 0, 0, 0
L 469.0, -293.0, -7.0, 486.2, -314.5, -8.6, 199, 21, 133
L 486.2, -314.5, -8.6, 507.3, -302.0, -3.8, 0, 0, 0
L 469.0, -293.0, -7.0, 486.2, -282.8, -3.1, 0, 0, 0
L 473.0, -704.0, -376.0, 473.0, -728.4, -376.0, 178, 102, 255
L 498.0, -701.0, -372.0, 498.0, -726.9, -372.0, 178, 102, 255
L 473.0, -728.4, -376.0, 473.0, -752.7, -376.0, 178, 102, 255
L 498.0, -726.9, -372.0, 498.0, -752.7, -372.0, 178, 102, 255
L 473.0, -728.4, -376.0, 498.0, -726.9, -372.0, 199, 21, 133
L 524.0, -614.0, -370.0, 517.7, -612.6, -370.7, 178, 102, 255
L 517.7, -612.6, -370.7, 518.1, -611.0, -370.7, 178, 102, 255
L 518.1, -611.0, -370.7, 516.5, -608.7, -370.6, 178, 102, 255
L 516.5, -608.7, -370.6, 515.4, -604.3, -370.7, 178, 102, 255
L 515.4, -604.3, -370.7, 513.0, -604.0, -370.6, 178, 102, 255
L 513.0, -604.0, -370.6, 512.3, -604.9, -369.7, 178, 102, 255
L 512.3, -604.9, -369.7, 509.7, -607.2, -365.6, 178, 102, 255
L 509.7, -607.2, -365.6, 501.3, -604.5, -370.5, 178, 102, 255
L 501.3, -604.5, -370.5, 500.1, -604.4, -372.0, 178, 102, 255
L 500.1, -604.4, -372.0, 499.6, -606.6, -372.0, 178, 102, 255
L 499.6, -606.6, -372.0, 498.0, -606.7, -372.0, 178, 102, 255
L 498.0, -606.7, -372.0, 497.7, -610.0, -372.0, 178, 102, 255
L 497.7, -610.0, -372.0, 497.0, -610.0, -372.0, 178, 102, 255
L 373.0, -863.5, -275.0, 367.9, -860.2, -271.6, 0, 204, 204
L 367.9, -860.2, -271.6, 361.7, -856.3, -275.2, 0, 204, 204
L 361.7, -856.3, -275.2, 350.7, -841.3, -277.0, 0, 204, 204
L 350.7, -841.3, -277.0, 322.3, -820.9, -272.8, 0, 204, 204
L 322.3, -820.9, -272.8, 337.3, -810.6, -268.2, 0, 204, 204
L 337.3, -810.6, -268.2, 349.4, -798.5, -263.6, 0, 204, 204
L 349.4, -798.5, -263.6, 362.2, -780.4, -263.2, 0, 204, 204
L 362.2, -780.4, -263.2, 363.2, -777.4, -262.9, 0, 204, 204
L 363.2, -777.4, -262.9, 365.2, -777.0, -263.3, 0, 204, 204
L 365.2, -777.0, -263.3, 367.8, -775.0, -263.1, 0, 204, 204
L 367.8, -775.0, -263.1, 368.6, -772.9, -262.6, 0, 204, 204
L 368.6, -772.9, -262.6, 378.9, -768.8, -262.2, 0, 204, 204
L 378.9, -768.8, -262.2, 379.9, -771.3, -263.1, 0, 204, 204
L 379.9, -771.3, -263.1, 382.3, -772.0, -263.6, 0, 204, 204
L 382.3, -772.0, -263.6, 383.7, -773.3, -264.2, 0, 204, 204
L 383.7, -773.3, -264.2, 384.9, -774.8, -264.8, 0, 204, 204
L 384.9, -774.8, -264.8, 386.8, -775.5, -265.2, 0, 204, 204
L 386.8, -775.5, -265.2, 388.0, -775.1, -265.4, 0, 204, 204
L 388.0, -775.1, -265.4, 389.4, -773.7, -265.2, 0, 204, 204
L 389.4, -773.7, -265.2, 389.2, -772.3, -264.8, 0, 204, 204
L 389.2, -772.3, -264.8, 388.3, -770.5, -264.1, 0, 204, 204
L 388.3, -770.5, -264.1, 390.8, -770.0, -264.4, 0, 204, 204
L 390.8, -770.0, -264.4, 394.0, -767.4, -264.3, 0, 204, 204
L 394.0, -767.4, -264.3, 407.1, -753.2, -266.2, 0, 204, 204
L 407.1, -753.2, -266.2, 410.6, -754.1, -266.7, 0, 204, 204
L 410.6, -754.1, -266.7, 412.8, -752.8, -267.1, 0, 204, 204
L 412.8, -752.8, -267.1, 413.9, -750.9, -267.5, 0, 204, 204
L 413.9, -750.9, -267.5, 414.4, -748.0, -267.9, 0, 204, 204
L 414.4, -748.0, -267.9, 413.6, -745.5, -268.1, 0, 204, 204
L 413.6, -745.5, -268.1, 418.3, -740.8, -268.0, 0, 204, 204
L 418.3, -740.8, -268.0, 422.4, -740.3, -267.9, 0, 204, 204
L 422.4, -740.3, -267.9, 423.6, -741.1, -267.8, 0, 204, 204
L 423.6, -741.1, -267.8, 426.9, -741.5, -267.3, 0, 204, 204
L 426.9, -741.5, -267.3, 428.4, -740.9, -267.2, 0, 204, 204
L 428.4, -740.9, -267.2, 429.7, -739.9, -267.2, 0, 204, 204
L 429.7, -739.9, -267.2, 430.8, -737.1, -267.3, 0, 204, 204
L 430.8, -737.1, -267.3, 435.5, -735.2, -267.0, 0, 204, 204
L 435.5, -735.2, -267.0, 436.6, -727.5, -267.7, 0, 204, 204
L 436.6, -727.5, -267.7, 438.9, -726.9, -267.7, 0, 204, 204
L 438.9, -726.9, -267.7, 436.4, -736.5, -266.8, 0, 204, 204
L 436.4, -736.5, -266.8, 439.1, -747.8, -265.7, 0, 204, 204
L 439.1, -747.8, -265.7, 440.9, -751.9, -265.7, 0, 204, 204
L 440.9, -751.9, -265.7, 439.7, -763.3, -267.4, 0, 204, 204
L 439.7, -763.3, -267.4, 446.5, -774.1, -268.4, 0, 204, 204
L 446.5, -774.1, -268.4, 450.1, -784.2, -269.2, 0, 204, 204
L 450.1, -784.2, -269.2, 456.4, -786.3, -269.6, 0, 204, 204
L 456.4, -786.3, -269.6, 462.5, -787.0, -268.9, 0, 204, 204
L 462.5, -787.0, -268.9, 482.7, -792.6, -264.5, 0, 204, 204
L 482.7, -792.6, -264.5, 474.2, -802.9, -263.1, 0, 204, 204
L 474.2, -802.9, -263.1, 468.5, -804.4, -264.5, 0, 204, 204
L 468.5, -804.4, -264.5, 463.6, -805.8, -263.9, 0, 204, 204
L 463.6, -805.8, -263.9, 459.0, -804.3, -266.7, 0, 204, 204
L 459.0, -804.3, -266.7, 457.0, -802.1, -268.3, 0, 204, 204
L 457.0, -802.1, -268.3, 448.1, -804.2, -268.1, 0, 204, 204
L 448.1, -804.2, -268.1, 445.6, -802.8, -269.1, 0, 204, 204
L 445.6, -802.8, -269.1, 446.1, -799.7, -268.9, 0, 204, 204
L 446.1, -799.7, -268.9, 442.9, -798.9, -269.2, 0, 204, 204
L 442.9, -798.9, -269.2, 440.9, -799.9, -269.3, 0, 204, 204
L 440.9, -799.9, -269.3, 440.6, -802.5, -269.4, 0, 204, 204
L 440.6, -802.5, -269.4, 441.9, -803.3, -269.4, 0, 204, 204
L 441.9, -803.3, -269.4, 441.4, -805.6, -269.1, 0, 204, 204
L 441.4, -805.6, -269.1, 441.0, -807.6, -269.5, 0, 204, 204
L 441.0, -807.6, -269.5, 442.3, -808.2, -268.8, 0, 204, 204
L 442.3, -808.2, -268.8, 439.0, -811.6, -269.7, 0, 204, 204
L 439.0, -811.6, -269.7, 434.9, -810.6, -269.6, 0, 204, 204
L 434.9, -810.6, -269.6, 434.2, -807.5, -269.4, 0, 204, 204
L 434.2, -807.5, -269.4, 431.5, -807.0, -269.3, 0, 204, 204
L 431.5, -807.0, -269.3, 430.8, -810.0, -267.9, 0, 204, 204
L 430.8, -810.0, -267.9, 428.7, -809.5, -269.4, 0, 204, 204
L 428.7, -809.5, -269.4, 426.3, -812.7, -269.3, 0, 204, 204
L 426.3, -812.7, -269.3, 428.6, -814.6, -269.3, 0, 204, 204
L 428.6, -814.6, -269.3, 428.3, -817.5, -269.6, 0, 204, 204
L 428.3, -817.5, -269.6, 430.1, -818.9, -269.9, 0, 204, 204
L 430.1, -818.9, -269.9, 432.5, -817.8, -268.5, 0, 204, 204
L 432.5, -817.8, -268.5, 432.5, -819.4, -269.9, 0, 204, 204
L 432.5, -819.4, -269.9, 429.2, -822.2, -270.1, 0, 204, 204
L 429.2, -822.2, -270.1, 421.9, -826.4, -269.4, 0, 204, 204
L 421.9, -826.4, -269.4, 418.6, -831.6, -269.4, 0, 204, 204
L 418.6, -831.6, -269.4, 415.5, -831.2, -270.0, 0, 204, 204
L 415.5, -831.2, -270.0, 413.7, -832.6, -270.1, 0, 204, 204
L 413.7, -832.6, -270.1, 413.3, -834.4, -270.0, 0, 204, 204
L 413.3, -834.4, -270.0, 411.6, -834.8, -270.2, 0, 204, 204
L 411.6, -834.8, -270.2, 410.6, -836.4, -270.3, 0, 204, 204
L 410.6, -836.4, -270.3, 408.4, -835.8, -270.3, 0, 204, 204
L 408.4, -835.8, -270.3, 406.9, -836.6, -270.5, 0, 204, 204
L 406.9, -836.6, -270.5, 406.8, -839.8, -270.6, 0, 204, 204
L 406.8, -839.8, -270.6, 405.9, -840.0, -270.7, 0, 204, 204
L 405.9, -840.0, -270.7, 404.9, -842.5, -270.8, 0, 204, 204
L 404.9, -842.5, -270.8, 409.6, -843.8, -269.2, 0, 204, 204
L 409.6, -843.8, -269.2, 409.5, -845.4, -270.8, 0, 204, 204
L 833.2, -815.2, -348.0, 840.0, -839.2, -337.2, 102, 0, 204
L 840.0, -839.2, -337.2, 840.7, -857.9, -338.8, 102, 0, 204
L 840.7, -857.9, -338.8, 837.6, -857.9, -341.1, 102, 0, 204
L 837.6, -857.9, -341.1, 835.0, -860.5, -341.7, 102, 0, 204
L 835.0, -860.5, -341.7, 833.8, -863.7, -342.4, 102, 0, 204
L 833.8, -863.7, -342.4, 838.0, -868.2, -341.4, 102, 0, 204
L 866.5, -906.3, -238.6, 884.4, -909.7, -234.2, 0, 204, 204
L 884.4, -909.7, -234.2, 898.0, -918.2, -226.1, 0, 204, 204
L 898.0, -918.2, -226.1, 906.4, -923.5, -222.8, 0, 204, 204
L 906.4, -923.5, -222.8, 915.5, -929.6, -216.6, 0, 204, 204
L 915.5, -929.6, -216.6, 923.7, -930.9, -211.0, 0, 204, 204
L 923.7, -930.9, -211.0, 935.2, -936.0, -203.7, 0, 204, 204
L 935.2, -936.0, -203.7, 952.3, -939.6, -197.4, 0, 204, 204
L 952.3, -939.6, -197.4, 962.8, -938.0, -195.8, 0, 204, 204
L 962.8, -938.0, -195.8, 978.1, -940.2, -195.9, 0, 204, 204
L 978.1, -940.2, -195.9, 992.2, -937.3, -196.6, 0, 204, 204
L 992.2, -937.3, -196.6, 999.2, -932.9, -195.0, 0, 204, 204
L 999.2, -932.9, -195.0, 1001.8, -935.2, -195.1, 0, 204, 204
L 1001.8, -935.2, -195.1, 1003.8, -935.2, -195.7, 0, 204, 204
L 1003.8, -935.2, -195.7, 1006.3, -934.0, -196.4, 0, 204, 204
L 1006.3, -934.0, -196.4, 1008.7, -931.4, -195.7, 0, 204, 204
L 1008.7, -931.4, -195.7, 1005.1, -924.1, -194.9, 0, 204, 204
L 1005.1, -924.1, -194.9, 1010.7, -916.7, -194.9, 0, 204, 204
L 1010.7, -916.7, -194.9, 1015.1, -914.9, -194.9, 0, 204, 204
L 1015.1, -914.9, -194.9, 1024.9, -912.4, -194.6, 0, 204, 204
L 1024.9, -912.4, -194.6, 1028.9, -912.1, -194.5, 0, 204, 204
L 1028.9, -912.1, -194.5, 1034.8, -913.8, -194.4, 0, 204, 204
L 1034.8, -913.8, -194.4, 1045.4, -914.3, -185.6, 0, 204, 204
L 1045.4, -914.3, -185.6, 1052.5, -915.4, -192.7, 0, 204, 204
L 1052.5, -915.4, -192.7, 1055.0, -914.0, -192.4, 0, 204, 204
L 1055.0, -914.0, -192.4, 1076.5, -913.0, -195.1, 0, 204, 204
L 1076.5, -913.0, -195.1, 1085.2, -915.4, -196.2, 0, 204, 204
L 1085.2, -915.4, -196.2, 1098.9, -918.5, -185.0, 0, 204, 204
L 1098.9, -918.5, -185.0, 1105.1, -927.2, -188.9, 0, 204, 204
L 1105.1, -927.2, -188.9, 1108.9, -947.1, -182.0, 0, 204, 204
L 1108.9, -947.1, -182.0, 1116.6, -960.0, -179.7, 0, 204, 204
L 1116.6, -960.0, -179.7, 1119.2, -969.1, -178.9, 0, 204, 204
L 1119.2, -969.1, -178.9, 1118.7, -977.3, -179.4, 0, 204, 204
L 1118.7, -977.3, -179.4, 1121.8, -982.2, -170.4, 0, 204, 204
L 1121.8, -982.2, -170.4, 1110.5, -992.7, -180.8, 0, 204, 204
L 1110.5, -992.7, -180.8, 1107.2, -1000.1, -180.8, 0, 204, 204
L 1107.2, -1000.1, -180.8, 1104.8, -1015.2, -176.6, 0, 204, 204
L 1105.3, -1014.1, -177.2, 1096.9, -1021.8, -180.8, 0, 204, 204
L 1096.9, -1021.8, -180.8, 1090.4, -1026.2, -180.4, 0, 204, 204
L 1090.4, -1026.2, -180.4, 1083.6, -1027.8, -179.2, 0, 204, 204
L 1083.6, -1027.8, -179.2, 1081.9, -1023.1, -179.5, 0, 204, 204
L 1081.9, -1023.1, -179.5, 1076.9, -1022.9, -180.6, 0, 204, 204
L 1076.9, -1022.9, -180.6, 1073.6, -1026.7, -178.4, 0, 204, 204
L 1073.6, -1026.7, -178.4, 1067.2, -1024.8, -177.8, 0, 204, 204
L 1067.2, -1024.8, -177.8, 1061.6, -1024.5, -176.6, 0, 204, 204
L 1061.6, -1024.5, -176.6, 1055.4, -1022.0, -178.3, 0, 204, 204
L 1055.4, -1022.0, -178.3, 1050.5, -1019.5, -178.3, 0, 204, 204
L 1050.5, -1019.5, -178.3, 1041.1, -1019.5, -175.1, 0, 204, 204
L 1041.1, -1019.5, -175.1, 1027.2, -1023.1, -175.4, 0, 204, 204
L 1027.2, -1023.1, -175.4, 1022.1, -1020.1, -179.9, 0, 204, 204
L 1022.1, -1020.1, -179.9, 1014.4, -1021.7, -179.1, 0, 204, 204
L 1014.4, -1021.7, -179.1, 1012.7, -1022.8, -179.0, 0, 204, 204
L 1012.7, -1022.8, -179.0, 1011.7, -1024.3, -179.9, 0, 204, 204
L 1011.7, -1024.3, -179.9, 1004.3, -1028.9, -180.4, 0, 204, 204
L 1004.3, -1028.9, -180.4, 1002.8, -1034.1, -180.3, 0, 204, 204
L 1002.8, -1034.1, -180.3, 989.1, -1052.9, -180.7, 0, 204, 204
L 989.1, -1052.9, -180.7, 984.4, -1054.9, -179.7, 0, 204, 204
L 984.4, -1054.9, -179.7, 980.2, -1060.5, -177.7, 0, 204, 204
L 980.2, -1060.5, -177.7, 972.9, -1068.6, -173.1, 0, 204, 204
L 972.9, -1068.6, -173.1, 949.5, -1069.8, -163.1, 0, 204, 204
L 949.5, -1069.8, -163.1, 938.9, -1076.7, -150.4, 0, 204, 204
L 938.9, -1076.7, -150.4, 931.0, -1077.5, -152.4, 0, 204, 204
L 931.0, -1077.5, -152.4, 926.8, -1076.1, -150.3, 0, 204, 204
L 926.8, -1076.1, -150.3, 916.0, -1073.1, -144.9, 0, 204, 204
L 895.7, -1081.1, -132.4, 889.1, -1079.9, -129.4, 0, 204, 204
L 889.1, -1079.9, -129.4, 885.2, -1081.2, -126.4, 0, 204, 204
L 885.2, -1081.2, -126.4, 878.4, -1082.0, -122.3, 0, 204, 204
L 878.4, -1082.0, -122.3, 859.5, -1081.2, -117.0, 0, 204, 204
L 859.5, -1081.2, -117.0, 853.1, -1086.7, -115.1, 0, 204, 204
L 853.1, -1086.7, -115.1, 850.9, -1089.9, -114.1, 0, 204, 204
L 850.9, -1089.9, -114.1, 846.3, -1088.6, -113.8, 0, 204, 204
L 846.3, -1088.6, -113.8, 839.5, -1087.4, -112.8, 0, 204, 204
L 839.5, -1087.4, -112.8, 825.7, -1099.5, -110.8, 0, 204, 204
L 825.7, -1099.5, -110.8, 820.8, -1099.5, -110.8, 0, 204, 204
L 820.8, -1099.5, -110.8, 808.6, -1106.5, -109.8, 0, 204, 204
L 808.6, -1106.5, -109.8, 793.5, -1104.4, -115.2, 0, 204, 204
L 793.5, -1104.4, -115.2, 788.6, -1101.9, -116.5, 0, 204, 204
L 788.6, -1101.9, -116.5, 779.8, -1106.6, -117.0, 0, 204, 204
L 779.8, -1106.6, -117.0, 781.0, -1103.3, -118.8, 0, 204, 204
L 781.0, -1103.3, -118.8, 777.5, -1102.9, -120.2, 0, 204, 204
L 777.5, -1102.9, -120.2, 774.0, -1092.3, -120.3, 0, 204, 204
L 774.0, -1092.3, -120.3, 771.5, -1082.8, -117.8, 0, 204, 204
L 771.5, -1082.8, -117.8, 772.3, -1079.0, -117.4, 0, 204, 204
L 772.3, -1079.0, -117.4, 773.3, -1079.1, -118.1, 0, 204, 204
L 773.3, -1079.1, -118.1, 784.5, -1081.5, -114.7, 0, 204, 204
L 784.5, -1081.5, -114.7, 795.1, -1081.3, -112.4, 0, 204, 204
L 795.1, -1081.3, -112.4, 812.5, -1073.2, -108.3, 0, 204, 204
L 812.5, -1073.2, -108.3, 827.9, -1069.6, -105.2, 0, 204, 204
L 827.9, -1069.6, -105.2, 837.0, -1066.4, -110.1, 0, 204, 204
L 837.0, -1066.4, -110.1, 842.4, -1062.1, -110.4, 0, 204, 204
L 842.4, -1062.1, -110.4, 845.9, -1060.5, -110.9, 0, 204, 204
L 845.9, -1060.5, -110.9, 847.0, -1059.7, -111.0, 0, 204, 204
L 847.0, -1059.7, -111.0, 863.8, -1056.2, -114.9, 0, 204, 204
L 863.8, -1056.2, -114.9, 896.1, -1051.1, -131.0, 0, 204, 204
L 915.8, -1073.2, -144.7, 895.7, -1081.1, -132.4, 0, 204, 204
L 851.7, -925.4, -243.0, 866.9, -937.2, -239.2, 0, 204, 204
L 866.9, -937.2, -239.2, 872.6, -937.0, -239.2, 0, 204, 204
L 872.6, -937.0, -239.2, 878.6, -940.1, -237.6, 0, 204, 204
L 878.6, -940.1, -237.6, 894.1, -947.4, -228.2, 0, 204, 204
L 894.1, -947.4, -228.2, 902.1, -948.3, -223.7, 0, 204, 204
L 902.1, -948.3, -223.7, 914.0, -957.0, -214.6, 0, 204, 204
L 914.0, -957.0, -214.6, 933.9, -960.7, -203.4, 0, 204, 204
L 933.9, -960.7, -203.4, 943.3, -966.8, -199.5, 0, 204, 204
L 943.3, -966.8, -199.5, 943.3, -964.4, -200.4, 0, 204, 204
L 943.3, -964.4, -200.4, 946.5, -963.7, -200.4, 0, 204, 204
L 946.5, -963.7, -200.4, 947.0, -964.0, -200.3, 0, 204, 204
L 947.0, -964.0, -200.3, 947.7, -966.0, -199.3, 0, 204, 204
L 947.7, -966.0, -199.3, 950.1, -966.5, -198.9, 0, 204, 204
L 950.1, -966.5, -198.9, 954.2, -968.3, -197.9, 0, 204, 204
L 954.2, -968.3, -197.9, 954.0, -970.8, -197.2, 0, 204, 204
L 954.0, -970.8, -197.2, 948.7, -971.5, -195.3, 0, 204, 204
L 948.7, -971.5, -195.3, 952.7, -973.0, -196.6, 0, 204, 204
L 952.7, -973.0, -196.6, 959.9, -971.0, -197.6, 0, 204, 204
L 959.9, -971.0, -197.6, 965.9, -969.2, -198.5, 0, 204, 204
L 965.9, -969.2, -198.5, 966.8, -970.0, -198.6, 0, 204, 204
L 966.8, -970.0, -198.6, 984.4, -963.4, -196.8, 0, 204, 204
L 984.4, -963.4, -196.8, 989.9, -958.3, -197.2, 0, 204, 204
L 989.9, -958.3, -197.2, 999.5, -958.9, -196.5, 0, 204, 204
L 999.5, -958.9, -196.5, 1000.9, -957.9, -195.0, 0, 204, 204
L 1000.9, -957.9, -195.0, 1002.9, -957.4, -195.2, 0, 204, 204
L 1002.9, -957.4, -195.2, 1004.6, -958.6, -196.9, 0, 204, 204
L 1004.6, -958.6, -196.9, 1005.0, -959.7, -196.8, 0, 204, 204
L 1005.0, -959.7, -196.8, 1007.4, -962.6, -195.2, 0, 204, 204
L 1007.4, -962.6, -195.2, 1012.5, -965.7, -194.5, 0, 204, 204
L 1012.5, -965.7, -194.5, 1009.0, -970.8, -193.2, 0, 204, 204
L 1009.0, -970.8, -193.2, 1011.8, -973.2, -193.1, 0, 204, 204
L 1011.8, -973.2, -193.1, 1016.0, -983.2, -187.6, 0, 204, 204
L 1016.0, -983.2, -187.6, 1015.0, -987.7, -184.4, 0, 204, 204
L 1015.0, -987.7, -184.4, 1012.0, -993.0, -181.0, 0, 204, 204
L 1012.0, -993.0, -181.0, 1005.6, -998.2, -177.5, 0, 204, 204
L 1005.6, -998.2, -177.5, 1002.5, -1000.3, -179.2, 0, 204, 204
L 1002.5, -1000.3, -179.2, 1000.4, -1002.6, -180.0, 0, 204, 204
L 1000.4, -1002.6, -180.0, 999.1, -1002.0, -180.3, 0, 204, 204
L 999.1, -1002.0, -180.3, 993.8, -1012.5, -180.1, 0, 204, 204
L 993.8, -1012.5, -180.1, 992.2, -1012.0, -179.7, 0, 204, 204
L 992.2, -1012.0, -179.7, 985.9, -1019.1, -177.4, 0, 204, 204
L 985.9, -1019.1, -177.4, 969.6, -1027.4, -174.3, 0, 204, 204
L 969.6, -1027.4, -174.3, 955.4, -1042.6, -167.0, 0, 204, 204
L 955.4, -1042.6, -167.0, 946.3, -1046.3, -161.4, 0, 204, 204
L 946.3, -1046.3, -161.4, 936.9, -1048.4, -157.3, 0, 204, 204
L 936.9, -1048.4, -157.3, 929.4, -1048.6, -153.6, 0, 204, 204
L 929.4, -1048.6, -153.6, 921.0, -1050.4, -149.2, 0, 204, 204
L 921.0, -1050.4, -149.2, 911.0, -1053.7, -144.0, 0, 204, 204
L 911.0, -1053.7, -144.0, 896.1, -1051.1, -131.0, 0, 204, 204
L 676.1, -868.7, -267.9, 674.7, -866.3, -267.8, 204, 0, 204
L 674.7, -866.3, -267.8, 669.4, -866.9, -266.9, 204, 0, 204
L 669.4, -866.9, -266.9, 662.5, -867.9, -264.7, 204, 0, 204
L 662.5, -867.9, -264.7, 656.8, -857.7, -264.0, 204, 0, 204
L 656.8, -857.7, -264.0, 653.5, -850.4, -263.1, 204, 0, 204
L 653.5, -850.4, -263.1, 641.8, -847.5, -261.9, 204, 0, 204
L 641.8, -847.5, -261.9, 636.5, -847.1, -261.2, 204, 0, 204
L 636.5, -847.1, -261.2, 629.2, -832.0, -259.6, 204, 0, 204
L 629.2, -832.0, -259.6, 606.8, -817.7, -258.2, 204, 0, 204
L 606.8, -817.7, -258.2, 604.1, -809.2, -257.2, 204, 0, 204
L 604.1, -809.2, -257.2, 599.1, -801.1, -254.6, 204, 0, 204
L 599.1, -801.1, -254.6, 599.9, -786.3, -258.2, 204, 0, 204
L 599.9, -786.3, -258.2, 602.7, -775.3, -259.4, 204, 0, 204
L 602.7, -775.3, -259.4, 600.1, -765.4, -259.3, 204, 0, 204
L 600.1, -765.4, -259.3, 603.3, -763.5, -260.3, 204, 0, 204
L 603.3, -763.5, -260.3, 615.0, -764.4, -260.6, 204, 0, 204
L 615.0, -764.4, -260.6, 628.2, -766.9, -258.9, 204, 0, 204
L 628.2, -766.9, -258.9, 627.6, -768.7, -258.6, 204, 0, 204
L 627.6, -768.7, -258.6, 626.7, -774.7, -257.6, 204, 0, 204
L 626.7, -774.7, -257.6, 627.2, -781.9, -256.3, 204, 0, 204
L 627.2, -781.9, -256.3, 632.1, -796.8, -255.3, 204, 0, 204
L 632.1, -796.8, -255.3, 639.1, -809.4, -256.8, 204, 0, 204
L 639.1, -809.4, -256.8, 644.9, -818.3, -259.3, 204, 0, 204
L 644.9, -818.3, -259.3, 654.7, -823.6, -259.8, 204, 0, 204
L 654.7, -823.6, -259.8, 671.3, -831.9, -261.6, 204, 0, 204
L 671.3, -831.9, -261.6, 682.2, -833.2, -264.3, 204, 0, 204
L 682.2, -833.2, -264.3, 689.6, -840.7, -264.5, 204, 0, 204
L 578.0, -511.0, -369.0, 568.0, -520.0, -368.0, 178, 102, 255
L 483.0, -492.0, -69.0, 469.2, -492.0, -69.0, 0, 204, 0
L 465.9, -495.5, -69.0, 469.2, -492.0, -69.0, 0, 204, 0
L 534.0, -515.0, -69.0, 465.9, -495.5, -69.0, 139, 69, 19
L 838.0, -868.2, -341.4, 829.1, -885.3, -329.2, 102, 0, 204
L 729.0, -368.0, -417.0, 705.0, -325.6, -417.0, 102, 0, 204
L 729.0, -368.0, -417.0, 747.1, -343.4, -419.3, 199, 21, 133
L 747.1, -343.4, -419.3, 723.1, -300.9, -419.3, 102, 0, 204
