P 403.2558, -78.6899, -365.6393, 240, 0, 0, 3, to_Ry`Gorr_Mines
P 450.0000, -750.0000, -389.0708, 240, 0, 0, 3, to_Ry`Gorr_Mines
P -656.3365, -2.7946, -498.9490, 240, 0, 0, 3, to_The_Eastern_Wastes
P -365.7910, -232.8947, -384.1291, 240, 240, 240, 2, Coldain_Fort
P -122.7488, -667.4960, -407.8689, 240, 240, 240, 2, Narrow_spot_to_get_to_top_area
P -514.8006, -244.7667, -405.6592, 0, 0, 0, 2, Captain_Dunstan_Coldheart
P -357.9355, -786.9261, -592.9976, 127, 64, 0, 2, Life_Leech_(Hunter)
P -241.4619, -293.4854, -405.6588, 128, 0, 128, 2, Oven
P -327.0355, -400.6708, -402.9915, 0, 0, 0, 2, Gilliad_Coldheart
P -224.8237, -284.1611, -405.6592, 0, 0, 0, 2, Cassia_Gemshard
P -233.7494, -295.5742, -405.6592, 128, 0, 128, 2, Mixing_Bowl
P -316.7163, -329.9252, -405.6592, 128, 0, 128, 2, Kiln
P -329.5120, -327.7016, -405.6592, 128, 0, 128, 2, Pottery_Wheel
P -390.8368, -260.2226, -383.9850, 0, 0, 0, 2, Vevina_Velweaver
P -400.8682, -267.7771, -383.9850, 128, 0, 128, 2, Loom
P -453.5017, -164.0027, -405.5150, 0, 0, 0, 2, Grabble_Coldheart
P -347.3010, -326.7184, -405.5151, 0, 0, 0, 2, Hursa_Brightsteel
P -361.4530, -325.7588, -405.5151, 128, 0, 128, 2, Forge
P -413.2901, -176.4171, -405.4809, 0, 0, 0, 2, Hardat_Gemshard
P -473.5277, -163.5406, -383.9850, 0, 127, 127, 2, Andera_Velmist_(Quest)
P -510.7488, -213.3585, -383.9850, 0, 0, 0, 2, Derron_Coldmist
P -516.4070, -236.6190, -383.9850, 128, 0, 128, 2, Fly_Making_Bench
P -506.9674, -236.5412, -383.9850, 128, 0, 128, 2, Fletching_Table
P -437.2202, -251.6355, -383.9850, 128, 0, 128, 2, Spell_Research_Table
P -451.2123, -247.0068, -383.9850, 0, 127, 127, 2, Millace_Gemshard_(Quests)
P -156.3524, -655.3058, -377.9180, 127, 64, 0, 2, Crystal_Grinder_(Hunter)
P -464.1854, -393.7171, -455.7287, 0, 0, 0, 2, Fuller_Veilweaver
P -449.4424, -422.2057, -454.1437, 0, 0, 0, 2, Praps_Gemshard
P 10.7426, -463.6087, -403.8274, 240, 240, 240, 2, Narrow_path_to_top_here
P -224.4305, -295.8364, -383.9848, 0, 0, 0, 2, Nadalia_Coldmist
P -260.5937, -381.7923, -383.9849, 0, 0, 0, 2, Tacy_Mistheart
P -560.7587, -367.9055, -455.8134, 0, 0, 0, 2, Flint_Velweaver
P -313.4702, -330.1481, -383.9850, 128, 0, 128, 2, Jewelry_Making_Table
P -332.4333, -393.1734, -383.9850, 128, 0, 128, 2, Brewing_Barrel
P -298.9752, -318.5966, -383.9850, 0, 127, 127, 2, Roderick_Coldheart_(Quests)
P -348.1159, -330.0284, -383.9850, 255, 210, 0, 2, Kramble_Gemshard_(Bank)
P -403.0394, -250.6273, -402.9397, 0, 0, 0, 2, Soren_Coldheart
P -634.4547, 59.5301, -571.1740, 240, 240, 240, 2, Spider_Egg
P -531.4009, 410.7922, -567.9536, 240, 240, 240, 2, Spider_Egg
P -653.2865, 201.0691, -557.4453, 240, 240, 240, 2, Spider_Egg
P -571.6066, 198.1969, -555.4813, 240, 240, 240, 2, Spider_Egg
P -204.9739, 101.4692, -404.3873, 240, 240, 240, 2, Spider_Egg
P -139.6815, 192.4549, -401.2093, 240, 240, 240, 2, Spider_Egg
P -222.1702, 43.3904, -409.4512, 240, 240, 240, 2, Spider_Egg
P 49.6784, 52.1796, -385.9442, 240, 240, 240, 2, Spider_Egg
P -443.3117, -161.6783, -384.3166, 240, 240, 240, 2, Capture_Spider_Room
P -517.3268, -244.0899, -384.3166, 240, 240, 240, 2, Capture_Terror_Room
P -551.0655, -184.9315, -552.3481, 240, 240, 240, 2, Moving_Ice
P -627.3104, -344.1480, -401.2213, 240, 240, 240, 2, Resonating_Ice_Click_Spot
P -719.3246, -23.1891, -516.9727, 127, 64, 0, 2, Gem_Collector_(Hunter)
P -399.7252, -1068.7975, -587.5193, 127, 64, 0, 2, Gem_Collector_(Hunter)
P -508.9387, -404.7977, -535.4644, 127, 64, 0, 2, Gem_Collector_(Hunter)
P -549.7081, -108.7484, -576.6258, 127, 64, 0, 2, Crystal_Grinder_(Hunter)
P -355.1657, 274.0294, -585.4022, 127, 64, 0, 2, Life_Leech_(Hunter)
P -489.2547, 374.2348, -564.3622, 127, 64, 0, 2, Queen_Dracnia_(Hunter)
P -218.3365, 42.0342, -411.3855, 127, 64, 0, 2, Crystal_Grinder_(Hunter)
P -510.3705, -243.5342, -562.4750, 127, 64, 0, 2, Crystal_Grinder_(Hunter)
