L 91.0, 901.0, 48.0, 91.0, 913.0, 48.0, 205, 133, 63
L 88.0, 927.0, 64.0, 116.0, 927.0, 64.0, 0, 204, 0
L 88.0, 915.0, 64.0, 88.0, 927.0, 64.0, 0, 204, 0
L 85.0, 915.0, 64.0, 88.0, 915.0, 64.0, 0, 204, 0
L 85.0, 941.0, 64.0, 85.0, 915.0, 64.0, 0, 204, 0
L 86.0, 945.0, 64.0, 85.0, 941.0, 64.0, 0, 204, 0
L 109.0, 945.0, 64.0, 86.0, 945.0, 64.0, 0, 204, 0
L 109.0, 1005.0, 64.0, 109.0, 945.0, 64.0, 0, 204, 0
L 66.0, 1005.0, 64.0, 109.0, 1005.0, 64.0, 0, 204, 0
L 66.0, 913.0, 64.0, 66.0, 1005.0, 64.0, 0, 204, 0
L 82.0, 898.0, 64.0, 66.0, 913.0, 64.0, 0, 204, 0
L 125.0, 898.0, 64.0, 82.0, 898.0, 64.0, 0, 204, 0
L 125.0, 941.0, 64.0, 125.0, 898.0, 64.0, 0, 204, 0
L 720.0, 591.0, -33.0, 800.0, 599.0, -47.0, 0, 0, 255
L 720.0, 546.0, -33.0, 720.0, 591.0, -33.0, 0, 0, 255
L 719.0, 543.0, -31.0, 720.0, 546.0, -33.0, 0, 0, 255
L 496.0, 543.0, -31.0, 719.0, 543.0, -31.0, 0, 0, 255
L 496.0, 529.0, -31.0, 496.0, 543.0, -31.0, 0, 0, 255
L 511.0, 481.0, -31.0, 496.0, 529.0, -31.0, 0, 0, 255
L 527.0, 448.0, -31.0, 511.0, 481.0, -31.0, 0, 0, 255
L 543.0, 480.0, -31.0, 527.0, 448.0, -31.0, 0, 0, 255
L 576.0, 496.0, -31.0, 543.0, 480.0, -31.0, 0, 0, 255
L 623.0, 480.0, -31.0, 576.0, 496.0, -31.0, 0, 0, 255
L 640.0, 495.0, -31.0, 623.0, 480.0, -31.0, 0, 0, 255
L 639.0, 415.0, -31.0, 640.0, 495.0, -31.0, 0, 0, 255
L 575.0, 383.0, -31.0, 639.0, 415.0, -31.0, 0, 0, 255
L 530.0, 413.0, -31.0, 575.0, 383.0, -31.0, 0, 0, 255
L 480.0, 431.0, -31.0, 530.0, 413.0, -31.0, 0, 0, 255
L 400.0, 383.0, -31.0, 480.0, 431.0, -31.0, 0, 0, 255
L 400.0, 272.0, -31.0, 400.0, 383.0, -31.0, 0, 0, 255
L 416.0, 271.0, -31.0, 400.0, 272.0, -31.0, 0, 0, 255
L 448.0, 223.0, -31.0, 416.0, 271.0, -31.0, 0, 0, 255
L 368.0, 144.0, -31.0, 448.0, 223.0, -31.0, 0, 0, 255
L 367.0, 111.0, -31.0, 368.0, 144.0, -31.0, 0, 0, 255
L 320.0, 111.0, -31.0, 367.0, 111.0, -31.0, 0, 0, 255
L 288.0, 79.0, -31.0, 320.0, 111.0, -31.0, 0, 0, 255
L 241.0, 48.0, -31.0, 288.0, 79.0, -31.0, 0, 0, 255
L 216.0, 47.0, -31.0, 241.0, 48.0, -31.0, 0, 0, 255
L 146.0, 16.0, -31.0, 216.0, 47.0, -31.0, 0, 0, 255
L 112.0, -17.0, -31.0, 146.0, 16.0, -31.0, 0, 0, 255
L 111.0, -16.0, -12.0, 112.0, -17.0, -31.0, 0, 0, 255
L 96.0, -30.0, -15.0, 111.0, -16.0, -12.0, 0, 0, 255
L 80.0, -16.0, -7.0, 96.0, -30.0, -15.0, 0, 0, 255
L 48.0, 0.0, -4.0, 80.0, -16.0, -7.0, 0, 0, 255
L 44.0, 17.0, 16.0, 48.0, 0.0, -4.0, 0, 0, 255
L 289.0, -268.0, -31.0, 304.0, -221.0, 16.0, 0, 0, 255
L 288.0, -271.0, -31.0, 289.0, -268.0, -31.0, 0, 0, 255
L 272.0, -303.0, -31.0, 288.0, -271.0, -31.0, 0, 0, 255
L 160.0, -352.0, -31.0, 272.0, -303.0, -31.0, 0, 0, 255
L 160.0, -700.0, -31.0, 160.0, -352.0, -31.0, 0, 0, 255
L 222.0, -765.0, -31.0, 160.0, -700.0, -31.0, 0, 0, 255
L 272.0, -811.0, -47.0, 222.0, -765.0, -31.0, 0, 0, 255
L 2050.0, -811.0, -47.0, 272.0, -811.0, -47.0, 0, 0, 255
L 2050.0, 615.0, -47.0, 2050.0, -811.0, -47.0, 0, 0, 255
L 800.0, 615.0, -47.0, 2050.0, 615.0, -47.0, 0, 0, 255
L 799.0, 599.0, -47.0, 800.0, 615.0, -47.0, 0, 0, 255
L 162.0, 1007.0, 48.0, 64.0, 1007.0, 48.0, 0, 0, 0
L 157.0, 1005.0, 48.0, 157.0, 944.0, 48.0, 0, 0, 0
L 86.0, 1005.0, 48.0, 157.0, 1005.0, 48.0, 0, 0, 0
L 86.0, 965.0, 48.0, 86.0, 1005.0, 48.0, 205, 133, 63
L 81.0, 1001.0, 48.0, 81.0, 962.0, 48.0, 205, 133, 63
L 70.0, 1001.0, 48.0, 81.0, 1001.0, 48.0, 205, 133, 63
L 127.0, 949.0, 48.0, 70.0, 949.0, 48.0, 0, 0, 0
L 125.0, 927.0, 48.0, 125.0, 911.0, 48.0, 0, 0, 0
L 96.0, 927.0, 48.0, 125.0, 927.0, 48.0, 0, 0, 0
L 86.0, 929.0, 48.0, 91.0, 927.0, 48.0, 0, 0, 0
L 97.0, 929.0, 48.0, 86.0, 929.0, 48.0, 0, 0, 0
L 97.0, 941.0, 48.0, 97.0, 929.0, 48.0, 150, 150, 150
L 70.0, 941.0, 48.0, 97.0, 941.0, 48.0, 0, 0, 0
L 70.0, 915.0, 48.0, 70.0, 941.0, 48.0, 0, 0, 0
L 84.0, 901.0, 48.0, 70.0, 915.0, 48.0, 0, 0, 0
L 91.0, 901.0, 48.0, 84.0, 901.0, 48.0, 0, 0, 0
L 127.0, 895.0, 48.0, 130.0, 895.0, 48.0, 0, 0, 0
L 79.0, 895.0, 48.0, 127.0, 895.0, 48.0, 0, 0, 0
L 63.0, 911.0, 48.0, 79.0, 895.0, 48.0, 0, 0, 0
L 63.0, 943.0, 48.0, 63.0, 911.0, 48.0, 0, 0, 0
L 63.0, 943.0, 51.0, 63.0, 943.0, 48.0, 0, 0, 0
L 63.0, 991.0, 64.0, 63.0, 943.0, 51.0, 0, 0, 0
L 64.0, 1007.0, 64.0, 63.0, 991.0, 64.0, 0, 0, 0
L 64.0, 1007.0, 48.0, 64.0, 1007.0, 64.0, 0, 0, 0
L 134.0, 1155.0, 49.0, 144.0, 1151.0, 48.0, 150, 150, 150
L 134.0, 1155.0, 49.0, 128.0, 1167.0, 50.0, 150, 150, 150
L 144.0, 1136.0, 48.0, 144.0, 1151.0, 48.0, 150, 150, 150
L 150.0, 1112.0, 48.0, 144.0, 1136.0, 48.0, 150, 150, 150
L 128.0, 1103.0, 48.0, 150.0, 1112.0, 48.0, 150, 150, 150
L 128.0, 1071.0, 48.0, 128.0, 1103.0, 48.0, 150, 150, 150
L 112.0, 1039.0, 48.0, 128.0, 1071.0, 48.0, 150, 150, 150
L 80.0, 1039.0, 48.0, 112.0, 1039.0, 48.0, 150, 150, 150
L 64.0, 1007.0, 48.0, 80.0, 1039.0, 48.0, 150, 150, 150
L 64.0, 1008.0, 64.0, 64.0, 1007.0, 48.0, 0, 0, 0
L 16.0, 1071.0, 64.0, 32.0, 1087.0, 64.0, 0, 0, 0
L 48.0, 1007.0, 64.0, 16.0, 1071.0, 64.0, 0, 0, 0
L 48.0, 991.0, 64.0, 48.0, 1007.0, 64.0, 0, 0, 0
L 32.0, 943.0, 48.0, 48.0, 991.0, 64.0, 0, 0, 0
L 48.0, 911.0, 48.0, 32.0, 943.0, 48.0, 0, 0, 0
L 48.0, 895.0, 48.0, 48.0, 911.0, 48.0, 0, 0, 0
L 32.0, 863.0, 48.0, 48.0, 895.0, 48.0, 0, 0, 0
L 79.0, 832.0, 48.0, 32.0, 863.0, 48.0, 0, 0, 0
L 111.0, 848.0, 50.0, 79.0, 832.0, 48.0, 0, 0, 0
L 143.0, 879.0, 48.0, 111.0, 848.0, 50.0, 0, 0, 0
L 176.0, 880.0, 48.0, 143.0, 879.0, 48.0, 0, 0, 0
L 207.0, 895.0, 48.0, 176.0, 880.0, 48.0, 0, 0, 0
L 224.0, 911.0, 49.0, 207.0, 895.0, 48.0, 0, 0, 0
L 255.0, 911.0, 49.0, 224.0, 911.0, 49.0, 0, 0, 0
L 274.0, 921.0, 50.0, 255.0, 911.0, 49.0, 0, 0, 0
L 283.0, 925.0, 54.0, 274.0, 921.0, 50.0, 0, 0, 0
L 133.0, 598.0, 64.0, 143.0, 604.0, 64.0, 0, 0, 0
L 124.0, 601.0, 64.0, 133.0, 598.0, 64.0, 0, 0, 0
L 121.0, 601.0, 64.0, 124.0, 601.0, 64.0, 0, 0, 0
L 111.0, 594.0, 64.0, 121.0, 601.0, 64.0, 0, 0, 0
L 96.0, 592.0, 64.0, 111.0, 594.0, 64.0, 0, 0, 0
L 80.0, 607.0, 64.0, 96.0, 592.0, 64.0, 0, 0, 0
L 78.0, 690.0, 64.0, 77.0, 672.0, 64.0, 0, 0, 0
L 93.0, 705.0, 64.0, 78.0, 690.0, 64.0, 0, 0, 0
L 93.0, 733.0, 64.0, 93.0, 705.0, 64.0, 0, 0, 0
L 77.0, 749.0, 64.0, 93.0, 733.0, 64.0, 0, 0, 0
L 50.0, 749.0, 64.0, 77.0, 749.0, 64.0, 0, 0, 0
L 38.0, 735.0, 64.0, 50.0, 749.0, 64.0, 0, 0, 0
L 52.0, 720.0, 64.0, 38.0, 735.0, 64.0, 0, 0, 0
L 51.0, 704.0, 64.0, 52.0, 720.0, 64.0, 0, 0, 0
L 36.0, 673.0, 64.0, 51.0, 704.0, 64.0, 0, 0, 0
L 34.0, 667.0, 64.0, 36.0, 673.0, 64.0, 0, 0, 0
L 36.0, 640.0, 64.0, 34.0, 667.0, 64.0, 0, 0, 0
L 62.0, 614.0, 64.0, 36.0, 640.0, 64.0, 0, 0, 0
L 91.0, 614.0, 64.0, 62.0, 614.0, 64.0, 0, 0, 0
L 95.0, 632.0, 64.0, 64.0, 632.0, 64.0, 0, 0, 0
L 211.0, 597.0, 67.0, 221.0, 586.0, 67.0, 0, 0, 255
L 205.0, 603.0, 67.0, 211.0, 597.0, 67.0, 0, 0, 255
L 205.0, 609.0, 67.0, 205.0, 603.0, 67.0, 0, 0, 255
L 203.0, 613.0, 67.0, 205.0, 609.0, 67.0, 0, 0, 255
L 196.0, 613.0, 67.0, 203.0, 613.0, 67.0, 0, 0, 255
L 193.0, 617.0, 64.0, 196.0, 613.0, 67.0, 0, 0, 255
L 180.0, 615.0, 67.0, 181.0, 620.0, 64.0, 0, 0, 255
L 174.0, 617.0, 67.0, 180.0, 615.0, 67.0, 0, 0, 255
L 170.0, 615.0, 67.0, 174.0, 617.0, 67.0, 0, 0, 255
L 168.0, 607.0, 67.0, 170.0, 615.0, 67.0, 0, 0, 255
L 164.0, 601.0, 67.0, 168.0, 607.0, 67.0, 0, 0, 255
L 157.0, 601.0, 67.0, 164.0, 601.0, 67.0, 0, 0, 255
L 152.0, 599.0, 67.0, 157.0, 601.0, 67.0, 0, 0, 255
L 139.0, 591.0, 67.0, 152.0, 599.0, 67.0, 0, 0, 255
L 133.0, 591.0, 67.0, 139.0, 591.0, 67.0, 0, 0, 255
L 123.0, 593.0, 67.0, 133.0, 591.0, 67.0, 0, 0, 255
L 118.0, 583.0, 67.0, 123.0, 593.0, 67.0, 0, 0, 255
L 126.0, 580.0, 67.0, 118.0, 583.0, 67.0, 0, 0, 255
L 128.0, 576.0, 67.0, 126.0, 580.0, 67.0, 0, 0, 255
L 139.0, 576.0, 67.0, 128.0, 576.0, 67.0, 0, 0, 255
L 146.0, 584.0, 67.0, 139.0, 576.0, 67.0, 0, 0, 255
L 162.0, 586.0, 67.0, 146.0, 584.0, 67.0, 0, 0, 255
L 168.0, 589.0, 67.0, 162.0, 586.0, 67.0, 0, 0, 255
L 176.0, 590.0, 67.0, 168.0, 589.0, 67.0, 0, 0, 255
L 186.0, 595.0, 67.0, 176.0, 590.0, 67.0, 0, 0, 255
L 193.0, 595.0, 67.0, 186.0, 595.0, 67.0, 0, 0, 255
L 206.0, 593.0, 67.0, 193.0, 595.0, 67.0, 0, 0, 255
L 206.0, 589.0, 67.0, 206.0, 593.0, 67.0, 0, 0, 255
L 212.0, 582.0, 67.0, 206.0, 589.0, 67.0, 0, 0, 255
L 221.0, 586.0, 67.0, 212.0, 582.0, 67.0, 0, 0, 255
L 207.0, 616.0, 64.0, 204.0, 617.0, 64.0, 0, 0, 0
L 211.0, 616.0, 64.0, 207.0, 616.0, 64.0, 0, 0, 0
L 211.0, 620.0, 64.0, 211.0, 616.0, 64.0, 0, 0, 0
L 223.0, 620.0, 64.0, 211.0, 620.0, 64.0, 0, 0, 0
L 229.0, 624.0, 64.0, 224.0, 616.0, 68.0, 0, 0, 0
L 240.0, 629.0, 64.0, 229.0, 624.0, 64.0, 0, 0, 0
L 270.0, 624.0, 64.0, 240.0, 629.0, 64.0, 0, 0, 0
L 302.0, 639.0, 64.0, 270.0, 624.0, 64.0, 0, 0, 0
L 319.0, 655.0, 64.0, 302.0, 639.0, 64.0, 0, 0, 0
L 303.0, 669.0, 64.0, 319.0, 655.0, 64.0, 0, 0, 0
L 224.0, 669.0, 64.0, 303.0, 669.0, 64.0, 150, 150, 150
L 211.0, 669.0, 64.0, 211.0, 659.0, 64.0, 150, 150, 150
L 156.0, 659.0, 64.0, 156.0, 669.0, 64.0, 150, 150, 150
L 143.0, 659.0, 64.0, 156.0, 659.0, 64.0, 150, 150, 150
L 143.0, 669.0, 64.0, 143.0, 659.0, 64.0, 150, 150, 150
L 80.0, 607.0, 64.0, 112.0, 607.0, 64.0, 0, 0, 0
L 143.0, 619.0, 64.0, 143.0, 604.0, 64.0, 0, 0, 0
L 156.0, 620.0, 64.0, 143.0, 619.0, 64.0, 0, 0, 0
L 157.0, 608.0, 64.0, 156.0, 620.0, 64.0, 0, 0, 0
L 163.0, 611.0, 64.0, 157.0, 608.0, 64.0, 0, 0, 0
L 188.0, 717.0, 48.0, 188.0, 702.0, 48.0, 150, 150, 150
L 179.0, 702.0, 48.0, 179.0, 717.0, 48.0, 150, 150, 150
L 80.0, 673.0, 49.0, 113.0, 672.0, 48.0, 0, 0, 0
L 80.0, 687.0, 49.0, 80.0, 673.0, 49.0, 0, 0, 0
L 95.0, 703.0, 49.0, 80.0, 687.0, 49.0, 0, 0, 0
L 96.0, 735.0, 49.0, 95.0, 703.0, 49.0, 0, 0, 0
L 80.0, 751.0, 49.0, 96.0, 735.0, 49.0, 0, 0, 0
L 303.0, 687.0, 49.0, 303.0, 672.0, 49.0, 0, 0, 0
L 319.0, 768.0, 51.0, 288.0, 752.0, 49.0, 0, 0, 0
L 335.0, 768.0, 52.0, 319.0, 768.0, 51.0, 0, 0, 0
L 351.0, 783.0, 53.0, 335.0, 768.0, 52.0, 0, 0, 0
L 367.0, 784.0, 55.0, 351.0, 783.0, 53.0, 0, 0, 0
L 367.0, 800.0, 58.0, 367.0, 784.0, 55.0, 0, 0, 0
L 383.0, 800.0, 58.0, 367.0, 800.0, 58.0, 0, 0, 0
L 399.0, 815.0, 60.0, 383.0, 800.0, 58.0, 0, 0, 0
L 399.0, 832.0, 64.0, 399.0, 815.0, 60.0, 0, 0, 0
L 399.0, 911.0, 63.0, 399.0, 832.0, 64.0, 0, 0, 0
L 384.0, 941.0, 63.0, 399.0, 911.0, 63.0, 0, 0, 0
L 367.0, 959.0, 63.0, 384.0, 941.0, 63.0, 0, 0, 0
L 336.0, 957.0, 63.0, 367.0, 959.0, 63.0, 0, 0, 0
L 336.0, 911.0, 63.0, 305.0, 927.0, 63.0, 0, 0, 0
L 351.0, 896.0, 64.0, 336.0, 911.0, 63.0, 0, 0, 0
L 352.0, 865.0, 64.0, 351.0, 896.0, 64.0, 0, 0, 0
L 368.0, 847.0, 64.0, 352.0, 865.0, 64.0, 0, 0, 0
L 368.0, 831.0, 63.0, 368.0, 847.0, 64.0, 0, 0, 0
L 351.0, 815.0, 57.0, 368.0, 831.0, 63.0, 0, 0, 0
L 336.0, 815.0, 55.0, 351.0, 815.0, 57.0, 0, 0, 0
L 336.0, 799.0, 54.0, 336.0, 815.0, 55.0, 0, 0, 0
L 303.0, 783.0, 50.0, 336.0, 799.0, 54.0, 0, 0, 0
L 288.0, 783.0, 50.0, 303.0, 783.0, 50.0, 0, 0, 0
L 271.0, 767.0, 49.0, 288.0, 783.0, 50.0, 0, 0, 0
L 256.0, 767.0, 49.0, 271.0, 767.0, 49.0, 0, 0, 0
L 249.0, 773.0, 49.0, 256.0, 767.0, 49.0, 0, 0, 0
L 244.0, 767.0, 49.0, 249.0, 773.0, 49.0, 0, 0, 0
L 233.0, 767.0, 49.0, 244.0, 767.0, 49.0, 0, 0, 0
L 220.0, 776.0, 49.0, 233.0, 767.0, 49.0, 0, 0, 0
L 214.0, 777.0, 49.0, 220.0, 776.0, 49.0, 0, 0, 0
L 208.0, 782.0, 49.0, 214.0, 777.0, 49.0, 0, 0, 0
L 201.0, 783.0, 50.0, 208.0, 782.0, 49.0, 0, 0, 0
L 188.0, 797.0, 53.0, 201.0, 783.0, 50.0, 0, 0, 0
L 177.0, 796.0, 53.0, 188.0, 797.0, 53.0, 0, 0, 0
L 171.0, 783.0, 50.0, 177.0, 796.0, 53.0, 0, 0, 0
L 164.0, 783.0, 50.0, 171.0, 783.0, 50.0, 0, 0, 0
L 148.0, 767.0, 49.0, 164.0, 783.0, 50.0, 0, 0, 0
L 139.0, 767.0, 49.0, 148.0, 767.0, 49.0, 0, 0, 0
L 129.0, 775.0, 49.0, 139.0, 767.0, 49.0, 0, 0, 0
L 120.0, 767.0, 49.0, 129.0, 775.0, 49.0, 0, 0, 0
L 96.0, 767.0, 49.0, 120.0, 767.0, 49.0, 0, 0, 0
L 80.0, 751.0, 49.0, 96.0, 767.0, 49.0, 0, 0, 0
L 260.0, 1407.0, -47.0, 249.0, 1407.0, -47.0, 150, 150, 150
L 319.0, 1391.0, 32.0, 319.0, 1421.0, 32.0, 0, 0, 0
L 303.0, 1359.0, 32.0, 319.0, 1391.0, 32.0, 0, 0, 0
L 192.0, 1279.0, 32.0, 223.0, 1279.0, 32.0, 0, 0, 0
L 177.0, 1294.0, 32.0, 192.0, 1279.0, 32.0, 0, 0, 0
L 176.0, 1327.0, 32.0, 177.0, 1294.0, 32.0, 0, 0, 0
L 192.0, 1359.0, 32.0, 176.0, 1327.0, 32.0, 0, 0, 0
L 192.0, 1375.0, 32.0, 192.0, 1359.0, 32.0, 0, 0, 0
L 176.0, 1407.0, 32.0, 192.0, 1375.0, 32.0, 0, 0, 0
L 184.0, 1423.0, 31.0, 176.0, 1407.0, 32.0, 0, 0, 0
L 176.0, 1535.0, -47.0, 176.0, 1555.0, -47.0, 178, 102, 255
L 192.0, 1519.0, -47.0, 176.0, 1535.0, -47.0, 178, 102, 255
L 254.0, 1520.0, -47.0, 192.0, 1519.0, -47.0, 178, 102, 255
L 271.0, 1504.0, -47.0, 254.0, 1520.0, -47.0, 178, 102, 255
L 256.0, 1487.0, -47.0, 271.0, 1504.0, -47.0, 178, 102, 255
L 240.0, 1455.0, -47.0, 256.0, 1487.0, -47.0, 178, 102, 255
L 192.0, 1439.0, -47.0, 240.0, 1455.0, -47.0, 178, 102, 255
L 176.0, 1407.0, -47.0, 192.0, 1439.0, -47.0, 178, 102, 255
L 192.0, 1375.0, -47.0, 176.0, 1407.0, -47.0, 178, 102, 255
L 254.0, 1360.0, -47.0, 192.0, 1375.0, -47.0, 178, 102, 255
L 303.0, 1359.0, -47.0, 254.0, 1360.0, -47.0, 178, 102, 255
L 317.0, 1387.0, -47.0, 303.0, 1359.0, -47.0, 178, 102, 255
L 319.0, 1421.0, -47.0, 317.0, 1387.0, -47.0, 178, 102, 255
L 287.0, 1455.0, -47.0, 319.0, 1421.0, -47.0, 178, 102, 255
L 287.0, 1517.0, -47.0, 287.0, 1455.0, -47.0, 178, 102, 255
L 273.0, 1533.0, -47.0, 287.0, 1517.0, -47.0, 178, 102, 255
L 207.0, 1535.0, -47.0, 273.0, 1533.0, -47.0, 178, 102, 255
L 191.0, 1550.0, -47.0, 207.0, 1535.0, -47.0, 178, 102, 255
L 191.0, 1567.0, -47.0, 191.0, 1555.0, -47.0, 178, 102, 255
L -36.0, 307.0, 24.0, -59.0, 284.0, 28.0, 0, 0, 255
L -95.0, 367.0, 35.0, -68.0, 367.0, 35.0, 150, 150, 150
L -68.0, 365.0, 34.0, -95.0, 365.0, 34.0, 150, 150, 150
L -95.0, 363.0, 33.0, -68.0, 363.0, 33.0, 150, 150, 150
L -68.0, 361.0, 32.0, -95.0, 361.0, 32.0, 150, 150, 150
L -95.0, 359.0, 31.0, -68.0, 359.0, 31.0, 150, 150, 150
L -68.0, 357.0, 30.0, -95.0, 357.0, 30.0, 150, 150, 150
L -95.0, 355.0, 29.0, -68.0, 355.0, 29.0, 150, 150, 150
L -68.0, 353.0, 28.0, -85.0, 353.0, 28.0, 150, 150, 150
L -67.0, 372.0, 36.0, -68.0, 352.0, 28.0, 150, 150, 150
L -11.0, 372.0, 36.0, -67.0, 372.0, 36.0, 150, 150, 150
L -7.0, 368.0, 36.0, -11.0, 372.0, 36.0, 150, 150, 150
L -7.0, 335.0, 36.0, -7.0, 368.0, 36.0, 150, 150, 150
L 23.0, 335.0, 36.0, 20.0, 335.0, 36.0, 150, 150, 150
L 23.0, 368.0, 36.0, 23.0, 335.0, 36.0, 150, 150, 150
L 27.0, 371.0, 36.0, 23.0, 368.0, 36.0, 150, 150, 150
L 84.0, 372.0, 36.0, 27.0, 371.0, 36.0, 150, 150, 150
L -95.0, 399.0, 36.0, -95.0, 350.0, 28.0, 0, 0, 0
L -32.0, 399.0, 36.0, -95.0, 399.0, 36.0, 0, 0, 0
L -32.0, 395.0, 36.0, -32.0, 399.0, 36.0, 0, 0, 0
L -27.0, 391.0, 36.0, -32.0, 395.0, 36.0, 0, 0, 0
L -19.0, 391.0, 36.0, -27.0, 391.0, 36.0, 0, 0, 0
L -15.0, 396.0, 36.0, -19.0, 391.0, 36.0, 0, 0, 0
L -15.0, 399.0, 36.0, -15.0, 396.0, 36.0, 0, 0, 0
L 0.0, 399.0, 36.0, -15.0, 399.0, 36.0, 0, 0, 0
L 0.0, 395.0, 36.0, 0.0, 399.0, 36.0, 0, 0, 0
L 3.0, 391.0, 36.0, 0.0, 395.0, 36.0, 0, 0, 0
L 12.0, 391.0, 36.0, 3.0, 391.0, 36.0, 0, 0, 0
L 16.0, 395.0, 36.0, 12.0, 391.0, 36.0, 0, 0, 0
L 16.0, 399.0, 36.0, 16.0, 395.0, 36.0, 0, 0, 0
L 31.0, 399.0, 36.0, 16.0, 399.0, 36.0, 0, 0, 0
L 31.0, 396.0, 36.0, 31.0, 399.0, 36.0, 0, 0, 0
L 35.0, 391.0, 36.0, 31.0, 396.0, 36.0, 0, 0, 0
L 44.0, 391.0, 36.0, 35.0, 391.0, 36.0, 0, 0, 0
L 48.0, 396.0, 36.0, 44.0, 391.0, 36.0, 0, 0, 0
L 48.0, 399.0, 36.0, 48.0, 396.0, 36.0, 0, 0, 0
L 111.0, 399.0, 36.0, 48.0, 399.0, 36.0, 0, 0, 0
L 84.0, 367.0, 35.0, 111.0, 367.0, 35.0, 150, 150, 150
L 111.0, 365.0, 34.0, 84.0, 365.0, 34.0, 150, 150, 150
L 84.0, 363.0, 33.0, 111.0, 363.0, 33.0, 150, 150, 150
L 111.0, 361.0, 32.0, 84.0, 361.0, 32.0, 150, 150, 150
L 84.0, 359.0, 31.0, 111.0, 359.0, 31.0, 150, 150, 150
L 111.0, 357.0, 30.0, 84.0, 357.0, 30.0, 150, 150, 150
L 84.0, 355.0, 29.0, 111.0, 355.0, 29.0, 150, 150, 150
L 84.0, 371.0, 36.0, 84.0, 352.0, 28.0, 150, 150, 150
L 111.0, 399.0, 36.0, 111.0, 350.0, 28.0, 0, 0, 0
L 83.0, 351.0, 28.0, 111.0, 353.0, 28.0, 150, 150, 150
L 271.0, -159.0, 16.0, 225.0, -160.0, 16.0, 0, 0, 0
L 225.0, -160.0, 16.0, 207.0, -175.0, 16.0, 0, 0, 0
L 207.0, -175.0, 16.0, 143.0, -175.0, 16.0, 0, 0, 0
L 143.0, -175.0, 16.0, 111.0, -191.0, 16.0, 0, 0, 0
L 111.0, -191.0, 16.0, 63.0, -192.0, 16.0, 0, 0, 0
L 63.0, -192.0, 16.0, 37.0, -223.0, 16.0, 0, 0, 0
L 37.0, -223.0, 16.0, 32.0, -223.0, 16.0, 0, 0, 0
L -64.0, -271.0, 16.0, -69.0, -271.0, 16.0, 0, 0, 0
L -69.0, -271.0, 16.0, -95.0, -255.0, 16.0, 0, 0, 0
L -95.0, -255.0, 16.0, -111.0, -239.0, 16.0, 0, 0, 0
L -111.0, -239.0, 16.0, -112.0, -160.0, 16.0, 0, 0, 0
L -112.0, -160.0, 16.0, -127.0, -143.0, 17.0, 0, 0, 0
L -127.0, -143.0, 17.0, -127.0, -112.0, 16.0, 0, 0, 0
L -127.0, -112.0, 16.0, -111.0, -77.0, 16.0, 0, 0, 0
L -111.0, -77.0, 16.0, -113.0, -60.0, 16.0, 0, 0, 0
L -113.0, -60.0, 16.0, -127.0, -31.0, 16.0, 0, 0, 0
L -127.0, -31.0, 16.0, -110.0, 0.0, 16.0, 0, 0, 0
L -110.0, 0.0, 16.0, -79.0, 31.0, 16.0, 0, 0, 0
L -79.0, 31.0, 16.0, -65.0, 21.0, 16.0, 0, 0, 0
L -65.0, 21.0, 16.0, -46.0, 15.0, 16.0, 0, 0, 0
L -46.0, 15.0, 16.0, -32.0, 15.0, 16.0, 0, 0, 0
L -32.0, 15.0, 16.0, -16.0, 31.0, 16.0, 0, 0, 0
L -16.0, 31.0, 16.0, -5.0, 31.0, 16.0, 0, 0, 0
L 32.0, 31.0, 16.0, 35.0, 27.0, 16.0, 0, 0, 0
L 44.0, 17.0, 16.0, 45.0, -29.0, 16.0, 139, 69, 19
L 45.0, -29.0, 16.0, -65.0, -29.0, 16.0, 139, 69, 19
L -48.0, -159.0, 16.0, 82.0, -162.0, 16.0, 139, 69, 19
L 82.0, -162.0, 16.0, 114.0, -130.0, 16.0, 139, 69, 19
L -63.0, -80.0, 0.0, -47.0, -96.0, 0.0, 0, 0, 255
L -47.0, -96.0, 0.0, -47.0, -111.0, 3.0, 0, 0, 255
L -47.0, -111.0, 3.0, -25.0, -128.0, 0.0, 0, 0, 255
L -25.0, -128.0, 0.0, -16.0, -128.0, 0.0, 0, 0, 255
L -16.0, -128.0, 0.0, 0.0, -133.0, 0.0, 0, 0, 255
L 0.0, -133.0, 0.0, 25.0, -134.0, 0.0, 0, 0, 255
L 25.0, -134.0, 0.0, 47.0, -127.0, 0.0, 0, 0, 255
L 47.0, -127.0, 0.0, 79.0, -144.0, 0.0, 0, 0, 255
L 79.0, -144.0, 0.0, 114.0, -130.0, 16.0, 0, 0, 255
L -63.0, -80.0, 0.0, -66.0, -78.0, 16.0, 0, 0, 255
L 32.0, -223.0, 16.0, 32.0, -191.0, 16.0, 0, 0, 0
L 32.0, -191.0, 16.0, -64.0, -191.0, 16.0, 0, 0, 0
L -4.0, -194.0, 16.0, -4.0, -237.0, 16.0, 205, 133, 63
L -4.0, -237.0, 16.0, -31.0, -237.0, 16.0, 205, 133, 63
L 0.0, -241.0, 16.0, 0.0, -194.0, 16.0, 205, 133, 63
L -9.0, -256.0, 16.0, 2.0, -256.0, 16.0, 0, 0, 0
L 2.0, -256.0, 16.0, 2.0, -253.0, 16.0, 0, 0, 0
L 2.0, -253.0, 16.0, -45.0, -253.0, 16.0, 0, 0, 0
L -45.0, -207.0, 16.0, -48.0, -207.0, 16.0, 0, 0, 0
L -48.0, -207.0, 16.0, -48.0, -267.0, 16.0, 0, 0, 0
L 35.0, 27.0, 16.0, 44.0, 17.0, 16.0, 0, 0, 0
L 96.0, 64.0, 28.0, 111.0, 80.0, 28.0, 0, 0, 0
L 111.0, 80.0, 28.0, 111.0, 353.0, 28.0, 0, 0, 0
L 111.0, 353.0, 28.0, 84.0, 353.0, 28.0, 150, 150, 150
L -64.0, 351.0, 28.0, -68.0, 353.0, 28.0, 150, 150, 150
L -68.0, 353.0, 28.0, -95.0, 353.0, 28.0, 150, 150, 150
L -95.0, 353.0, 28.0, -95.0, 80.0, 28.0, 0, 0, 0
L -95.0, 80.0, 28.0, -79.0, 64.0, 28.0, 0, 0, 0
L 32.0, 95.0, 28.0, 37.0, 95.0, 28.0, 0, 0, 0
L 80.0, 96.0, 28.0, 80.0, 128.0, 28.0, 0, 0, 0
L 80.0, 128.0, 28.0, 49.0, 160.0, 28.0, 150, 150, 150
L 49.0, 160.0, 28.0, 31.0, 156.0, 30.0, 150, 150, 150
L -34.0, 160.0, 28.0, -64.0, 128.0, 28.0, 150, 150, 150
L -64.0, 128.0, 28.0, -64.0, 94.0, 28.0, 0, 0, 0
L -64.0, 94.0, 28.0, -21.0, 95.0, 28.0, 0, 0, 0
L 336.0, 957.0, 63.0, 304.0, 957.0, 64.0, 0, 0, 0
L 304.0, 957.0, 64.0, 271.0, 943.0, 49.0, 0, 0, 0
L 271.0, 943.0, 49.0, 287.0, 944.0, 48.0, 0, 0, 0
L 301.0, 941.0, 63.0, 301.0, 927.0, 63.0, 150, 150, 150
L 299.0, 927.0, 62.0, 299.0, 941.0, 62.0, 150, 150, 150
L 297.0, 941.0, 61.0, 297.0, 927.0, 61.0, 150, 150, 150
L 295.0, 927.0, 60.0, 295.0, 941.0, 60.0, 150, 150, 150
L 293.0, 941.0, 59.0, 293.0, 927.0, 59.0, 150, 150, 150
L 291.0, 927.0, 58.0, 291.0, 941.0, 58.0, 150, 150, 150
L 289.0, 941.0, 57.0, 289.0, 927.0, 57.0, 150, 150, 150
L 287.0, 927.0, 56.0, 287.0, 941.0, 56.0, 150, 150, 150
L 285.0, 941.0, 55.0, 285.0, 926.0, 55.0, 150, 150, 150
L 283.0, 925.0, 54.0, 283.0, 941.0, 54.0, 150, 150, 150
L 281.0, 941.0, 53.0, 281.0, 924.0, 53.0, 150, 150, 150
L 279.0, 923.0, 52.0, 279.0, 941.0, 52.0, 150, 150, 150
L 277.0, 941.0, 51.0, 277.0, 922.0, 51.0, 150, 150, 150
L 275.0, 921.0, 50.0, 275.0, 941.0, 50.0, 150, 150, 150
L 273.0, 941.0, 49.0, 273.0, 920.0, 49.0, 150, 150, 150
L 305.0, 927.0, 63.0, 301.0, 927.0, 63.0, 0, 0, 0
L 301.0, 927.0, 63.0, 283.0, 925.0, 54.0, 0, 0, 0
L 287.0, 944.0, 48.0, 295.0, 958.0, 48.0, 0, 0, 0
L 295.0, 958.0, 48.0, 302.0, 968.0, 48.0, 0, 0, 0
L 302.0, 968.0, 48.0, 326.0, 968.0, 48.0, 0, 0, 0
L 326.0, 968.0, 48.0, 338.0, 979.0, 48.0, 0, 0, 0
L 338.0, 979.0, 48.0, 351.0, 1008.0, 48.0, 0, 0, 0
L 351.0, 1008.0, 48.0, 371.0, 1002.0, 58.0, 0, 0, 0
L 371.0, 1002.0, 58.0, 401.0, 1011.0, 67.0, 0, 0, 0
L 401.0, 1011.0, 67.0, 405.0, 1023.0, 64.0, 0, 0, 0
L 367.0, 1023.0, 48.0, 351.0, 1007.0, 48.0, 150, 150, 150
L 357.0, 1151.0, 48.0, 344.0, 1151.0, 48.0, 0, 0, 0
L 299.0, 1233.0, 48.0, 292.0, 1225.0, 48.0, 0, 0, 0
L 292.0, 1225.0, 48.0, 277.0, 1227.0, 48.0, 0, 0, 0
L 277.0, 1227.0, 48.0, 267.0, 1237.0, 48.0, 0, 0, 0
L 267.0, 1237.0, 48.0, 266.0, 1248.0, 48.0, 0, 0, 0
L 207.0, 1237.0, 48.0, 195.0, 1236.0, 48.0, 0, 0, 0
L 195.0, 1236.0, 48.0, 185.0, 1247.0, 48.0, 0, 0, 0
L 185.0, 1247.0, 48.0, 160.0, 1247.0, 48.0, 0, 0, 0
L 160.0, 1247.0, 48.0, 160.0, 1216.0, 48.0, 150, 150, 150
L 160.0, 1216.0, 48.0, 156.0, 1211.0, 48.0, 150, 150, 150
L 156.0, 1211.0, 48.0, 144.0, 1197.0, 48.0, 150, 150, 150
L 128.0, 1167.0, 50.0, 142.0, 1169.0, 48.0, 150, 150, 150
L 142.0, 1169.0, 48.0, 144.0, 1197.0, 48.0, 150, 150, 150
L 112.0, 1197.0, 63.0, 143.0, 1197.0, 48.0, 150, 150, 150
L 112.0, 1197.0, 63.0, 112.0, 1170.0, 63.0, 150, 150, 150
L 114.0, 1169.0, 62.0, 114.0, 1197.0, 62.0, 150, 150, 150
L 116.0, 1197.0, 61.0, 116.0, 1169.0, 61.0, 150, 150, 150
L 118.0, 1169.0, 60.0, 118.0, 1197.0, 60.0, 150, 150, 150
L 120.0, 1197.0, 59.0, 120.0, 1169.0, 59.0, 150, 150, 150
L 122.0, 1169.0, 58.0, 122.0, 1197.0, 58.0, 150, 150, 150
L 124.0, 1197.0, 57.0, 124.0, 1169.0, 57.0, 150, 150, 150
L 126.0, 1169.0, 56.0, 126.0, 1197.0, 56.0, 150, 150, 150
L 128.0, 1197.0, 55.0, 128.0, 1169.0, 55.0, 150, 150, 150
L 130.0, 1169.0, 54.0, 130.0, 1197.0, 54.0, 150, 150, 150
L 132.0, 1197.0, 53.0, 132.0, 1169.0, 53.0, 150, 150, 150
L 134.0, 1169.0, 52.0, 134.0, 1197.0, 52.0, 150, 150, 150
L 136.0, 1197.0, 51.0, 136.0, 1169.0, 51.0, 150, 150, 150
L 138.0, 1169.0, 50.0, 138.0, 1197.0, 50.0, 150, 150, 150
L 140.0, 1197.0, 49.0, 140.0, 1169.0, 49.0, 150, 150, 150
L 16.0, 1199.0, 63.0, 15.0, 1183.0, 64.0, 0, 0, 0
L 2.0, 1181.0, 64.0, 2.0, 1151.0, 64.0, 0, 0, 0
L 2.0, 1149.0, 64.0, 2.0, 1119.0, 64.0, 0, 0, 0
L 2.0, 1119.0, 64.0, 2.0, 1117.0, 64.0, 0, 0, 0
L 32.0, 1103.0, 64.0, 32.0, 1089.0, 64.0, 0, 0, 0
L 34.0, 1089.0, 64.0, 93.0, 1089.0, 64.0, 0, 0, 0
L 93.0, 1089.0, 64.0, 93.0, 1119.0, 64.0, 0, 0, 0
L 93.0, 1119.0, 64.0, 48.0, 1119.0, 64.0, 150, 150, 150
L 48.0, 1119.0, 64.0, 47.0, 1151.0, 64.0, 150, 150, 150
L 47.0, 1151.0, 64.0, 75.0, 1151.0, 64.0, 0, 0, 0
L 75.0, 1151.0, 64.0, 75.0, 1161.0, 64.0, 0, 0, 0
L 75.0, 1161.0, 64.0, 48.0, 1161.0, 64.0, 0, 0, 0
L 48.0, 1161.0, 64.0, 47.0, 1165.0, 64.0, 0, 0, 0
L 47.0, 1165.0, 64.0, 79.0, 1165.0, 64.0, 0, 0, 0
L 79.0, 1165.0, 64.0, 80.0, 1151.0, 64.0, 0, 0, 0
L 80.0, 1151.0, 64.0, 93.0, 1151.0, 64.0, 150, 150, 150
L 93.0, 1151.0, 64.0, 93.0, 1181.0, 64.0, 0, 0, 0
L 96.0, 1183.0, 64.0, 95.0, 1087.0, 64.0, 0, 0, 0
L 111.0, 1087.0, 64.0, 112.0, 1169.0, 63.0, 150, 150, 150
L 112.0, 1170.0, 63.0, 112.0, 1169.0, 63.0, 150, 150, 150
L 112.0, 1170.0, 63.0, 142.0, 1169.0, 48.0, 150, 150, 150
L 160.0, 1247.0, 48.0, 127.0, 1246.0, 58.0, 0, 0, 0
L 127.0, 1246.0, 58.0, 95.0, 1231.0, 63.0, 0, 0, 0
L 95.0, 1231.0, 63.0, 63.0, 1231.0, 63.0, 0, 0, 0
L 63.0, 1231.0, 63.0, 31.0, 1214.0, 63.0, 0, 0, 0
L 31.0, 1214.0, 63.0, 16.0, 1199.0, 63.0, 0, 0, 0
L 32.0, 1087.0, 64.0, 111.0, 1087.0, 64.0, 0, 0, 0
L 112.0, 1167.0, 63.0, 128.0, 1167.0, 50.0, 150, 150, 150
L 80.0, 1089.0, 80.0, 109.0, 1089.0, 80.0, 0, 204, 0
L 109.0, 1089.0, 80.0, 109.0, 1197.0, 80.0, 0, 204, 0
L 109.0, 1197.0, 80.0, 34.0, 1197.0, 80.0, 0, 204, 0
L 2.0, 1181.0, 80.0, 2.0, 1151.0, 80.0, 0, 204, 0
L 2.0, 1149.0, 80.0, 2.0, 1119.0, 80.0, 0, 204, 0
L 2.0, 1119.0, 80.0, 2.0, 1117.0, 80.0, 0, 204, 0
L 2.0, 1089.0, 80.0, 32.0, 1089.0, 80.0, 0, 204, 0
L 34.0, 1089.0, 80.0, 77.0, 1089.0, 80.0, 0, 204, 0
L 77.0, 1089.0, 80.0, 77.0, 1119.0, 80.0, 0, 204, 0
L 77.0, 1119.0, 80.0, 50.0, 1119.0, 80.0, 0, 204, 0
L 51.0, 1124.0, 80.0, 51.0, 1146.0, 80.0, 0, 204, 0
L 50.0, 1151.0, 80.0, 77.0, 1151.0, 80.0, 0, 204, 0
L 77.0, 1151.0, 80.0, 77.0, 1179.0, 80.0, 0, 204, 0
L 47.0, 1179.0, 80.0, 47.0, 1183.0, 80.0, 0, 204, 0
L 47.0, 1183.0, 80.0, 50.0, 1183.0, 80.0, 0, 204, 0
L 50.0, 1183.0, 80.0, 96.0, 1183.0, 80.0, 0, 204, 0
L 96.0, 1183.0, 80.0, 96.0, 1118.0, 80.0, 0, 204, 0
L 367.0, 1023.0, 48.0, 351.0, 1023.0, 48.0, 0, 0, 0
L 351.0, 1119.0, 48.0, 357.0, 1119.0, 48.0, 0, 0, 0
L 344.0, 1151.0, 48.0, 344.0, 1147.0, 48.0, 0, 0, 0
L 344.0, 1147.0, 48.0, 340.0, 1143.0, 48.0, 0, 0, 0
L 340.0, 1143.0, 48.0, 330.0, 1143.0, 48.0, 0, 0, 0
L 330.0, 1143.0, 48.0, 327.0, 1147.0, 48.0, 0, 0, 0
L 327.0, 1147.0, 48.0, 327.0, 1151.0, 48.0, 0, 0, 0
L 356.0, 1169.0, 48.0, 365.0, 1169.0, 48.0, 150, 150, 150
L 353.0, 1153.0, 48.0, 344.0, 1155.0, 48.0, 0, 0, 0
L 344.0, 1155.0, 48.0, 340.0, 1159.0, 48.0, 0, 0, 0
L 340.0, 1159.0, 48.0, 331.0, 1159.0, 48.0, 0, 0, 0
L 331.0, 1159.0, 48.0, 327.0, 1155.0, 48.0, 0, 0, 0
L 326.0, 1155.0, 48.0, 326.0, 1189.0, 48.0, 205, 133, 63
L 321.0, 1193.0, 48.0, 321.0, 1155.0, 48.0, 205, 133, 63
L 354.0, 1109.0, 48.0, 362.0, 1109.0, 48.0, 0, 0, 0
L 362.0, 1117.0, 48.0, 405.0, 1117.0, 48.0, 0, 0, 0
L 405.0, 1117.0, 48.0, 405.0, 1109.0, 48.0, 0, 0, 0
L 405.0, 1109.0, 48.0, 415.0, 1109.0, 48.0, 0, 0, 0
L 415.0, 1109.0, 48.0, 416.0, 1117.0, 48.0, 0, 0, 0
L 416.0, 1117.0, 48.0, 477.0, 1117.0, 48.0, 0, 0, 0
L 477.0, 1117.0, 48.0, 477.0, 1089.0, 48.0, 0, 0, 0
L 477.0, 1089.0, 48.0, 429.0, 1089.0, 48.0, 0, 0, 0
L 407.0, 1073.0, 48.0, 407.0, 1061.0, 48.0, 205, 133, 63
L 407.0, 1061.0, 48.0, 380.0, 1061.0, 48.0, 0, 0, 0
L 381.0, 1055.0, 48.0, 413.0, 1055.0, 48.0, 0, 0, 0
L 413.0, 1055.0, 48.0, 413.0, 1033.0, 48.0, 0, 0, 0
L 413.0, 1033.0, 48.0, 405.0, 1033.0, 48.0, 0, 0, 0
L 405.0, 1033.0, 48.0, 405.0, 1025.0, 48.0, 0, 0, 0
L 405.0, 1025.0, 48.0, 368.0, 1025.0, 48.0, 0, 0, 0
L 368.0, 1087.0, 48.0, 365.0, 1087.0, 48.0, 0, 0, 0
L 365.0, 1087.0, 48.0, 365.0, 1025.0, 48.0, 0, 0, 0
L 365.0, 1025.0, 48.0, 362.0, 1025.0, 48.0, 0, 0, 0
L 362.0, 1025.0, 48.0, 362.0, 1033.0, 48.0, 0, 0, 0
L 362.0, 1033.0, 48.0, 354.0, 1033.0, 48.0, 0, 0, 0
L 354.0, 1059.0, 48.0, 354.0, 1109.0, 48.0, 0, 0, 0
L 354.0, 1033.0, 48.0, 354.0, 1040.0, 48.0, 0, 0, 0
L 288.0, 1063.0, 48.0, 287.0, 1046.0, 48.0, 0, 0, 0
L 287.0, 1046.0, 48.0, 263.0, 1023.0, 48.0, 0, 0, 0
L 263.0, 1023.0, 48.0, 215.0, 1023.0, 48.0, 0, 0, 0
L 215.0, 1023.0, 48.0, 191.0, 1048.0, 48.0, 0, 0, 0
L 191.0, 1048.0, 48.0, 191.0, 1063.0, 48.0, 0, 0, 0
L 191.0, 1079.0, 48.0, 191.0, 1095.0, 48.0, 0, 0, 0
L 191.0, 1095.0, 48.0, 216.0, 1119.0, 48.0, 0, 0, 0
L 216.0, 1119.0, 48.0, 264.0, 1119.0, 48.0, 0, 0, 0
L 264.0, 1119.0, 48.0, 288.0, 1095.0, 48.0, 0, 0, 0
L 288.0, 1095.0, 48.0, 288.0, 1079.0, 48.0, 0, 0, 0
L 261.0, 1117.0, 48.0, 256.0, 1117.0, 48.0, 0, 0, 0
L 256.0, 1101.0, 48.0, 222.0, 1101.0, 48.0, 0, 0, 0
L 222.0, 1101.0, 48.0, 221.0, 1117.0, 48.0, 0, 0, 0
L 221.0, 1117.0, 48.0, 218.0, 1117.0, 48.0, 0, 0, 0
L 218.0, 1117.0, 48.0, 194.0, 1093.0, 48.0, 0, 0, 0
L 194.0, 1093.0, 48.0, 194.0, 1079.0, 48.0, 0, 0, 0
L 194.0, 1049.0, 48.0, 216.0, 1027.0, 48.0, 0, 0, 0
L 216.0, 1027.0, 48.0, 223.0, 1025.0, 48.0, 0, 0, 0
L 223.0, 1042.0, 48.0, 257.0, 1041.0, 48.0, 0, 0, 0
L 257.0, 1041.0, 48.0, 260.0, 1025.0, 48.0, 0, 0, 0
L 261.0, 1025.0, 48.0, 285.0, 1049.0, 48.0, 0, 0, 0
L 285.0, 1093.0, 48.0, 261.0, 1117.0, 48.0, 0, 0, 0
L 285.0, 1049.0, 48.0, 285.0, 1063.0, 48.0, 0, 0, 0
L 269.0, 1077.0, 48.0, 269.0, 1065.0, 48.0, 0, 0, 0
L 216.0, 1087.0, 48.0, 207.0, 1079.0, 48.0, 0, 0, 0
L 207.0, 1079.0, 48.0, 207.0, 1063.0, 48.0, 0, 0, 0
L 207.0, 1063.0, 48.0, 216.0, 1056.0, 48.0, 0, 0, 0
L 210.0, 1065.0, 48.0, 210.0, 1077.0, 48.0, 0, 0, 0
L 218.0, 1117.0, 64.0, 194.0, 1092.0, 64.0, 0, 204, 0
L 194.0, 1092.0, 64.0, 194.0, 1089.0, 64.0, 0, 204, 0
L 194.0, 1087.0, 64.0, 218.0, 1085.0, 64.0, 0, 204, 0
L 218.0, 1085.0, 64.0, 263.0, 1087.0, 64.0, 0, 204, 0
L 263.0, 1087.0, 64.0, 272.0, 1079.0, 64.0, 0, 204, 0
L 272.0, 1079.0, 64.0, 272.0, 1063.0, 64.0, 0, 204, 0
L 272.0, 1063.0, 64.0, 261.0, 1056.0, 64.0, 0, 204, 0
L 261.0, 1056.0, 64.0, 218.0, 1057.0, 64.0, 0, 204, 0
L 218.0, 1057.0, 64.0, 194.0, 1055.0, 64.0, 0, 204, 0
L 194.0, 1055.0, 64.0, 194.0, 1049.0, 64.0, 0, 204, 0
L 194.0, 1049.0, 64.0, 202.0, 1041.0, 64.0, 0, 204, 0
L 202.0, 1041.0, 64.0, 258.0, 1039.0, 64.0, 0, 204, 0
L 224.0, 1039.0, 49.0, 258.0, 1039.0, 64.0, 0, 0, 0
L 223.0, 1025.0, 48.0, 257.0, 1025.0, 64.0, 0, 0, 0
L 257.0, 1025.0, 64.0, 261.0, 1025.0, 64.0, 0, 204, 0
L 261.0, 1025.0, 64.0, 285.0, 1049.0, 64.0, 0, 204, 0
L 285.0, 1049.0, 64.0, 285.0, 1093.0, 64.0, 0, 204, 0
L 285.0, 1093.0, 64.0, 276.0, 1101.0, 64.0, 0, 204, 0
L 276.0, 1101.0, 64.0, 221.0, 1101.0, 64.0, 0, 204, 0
L 221.0, 1101.0, 64.0, 225.0, 1103.0, 64.0, 0, 204, 0
L 253.0, 1039.0, 63.0, 253.0, 1025.0, 63.0, 150, 150, 150
L 251.0, 1025.0, 62.0, 251.0, 1039.0, 62.0, 150, 150, 150
L 249.0, 1039.0, 61.0, 249.0, 1025.0, 61.0, 150, 150, 150
L 247.0, 1025.0, 60.0, 247.0, 1039.0, 60.0, 150, 150, 150
L 245.0, 1039.0, 59.0, 245.0, 1025.0, 59.0, 150, 150, 150
L 243.0, 1025.0, 58.0, 243.0, 1039.0, 58.0, 150, 150, 150
L 241.0, 1039.0, 57.0, 241.0, 1025.0, 57.0, 150, 150, 150
L 239.0, 1025.0, 56.0, 239.0, 1039.0, 56.0, 150, 150, 150
L 237.0, 1039.0, 55.0, 237.0, 1025.0, 55.0, 150, 150, 150
L 235.0, 1025.0, 54.0, 235.0, 1039.0, 54.0, 150, 150, 150
L 233.0, 1039.0, 53.0, 233.0, 1025.0, 53.0, 150, 150, 150
L 231.0, 1025.0, 52.0, 231.0, 1039.0, 52.0, 150, 150, 150
L 229.0, 1039.0, 51.0, 229.0, 1025.0, 51.0, 150, 150, 150
L 227.0, 1025.0, 50.0, 227.0, 1039.0, 50.0, 150, 150, 150
L 225.0, 1039.0, 49.0, 225.0, 1025.0, 49.0, 150, 150, 150
L 194.0, 1049.0, 80.0, 194.0, 1087.0, 64.0, 102, 255, 102
L 215.0, 1055.0, 80.0, 208.0, 1062.0, 77.0, 102, 255, 102
L 208.0, 1062.0, 77.0, 207.0, 1063.0, 77.0, 102, 255, 102
L 207.0, 1063.0, 77.0, 207.0, 1079.0, 69.0, 102, 255, 102
L 207.0, 1079.0, 69.0, 216.0, 1087.0, 64.0, 102, 255, 102
L 194.0, 1057.0, 79.0, 213.0, 1057.0, 79.0, 150, 150, 150
L 211.0, 1059.0, 79.0, 194.0, 1059.0, 78.0, 150, 150, 150
L 194.0, 1061.0, 77.0, 209.0, 1061.0, 77.0, 150, 150, 150
L 207.0, 1063.0, 76.0, 194.0, 1063.0, 76.0, 150, 150, 150
L 194.0, 1065.0, 75.0, 207.0, 1065.0, 75.0, 150, 150, 150
L 207.0, 1067.0, 74.0, 194.0, 1067.0, 74.0, 150, 150, 150
L 194.0, 1069.0, 74.0, 207.0, 1069.0, 73.0, 150, 150, 150
L 207.0, 1071.0, 72.0, 194.0, 1071.0, 72.0, 150, 150, 150
L 194.0, 1073.0, 71.0, 207.0, 1073.0, 71.0, 150, 150, 150
L 207.0, 1075.0, 70.0, 194.0, 1075.0, 70.0, 150, 150, 150
L 194.0, 1077.0, 69.0, 207.0, 1077.0, 69.0, 150, 150, 150
L 207.0, 1079.0, 68.0, 194.0, 1079.0, 68.0, 150, 150, 150
L 194.0, 1081.0, 67.0, 209.0, 1082.0, 67.0, 150, 150, 150
L 211.0, 1083.0, 66.0, 194.0, 1083.0, 66.0, 150, 150, 150
L 194.0, 1085.0, 65.0, 213.0, 1085.0, 65.0, 150, 150, 150
L 218.0, 1085.0, 80.0, 218.0, 1088.0, 80.0, 102, 255, 102
L 218.0, 1117.0, 80.0, 261.0, 1117.0, 80.0, 102, 255, 102
L 261.0, 1117.0, 80.0, 285.0, 1093.0, 80.0, 102, 255, 102
L 285.0, 1093.0, 80.0, 285.0, 1049.0, 80.0, 102, 255, 102
L 285.0, 1049.0, 80.0, 261.0, 1025.0, 80.0, 102, 255, 102
L 261.0, 1025.0, 80.0, 218.0, 1025.0, 80.0, 102, 255, 102
L 218.0, 1025.0, 80.0, 194.0, 1049.0, 80.0, 102, 255, 102
L 215.0, 1055.0, 80.0, 218.0, 1055.0, 80.0, 102, 255, 102
L 218.0, 1055.0, 80.0, 261.0, 1055.0, 80.0, 102, 255, 102
L 261.0, 1055.0, 80.0, 272.0, 1063.0, 80.0, 102, 255, 102
L 272.0, 1063.0, 80.0, 272.0, 1079.0, 80.0, 102, 255, 102
L 272.0, 1079.0, 80.0, 261.0, 1086.0, 80.0, 102, 255, 102
L 261.0, 1086.0, 80.0, 218.0, 1085.0, 80.0, 102, 255, 102
L 218.0, 1088.0, 80.0, 218.0, 1117.0, 80.0, 102, 255, 102
L 184.0, 1423.0, 31.0, 193.0, 1423.0, 30.0, 150, 150, 150
L 193.0, 1423.0, 30.0, 208.0, 1407.0, 29.0, 150, 150, 150
L 208.0, 1407.0, 29.0, 208.0, 1391.0, 29.0, 150, 150, 150
L 208.0, 1391.0, 29.0, 249.0, 1391.0, 28.0, 150, 150, 150
L 260.0, 1391.0, 28.0, 287.0, 1391.0, 28.0, 150, 150, 150
L 287.0, 1391.0, 28.0, 287.0, 1407.0, 27.0, 150, 150, 150
L 287.0, 1407.0, 27.0, 299.0, 1419.0, 26.0, 150, 150, 150
L 299.0, 1419.0, 26.0, 306.0, 1423.0, 26.0, 150, 150, 150
L 306.0, 1423.0, 26.0, 317.0, 1423.0, 26.0, 0, 0, 0
L 254.0, 1279.0, 32.0, 287.0, 1279.0, 32.0, 0, 0, 0
L 208.0, 1295.0, 32.0, 191.0, 1310.0, 32.0, 0, 0, 0
L 191.0, 1310.0, 32.0, 191.0, 1327.0, 32.0, 0, 0, 0
L 191.0, 1327.0, 32.0, 207.0, 1343.0, 32.0, 0, 0, 0
L 207.0, 1343.0, 32.0, 223.0, 1343.0, 32.0, 0, 0, 0
L 223.0, 1343.0, 32.0, 255.0, 1359.0, 32.0, 0, 0, 0
L 255.0, 1359.0, 32.0, 272.0, 1359.0, 32.0, 0, 0, 0
L 272.0, 1359.0, 32.0, 288.0, 1327.0, 32.0, 0, 0, 0
L 288.0, 1327.0, 32.0, 287.0, 1310.0, 32.0, 0, 0, 0
L 287.0, 1310.0, 32.0, 271.0, 1295.0, 32.0, 0, 0, 0
L 271.0, 1295.0, 32.0, 208.0, 1295.0, 32.0, 0, 0, 0
L 176.0, 1555.0, -47.0, 176.0, 1583.0, -47.0, 178, 102, 255
L 191.0, 1555.0, -47.0, 191.0, 1550.0, -47.0, 178, 102, 255
L 176.0, 1555.0, -47.0, 191.0, 1555.0, -47.0, 199, 21, 133
L 263.0, 648.0, 64.0, 263.0, 641.0, 64.0, 150, 150, 150
L 269.0, 641.0, 67.0, 269.0, 648.0, 67.0, 255, 255, 0
L 267.0, 648.0, 66.0, 267.0, 641.0, 66.0, 150, 150, 150
L 265.0, 648.0, 65.0, 265.0, 641.0, 65.0, 150, 150, 150
L 319.0, 1421.0, 32.0, 317.0, 1423.0, 26.0, 0, 0, 0
L 260.0, 1391.0, 28.0, 249.0, 1391.0, 28.0, 150, 150, 150
L 356.0, 1187.0, 64.0, 356.0, 1183.0, 64.0, 0, 204, 0
L 356.0, 1183.0, 64.0, 365.0, 1183.0, 64.0, 150, 150, 150
L 356.0, 1172.0, 52.0, 356.0, 1183.0, 64.0, 0, 0, 0
L 365.0, 1174.0, 54.0, 365.0, 1183.0, 64.0, 0, 0, 0
L 356.0, 1176.0, 56.0, 365.0, 1176.0, 56.0, 150, 150, 150
L 356.0, 1172.0, 52.0, 365.0, 1172.0, 52.0, 150, 150, 150
L 356.0, 1179.0, 60.0, 365.0, 1179.0, 60.0, 150, 150, 150
L 356.0, 1181.0, 62.0, 365.0, 1181.0, 62.0, 150, 150, 150
L 356.0, 1177.0, 58.0, 365.0, 1177.0, 58.0, 150, 150, 150
L 356.0, 1174.0, 54.0, 365.0, 1174.0, 54.0, 150, 150, 150
L 356.0, 1170.0, 50.0, 365.0, 1170.0, 50.0, 150, 150, 150
L 356.0, 1172.0, 52.0, 353.0, 1167.0, 48.0, 0, 0, 0
L 356.0, 1187.0, 64.0, 353.0, 1186.0, 64.0, 0, 204, 0
L 357.0, 1155.0, 48.0, 353.0, 1153.0, 48.0, 0, 0, 0
L 260.0, 1400.0, -45.0, 249.0, 1400.0, -45.0, 150, 150, 150
L 260.0, 1400.0, -45.0, 260.0, 1407.0, -47.0, 150, 150, 150
L 249.0, 1400.0, -45.0, 249.0, 1407.0, -47.0, 150, 150, 150
L 260.0, 1402.0, -46.0, 249.0, 1402.0, -46.0, 150, 150, 150
L 260.0, 1405.0, -46.0, 249.0, 1405.0, -46.0, 150, 150, 150
L 303.0, 672.0, 49.0, 303.0, 669.0, 64.0, 0, 0, 0
L 303.0, 1295.0, 32.0, 303.0, 1359.0, 32.0, 0, 0, 0
L 287.0, 1279.0, 32.0, 303.0, 1295.0, 32.0, 0, 0, 0
L 253.0, 1279.0, 32.0, 227.0, 1279.0, 32.0, 150, 150, 150
L 227.0, 1279.0, 32.0, 223.0, 1279.0, 32.0, 0, 0, 0
L 227.0, 1279.0, 32.0, 227.0, 1275.0, 34.0, 0, 0, 0
L 254.0, 1279.0, 32.0, 253.0, 1275.0, 34.0, 0, 0, 0
L 253.0, 1262.0, 40.0, 253.0, 1258.0, 42.0, 0, 0, 0
L 253.0, 1262.0, 40.0, 227.0, 1262.0, 40.0, 150, 150, 150
L 253.0, 1271.0, 36.0, 253.0, 1266.0, 38.0, 0, 0, 0
L 227.0, 1271.0, 36.0, 227.0, 1254.0, 44.0, 0, 0, 0
L 253.0, 1271.0, 36.0, 227.0, 1271.0, 36.0, 150, 150, 150
L 253.0, 1254.0, 44.0, 253.0, 1249.0, 46.0, 0, 0, 0
L 227.0, 1254.0, 44.0, 227.0, 1245.0, 48.0, 0, 0, 0
L 253.0, 1254.0, 44.0, 227.0, 1254.0, 44.0, 150, 150, 150
L 253.0, 1258.0, 42.0, 253.0, 1254.0, 44.0, 0, 0, 0
L 253.0, 1258.0, 42.0, 227.0, 1258.0, 42.0, 150, 150, 150
L 253.0, 1249.0, 46.0, 253.0, 1245.0, 48.0, 0, 0, 0
L 253.0, 1249.0, 46.0, 227.0, 1249.0, 46.0, 150, 150, 150
L 253.0, 1266.0, 38.0, 253.0, 1262.0, 40.0, 0, 0, 0
L 253.0, 1266.0, 38.0, 227.0, 1266.0, 38.0, 150, 150, 150
L 253.0, 1275.0, 34.0, 253.0, 1271.0, 36.0, 0, 0, 0
L 227.0, 1275.0, 34.0, 227.0, 1271.0, 36.0, 0, 0, 0
L 253.0, 1275.0, 34.0, 227.0, 1275.0, 34.0, 150, 150, 150
L 253.0, 1245.0, 48.0, 227.0, 1245.0, 48.0, 150, 150, 150
L 253.0, 1245.0, 48.0, 256.0, 1245.0, 48.0, 0, 0, 0
L 227.0, 1245.0, 48.0, 223.0, 1245.0, 48.0, 0, 0, 0
L 256.0, 1245.0, 48.0, 266.0, 1248.0, 48.0, 0, 0, 0
L 112.0, 1197.0, 63.0, 112.0, 1200.0, 63.0, 150, 150, 150
L 87.0, 1199.0, 63.0, 16.0, 1199.0, 63.0, 150, 150, 150
L 87.0, 1199.0, 63.0, 112.0, 1200.0, 63.0, 150, 150, 150
L 213.0, 1245.0, 48.0, 207.0, 1237.0, 48.0, 0, 0, 0
L 213.0, 1245.0, 48.0, 223.0, 1245.0, 48.0, 0, 0, 0
L 223.0, 620.0, 64.0, 224.0, 616.0, 68.0, 0, 0, 0
L -32.0, 143.0, 36.0, -15.0, 143.0, 36.0, 0, 0, 0
L 47.0, 143.0, 36.0, 47.0, 156.0, 36.0, 0, 0, 0
L 303.0, 1183.0, 48.0, 306.0, 1183.0, 48.0, 0, 0, 0
L 303.0, 1167.0, 48.0, 306.0, 1167.0, 48.0, 0, 0, 0
L 299.0, 1233.0, 48.0, 303.0, 1231.0, 48.0, 0, 0, 0
L 191.0, 1079.0, 48.0, 194.0, 1079.0, 48.0, 0, 0, 0
L 194.0, 1063.0, 48.0, 194.0, 1049.0, 48.0, 0, 0, 0
L 191.0, 1063.0, 48.0, 194.0, 1063.0, 48.0, 0, 0, 0
L 285.0, 1079.0, 48.0, 285.0, 1093.0, 48.0, 0, 0, 0
L 288.0, 1079.0, 48.0, 285.0, 1079.0, 48.0, 0, 0, 0
L 288.0, 1063.0, 48.0, 285.0, 1063.0, 48.0, 0, 0, 0
L 125.0, 941.0, 64.0, 116.0, 941.0, 64.0, 0, 204, 0
L 91.0, 927.0, 48.0, 96.0, 927.0, 48.0, 0, 0, 0
L 116.0, 927.0, 64.0, 116.0, 931.0, 64.0, 0, 204, 0
L 116.0, 931.0, 64.0, 116.0, 941.0, 64.0, 150, 150, 150
L 97.0, 929.0, 48.0, 104.0, 930.0, 54.0, 0, 0, 0
L 104.0, 930.0, 54.0, 111.0, 931.0, 60.0, 0, 0, 0
L 106.0, 941.0, 56.0, 106.0, 930.0, 56.0, 150, 150, 150
L 111.0, 931.0, 60.0, 116.0, 931.0, 64.0, 0, 0, 0
L 111.0, 941.0, 60.0, 111.0, 931.0, 60.0, 150, 150, 150
L 104.0, 941.0, 54.0, 97.0, 941.0, 48.0, 0, 0, 0
L 102.0, 941.0, 52.0, 102.0, 930.0, 52.0, 150, 150, 150
L 99.0, 941.0, 50.0, 99.0, 930.0, 50.0, 150, 150, 150
L 104.0, 941.0, 54.0, 104.0, 930.0, 54.0, 150, 150, 150
L 111.0, 941.0, 60.0, 104.0, 941.0, 54.0, 0, 0, 0
L 109.0, 941.0, 58.0, 109.0, 930.0, 58.0, 150, 150, 150
L 116.0, 941.0, 64.0, 111.0, 941.0, 60.0, 0, 0, 0
L 114.0, 941.0, 62.0, 114.0, 931.0, 62.0, 150, 150, 150
L 302.0, 1389.0, 27.0, 302.0, 1387.0, 26.0, 150, 150, 150
L 303.0, 1382.0, 25.0, 313.0, 1383.0, 25.0, 150, 150, 150
L -3.0, 125.0, 36.0, -13.0, 115.0, 36.0, 0, 0, 255
L -22.0, 106.0, 36.0, -47.0, 106.0, 36.0, 0, 0, 0
L -47.0, 106.0, 36.0, -47.0, 116.0, 36.0, 0, 0, 0
L -47.0, 116.0, 36.0, -58.0, 116.0, 36.0, 0, 0, 0
L -58.0, 116.0, 36.0, -61.0, 116.0, 36.0, 0, 0, 0
L -61.0, 116.0, 36.0, -61.0, 125.0, 36.0, 0, 0, 0
L -61.0, 125.0, 36.0, -59.0, 128.0, 36.0, 0, 0, 0
L -32.0, 156.0, 36.0, -32.0, 143.0, 36.0, 0, 0, 0
L 63.0, 106.0, 36.0, 63.0, 116.0, 36.0, 0, 0, 0
L 63.0, 116.0, 36.0, 74.0, 116.0, 36.0, 0, 0, 0
L 74.0, 116.0, 36.0, 77.0, 116.0, 36.0, 0, 0, 0
L 77.0, 116.0, 36.0, 74.0, 128.0, 36.0, 0, 0, 0
L 29.0, 115.0, 36.0, 19.0, 125.0, 36.0, 0, 0, 255
L 19.0, 125.0, 36.0, -3.0, 125.0, 36.0, 0, 0, 255
L 29.0, 106.0, 36.0, -13.0, 106.0, 36.0, 0, 0, 0
L 29.0, 106.0, 36.0, 29.0, 115.0, 36.0, 0, 0, 255
L -13.0, 106.0, 36.0, -22.0, 106.0, 36.0, 0, 0, 0
L -13.0, 115.0, 36.0, -13.0, 106.0, 36.0, 0, 0, 255
L 63.0, 106.0, 36.0, 29.0, 106.0, 36.0, 0, 0, 0
L -15.0, 143.0, 36.0, 31.0, 143.0, 36.0, 150, 150, 150
L -15.0, 149.0, 33.0, -15.0, 156.0, 36.0, 0, 0, 0
L 31.0, 160.0, 28.0, -16.0, 160.0, 28.0, 150, 150, 150
L -16.0, 160.0, 28.0, -34.0, 160.0, 28.0, 150, 150, 150
L -32.0, 156.0, 36.0, -15.0, 156.0, 36.0, 0, 0, 0
L 31.0, 156.0, 36.0, 47.0, 156.0, 36.0, 0, 0, 0
L 31.0, 143.0, 36.0, 31.0, 156.0, 36.0, 0, 0, 0
L 31.0, 143.0, 36.0, 47.0, 143.0, 36.0, 0, 0, 0
L 31.0, 156.0, 30.0, 31.0, 143.0, 36.0, 0, 0, 0
L -15.0, 151.0, 32.0, -15.0, 149.0, 33.0, 0, 0, 0
L 31.0, 152.0, 32.0, -15.0, 151.0, 32.0, 150, 150, 150
L 31.0, 156.0, 30.0, -15.0, 156.0, 30.0, 150, 150, 150
L 31.0, 147.0, 34.0, -15.0, 147.0, 34.0, 150, 150, 150
L -16.0, 160.0, 28.0, -15.0, 151.0, 32.0, 150, 150, 150
L 31.0, 158.0, 29.0, -16.0, 158.0, 29.0, 150, 150, 150
L 31.0, 154.0, 31.0, -16.0, 154.0, 31.0, 150, 150, 150
L 31.0, 149.0, 33.0, -15.0, 149.0, 33.0, 150, 150, 150
L -15.0, 145.0, 35.0, 31.0, 145.0, 35.0, 150, 150, 150
L -59.0, 128.0, 36.0, -32.0, 156.0, 36.0, 150, 150, 150
L -64.0, 128.0, 28.0, -59.0, 128.0, 36.0, 0, 0, 0
L 74.0, 128.0, 36.0, 47.0, 156.0, 36.0, 150, 150, 150
L 80.0, 128.0, 28.0, 74.0, 128.0, 36.0, 0, 0, 0
L 52.0, 308.0, 24.0, -36.0, 307.0, 24.0, 0, 0, 255
L 75.0, 284.0, 24.0, 52.0, 308.0, 24.0, 0, 0, 255
L 75.0, 363.0, 24.0, 75.0, 284.0, 24.0, 0, 0, 255
L 23.0, 363.0, 24.0, 75.0, 363.0, 24.0, 0, 0, 255
L -59.0, 363.0, 24.0, -7.0, 363.0, 24.0, 0, 0, 255
L -59.0, 284.0, 28.0, -59.0, 363.0, 24.0, 0, 0, 255
L 354.0, 1054.0, 48.0, 354.0, 1059.0, 48.0, 0, 0, 0
L 477.0, 1117.0, 64.0, 479.0, 1073.0, 64.0, 0, 204, 0
L 353.0, 1153.0, 64.0, 353.0, 1186.0, 64.0, 0, 204, 0
L 331.0, 1154.0, 64.0, 340.0, 1153.0, 64.0, 0, 204, 0
L 308.0, 1155.0, 64.0, 331.0, 1154.0, 64.0, 0, 204, 0
L 340.0, 1153.0, 64.0, 353.0, 1153.0, 64.0, 0, 204, 0
L 389.0, 1085.0, 64.0, 397.0, 1085.0, 64.0, 0, 204, 0
L 392.0, 1089.0, 64.0, 389.0, 1085.0, 64.0, 0, 204, 0
L 400.0, 1087.0, 64.0, 392.0, 1089.0, 64.0, 0, 204, 0
L 367.0, 1039.0, 64.0, 399.0, 1039.0, 64.0, 0, 204, 0
L 367.0, 1087.0, 64.0, 367.0, 1039.0, 64.0, 0, 204, 0
L 375.0, 1089.0, 64.0, 367.0, 1087.0, 64.0, 0, 204, 0
L 377.0, 1085.0, 64.0, 375.0, 1089.0, 64.0, 0, 204, 0
L 370.0, 1085.0, 64.0, 377.0, 1085.0, 64.0, 0, 204, 0
L 400.0, 1069.0, 64.0, 400.0, 1087.0, 64.0, 0, 204, 0
L 399.0, 1039.0, 64.0, 400.0, 1069.0, 64.0, 0, 204, 0
L 417.0, 1055.0, 64.0, 431.0, 1071.0, 64.0, 0, 204, 0
L 433.0, 1074.0, 64.0, 433.0, 1085.0, 64.0, 0, 204, 0
L 477.0, 1117.0, 64.0, 416.0, 1118.0, 64.0, 0, 204, 0
L 405.0, 1033.0, 64.0, 415.0, 1033.0, 64.0, 0, 204, 0
L 352.0, 1109.0, 64.0, 352.0, 1033.0, 64.0, 0, 204, 0
L 405.0, 1023.0, 64.0, 362.0, 1024.0, 64.0, 0, 204, 0
L 405.0, 1023.0, 64.0, 405.0, 1033.0, 64.0, 0, 204, 0
L 405.0, 1119.0, 64.0, 362.0, 1118.0, 64.0, 0, 204, 0
L 415.0, 1033.0, 64.0, 417.0, 1055.0, 64.0, 0, 204, 0
L 352.0, 1033.0, 64.0, 362.0, 1033.0, 64.0, 0, 204, 0
L 362.0, 1033.0, 64.0, 362.0, 1024.0, 64.0, 0, 204, 0
L 370.0, 1085.0, 64.0, 370.0, 1042.0, 64.0, 0, 204, 0
L 397.0, 1085.0, 64.0, 397.0, 1042.0, 64.0, 0, 204, 0
L 397.0, 1042.0, 64.0, 380.0, 1042.0, 64.0, 0, 204, 0
L 380.0, 1042.0, 64.0, 370.0, 1042.0, 64.0, 0, 204, 0
L 405.0, 1119.0, 64.0, 405.0, 1109.0, 64.0, 0, 204, 0
L 416.0, 1118.0, 64.0, 416.0, 1109.0, 64.0, 0, 204, 0
L 405.0, 1109.0, 64.0, 416.0, 1109.0, 64.0, 0, 204, 0
L 434.0, 1085.0, 64.0, 463.0, 1085.0, 64.0, 0, 204, 0
L 433.0, 1085.0, 64.0, 431.0, 1085.0, 64.0, 0, 204, 0
L 479.0, 1073.0, 64.0, 463.0, 1073.0, 64.0, 0, 204, 0
L 463.0, 1085.0, 64.0, 463.0, 1073.0, 64.0, 150, 150, 150
L 431.0, 1071.0, 64.0, 431.0, 1073.0, 64.0, 0, 204, 0
L 431.0, 1073.0, 64.0, 431.0, 1085.0, 64.0, 0, 204, 0
L 463.0, 1073.0, 64.0, 431.0, 1073.0, 64.0, 0, 204, 0
L 429.0, 1089.0, 48.0, 429.0, 1085.0, 48.0, 0, 0, 0
L 429.0, 1073.0, 48.0, 412.0, 1057.0, 48.0, 0, 0, 0
L 432.0, 1085.0, 48.0, 429.0, 1085.0, 48.0, 0, 0, 0
L 432.0, 1073.0, 48.0, 429.0, 1073.0, 48.0, 0, 0, 0
L 432.0, 1085.0, 48.0, 432.0, 1073.0, 48.0, 150, 150, 150
L 463.0, 1085.0, 64.0, 459.0, 1085.0, 62.0, 0, 0, 0
L 432.0, 1073.0, 48.0, 435.0, 1073.0, 50.0, 0, 0, 0
L 447.0, 1085.0, 56.0, 443.0, 1085.0, 54.0, 0, 0, 0
L 447.0, 1073.0, 56.0, 451.0, 1073.0, 58.0, 0, 0, 0
L 447.0, 1085.0, 56.0, 447.0, 1073.0, 56.0, 150, 150, 150
L 439.0, 1085.0, 52.0, 435.0, 1085.0, 50.0, 0, 0, 0
L 439.0, 1073.0, 52.0, 443.0, 1073.0, 54.0, 0, 0, 0
L 439.0, 1085.0, 52.0, 439.0, 1073.0, 52.0, 150, 150, 150
L 455.0, 1085.0, 60.0, 451.0, 1085.0, 58.0, 0, 0, 0
L 455.0, 1073.0, 60.0, 459.0, 1073.0, 62.0, 0, 0, 0
L 455.0, 1085.0, 60.0, 455.0, 1073.0, 60.0, 150, 150, 150
L 451.0, 1085.0, 58.0, 447.0, 1085.0, 56.0, 0, 0, 0
L 451.0, 1073.0, 58.0, 455.0, 1073.0, 60.0, 0, 0, 0
L 451.0, 1085.0, 58.0, 451.0, 1073.0, 58.0, 150, 150, 150
L 443.0, 1085.0, 54.0, 439.0, 1085.0, 52.0, 0, 0, 0
L 443.0, 1073.0, 54.0, 447.0, 1073.0, 56.0, 0, 0, 0
L 443.0, 1085.0, 54.0, 443.0, 1073.0, 54.0, 150, 150, 150
L 435.0, 1085.0, 50.0, 432.0, 1085.0, 48.0, 0, 0, 0
L 435.0, 1073.0, 50.0, 439.0, 1073.0, 52.0, 0, 0, 0
L 435.0, 1085.0, 50.0, 435.0, 1073.0, 50.0, 150, 150, 150
L 459.0, 1085.0, 62.0, 455.0, 1085.0, 60.0, 0, 0, 0
L 459.0, 1073.0, 62.0, 463.0, 1073.0, 64.0, 0, 0, 0
L 459.0, 1085.0, 62.0, 459.0, 1073.0, 62.0, 150, 150, 150
L 80.0, 1089.0, 80.0, 80.0, 1122.0, 80.0, 0, 204, 0
L 96.0, 1118.0, 80.0, 96.0, 1115.0, 80.0, 0, 204, 0
L 92.0, 1115.0, 80.0, 96.0, 1115.0, 80.0, 0, 204, 0
L 80.0, 1122.0, 80.0, 92.0, 1122.0, 80.0, 150, 150, 150
L 80.0, 1151.0, 64.0, 80.0, 1148.0, 66.0, 0, 0, 0
L 93.0, 1151.0, 64.0, 93.0, 1148.0, 66.0, 0, 0, 0
L 80.0, 1137.0, 72.0, 93.0, 1137.0, 72.0, 150, 150, 150
L 80.0, 1144.0, 68.0, 80.0, 1140.0, 70.0, 0, 0, 0
L 93.0, 1144.0, 68.0, 93.0, 1140.0, 70.0, 0, 0, 0
L 80.0, 1144.0, 68.0, 93.0, 1144.0, 68.0, 150, 150, 150
L 80.0, 1126.0, 78.0, 80.0, 1122.0, 80.0, 0, 0, 0
L 92.0, 1126.0, 78.0, 92.0, 1122.0, 80.0, 0, 0, 0
L 80.0, 1126.0, 78.0, 92.0, 1126.0, 78.0, 150, 150, 150
L 80.0, 1140.0, 70.0, 80.0, 1137.0, 72.0, 0, 0, 0
L 93.0, 1140.0, 70.0, 93.0, 1137.0, 72.0, 0, 0, 0
L 80.0, 1140.0, 70.0, 93.0, 1140.0, 70.0, 150, 150, 150
L 80.0, 1148.0, 66.0, 80.0, 1144.0, 68.0, 0, 0, 0
L 93.0, 1148.0, 66.0, 93.0, 1144.0, 68.0, 0, 0, 0
L 80.0, 1148.0, 66.0, 93.0, 1148.0, 66.0, 150, 150, 150
L 80.0, 1129.0, 76.0, 80.0, 1126.0, 78.0, 0, 0, 0
L 92.0, 1129.0, 76.0, 92.0, 1126.0, 78.0, 0, 0, 0
L 92.0, 1122.0, 80.0, 92.0, 1115.0, 80.0, 0, 204, 0
L 80.0, 1133.0, 74.0, 80.0, 1129.0, 76.0, 0, 0, 0
L 92.0, 1133.0, 74.0, 92.0, 1129.0, 76.0, 0, 0, 0
L 80.0, 1133.0, 74.0, 92.0, 1133.0, 74.0, 150, 150, 150
L 80.0, 1137.0, 72.0, 80.0, 1133.0, 74.0, 0, 0, 0
L 93.0, 1137.0, 72.0, 92.0, 1133.0, 74.0, 0, 0, 0
L 80.0, 1129.0, 76.0, 92.0, 1129.0, 76.0, 150, 150, 150
L 253.0, 717.0, 49.0, 258.0, 717.0, 49.0, 0, 0, 0
L 255.0, 728.0, 49.0, 255.0, 731.0, 49.0, 0, 0, 0
L 255.0, 731.0, 49.0, 255.0, 735.0, 49.0, 0, 0, 0
L 297.0, 694.0, 49.0, 297.0, 723.0, 49.0, 0, 0, 0
L 271.0, 690.0, 49.0, 273.0, 694.0, 49.0, 0, 0, 0
L 255.0, 687.0, 49.0, 255.0, 703.0, 49.0, 0, 0, 0
L 271.0, 687.0, 49.0, 255.0, 687.0, 49.0, 0, 0, 0
L 271.0, 683.0, 49.0, 271.0, 687.0, 49.0, 0, 0, 0
L 275.0, 679.0, 49.0, 271.0, 683.0, 49.0, 0, 0, 0
L 283.0, 679.0, 49.0, 275.0, 679.0, 49.0, 0, 0, 0
L 288.0, 683.0, 49.0, 283.0, 679.0, 49.0, 0, 0, 0
L 288.0, 687.0, 49.0, 288.0, 683.0, 49.0, 0, 0, 0
L 303.0, 687.0, 49.0, 288.0, 687.0, 49.0, 0, 0, 0
L 255.0, 720.0, 49.0, 255.0, 728.0, 49.0, 0, 0, 0
L 258.0, 717.0, 49.0, 258.0, 733.0, 49.0, 0, 0, 0
L 258.0, 706.0, 49.0, 258.0, 690.0, 49.0, 0, 0, 0
L 253.0, 706.0, 49.0, 258.0, 706.0, 49.0, 0, 0, 0
L 271.0, 690.0, 49.0, 258.0, 690.0, 49.0, 0, 0, 0
L 258.0, 733.0, 49.0, 275.0, 733.0, 49.0, 0, 0, 0
L 282.0, 733.0, 49.0, 287.0, 733.0, 49.0, 0, 0, 0
L 297.0, 723.0, 49.0, 287.0, 733.0, 49.0, 0, 0, 0
L 275.0, 733.0, 49.0, 275.0, 705.0, 49.0, 205, 133, 63
L 282.0, 733.0, 49.0, 282.0, 705.0, 49.0, 205, 133, 63
L 275.0, 705.0, 49.0, 282.0, 705.0, 49.0, 205, 133, 63
L 275.0, 698.0, 49.0, 273.0, 694.0, 49.0, 0, 0, 0
L -4.0, 335.0, 36.0, -7.0, 335.0, 36.0, 150, 150, 150
L -8.0, 323.0, 36.0, -8.0, 331.0, 36.0, 255, 255, 0
L 20.0, 335.0, 36.0, -4.0, 335.0, 36.0, 255, 255, 0
L 20.0, 335.0, 36.0, 22.0, 333.0, 36.0, 255, 255, 0
L -37.0, -240.0, 32.0, -37.0, -237.0, 32.0, 0, 204, 0
L -53.0, -237.0, 32.0, -61.0, -237.0, 32.0, 0, 204, 0
L -37.0, -237.0, 32.0, -53.0, -237.0, 32.0, 0, 204, 0
L -61.0, -240.0, 32.0, -37.0, -240.0, 32.0, 0, 204, 0
L 29.0, -237.0, 32.0, 7.0, -237.0, 32.0, 0, 204, 0
L 7.0, -237.0, 32.0, 7.0, -240.0, 32.0, 0, 204, 0
L 7.0, -240.0, 32.0, 29.0, -240.0, 32.0, 0, 204, 0
L 29.0, -253.0, 32.0, -46.0, -253.0, 32.0, 0, 204, 0
L -9.0, -256.0, 16.0, -14.0, -256.0, 18.0, 0, 0, 0
L -9.0, -269.0, 16.0, -14.0, -269.0, 18.0, 0, 0, 0
L -9.0, -256.0, 16.0, -9.0, -269.0, 16.0, 150, 150, 150
L -27.0, -256.0, 24.0, -32.0, -256.0, 26.0, 0, 0, 0
L -27.0, -269.0, 24.0, -32.0, -269.0, 26.0, 0, 0, 0
L -27.0, -256.0, 24.0, -27.0, -269.0, 24.0, 150, 150, 150
L -36.0, -256.0, 28.0, -41.0, -256.0, 30.0, 0, 0, 0
L -36.0, -269.0, 28.0, -41.0, -269.0, 30.0, 0, 0, 0
L -36.0, -256.0, 28.0, -36.0, -269.0, 28.0, 150, 150, 150
L -18.0, -256.0, 20.0, -23.0, -256.0, 22.0, 0, 0, 0
L -18.0, -256.0, 20.0, -18.0, -269.0, 20.0, 150, 150, 150
L -18.0, -269.0, 20.0, -27.0, -269.0, 24.0, 0, 0, 0
L -14.0, -256.0, 18.0, -18.0, -256.0, 20.0, 0, 0, 0
L -14.0, -269.0, 18.0, -18.0, -269.0, 20.0, 0, 0, 0
L -14.0, -256.0, 18.0, -14.0, -269.0, 18.0, 150, 150, 150
L -23.0, -256.0, 22.0, -27.0, -256.0, 24.0, 0, 0, 0
L -23.0, -256.0, 22.0, -23.0, -269.0, 22.0, 150, 150, 150
L -32.0, -256.0, 26.0, -36.0, -256.0, 28.0, 0, 0, 0
L -32.0, -269.0, 26.0, -36.0, -269.0, 28.0, 0, 0, 0
L -32.0, -256.0, 26.0, -32.0, -269.0, 26.0, 150, 150, 150
L -41.0, -256.0, 30.0, -46.0, -256.0, 32.0, 0, 0, 0
L -41.0, -269.0, 30.0, -46.0, -269.0, 32.0, 0, 0, 0
L -41.0, -256.0, 30.0, -41.0, -269.0, 30.0, 150, 150, 150
L -46.0, -253.0, 32.0, -46.0, -256.0, 32.0, 0, 204, 0
L -46.0, -256.0, 32.0, -46.0, -269.0, 32.0, 150, 150, 150
L 223.0, 1042.0, 48.0, 224.0, 1039.0, 49.0, 0, 0, 0
L 225.0, 1103.0, 64.0, 225.0, 1117.0, 64.0, 150, 150, 150
L 218.0, 1117.0, 64.0, 225.0, 1117.0, 64.0, 0, 204, 0
L 256.0, 1117.0, 48.0, 252.0, 1117.0, 50.0, 0, 0, 0
L 256.0, 1101.0, 48.0, 252.0, 1102.0, 50.0, 0, 0, 0
L 256.0, 1102.0, 48.0, 256.0, 1117.0, 48.0, 150, 150, 150
L 240.0, 1103.0, 56.0, 237.0, 1103.0, 58.0, 0, 0, 0
L 240.0, 1117.0, 56.0, 237.0, 1117.0, 58.0, 0, 0, 0
L 240.0, 1103.0, 56.0, 240.0, 1117.0, 56.0, 150, 150, 150
L 248.0, 1102.0, 52.0, 244.0, 1102.0, 54.0, 0, 0, 0
L 248.0, 1117.0, 52.0, 244.0, 1117.0, 54.0, 0, 0, 0
L 248.0, 1102.0, 52.0, 248.0, 1117.0, 52.0, 150, 150, 150
L 233.0, 1103.0, 60.0, 229.0, 1103.0, 62.0, 0, 0, 0
L 233.0, 1117.0, 60.0, 229.0, 1117.0, 62.0, 0, 0, 0
L 233.0, 1103.0, 60.0, 233.0, 1117.0, 60.0, 150, 150, 150
L 229.0, 1103.0, 62.0, 225.0, 1103.0, 64.0, 0, 0, 0
L 229.0, 1117.0, 62.0, 225.0, 1117.0, 64.0, 0, 0, 0
L 229.0, 1103.0, 62.0, 229.0, 1117.0, 62.0, 150, 150, 150
L 237.0, 1103.0, 58.0, 233.0, 1103.0, 60.0, 0, 0, 0
L 237.0, 1117.0, 58.0, 233.0, 1117.0, 60.0, 0, 0, 0
L 237.0, 1103.0, 58.0, 237.0, 1117.0, 58.0, 150, 150, 150
L 244.0, 1102.0, 54.0, 240.0, 1103.0, 56.0, 0, 0, 0
L 244.0, 1117.0, 54.0, 240.0, 1117.0, 56.0, 0, 0, 0
L 244.0, 1102.0, 54.0, 244.0, 1117.0, 54.0, 150, 150, 150
L 252.0, 1102.0, 50.0, 248.0, 1102.0, 52.0, 0, 0, 0
L 252.0, 1117.0, 50.0, 248.0, 1117.0, 52.0, 0, 0, 0
L 252.0, 1102.0, 50.0, 252.0, 1117.0, 50.0, 150, 150, 150
L 21.0, 25.0, 16.0, 21.0, 31.0, 16.0, 0, 0, 0
L 21.0, 31.0, 16.0, 32.0, 31.0, 16.0, 0, 0, 0
L -5.0, 25.0, 16.0, -5.0, 31.0, 16.0, 0, 0, 0
L -9.0, 40.0, 22.0, -5.0, 40.0, 22.0, 0, 0, 0
L -9.0, 50.0, 22.0, -9.0, 55.0, 22.0, 0, 0, 0
L -9.0, 55.0, 22.0, -9.0, 59.0, 22.0, 0, 0, 0
L -9.0, 50.0, 22.0, -9.0, 40.0, 22.0, 0, 0, 0
L 25.0, 59.0, 22.0, 25.0, 40.0, 22.0, 0, 0, 0
L 21.0, 40.0, 22.0, 25.0, 40.0, 22.0, 0, 0, 0
L -5.0, 25.0, 16.0, 21.0, 25.0, 16.0, 150, 150, 150
L 21.0, 40.0, 22.0, 21.0, 36.0, 21.0, 0, 0, 0
L -5.0, 25.0, 16.0, -5.0, 29.0, 18.0, 0, 0, 0
L -5.0, 32.0, 19.0, -5.0, 36.0, 21.0, 0, 0, 0
L 21.0, 32.0, 19.0, 21.0, 29.0, 18.0, 0, 0, 0
L -5.0, 32.0, 19.0, 21.0, 32.0, 19.0, 150, 150, 150
L -5.0, 36.0, 21.0, -5.0, 40.0, 22.0, 0, 0, 0
L 21.0, 36.0, 21.0, 21.0, 32.0, 19.0, 0, 0, 0
L -5.0, 36.0, 21.0, 21.0, 36.0, 21.0, 150, 150, 150
L -5.0, 40.0, 22.0, 21.0, 40.0, 22.0, 150, 150, 150
L -5.0, 29.0, 18.0, -5.0, 32.0, 19.0, 0, 0, 0
L 21.0, 29.0, 18.0, 21.0, 25.0, 16.0, 0, 0, 0
L -5.0, 29.0, 18.0, 21.0, 29.0, 18.0, 150, 150, 150
L 96.0, 64.0, 28.0, 29.0, 66.0, 28.0, 0, 0, 0
L -12.0, 68.0, 28.0, -79.0, 64.0, 28.0, 0, 0, 0
L 29.0, 66.0, 28.0, 22.0, 66.0, 27.0, 0, 0, 0
L -9.0, 59.0, 22.0, 25.0, 59.0, 22.0, 150, 150, 150
L 37.0, 95.0, 28.0, 56.0, 95.0, 28.0, 0, 0, 0
L -21.0, 95.0, 28.0, 37.0, 95.0, 28.0, 0, 0, 0
L 56.0, 95.0, 28.0, 80.0, 96.0, 28.0, 0, 0, 0
L 21.0, 68.0, 28.0, -5.0, 68.0, 28.0, 150, 150, 150
L -6.0, 66.0, 27.0, -12.0, 68.0, 28.0, 0, 0, 0
L 23.0, 63.0, 25.0, -7.0, 63.0, 25.0, 150, 150, 150
L 24.0, 61.0, 24.0, -8.0, 61.0, 24.0, 150, 150, 150
L 22.0, 66.0, 27.0, 25.0, 59.0, 22.0, 0, 0, 0
L -6.0, 66.0, 27.0, -9.0, 59.0, 22.0, 0, 0, 0
L 22.0, 66.0, 27.0, -6.0, 66.0, 27.0, 150, 150, 150
L 49.0, 304.0, 30.0, 73.0, 280.0, 30.0, 0, 0, 0
L 73.0, 280.0, 30.0, 81.0, 266.0, 28.0, 0, 0, 0
L 74.0, 176.0, 30.0, 73.0, 267.0, 31.0, 0, 0, 0
L 73.0, 267.0, 31.0, 41.0, 298.0, 33.0, 0, 0, 0
L 41.0, 298.0, 33.0, 11.0, 298.0, 34.0, 0, 0, 0
L 11.0, 298.0, 34.0, -27.0, 298.0, 32.0, 0, 0, 0
L -27.0, 298.0, 32.0, -48.0, 277.0, 31.0, 0, 0, 0
L -48.0, 277.0, 31.0, -58.0, 265.0, 31.0, 0, 0, 0
L -65.0, 273.0, 28.0, -56.0, 281.0, 30.0, 0, 0, 0
L -56.0, 281.0, 30.0, -34.0, 303.0, 30.0, 0, 0, 0
L -34.0, 303.0, 30.0, 49.0, 304.0, 30.0, 0, 0, 0
L -45.0, -253.0, 16.0, -45.0, -207.0, 16.0, 0, 0, 0
L 29.0, -194.0, 16.0, 29.0, -253.0, 16.0, 0, 0, 0
L 29.0, -253.0, 16.0, 29.0, -269.0, 16.0, 0, 0, 0
L -9.0, -269.0, 16.0, 29.0, -269.0, 16.0, 0, 0, 0
L -64.0, -191.0, 16.0, -64.0, -242.0, 16.0, 0, 0, 0
L -64.0, -253.0, 16.0, -64.0, -271.0, 16.0, 0, 0, 0
L 29.0, -194.0, 16.0, 0.0, -194.0, 16.0, 0, 0, 0
L -4.0, -194.0, 16.0, -61.0, -194.0, 16.0, 0, 0, 0
L 0.0, -194.0, 16.0, -4.0, -194.0, 16.0, 0, 0, 0
L -46.0, -269.0, 32.0, -61.0, -269.0, 32.0, 0, 204, 0
L -61.0, -269.0, 32.0, -61.0, -240.0, 32.0, 0, 204, 0
L -61.0, -237.0, 32.0, -61.0, -194.0, 32.0, 0, 204, 0
L -26.0, -240.0, 32.0, -3.0, -240.0, 32.0, 0, 204, 0
L -16.0, -237.0, 32.0, -26.0, -237.0, 32.0, 0, 204, 0
L -16.0, -194.0, 32.0, -16.0, -234.0, 32.0, 0, 204, 0
L -16.0, -234.0, 32.0, -16.0, -237.0, 32.0, 0, 204, 0
L -61.0, -194.0, 32.0, -16.0, -194.0, 32.0, 0, 204, 0
L 29.0, -253.0, 32.0, 29.0, -240.0, 32.0, 0, 204, 0
L 29.0, -237.0, 32.0, 29.0, -194.0, 32.0, 0, 204, 0
L -13.0, -237.0, 32.0, -13.0, -194.0, 32.0, 0, 204, 0
L -13.0, -194.0, 32.0, 29.0, -194.0, 32.0, 0, 204, 0
L -26.0, -237.0, 32.0, -26.0, -240.0, 32.0, 0, 204, 0
L -3.0, -237.0, 32.0, -13.0, -237.0, 32.0, 0, 204, 0
L -3.0, -237.0, 32.0, -3.0, -240.0, 32.0, 0, 204, 0
L 0.0, -241.0, 16.0, -31.0, -241.0, 16.0, 205, 133, 63
L -31.0, -241.0, 16.0, -31.0, -237.0, 16.0, 205, 133, 63
L 255.0, 735.0, 49.0, 277.0, 735.0, 49.0, 0, 0, 0
L 288.0, 752.0, 49.0, 277.0, 735.0, 49.0, 0, 0, 0
L 275.0, 733.0, 49.0, 282.0, 733.0, 49.0, 0, 0, 0
L 321.0, 1193.0, 48.0, 339.0, 1193.0, 48.0, 205, 133, 63
L 326.0, 1189.0, 48.0, 339.0, 1189.0, 48.0, 205, 133, 63
L 339.0, 1189.0, 48.0, 339.0, 1193.0, 48.0, 205, 133, 63
L 365.0, 1193.0, 48.0, 353.0, 1193.0, 48.0, 0, 0, 0
L 353.0, 1167.0, 48.0, 353.0, 1193.0, 48.0, 0, 0, 0
L 365.0, 1193.0, 48.0, 365.0, 1227.0, 48.0, 0, 0, 0
L 306.0, 1227.0, 48.0, 365.0, 1227.0, 48.0, 0, 0, 0
L 303.0, 1231.0, 48.0, 303.0, 1200.0, 48.0, 0, 0, 0
L 303.0, 1167.0, 48.0, 303.0, 1151.0, 48.0, 0, 0, 0
L 303.0, 1200.0, 48.0, 303.0, 1183.0, 48.0, 0, 0, 0
L 327.0, 1151.0, 48.0, 303.0, 1151.0, 48.0, 0, 0, 0
L 306.0, 1227.0, 48.0, 306.0, 1191.0, 48.0, 0, 0, 0
L 306.0, 1167.0, 48.0, 306.0, 1155.0, 48.0, 0, 0, 0
L 306.0, 1191.0, 48.0, 306.0, 1183.0, 48.0, 0, 0, 0
L 327.0, 1155.0, 48.0, 321.0, 1155.0, 48.0, 0, 0, 0
L 321.0, 1155.0, 48.0, 306.0, 1155.0, 48.0, 0, 0, 0
L 407.0, 1073.0, 48.0, 380.0, 1073.0, 48.0, 205, 133, 63
L 412.0, 1077.0, 48.0, 380.0, 1077.0, 48.0, 205, 133, 63
L 380.0, 1073.0, 48.0, 380.0, 1077.0, 48.0, 205, 133, 63
L 412.0, 1061.0, 48.0, 412.0, 1077.0, 48.0, 205, 133, 63
L 407.0, 1061.0, 48.0, 412.0, 1061.0, 48.0, 0, 0, 0
L 412.0, 1061.0, 48.0, 412.0, 1057.0, 48.0, 0, 0, 0
L 362.0, 1109.0, 48.0, 362.0, 1117.0, 48.0, 0, 0, 0
L 308.0, 1155.0, 64.0, 308.0, 1227.0, 64.0, 0, 204, 0
L 308.0, 1227.0, 64.0, 365.0, 1227.0, 64.0, 0, 204, 0
L 365.0, 1183.0, 64.0, 365.0, 1227.0, 64.0, 0, 204, 0
L 353.0, 1167.0, 48.0, 365.0, 1167.0, 48.0, 0, 0, 0
L 365.0, 1155.0, 48.0, 365.0, 1167.0, 48.0, 0, 0, 0
L 365.0, 1174.0, 54.0, 365.0, 1169.0, 48.0, 0, 0, 0
L 365.0, 1155.0, 48.0, 357.0, 1155.0, 48.0, 0, 0, 0
L 357.0, 1119.0, 48.0, 357.0, 1151.0, 48.0, 0, 0, 0
L 127.0, 949.0, 48.0, 127.0, 984.0, 48.0, 0, 0, 0
L 130.0, 984.0, 48.0, 127.0, 984.0, 48.0, 0, 0, 0
L 81.0, 962.0, 48.0, 114.0, 962.0, 48.0, 205, 133, 63
L 86.0, 965.0, 48.0, 114.0, 965.0, 48.0, 205, 133, 63
L 114.0, 962.0, 48.0, 114.0, 965.0, 48.0, 205, 133, 63
L 86.0, 1005.0, 48.0, 70.0, 1005.0, 48.0, 0, 0, 0
L 70.0, 949.0, 48.0, 70.0, 1001.0, 48.0, 0, 0, 0
L 70.0, 1001.0, 48.0, 70.0, 1005.0, 48.0, 0, 0, 0
L 91.0, 901.0, 48.0, 96.0, 901.0, 48.0, 0, 0, 0
L 96.0, 901.0, 48.0, 130.0, 901.0, 48.0, 0, 0, 0
L 96.0, 901.0, 48.0, 96.0, 913.0, 48.0, 205, 133, 63
L 91.0, 913.0, 48.0, 96.0, 913.0, 48.0, 205, 133, 63
L 130.0, 928.0, 48.0, 130.0, 911.0, 48.0, 0, 0, 0
L 125.0, 911.0, 48.0, 130.0, 911.0, 48.0, 0, 0, 0
L 130.0, 901.0, 48.0, 130.0, 895.0, 48.0, 0, 0, 0
L 130.0, 931.0, 48.0, 130.0, 984.0, 48.0, 0, 0, 0
L 161.0, 931.0, 48.0, 130.0, 931.0, 48.0, 0, 0, 0
L 162.0, 943.0, 48.0, 162.0, 1007.0, 48.0, 0, 0, 0
L 130.0, 928.0, 48.0, 162.0, 928.0, 48.0, 0, 0, 0
L 161.0, 931.0, 48.0, 162.0, 928.0, 48.0, 0, 0, 0
L 162.0, 943.0, 48.0, 157.0, 944.0, 48.0, 0, 0, 0
L 74.0, 176.0, 30.0, 81.0, 176.0, 30.0, 0, 0, 0
L 81.0, 266.0, 28.0, 81.0, 176.0, 30.0, 0, 0, 0
L -65.0, 177.0, 30.0, -58.0, 177.0, 30.0, 0, 0, 0
L -58.0, 265.0, 31.0, -58.0, 177.0, 30.0, 0, 0, 0
L -65.0, 273.0, 28.0, -65.0, 177.0, 30.0, 0, 0, 0
L 2.0, 1117.0, 64.0, 2.0, 1089.0, 64.0, 0, 0, 0
L 2.0, 1119.0, 64.0, 32.0, 1119.0, 64.0, 0, 0, 0
L 32.0, 1089.0, 64.0, 2.0, 1089.0, 64.0, 0, 0, 0
L 2.0, 1181.0, 64.0, 32.0, 1181.0, 64.0, 0, 0, 0
L 2.0, 1149.0, 64.0, 32.0, 1149.0, 64.0, 0, 0, 0
L 34.0, 1151.0, 64.0, 34.0, 1133.0, 64.0, 0, 0, 0
L 2.0, 1151.0, 64.0, 2.0, 1149.0, 64.0, 0, 0, 0
L 2.0, 1151.0, 64.0, 34.0, 1151.0, 64.0, 0, 0, 0
L 32.0, 1165.0, 64.0, 32.0, 1181.0, 64.0, 0, 0, 0
L 34.0, 1103.0, 80.0, 34.0, 1089.0, 80.0, 0, 204, 0
L 2.0, 1117.0, 80.0, 2.0, 1089.0, 80.0, 0, 204, 0
L 32.0, 1117.0, 80.0, 2.0, 1117.0, 80.0, 0, 204, 0
L 34.0, 1133.0, 80.0, 34.0, 1151.0, 80.0, 0, 204, 0
L 2.0, 1151.0, 80.0, 2.0, 1149.0, 80.0, 0, 204, 0
L 34.0, 1151.0, 80.0, 2.0, 1151.0, 80.0, 0, 204, 0
L 32.0, 1149.0, 80.0, 2.0, 1149.0, 80.0, 0, 204, 0
L 34.0, 1165.0, 80.0, 34.0, 1181.0, 80.0, 0, 204, 0
L 2.0, 1181.0, 80.0, 32.0, 1181.0, 80.0, 0, 204, 0
L 34.0, 1181.0, 80.0, 34.0, 1197.0, 80.0, 0, 204, 0
L 47.0, 1105.0, 80.0, 47.0, 1124.0, 80.0, 0, 204, 0
L 47.0, 1146.0, 80.0, 47.0, 1167.0, 80.0, 0, 204, 0
L 51.0, 1146.0, 80.0, 47.0, 1146.0, 80.0, 0, 204, 0
L 51.0, 1124.0, 80.0, 47.0, 1124.0, 80.0, 0, 204, 0
L 50.0, 1119.0, 80.0, 50.0, 1105.0, 80.0, 0, 204, 0
L 50.0, 1105.0, 80.0, 47.0, 1105.0, 80.0, 0, 204, 0
L 50.0, 1151.0, 80.0, 50.0, 1167.0, 80.0, 0, 204, 0
L 47.0, 1167.0, 80.0, 50.0, 1167.0, 80.0, 0, 204, 0
L 47.0, 1179.0, 80.0, 77.0, 1179.0, 80.0, 0, 204, 0
L 15.0, 1183.0, 64.0, 49.0, 1183.0, 64.0, 0, 0, 0
L 62.0, 1183.0, 64.0, 96.0, 1183.0, 64.0, 0, 0, 0
L 368.0, 1025.0, 48.0, 368.0, 1087.0, 48.0, 0, 0, 0
L 354.0, 1040.0, 48.0, 351.0, 1040.0, 48.0, 0, 0, 0
L 351.0, 1023.0, 48.0, 351.0, 1040.0, 48.0, 0, 0, 0
L 354.0, 1054.0, 48.0, 351.0, 1054.0, 48.0, 0, 0, 0
L 351.0, 1119.0, 48.0, 351.0, 1054.0, 48.0, 0, 0, 0
L 381.0, 1055.0, 48.0, 380.0, 1061.0, 48.0, 0, 0, 0
L 1554.0, 581.0, 21.0, 1260.0, 581.0, 21.0, 255, 255, 255
L 1235.0, 581.0, 21.0, 1225.0, 582.0, 21.0, 255, 255, 255
L 1225.0, 582.0, 21.0, 1195.0, 579.0, 21.0, 255, 255, 255
L 1195.0, 579.0, 21.0, 1134.0, 572.0, 21.0, 255, 255, 255
L 1134.0, 572.0, 21.0, 1128.0, 573.0, 21.0, 255, 255, 255
L 1128.0, 573.0, 21.0, 1122.0, 572.0, 21.0, 255, 255, 255
L 1122.0, 572.0, 21.0, 1055.0, 557.0, 21.0, 255, 255, 255
L 1055.0, 557.0, 21.0, 1048.0, 557.0, 21.0, 255, 255, 255
L 1048.0, 557.0, 21.0, 1020.0, 548.0, 21.0, 255, 255, 255
L 1020.0, 548.0, 21.0, 972.0, 533.0, 21.0, 255, 255, 255
L 972.0, 533.0, 21.0, 942.0, 522.0, 21.0, 255, 255, 255
L 942.0, 522.0, 21.0, 885.0, 496.0, 21.0, 255, 255, 255
L 885.0, 496.0, 21.0, 887.0, 499.0, 21.0, 255, 255, 255
L 887.0, 499.0, 21.0, 862.0, 484.0, 21.0, 255, 255, 255
L 862.0, 484.0, 21.0, 833.0, 466.0, 21.0, 255, 255, 255
L 833.0, 466.0, 21.0, 826.0, 463.0, 21.0, 255, 255, 255
L 826.0, 463.0, 21.0, 802.0, 445.0, 21.0, 255, 255, 255
L 802.0, 445.0, 21.0, 758.0, 412.0, 21.0, 255, 255, 255
L 758.0, 412.0, 21.0, 754.0, 411.0, 21.0, 255, 255, 255
L 754.0, 411.0, 21.0, 732.0, 390.0, 21.0, 255, 255, 255
L 732.0, 390.0, 21.0, 686.0, 349.0, 21.0, 255, 255, 255
L 686.0, 349.0, 21.0, 687.0, 352.0, 21.0, 255, 255, 255
L 687.0, 352.0, 21.0, 667.0, 330.0, 21.0, 255, 255, 255
L 667.0, 330.0, 21.0, 630.0, 292.0, 21.0, 255, 255, 255
L 630.0, 292.0, 21.0, 626.0, 288.0, 21.0, 255, 255, 255
L 626.0, 288.0, 21.0, 614.0, 272.0, 21.0, 255, 255, 255
L 614.0, 272.0, 21.0, 507.0, 132.0, 21.0, 255, 255, 255
L 507.0, 132.0, 21.0, 465.0, 81.0, 21.0, 255, 255, 255
L 465.0, 81.0, 21.0, 454.0, 65.0, 21.0, 255, 255, 255
L 454.0, 65.0, 21.0, 437.0, 37.0, 21.0, 255, 255, 255
L 437.0, 37.0, 21.0, 419.0, -1.0, 21.0, 255, 255, 255
L 419.0, -1.0, 21.0, 414.0, -13.0, 21.0, 255, 255, 255
L 414.0, -13.0, 21.0, 412.0, -20.0, 21.0, 255, 255, 255
L 412.0, -20.0, 21.0, 408.0, -27.0, 21.0, 255, 255, 255
L 408.0, -27.0, 21.0, 407.0, -33.0, 21.0, 255, 255, 255
L 407.0, -33.0, 21.0, 405.0, -41.0, 21.0, 255, 255, 255
L 405.0, -41.0, 21.0, 404.0, -48.0, 21.0, 255, 255, 255
L 404.0, -48.0, 21.0, 403.0, -54.0, 21.0, 255, 255, 255
L 403.0, -54.0, 21.0, 403.0, -59.0, 21.0, 255, 255, 255
L 403.0, -59.0, 21.0, 402.0, -64.0, 21.0, 255, 255, 255
L 402.0, -64.0, 21.0, 400.0, -72.0, 21.0, 255, 255, 255
L 400.0, -72.0, 21.0, 400.0, -77.0, 21.0, 255, 255, 255
L 400.0, -77.0, 21.0, 399.0, -82.0, 21.0, 255, 255, 255
L 399.0, -82.0, 21.0, 398.0, -89.0, 21.0, 255, 255, 255
L 398.0, -89.0, 21.0, 397.0, -94.0, 21.0, 255, 255, 255
L 397.0, -94.0, 21.0, 393.0, -100.0, 21.0, 255, 255, 255
L 393.0, -100.0, 21.0, 393.0, -107.0, 21.0, 255, 255, 255
L 393.0, -107.0, 21.0, 393.0, -119.0, 21.0, 255, 255, 255
L 393.0, -119.0, 21.0, 394.0, -129.0, 21.0, 255, 255, 255
L 394.0, -129.0, 21.0, 394.0, -142.0, 21.0, 255, 255, 255
L 394.0, -142.0, 21.0, 395.0, -154.0, 21.0, 255, 255, 255
L 395.0, -154.0, 21.0, 396.0, -164.0, 21.0, 255, 255, 255
L 396.0, -164.0, 21.0, 396.0, -178.0, 21.0, 255, 255, 255
L 396.0, -178.0, 21.0, 397.0, -188.0, 21.0, 255, 255, 255
L 397.0, -188.0, 21.0, 397.0, -199.0, 21.0, 255, 255, 255
L 397.0, -199.0, 21.0, 398.0, -206.0, 21.0, 255, 255, 255
L 398.0, -206.0, 21.0, 395.0, -203.0, 21.0, 255, 255, 255
L 395.0, -203.0, 21.0, 396.0, -210.0, 21.0, 255, 255, 255
L 396.0, -210.0, 21.0, 397.0, -215.0, 21.0, 255, 255, 255
L 397.0, -215.0, 21.0, 398.0, -218.0, 21.0, 255, 255, 255
L 398.0, -218.0, 21.0, 399.0, -225.0, 21.0, 255, 255, 255
L 399.0, -225.0, 21.0, 399.0, -229.0, 21.0, 255, 255, 255
L 399.0, -229.0, 21.0, 400.0, -234.0, 21.0, 255, 255, 255
L 400.0, -234.0, 21.0, 401.0, -237.0, 21.0, 255, 255, 255
L 401.0, -237.0, 21.0, 402.0, -244.0, 21.0, 255, 255, 255
L 402.0, -244.0, 21.0, 403.0, -251.0, 21.0, 255, 255, 255
L 403.0, -251.0, 21.0, 404.0, -256.0, 21.0, 255, 255, 255
L 404.0, -256.0, 21.0, 405.0, -263.0, 21.0, 255, 255, 255
L 405.0, -263.0, 21.0, 406.0, -268.0, 21.0, 255, 255, 255
L 406.0, -268.0, 21.0, 406.0, -277.0, 21.0, 255, 255, 255
L 406.0, -277.0, 21.0, 409.0, -286.0, 21.0, 255, 255, 255
L 409.0, -286.0, 21.0, 427.0, -347.0, 21.0, 255, 255, 255
L 427.0, -347.0, 21.0, 459.0, -420.0, 20.0, 255, 255, 255
L 459.0, -420.0, 20.0, 457.0, -418.0, 20.0, 255, 255, 255
L 457.0, -418.0, 20.0, 467.0, -435.0, 20.0, 255, 255, 255
L 467.0, -435.0, 20.0, 490.0, -476.0, 20.0, 255, 255, 255
L 490.0, -476.0, 20.0, 491.0, -480.0, 20.0, 255, 255, 255
L 491.0, -480.0, 20.0, 502.0, -496.0, 20.0, 255, 255, 255
L 502.0, -496.0, 20.0, 526.0, -531.0, 20.0, 255, 255, 255
L 526.0, -531.0, 20.0, 541.0, -546.0, 20.0, 255, 255, 255
L 541.0, -546.0, 20.0, 565.0, -570.0, 20.0, 255, 255, 255
L 565.0, -570.0, 20.0, 572.0, -576.0, 20.0, 255, 255, 255
L 572.0, -576.0, 20.0, 595.0, -595.0, 20.0, 255, 255, 255
L 595.0, -595.0, 20.0, 617.0, -613.0, 20.0, 255, 255, 255
L 617.0, -613.0, 20.0, 612.0, -611.0, 20.0, 255, 255, 255
L 612.0, -611.0, 20.0, 637.0, -628.0, 20.0, 255, 255, 255
L 637.0, -628.0, 20.0, 656.0, -643.0, 20.0, 255, 255, 255
L 656.0, -643.0, 20.0, 709.0, -673.0, 20.0, 255, 255, 255
L 709.0, -673.0, 20.0, 739.0, -684.0, 20.0, 255, 255, 255
L 739.0, -684.0, 20.0, 778.0, -696.0, 20.0, 255, 255, 255
L 778.0, -696.0, 20.0, 786.0, -701.0, 20.0, 255, 255, 255
L 786.0, -701.0, 20.0, 816.0, -706.0, 20.0, 255, 255, 255
L 816.0, -706.0, 20.0, 839.0, -710.0, 20.0, 255, 255, 255
L 839.0, -710.0, 20.0, 839.0, -713.0, 20.0, 255, 255, 255
L 839.0, -713.0, 20.0, 869.0, -713.0, 20.0, 255, 255, 255
L 869.0, -713.0, 20.0, 1025.0, -713.0, 20.0, 255, 255, 255
L 1025.0, -713.0, 20.0, 1517.0, -715.0, 0.0, 255, 255, 255
L 1260.0, 564.0, 21.0, 1260.0, 581.0, 21.0, 255, 255, 255
L 1260.0, 581.0, 21.0, 1260.0, 599.0, 21.0, 255, 255, 255
L 1260.0, 599.0, 21.0, 1235.0, 581.0, 21.0, 255, 255, 255
L 1235.0, 581.0, 21.0, 1260.0, 564.0, 21.0, 255, 255, 255
L 1517.0, -698.0, 0.0, 1517.0, -715.0, 0.0, 255, 255, 255
L 1537.0, -719.0, 0.0, 1542.0, -715.0, 0.0, 255, 255, 255
L 1517.0, -715.0, 0.0, 1517.0, -719.0, 0.0, 255, 255, 255
L 1517.0, -733.0, 0.0, 1537.0, -719.0, 0.0, 255, 255, 255
L 1542.0, -715.0, 0.0, 1517.0, -698.0, 0.0, 255, 255, 255
L 1517.0, -719.0, 0.0, 1517.0, -733.0, 0.0, 255, 255, 255
L -61.0, -194.0, 16.0, -61.0, -241.0, 16.0, 0, 0, 0
L -61.0, -241.0, 16.0, -62.0, -241.0, 16.0, 0, 0, 0
L -64.0, -253.0, 16.0, -62.0, -253.0, 16.0, 0, 0, 0
L -61.0, -253.0, 16.0, -61.0, -267.0, 16.0, 0, 0, 0
L -61.0, -267.0, 16.0, -48.0, -267.0, 16.0, 0, 0, 0
L -62.0, -253.0, 16.0, -61.0, -253.0, 16.0, 0, 0, 0
L -62.0, -241.0, 16.0, -64.0, -242.0, 16.0, 0, 0, 0
L -62.0, -253.0, 16.0, -62.0, -250.0, 16.0, 205, 133, 63
L -64.0, -244.0, 16.0, -64.0, -250.0, 16.0, 205, 133, 63
L -61.0, -250.0, 16.0, -61.0, -244.0, 16.0, 205, 133, 63
L -64.0, -244.0, 16.0, -62.0, -244.0, 16.0, 205, 133, 63
L -62.0, -244.0, 16.0, -62.0, -241.0, 16.0, 205, 133, 63
L -62.0, -244.0, 16.0, -61.0, -244.0, 16.0, 205, 133, 63
L -64.0, -250.0, 16.0, -62.0, -250.0, 16.0, 205, 133, 63
L -62.0, -250.0, 16.0, -61.0, -250.0, 16.0, 205, 133, 63
L 93.0, 1181.0, 64.0, 62.0, 1181.0, 64.0, 0, 0, 0
L 49.0, 1181.0, 64.0, 34.0, 1181.0, 64.0, 0, 0, 0
L 49.0, 1183.0, 64.0, 49.0, 1181.0, 64.0, 0, 0, 0
L 62.0, 1183.0, 64.0, 62.0, 1181.0, 64.0, 0, 0, 0
L 34.0, 1181.0, 64.0, 34.0, 1165.0, 64.0, 0, 0, 0
L 32.0, 1165.0, 64.0, 34.0, 1165.0, 64.0, 0, 0, 0
L 32.0, 1149.0, 64.0, 32.0, 1133.0, 64.0, 0, 0, 0
L 34.0, 1133.0, 64.0, 32.0, 1133.0, 64.0, 0, 0, 0
L 2.0, 1117.0, 64.0, 32.0, 1117.0, 64.0, 0, 0, 0
L 32.0, 1117.0, 64.0, 32.0, 1119.0, 64.0, 0, 0, 0
L 32.0, 1103.0, 64.0, 34.0, 1103.0, 64.0, 0, 0, 0
L 34.0, 1089.0, 64.0, 34.0, 1103.0, 64.0, 0, 0, 0
L 2.0, 1119.0, 80.0, 32.0, 1119.0, 80.0, 0, 204, 0
L 32.0, 1117.0, 80.0, 32.0, 1119.0, 80.0, 0, 204, 0
L 32.0, 1089.0, 80.0, 32.0, 1103.0, 80.0, 0, 204, 0
L 32.0, 1103.0, 80.0, 34.0, 1103.0, 80.0, 0, 204, 0
L 32.0, 1149.0, 80.0, 32.0, 1133.0, 80.0, 0, 204, 0
L 34.0, 1133.0, 80.0, 32.0, 1133.0, 80.0, 0, 204, 0
L 34.0, 1165.0, 80.0, 32.0, 1165.0, 80.0, 0, 204, 0
L 32.0, 1181.0, 80.0, 32.0, 1165.0, 80.0, 0, 204, 0
L 310.0, 1399.0, 27.0, 304.0, 1399.0, 27.0, 255, 255, 0
L 304.0, 1392.0, 27.0, 310.0, 1392.0, 27.0, 255, 255, 0
L 257.0, 1397.0, -43.0, 251.0, 1397.0, -43.0, 255, 255, 0
L 257.0, 1387.0, -43.0, 251.0, 1387.0, -43.0, 255, 255, 0
L 260.0, 1389.0, -43.0, 260.0, 1394.0, -43.0, 255, 255, 0
L 260.0, 1394.0, -43.0, 258.5, 1395.5, -43.0, 255, 255, 0
L 260.0, 1389.0, -43.0, 258.5, 1388.0, -43.0, 255, 255, 0
L 210.0, 1077.0, 48.0, 216.0, 1083.0, 48.0, 0, 0, 0
L 216.0, 1087.0, 48.0, 216.0, 1083.0, 48.0, 0, 0, 0
L 216.0, 1059.0, 48.0, 216.0, 1056.0, 48.0, 0, 0, 0
L 210.0, 1065.0, 48.0, 216.0, 1059.0, 48.0, 0, 0, 0
L 269.0, 1077.0, 48.0, 262.0, 1083.0, 48.0, 0, 0, 0
L 262.0, 1087.0, 48.0, 262.0, 1083.0, 48.0, 0, 0, 0
L 262.0, 1059.0, 48.0, 262.0, 1056.0, 48.0, 0, 0, 0
L 262.0, 1059.0, 48.0, 269.0, 1065.0, 48.0, 0, 0, 0
L 262.0, 1056.0, 48.0, 272.0, 1063.0, 48.0, 0, 0, 0
L 272.0, 1063.0, 48.0, 272.0, 1077.0, 48.0, 0, 0, 0
L 262.0, 1087.0, 48.0, 272.0, 1077.0, 48.0, 0, 0, 0
L 1542.0, -715.0, 0.0, 1969.0, -715.0, 0.0, 255, 255, 255
L -31.0, 1195.0, 97.0, 47.0, 1278.0, 97.0, 127, 127, 0
L 459.0, 1279.0, 97.0, 47.0, 1278.0, 97.0, 127, 127, 0
L 459.0, 1279.0, 97.0, 543.0, 1197.0, 97.0, 127, 127, 0
L 543.0, 1197.0, 97.0, 543.0, 1057.0, 97.0, 127, 127, 0
L 543.0, 1057.0, 97.0, 447.0, 961.0, 97.0, 127, 127, 0
L 447.0, 961.0, 97.0, 447.0, 815.0, 97.0, 127, 127, 0
L 447.0, 815.0, 97.0, 352.0, 714.0, 97.0, 127, 127, 0
L 352.0, 714.0, 97.0, 349.0, 633.0, 97.0, 127, 127, 0
L 349.0, 633.0, 97.0, 448.0, 573.0, 113.0, 127, 127, 0
L 287.0, 562.0, 97.0, 269.0, 561.0, 96.0, 127, 127, 0
L 269.0, 561.0, 96.0, 240.0, 558.0, 98.0, 127, 127, 0
L 240.0, 558.0, 98.0, 197.0, 527.0, 98.0, 127, 127, 0
L 197.0, 527.0, 98.0, 176.0, 545.0, 98.0, 127, 127, 0
L 176.0, 545.0, 98.0, 81.0, 529.0, 99.0, 127, 127, 0
L 81.0, 529.0, 99.0, 77.0, 551.0, 102.0, 127, 127, 0
L 77.0, 551.0, 102.0, 18.0, 622.0, 97.0, 127, 127, 0
L 18.0, 622.0, 97.0, 15.0, 818.0, 97.0, 127, 127, 0
L 15.0, 818.0, 97.0, 0.0, 852.0, 97.0, 127, 127, 0
L 0.0, 852.0, 97.0, -2.0, 1025.0, 97.0, 127, 127, 0
L -2.0, 1025.0, 97.0, -31.0, 1057.0, 97.0, 127, 127, 0
L -31.0, 1057.0, 97.0, -31.0, 1195.0, 97.0, 127, 127, 0
L 410.0, 473.0, 90.0, 412.0, 469.0, 88.0, 255, 255, 0
L 370.0, 228.0, 72.0, 307.0, 162.0, 77.0, 255, 255, 0
L 307.0, 162.0, 77.0, 306.0, 160.0, 77.0, 255, 255, 0
L 306.0, 160.0, 77.0, 304.0, 160.0, 77.0, 255, 255, 0
L 304.0, 160.0, 77.0, 303.0, 159.0, 77.0, 255, 255, 0
L 303.0, 159.0, 77.0, 302.0, 158.0, 77.0, 255, 255, 0
L 302.0, 158.0, 77.0, 301.0, 157.0, 77.0, 255, 255, 0
L 301.0, 157.0, 77.0, 298.0, 155.0, 77.0, 255, 255, 0
L 298.0, 155.0, 77.0, 290.0, 150.0, 77.0, 255, 255, 0
L 290.0, 150.0, 77.0, 265.0, 135.0, 85.0, 255, 255, 0
L 265.0, 135.0, 85.0, 263.0, 134.0, 85.0, 255, 255, 0
L 263.0, 134.0, 85.0, 153.0, 76.0, 91.0, 255, 255, 0
L 153.0, 76.0, 91.0, 151.0, 75.0, 91.0, 255, 255, 0
L 151.0, 75.0, 91.0, 150.0, 74.0, 91.0, 255, 255, 0
L 150.0, 74.0, 91.0, 148.0, 73.0, 91.0, 255, 255, 0
L 148.0, 73.0, 91.0, 147.0, 72.0, 91.0, 255, 255, 0
L 147.0, 72.0, 91.0, 140.0, 65.0, 91.0, 255, 255, 0
L 140.0, 65.0, 91.0, 119.0, 45.0, 91.0, 255, 255, 0
L 119.0, 45.0, 91.0, 116.0, 42.0, 91.0, 255, 255, 0
L 116.0, 42.0, 91.0, 114.0, 41.0, 91.0, 255, 255, 0
L 114.0, 41.0, 91.0, 113.0, 40.0, 91.0, 255, 255, 0
L 113.0, 40.0, 91.0, 112.0, 39.0, 91.0, 255, 255, 0
L 112.0, 39.0, 91.0, 111.0, 39.0, 91.0, 255, 255, 0
L 111.0, 39.0, 91.0, 109.0, 38.0, 91.0, 255, 255, 0
L 109.0, 38.0, 91.0, 107.0, 37.0, 91.0, 255, 255, 0
L 107.0, 37.0, 91.0, 106.0, 36.0, 91.0, 255, 255, 0
L 106.0, 36.0, 91.0, 104.0, 36.0, 91.0, 255, 255, 0
L 104.0, 36.0, 91.0, 102.0, 35.0, 91.0, 255, 255, 0
L 102.0, 35.0, 91.0, 101.0, 34.0, 91.0, 255, 255, 0
L 101.0, 34.0, 91.0, 96.0, 30.0, 92.0, 255, 255, 0
L 96.0, 30.0, 92.0, 94.0, 29.0, 92.0, 255, 255, 0
L 94.0, 29.0, 92.0, 93.0, 29.0, 92.0, 255, 255, 0
L 93.0, 29.0, 92.0, 89.0, 29.0, 92.0, 255, 255, 0
L 89.0, 29.0, 92.0, 87.0, 29.0, 92.0, 255, 255, 0
L 87.0, 29.0, 92.0, 86.0, 29.0, 92.0, 255, 255, 0
L 86.0, 29.0, 92.0, 78.0, 30.0, 92.0, 255, 255, 0
L 78.0, 30.0, 92.0, 77.0, 31.0, 92.0, 255, 255, 0
L 77.0, 31.0, 92.0, 70.0, 38.0, 92.0, 255, 255, 0
L 70.0, 38.0, 92.0, 63.0, 45.0, 92.0, 255, 255, 0
L 63.0, 45.0, 92.0, 46.0, 62.0, 92.0, 255, 255, 0
L 46.0, 62.0, 92.0, 45.0, 62.0, 92.0, 255, 255, 0
L 448.0, 573.0, 113.0, 398.0, 524.0, 113.0, 127, 127, 0
L 382.0, 508.0, 113.0, 287.0, 562.0, 97.0, 127, 127, 0
L 398.0, 524.0, 113.0, 382.0, 508.0, 113.0, 127, 127, 0
L 77.0, 672.0, 64.0, 50.0, 672.0, 64.0, 0, 0, 0
L 50.0, 672.0, 64.0, 50.0, 669.0, 64.0, 0, 0, 0
L 108.0, 612.0, 64.0, 98.0, 612.0, 64.0, 0, 0, 0
L 91.0, 614.0, 64.0, 91.0, 629.0, 64.0, 0, 0, 0
L 64.0, 632.0, 64.0, 64.0, 629.0, 64.0, 0, 0, 0
L 64.0, 629.0, 64.0, 91.0, 629.0, 64.0, 0, 0, 0
L 95.0, 632.0, 64.0, 95.0, 654.0, 64.0, 0, 0, 0
L 98.0, 612.0, 64.0, 98.0, 654.0, 64.0, 0, 0, 0
L 98.0, 654.0, 64.0, 95.0, 654.0, 64.0, 0, 0, 0
L 143.0, 669.0, 64.0, 112.0, 669.0, 64.0, 150, 150, 150
L 108.0, 669.0, 64.0, 50.0, 669.0, 64.0, 0, 0, 0
L 112.0, 607.0, 64.0, 112.0, 623.0, 64.0, 0, 0, 0
L 112.0, 639.0, 64.0, 112.0, 669.0, 64.0, 0, 0, 0
L 112.0, 623.0, 64.0, 108.0, 623.0, 64.0, 0, 0, 0
L 108.0, 612.0, 64.0, 108.0, 623.0, 64.0, 0, 0, 0
L 108.0, 639.0, 64.0, 108.0, 669.0, 64.0, 0, 0, 0
L 112.0, 639.0, 64.0, 108.0, 639.0, 64.0, 0, 0, 0
L 255.0, 720.0, 49.0, 253.0, 720.0, 49.0, 0, 0, 0
L 253.0, 720.0, 49.0, 252.0, 720.0, 49.0, 0, 0, 0
L 253.0, 720.0, 49.0, 253.0, 717.0, 49.0, 0, 0, 0
L 253.0, 706.0, 49.0, 253.0, 703.0, 49.0, 0, 0, 0
L 255.0, 703.0, 49.0, 253.0, 703.0, 49.0, 0, 0, 0
L 362.0, 1118.0, 64.0, 362.0, 1109.0, 64.0, 0, 204, 0
L 352.0, 1109.0, 64.0, 362.0, 1109.0, 64.0, 0, 204, 0
L 274.0, 641.0, 67.0, 274.0, 648.0, 67.0, 255, 255, 0
L 269.0, 648.0, 67.0, 267.0, 648.0, 66.0, 150, 150, 150
L 267.0, 648.0, 66.0, 265.0, 648.0, 65.0, 150, 150, 150
L 265.0, 648.0, 65.0, 263.0, 648.0, 64.0, 150, 150, 150
L 269.0, 641.0, 67.0, 267.0, 641.0, 66.0, 150, 150, 150
L 267.0, 641.0, 66.0, 265.0, 641.0, 65.0, 150, 150, 150
L 265.0, 641.0, 65.0, 263.0, 641.0, 64.0, 150, 150, 150
L 269.0, 648.0, 67.0, 274.0, 648.0, 67.0, 255, 255, 0
L 269.0, 641.0, 67.0, 274.0, 641.0, 67.0, 255, 255, 0
L 177.0, 771.0, 50.0, 177.0, 775.0, 50.0, 255, 255, 0
L 177.0, 771.0, 50.0, 187.0, 771.0, 50.0, 255, 255, 0
L 177.0, 775.0, 50.0, 187.0, 775.0, 50.0, 255, 255, 0
L 187.0, 775.0, 50.0, 187.0, 771.0, 50.0, 255, 255, 0
L 224.0, 669.0, 64.0, 224.0, 659.0, 64.0, 150, 150, 150
L 211.0, 659.0, 64.0, 224.0, 659.0, 64.0, 150, 150, 150
L 288.0, 690.0, 49.0, 297.0, 690.0, 49.0, 0, 0, 0
L 297.0, 694.0, 49.0, 297.0, 690.0, 49.0, 0, 0, 0
L 275.0, 698.0, 49.0, 283.0, 698.0, 49.0, 0, 0, 0
L 288.0, 690.0, 49.0, 283.0, 698.0, 49.0, 0, 0, 0
L 156.0, 669.0, 64.0, 162.0, 669.0, 64.0, 150, 150, 150
L 205.0, 669.0, 64.0, 211.0, 669.0, 64.0, 150, 150, 150
L 168.0, 727.0, 48.0, 168.0, 744.0, 48.0, 0, 0, 255
L 168.0, 744.0, 48.0, 176.0, 751.0, 48.0, 0, 0, 255
L 202.0, 745.0, 48.0, 202.0, 725.0, 48.0, 150, 150, 150
L 199.0, 727.0, 48.0, 191.0, 720.0, 48.0, 0, 0, 255
L 176.0, 751.0, 48.0, 191.0, 751.0, 48.0, 0, 0, 255
L 176.0, 720.0, 48.0, 168.0, 727.0, 48.0, 0, 0, 255
L 179.0, 717.0, 48.0, 173.0, 717.0, 48.0, 150, 150, 150
L 162.0, 669.0, 64.0, 162.0, 672.0, 62.0, 150, 150, 150
L 205.0, 669.0, 64.0, 205.0, 672.0, 62.0, 150, 150, 150
L 113.0, 672.0, 48.0, 156.0, 672.0, 48.0, 150, 150, 150
L 211.0, 669.0, 64.0, 211.0, 702.0, 48.0, 150, 150, 150
L 162.0, 702.0, 48.0, 156.0, 702.0, 48.0, 150, 150, 150
L 156.0, 702.0, 48.0, 156.0, 672.0, 48.0, 150, 150, 150
L 156.0, 669.0, 64.0, 156.0, 702.0, 48.0, 150, 150, 150
L 205.0, 702.0, 48.0, 211.0, 702.0, 48.0, 150, 150, 150
L 173.0, 754.0, 48.0, 193.0, 754.0, 48.0, 150, 150, 150
L 202.0, 745.0, 48.0, 193.0, 754.0, 48.0, 150, 150, 150
L 173.0, 754.0, 48.0, 164.0, 745.0, 48.0, 150, 150, 150
L 193.0, 717.0, 48.0, 188.0, 717.0, 48.0, 150, 150, 150
L 193.0, 717.0, 48.0, 202.0, 725.0, 48.0, 150, 150, 150
L 164.0, 745.0, 48.0, 164.0, 725.0, 48.0, 150, 150, 150
L 173.0, 717.0, 48.0, 164.0, 725.0, 48.0, 150, 150, 150
L 199.0, 727.0, 48.0, 199.0, 744.0, 48.0, 0, 0, 255
L 199.0, 744.0, 48.0, 191.0, 751.0, 48.0, 0, 0, 255
L 185.0, 702.0, 48.0, 185.0, 720.0, 48.0, 0, 0, 255
L 181.0, 702.0, 48.0, 181.0, 720.0, 48.0, 0, 0, 255
L 181.0, 720.0, 48.0, 176.0, 720.0, 48.0, 0, 0, 255
L 191.0, 720.0, 48.0, 185.0, 720.0, 48.0, 0, 0, 255
L 162.0, 669.0, 64.0, 179.0, 669.0, 64.0, 150, 150, 150
L 188.0, 669.0, 64.0, 205.0, 669.0, 64.0, 150, 150, 150
L 188.0, 669.0, 64.0, 188.0, 672.0, 62.0, 150, 150, 150
L 185.0, 669.0, 64.0, 185.0, 679.0, 58.0, 0, 0, 255
L 181.0, 669.0, 64.0, 181.0, 679.0, 58.0, 0, 0, 255
L 179.0, 669.0, 64.0, 179.0, 672.0, 62.0, 150, 150, 150
L 188.0, 682.0, 57.0, 188.0, 692.0, 52.0, 0, 0, 255
L 179.0, 682.0, 57.0, 179.0, 692.0, 52.0, 0, 0, 255
L 176.0, 692.0, 52.0, 176.0, 687.0, 54.0, 150, 150, 150
L 179.0, 697.0, 50.0, 179.0, 702.0, 48.0, 150, 150, 150
L 179.0, 697.0, 50.0, 176.0, 692.0, 52.0, 150, 150, 150
L 190.0, 692.0, 52.0, 190.0, 687.0, 54.0, 150, 150, 150
L 188.0, 697.0, 50.0, 188.0, 702.0, 48.0, 150, 150, 150
L 188.0, 697.0, 50.0, 190.0, 692.0, 52.0, 150, 150, 150
L 190.0, 682.0, 57.0, 189.0, 679.0, 58.0, 150, 150, 150
L 176.0, 682.0, 57.0, 177.0, 679.0, 58.0, 150, 150, 150
L 185.0, 697.0, 50.0, 185.0, 702.0, 48.0, 0, 0, 255
L 185.0, 697.0, 50.0, 188.0, 692.0, 52.0, 0, 0, 255
L 181.0, 697.0, 50.0, 181.0, 702.0, 48.0, 0, 0, 255
L 181.0, 697.0, 50.0, 179.0, 692.0, 52.0, 0, 0, 255
L 179.0, 682.0, 57.0, 181.0, 679.0, 58.0, 0, 0, 255
L 185.0, 679.0, 58.0, 188.0, 682.0, 57.0, 0, 0, 255
L 112.0, 669.0, 64.0, 108.0, 669.0, 64.0, 0, 0, 0
L 112.0, 669.0, 64.0, 113.0, 672.0, 48.0, 0, 0, 0
L 205.0, 702.0, 48.0, 188.0, 702.0, 48.0, 150, 150, 150
L 179.0, 702.0, 48.0, 162.0, 702.0, 48.0, 150, 150, 150
L 162.0, 692.0, 52.0, 162.0, 697.0, 50.0, 150, 150, 150
L 176.0, 692.0, 52.0, 162.0, 692.0, 52.0, 150, 150, 150
L 162.0, 682.0, 57.0, 162.0, 687.0, 54.0, 150, 150, 150
L 176.0, 682.0, 57.0, 162.0, 682.0, 57.0, 150, 150, 150
L 205.0, 682.0, 57.0, 205.0, 687.0, 54.0, 150, 150, 150
L 190.0, 682.0, 57.0, 205.0, 682.0, 57.0, 150, 150, 150
L 205.0, 692.0, 52.0, 205.0, 697.0, 50.0, 150, 150, 150
L 190.0, 692.0, 52.0, 205.0, 692.0, 52.0, 150, 150, 150
L 205.0, 697.0, 50.0, 205.0, 702.0, 48.0, 150, 150, 150
L 188.0, 697.0, 50.0, 205.0, 697.0, 50.0, 150, 150, 150
L 162.0, 697.0, 50.0, 162.0, 702.0, 48.0, 150, 150, 150
L 179.0, 697.0, 50.0, 162.0, 697.0, 50.0, 150, 150, 150
L 162.0, 675.0, 60.0, 162.0, 679.0, 58.0, 150, 150, 150
L 179.0, 675.0, 60.0, 162.0, 675.0, 60.0, 150, 150, 150
L 205.0, 675.0, 60.0, 205.0, 679.0, 58.0, 150, 150, 150
L 188.0, 675.0, 60.0, 205.0, 675.0, 60.0, 150, 150, 150
L 189.0, 679.0, 58.0, 188.0, 675.0, 60.0, 150, 150, 150
L 205.0, 679.0, 58.0, 205.0, 682.0, 57.0, 150, 150, 150
L 189.0, 679.0, 58.0, 205.0, 679.0, 58.0, 150, 150, 150
L 190.0, 687.0, 54.0, 190.0, 682.0, 57.0, 150, 150, 150
L 205.0, 687.0, 54.0, 205.0, 692.0, 52.0, 150, 150, 150
L 190.0, 687.0, 54.0, 205.0, 687.0, 54.0, 150, 150, 150
L 176.0, 687.0, 54.0, 176.0, 682.0, 57.0, 150, 150, 150
L 162.0, 687.0, 54.0, 162.0, 692.0, 52.0, 150, 150, 150
L 176.0, 687.0, 54.0, 162.0, 687.0, 54.0, 150, 150, 150
L 177.0, 679.0, 58.0, 179.0, 675.0, 60.0, 150, 150, 150
L 162.0, 679.0, 58.0, 162.0, 682.0, 57.0, 150, 150, 150
L 177.0, 679.0, 58.0, 162.0, 679.0, 58.0, 150, 150, 150
L 179.0, 672.0, 62.0, 179.0, 675.0, 60.0, 150, 150, 150
L 162.0, 672.0, 62.0, 162.0, 675.0, 60.0, 150, 150, 150
L 179.0, 672.0, 62.0, 162.0, 672.0, 62.0, 150, 150, 150
L 188.0, 672.0, 62.0, 188.0, 675.0, 60.0, 150, 150, 150
L 205.0, 672.0, 62.0, 205.0, 675.0, 60.0, 150, 150, 150
L 188.0, 672.0, 62.0, 205.0, 672.0, 62.0, 150, 150, 150
L 181.0, 620.0, 64.0, 176.0, 624.0, 64.0, 0, 0, 255
L 176.0, 624.0, 64.0, 176.0, 629.0, 64.0, 0, 0, 255
L 191.0, 627.0, 64.0, 191.0, 626.0, 64.0, 0, 0, 255
L 191.0, 623.0, 64.0, 187.0, 622.0, 64.0, 0, 0, 255
L 191.0, 629.0, 64.0, 191.0, 623.0, 64.0, 0, 0, 255
L 187.0, 622.0, 64.0, 193.0, 617.0, 64.0, 0, 0, 255
L 194.0, 624.0, 64.0, 194.0, 631.0, 64.0, 0, 0, 0
L 197.0, 623.0, 64.0, 194.0, 624.0, 64.0, 0, 0, 0
L 169.0, 622.0, 64.0, 163.0, 611.0, 64.0, 0, 0, 0
L 173.0, 623.0, 64.0, 169.0, 622.0, 64.0, 0, 0, 0
L 204.0, 617.0, 64.0, 197.0, 623.0, 64.0, 0, 0, 0
L 194.0, 631.0, 64.0, 188.0, 637.0, 64.0, 0, 0, 0
L 188.0, 637.0, 64.0, 188.0, 639.0, 64.0, 0, 0, 0
L 179.0, 638.0, 64.0, 173.0, 632.0, 64.0, 0, 0, 0
L 176.0, 629.0, 64.0, 181.0, 634.0, 64.0, 0, 0, 255
L 191.0, 629.0, 64.0, 185.0, 634.0, 64.0, 0, 0, 255
L 173.0, 632.0, 64.0, 173.0, 623.0, 64.0, 0, 0, 0
L 185.0, 669.0, 64.0, 185.0, 634.0, 64.0, 0, 0, 255
L 181.0, 669.0, 64.0, 181.0, 634.0, 64.0, 0, 0, 255
L 211.0, 649.0, 64.0, 205.0, 649.0, 66.0, 150, 150, 150
L 190.0, 649.0, 75.0, 177.0, 649.0, 75.0, 199, 21, 133
L 190.0, 649.0, 75.0, 190.0, 642.0, 75.0, 199, 21, 133
L 177.0, 649.0, 75.0, 171.0, 649.0, 72.0, 150, 150, 150
L 177.0, 649.0, 75.0, 177.0, 642.0, 75.0, 199, 21, 133
L 177.0, 642.0, 75.0, 190.0, 642.0, 75.0, 199, 21, 133
L 177.0, 642.0, 75.0, 171.0, 642.0, 72.0, 150, 150, 150
L 190.0, 642.0, 75.0, 195.0, 642.0, 72.0, 150, 150, 150
L 211.0, 649.0, 64.0, 211.0, 642.0, 64.0, 150, 150, 150
L 156.0, 649.0, 64.0, 156.0, 642.0, 64.0, 150, 150, 150
L 200.0, 642.0, 69.0, 205.0, 642.0, 66.0, 150, 150, 150
L 200.0, 649.0, 69.0, 195.0, 649.0, 72.0, 150, 150, 150
L 200.0, 642.0, 69.0, 200.0, 649.0, 69.0, 150, 150, 150
L 205.0, 642.0, 66.0, 211.0, 642.0, 64.0, 150, 150, 150
L 205.0, 649.0, 66.0, 200.0, 649.0, 69.0, 150, 150, 150
L 205.0, 642.0, 66.0, 205.0, 649.0, 66.0, 150, 150, 150
L 195.0, 642.0, 72.0, 200.0, 642.0, 69.0, 150, 150, 150
L 195.0, 649.0, 72.0, 190.0, 649.0, 75.0, 150, 150, 150
L 195.0, 642.0, 72.0, 195.0, 649.0, 72.0, 150, 150, 150
L 166.0, 642.0, 69.0, 161.0, 642.0, 66.0, 150, 150, 150
L 166.0, 649.0, 69.0, 161.0, 649.0, 66.0, 150, 150, 150
L 166.0, 642.0, 69.0, 166.0, 649.0, 69.0, 150, 150, 150
L 171.0, 642.0, 72.0, 166.0, 642.0, 69.0, 150, 150, 150
L 171.0, 649.0, 72.0, 166.0, 649.0, 69.0, 150, 150, 150
L 171.0, 642.0, 72.0, 171.0, 649.0, 72.0, 150, 150, 150
L 161.0, 642.0, 66.0, 156.0, 642.0, 64.0, 150, 150, 150
L 161.0, 649.0, 66.0, 156.0, 649.0, 64.0, 150, 150, 150
L 161.0, 642.0, 66.0, 161.0, 649.0, 66.0, 150, 150, 150
L 410.0, 473.0, 90.0, 399.0, 493.0, 98.0, 255, 255, 0
L 399.0, 493.0, 98.0, 392.0, 516.0, 164.0, 255, 255, 0
L 416.0, 433.0, 75.0, 412.0, 469.0, 88.0, 255, 255, 0
L 416.0, 433.0, 75.0, 415.0, 381.0, 63.0, 255, 255, 0
L 415.0, 381.0, 63.0, 408.0, 324.0, 62.0, 255, 255, 0
L 398.0, 258.0, 67.0, 408.0, 324.0, 62.0, 255, 255, 0
L 370.0, 228.0, 72.0, 398.0, 258.0, 67.0, 255, 255, 0
L 392.0, 516.0, 164.0, 398.0, 524.0, 113.0, 255, 255, 0
L 302.0, 1389.0, 27.0, 313.0, 1390.0, 27.0, 150, 150, 150
L 313.0, 1390.0, 27.0, 313.0, 1388.0, 26.0, 150, 150, 150
L 313.0, 1386.0, 26.0, 313.0, 1384.0, 25.0, 150, 150, 150
L 302.0, 1385.0, 26.0, 302.0, 1383.0, 25.0, 150, 150, 150
L 313.0, 1386.0, 26.0, 302.0, 1385.0, 26.0, 150, 150, 150
L 313.0, 1388.0, 26.0, 313.0, 1386.0, 26.0, 150, 150, 150
L 302.0, 1387.0, 26.0, 302.0, 1385.0, 26.0, 150, 150, 150
L 313.0, 1388.0, 26.0, 302.0, 1387.0, 26.0, 150, 150, 150
L 313.0, 1384.0, 25.0, 313.0, 1383.0, 25.0, 150, 150, 150
L 302.0, 1383.0, 25.0, 303.0, 1382.0, 25.0, 150, 150, 150
L 313.0, 1384.0, 25.0, 302.0, 1383.0, 25.0, 150, 150, 150
L -48.0, -159.0, 16.0, -48.0, -157.0, 16.0, 139, 69, 19
L -48.0, -157.0, 16.0, -41.0, -157.0, 14.0, 150, 150, 150
L -48.0, -146.0, 16.0, -41.0, -146.0, 14.0, 150, 150, 150
L 4.0, -146.0, 1.0, 4.0, -157.0, 1.0, 150, 150, 150
L -48.0, -146.0, 16.0, -65.0, -146.0, 16.0, 139, 69, 19
L -65.0, -29.0, 16.0, -65.0, -146.0, 16.0, 139, 69, 19
L -48.0, -157.0, 16.0, -48.0, -146.0, 16.0, 150, 150, 150
L -21.0, -157.0, 8.0, -15.0, -157.0, 6.0, 150, 150, 150
L -21.0, -146.0, 8.0, -15.0, -146.0, 6.0, 150, 150, 150
L -21.0, -157.0, 8.0, -21.0, -146.0, 8.0, 150, 150, 150
L -8.0, -157.0, 4.0, -2.0, -157.0, 2.0, 150, 150, 150
L -8.0, -146.0, 4.0, -2.0, -146.0, 2.0, 150, 150, 150
L -8.0, -157.0, 4.0, -8.0, -146.0, 4.0, 150, 150, 150
L -34.0, -157.0, 12.0, -28.0, -157.0, 10.0, 150, 150, 150
L -34.0, -146.0, 12.0, -28.0, -146.0, 10.0, 150, 150, 150
L -34.0, -157.0, 12.0, -34.0, -146.0, 12.0, 150, 150, 150
L -41.0, -157.0, 14.0, -34.0, -157.0, 12.0, 150, 150, 150
L -41.0, -146.0, 14.0, -34.0, -146.0, 12.0, 150, 150, 150
L -41.0, -157.0, 14.0, -41.0, -146.0, 14.0, 150, 150, 150
L -28.0, -157.0, 10.0, -21.0, -157.0, 8.0, 150, 150, 150
L -28.0, -146.0, 10.0, -21.0, -146.0, 8.0, 150, 150, 150
L -28.0, -157.0, 10.0, -28.0, -146.0, 10.0, 150, 150, 150
L -15.0, -157.0, 6.0, -8.0, -157.0, 4.0, 150, 150, 150
L -15.0, -146.0, 6.0, -8.0, -146.0, 4.0, 150, 150, 150
L -15.0, -157.0, 6.0, -15.0, -146.0, 6.0, 150, 150, 150
L -2.0, -157.0, 2.0, 4.0, -157.0, 1.0, 150, 150, 150
L -2.0, -146.0, 2.0, 4.0, -146.0, 1.0, 150, 150, 150
L -2.0, -157.0, 2.0, -2.0, -146.0, 2.0, 150, 150, 150
L 202.0, -143.0, 16.0, 192.0, -143.0, 16.0, 139, 69, 19
L 114.0, -130.0, 16.0, 195.0, -130.0, 16.0, 139, 69, 19
L 223.0, -143.0, 16.0, 202.0, -143.0, 16.0, 139, 69, 19
L 195.0, -130.0, 16.0, 206.0, -130.0, 16.0, 139, 69, 19
L 226.0, -130.0, 16.0, 285.0, -130.0, 16.0, 139, 69, 19
L 365.0, -66.0, 16.0, 365.0, -125.0, 16.0, 139, 69, 19
L 319.0, -96.0, 16.0, 319.0, -66.0, 16.0, 139, 69, 19
L 319.0, -96.0, 16.0, 206.0, -96.0, 16.0, 139, 69, 19
L 226.0, -130.0, 16.0, 226.0, -146.0, 16.0, 139, 69, 19
L 192.0, -146.0, 16.0, 226.0, -146.0, 16.0, 139, 69, 19
L 223.0, -143.0, 16.0, 223.0, -125.0, 16.0, 139, 69, 19
L 365.0, -125.0, 16.0, 223.0, -125.0, 16.0, 139, 69, 19
L 206.0, -96.0, 16.0, 206.0, -130.0, 16.0, 139, 69, 19
L 192.0, -146.0, 16.0, 192.0, -143.0, 16.0, 139, 69, 19
L 304.0, -191.0, 16.0, 271.0, -159.0, 16.0, 0, 0, 0
L 285.0, -130.0, 16.0, 318.0, -162.0, 16.0, 139, 69, 19
L 304.0, -221.0, 16.0, 304.0, -191.0, 16.0, 0, 0, 0
L 333.0, -221.0, 16.0, 304.0, -221.0, 16.0, 139, 69, 19
L 333.0, -221.0, 16.0, 333.0, -162.0, 16.0, 139, 69, 19
L 318.0, -162.0, 16.0, 333.0, -162.0, 16.0, 139, 69, 19
L 365.0, -66.0, 16.0, 319.0, -66.0, 16.0, 139, 69, 19
L 274.0, 641.0, 67.0, 271.5, 644.5, 67.0, 255, 255, 0
L 274.0, 648.0, 67.0, 271.5, 644.5, 67.0, 255, 255, 0
L 271.5, 644.5, 67.0, 269.0, 648.0, 67.0, 255, 255, 0
L 271.5, 644.5, 67.0, 269.0, 641.0, 67.0, 255, 255, 0
L 187.0, 771.0, 50.0, 182.0, 773.0, 50.0, 255, 255, 0
L 187.0, 775.0, 50.0, 182.0, 773.0, 50.0, 255, 255, 0
L 182.0, 773.0, 50.0, 177.0, 775.0, 50.0, 255, 255, 0
L 182.0, 773.0, 50.0, 177.0, 771.0, 50.0, 255, 255, 0
L 311.5, 1398.0, 27.0, 310.8, 1398.5, 27.0, 255, 255, 0
L 311.5, 1393.0, 27.0, 311.5, 1398.0, 27.0, 255, 255, 0
L 311.5, 1393.0, 27.0, 310.8, 1392.5, 27.0, 255, 255, 0
L 302.0, 1398.0, 27.0, 302.0, 1393.0, 27.0, 255, 255, 0
L 302.0, 1393.0, 27.0, 303.0, 1392.5, 27.0, 255, 255, 0
L 304.0, 1399.0, 27.0, 303.0, 1398.5, 27.0, 255, 255, 0
L 310.8, 1398.5, 27.0, 310.0, 1399.0, 27.0, 255, 255, 0
L 303.0, 1392.5, 27.0, 304.0, 1392.0, 27.0, 255, 255, 0
L 310.8, 1398.5, 27.0, 306.9, 1395.5, 27.0, 255, 255, 0
L 303.0, 1398.5, 27.0, 302.0, 1398.0, 27.0, 255, 255, 0
L 310.8, 1392.5, 27.0, 310.0, 1392.0, 27.0, 255, 255, 0
L 303.0, 1398.5, 27.0, 306.9, 1395.5, 27.0, 255, 255, 0
L 306.9, 1395.5, 27.0, 303.0, 1392.5, 27.0, 255, 255, 0
L 306.9, 1395.5, 27.0, 310.8, 1392.5, 27.0, 255, 255, 0
L 248.1, 1389.0, -43.0, 248.1, 1394.0, -43.0, 255, 255, 0
L 248.1, 1394.0, -43.0, 249.5, 1395.5, -43.0, 255, 255, 0
L 251.0, 1387.0, -43.0, 249.5, 1388.0, -43.0, 255, 255, 0
L 258.5, 1395.5, -43.0, 257.0, 1397.0, -43.0, 255, 255, 0
L 249.5, 1388.0, -43.0, 248.1, 1389.0, -43.0, 255, 255, 0
L 258.5, 1395.5, -43.0, 254.0, 1391.8, -43.0, 255, 255, 0
L 249.5, 1395.5, -43.0, 251.0, 1397.0, -43.0, 255, 255, 0
L 258.5, 1388.0, -43.0, 257.0, 1387.0, -43.0, 255, 255, 0
L 249.5, 1395.5, -43.0, 254.0, 1391.8, -43.0, 255, 255, 0
L 254.0, 1391.8, -43.0, 249.5, 1388.0, -43.0, 255, 255, 0
L 254.0, 1391.8, -43.0, 258.5, 1388.0, -43.0, 255, 255, 0
L 24.0, 331.0, 36.0, 24.0, 323.0, 36.0, 255, 255, 0
L 20.0, 319.0, 36.0, 22.0, 321.0, 36.0, 255, 255, 0
L 20.0, 319.0, 36.0, -4.0, 319.0, 36.0, 255, 255, 0
L -4.0, 319.0, 36.0, -6.0, 321.0, 36.0, 255, 255, 0
L -4.0, 335.0, 36.0, -6.0, 333.0, 36.0, 255, 255, 0
L 22.0, 333.0, 36.0, 24.0, 331.0, 36.0, 255, 255, 0
L -6.0, 321.0, 36.0, -8.0, 323.0, 36.0, 255, 255, 0
L 22.0, 333.0, 36.0, 8.0, 327.0, 36.0, 255, 255, 0
L -6.0, 333.0, 36.0, -8.0, 331.0, 36.0, 255, 255, 0
L 22.0, 321.0, 36.0, 24.0, 323.0, 36.0, 255, 255, 0
L -6.0, 333.0, 36.0, 8.0, 327.0, 36.0, 255, 255, 0
L 8.0, 327.0, 36.0, -6.0, 321.0, 36.0, 255, 255, 0
L 8.0, 327.0, 36.0, 22.0, 321.0, 36.0, 255, 255, 0
L 798.2, 614.2, 2.0, 710.3, 614.2, 32.3, 0, 0, 0
L 710.3, 614.2, 32.3, 721.0, 590.6, 25.0, 0, 0, 0
