P -1580, -2230, 0, 0, 0, 0, 2, to_Erudin
P -3210, -1624, 0, 0, 0, 0, 2, from_Erudin
P -2001, 3850, 0, 0, 0, 0, 2, to_South_Qeynos
P -69, 3770, 0, 0, 0, 0, 2, from_South_Qeynos
P -672.1266, 1771.5920, 0.0332, 255, 0, 0, 3, to_Erudin_&_South_Qeynos_(Translocator_Jempar)
P -795.0000, 1767.0000, 0.0000, 255, 0, 0, 2, Succor
P -735.7137, 1774.7689, 1.5632, 240, 240, 240, 2, Dock
P -2127.7456, 1312.0715, -25.7744, 240, 240, 240, 2, Sunken_Ship
P -857.0000, 1479.0000, 13.4653, 0, 128, 0, 2, Renna_(Merchant)
P -956.1345, 1595.0703, 31.1522, 0, 0, 0, 2, Nifta
P -856.0874, 1484.8424, 11.8687, 0, 0, 0, 2, Renna
P -754.5172, 1307.5409, -17.3916, 0, 0, 0, 2, Kala
P -780.5737, 723.8615, -17.4982, 0, 0, 0, 2, Tolo
P -2128.9834, 1286.2794, -43.6228, 0, 0, 0, 2, Yun_Assistant_Maklok
P -1702.9514, 1183.5688, 51.2309, 0, 0, 0, 2, Raldoria_Deacon
P -1821.1388, 1673.7516, -14.0304, 0, 0, 0, 2, Doria_Dawncrest
P -1794.5769, 1691.0175, -12.4908, 0, 0, 0, 2, Bellorrana_Hanthan
P -1132.7424, 1781.6407, -0.3554, 0, 0, 0, 2, Nomala
P -1401.9855, 1305.8390, 127.3805, 0, 0, 0, 2, Hojo
P -1633.2341, 922.4375, 56.8495, 0, 0, 0, 2, Ooglyn
P -1241.9774, 990.1234, 109.1572, 0, 0, 0, 2, Canrield_Starbourne
P -1246.4761, 1178.4851, 49.2268, 0, 0, 0, 2, Yelesom_Paust
P -836.7152, 1540.4930, 2.9737, 0, 0, 0, 2, Nomala_(Roam)
P -688.1334, 1776.8914, 1.5650, 0, 0, 0, 2, Monala_(Roam)

