L -344.0, -741.0, 203.0, -344.0, -788.0, 203.0, 102, 255, 102
L -344.0, -865.0, 203.0, -464.0, -865.0, 203.0, 102, 255, 102
L -1387.0, 822.0, 0.0, -1387.0, 75.0, 0.0, 0, 0, 0
L -1387.0, -1396.0, 0.0, 1426.0, -1396.0, 0.0, 0, 0, 0
L 1426.0, -1396.0, 0.0, 1426.0, 1393.0, 0.0, 0, 0, 0
L 1426.0, 1393.0, 0.0, -1387.0, 1393.0, 0.0, 0, 0, 0
L -1387.0, 75.0, 0.0, -1387.0, -1396.0, 0.0, 0, 0, 0
L -1387.0, 1393.0, 0.0, -1387.0, 75.0, 0.0, 0, 0, 0
L -1338.0, 86.0, 0.0, -1312.0, 153.0, 0.0, 0, 0, 0
L -1312.0, 153.0, 0.0, -1226.0, 119.0, 0.0, 0, 0, 0
L -1226.0, 119.0, 0.0, -1241.0, 79.0, 0.0, 0, 0, 0
L -1241.0, 79.0, 0.0, -1246.0, 80.0, 0.0, 0, 0, 0
L -1246.0, 80.0, 0.0, -1232.0, 117.0, 0.0, 0, 0, 0
L -1232.0, 117.0, 0.0, -1309.0, 147.0, 0.0, 0, 0, 0
L -1309.0, 147.0, 0.0, -1332.0, 89.0, 0.0, 0, 0, 0
L -1332.0, 89.0, 0.0, -1255.0, 58.0, 0.0, 0, 0, 0
L -1255.0, 58.0, 0.0, -1252.0, 64.0, 0.0, 0, 0, 0
L -1252.0, 64.0, 0.0, -1248.0, 60.0, 0.0, 0, 0, 0
L -1248.0, 60.0, 0.0, -1253.0, 52.0, 0.0, 0, 0, 0
L -1253.0, 52.0, 0.0, -1338.0, 87.0, 0.0, 0, 0, 0
L -1150.0, 44.0, 2.0, -1179.0, 55.0, 0.0, 0, 0, 0
L -1179.0, 55.0, 0.0, -1186.0, 59.0, 0.0, 0, 0, 0
L -1186.0, 59.0, 0.0, -1189.0, 52.0, 0.0, 0, 0, 0
L -1189.0, 52.0, 0.0, -1181.0, 49.0, 0.0, 0, 0, 0
L -1181.0, 49.0, 0.0, -1152.0, 38.0, 0.0, 0, 0, 0
L -1152.0, 38.0, 0.0, -1145.0, 34.0, 0.0, 0, 0, 0
L -1145.0, 34.0, 0.0, -1142.0, 43.0, 1.0, 0, 0, 0
L -1142.0, 43.0, 1.0, -1131.0, 72.0, 1.0, 0, 0, 0
L -1131.0, 72.0, 1.0, -1127.0, 79.0, 1.0, 0, 0, 0
L -1127.0, 79.0, 1.0, -1135.0, 82.0, 1.0, 0, 0, 0
L -1135.0, 82.0, 1.0, -1165.0, 93.0, 0.0, 0, 0, 0
L -1165.0, 93.0, 0.0, -1172.0, 97.0, 0.0, 0, 0, 0
L -1172.0, 97.0, 0.0, -1175.0, 88.0, 0.0, 0, 0, 0
L -1175.0, 88.0, 0.0, -1167.0, 87.0, 0.0, 0, 0, 0
L -1167.0, 87.0, 0.0, -1137.0, 76.0, 1.0, 0, 0, 0
L -1137.0, 76.0, 1.0, -1150.0, 44.0, 0.0, 0, 0, 0
L -1170.0, 64.0, 2.0, -1166.0, 75.0, 0.0, 0, 0, 0
L -1166.0, 75.0, 0.0, -1146.0, 68.0, 0.0, 0, 0, 0
L -1146.0, 68.0, 0.0, -1150.0, 57.0, 0.0, 0, 0, 0
L -1150.0, 57.0, 0.0, -1170.0, 64.0, 0.0, 0, 0, 0
L -722.0, -550.0, 0.0, -642.0, -479.0, 0.0, 255, 0, 0
L -642.0, -479.0, 0.0, -610.0, -466.0, 0.0, 255, 0, 0
L -610.0, -466.0, 0.0, -565.0, -442.0, 0.0, 255, 0, 0
L -565.0, -442.0, 0.0, -452.0, -406.0, 0.0, 255, 0, 0
L -452.0, -406.0, 0.0, -333.0, -409.0, 0.0, 255, 0, 0
L -333.0, -409.0, 0.0, -272.0, -431.0, 0.0, 255, 0, 0
L -272.0, -431.0, 0.0, -232.0, -441.0, 0.0, 255, 0, 0
L -232.0, -441.0, 0.0, -162.0, -488.0, 0.0, 255, 0, 0
L -162.0, -488.0, 0.0, -151.0, -499.0, 0.0, 255, 0, 0
L -151.0, -499.0, 0.0, -119.0, -533.0, 0.0, 255, 0, 0
L -119.0, -533.0, 0.0, -78.0, -578.0, 0.0, 255, 0, 0
L -78.0, -578.0, 0.0, -60.0, -613.0, 0.0, 255, 0, 0
L -60.0, -613.0, 0.0, -44.0, -639.0, 0.0, 255, 0, 0
L -44.0, -639.0, 0.0, -33.0, -665.0, 0.0, 255, 0, 0
L -33.0, -665.0, 0.0, -22.0, -734.0, 0.0, 255, 0, 0
L -22.0, -734.0, 0.0, -16.0, -752.0, 0.0, 255, 0, 0
L -16.0, -752.0, 0.0, -10.0, -817.0, 0.0, 255, 0, 0
L -10.0, -817.0, 0.0, -12.0, -868.0, 0.0, 255, 0, 0
L -12.0, -868.0, 0.0, -16.0, -885.0, 0.0, 255, 0, 0
L -16.0, -885.0, 0.0, -22.0, -903.0, 0.0, 255, 0, 0
L -22.0, -903.0, 0.0, -34.0, -947.0, 0.0, 255, 0, 0
L -34.0, -947.0, 0.0, -45.0, -983.0, 0.0, 255, 0, 0
L -45.0, -983.0, 0.0, -52.0, -996.0, 0.0, 255, 0, 0
L -52.0, -996.0, 0.0, -103.0, -1069.0, 0.0, 255, 0, 0
L -103.0, -1069.0, 0.0, -138.0, -1104.0, 0.0, 255, 0, 0
L -138.0, -1104.0, 0.0, -141.0, -1106.0, 0.0, 255, 0, 0
L -141.0, -1106.0, 0.0, -173.0, -1132.0, 0.0, 255, 0, 0
L -173.0, -1132.0, 0.0, -182.0, -1139.0, 0.0, 255, 0, 0
L -182.0, -1139.0, 0.0, -195.0, -1148.0, 0.0, 255, 0, 0
L -195.0, -1148.0, 0.0, -272.0, -1186.0, 0.0, 255, 0, 0
L -272.0, -1186.0, 0.0, -284.0, -1189.0, 0.0, 255, 0, 0
L -284.0, -1189.0, 0.0, -304.0, -1193.0, 0.0, 255, 0, 0
L -304.0, -1193.0, 0.0, -363.0, -1207.0, 0.0, 255, 0, 0
L -363.0, -1207.0, 0.0, -399.0, -1215.0, 0.0, 255, 0, 0
L -399.0, -1215.0, 0.0, -422.0, -1212.0, 0.0, 255, 0, 0
L -422.0, -1212.0, 0.0, -470.0, -1208.0, 0.0, 255, 0, 0
L -470.0, -1208.0, 0.0, -486.0, -1205.0, 0.0, 255, 0, 0
L -486.0, -1205.0, 0.0, -493.0, -1204.0, 0.0, 255, 0, 0
L -493.0, -1204.0, 0.0, -589.0, -1171.0, 0.0, 255, 0, 0
L -589.0, -1171.0, 0.0, -594.0, -1168.0, 0.0, 255, 0, 0
L -594.0, -1168.0, 0.0, -633.0, -1141.0, 0.0, 255, 0, 0
L -633.0, -1141.0, 0.0, -682.0, -1112.0, 0.0, 255, 0, 0
L -682.0, -1112.0, 0.0, -701.0, -1090.0, 0.0, 255, 0, 0
L -701.0, -1090.0, 0.0, -737.0, -1047.0, 0.0, 255, 0, 0
L -737.0, -1047.0, 0.0, -739.0, -1044.0, 0.0, 255, 0, 0
L -739.0, -1044.0, 0.0, -745.0, -1037.0, 0.0, 255, 0, 0
L -745.0, -1037.0, 0.0, -762.0, -1003.0, 0.0, 255, 0, 0
L -762.0, -1003.0, 0.0, -791.0, -949.0, 0.0, 255, 0, 0
L -791.0, -949.0, 0.0, -801.0, -910.0, 0.0, 255, 0, 0
L -801.0, -910.0, 0.0, -814.0, -850.0, 0.0, 255, 0, 0
L -814.0, -850.0, 0.0, -816.0, -836.0, 0.0, 255, 0, 0
L -816.0, -836.0, 0.0, -816.0, -832.0, 0.0, 255, 0, 0
L -816.0, -832.0, 0.0, -812.0, -746.0, 0.0, 255, 0, 0
L -812.0, -746.0, 0.0, -811.0, -738.0, 0.0, 255, 0, 0
L -811.0, -738.0, 0.0, -807.0, -722.0, 0.0, 255, 0, 0
L -807.0, -722.0, 0.0, -795.0, -682.0, 0.0, 255, 0, 0
L -795.0, -682.0, 0.0, -742.0, -576.0, 0.0, 255, 0, 0
L -742.0, -576.0, 0.0, -734.0, -565.0, 0.0, 255, 0, 0
L -734.0, -565.0, 0.0, -722.0, -550.0, 0.0, 255, 0, 0
L -699.0, -577.0, 0.0, -743.0, -644.0, 0.0, 255, 0, 0
L -743.0, -644.0, 0.0, -745.0, -649.0, 0.0, 255, 0, 0
L -745.0, -649.0, 0.0, -755.0, -673.0, 0.0, 255, 0, 0
L -755.0, -673.0, 0.0, -767.0, -719.0, 0.0, 255, 0, 0
L -767.0, -719.0, 0.0, -781.0, -820.0, 0.0, 255, 0, 0
L -781.0, -820.0, 0.0, -783.0, -844.0, 0.0, 255, 0, 0
L -783.0, -844.0, 0.0, -773.0, -900.0, 0.0, 255, 0, 0
L -773.0, -900.0, 0.0, -755.0, -935.0, 0.0, 255, 0, 0
L -755.0, -935.0, 0.0, -732.0, -984.0, 0.0, 255, 0, 0
L -732.0, -984.0, 0.0, -722.0, -1004.0, 0.0, 255, 0, 0
L -722.0, -1004.0, 0.0, -711.0, -1019.0, 0.0, 255, 0, 0
L -711.0, -1019.0, 0.0, -673.0, -1064.0, 0.0, 255, 0, 0
L -673.0, -1064.0, 0.0, -649.0, -1084.0, 0.0, 255, 0, 0
L -649.0, -1084.0, 0.0, -591.0, -1126.0, 0.0, 255, 0, 0
L -591.0, -1126.0, 0.0, -550.0, -1148.0, 0.0, 255, 0, 0
L -550.0, -1148.0, 0.0, -504.0, -1163.0, 0.0, 255, 0, 0
L -504.0, -1163.0, 0.0, -457.0, -1175.0, 0.0, 255, 0, 0
L -457.0, -1175.0, 0.0, -421.0, -1175.0, 0.0, 255, 0, 0
L -421.0, -1175.0, 0.0, -388.0, -1177.0, 0.0, 255, 0, 0
L -388.0, -1177.0, 0.0, -347.0, -1171.0, 0.0, 255, 0, 0
L -347.0, -1171.0, 0.0, -298.0, -1156.0, 0.0, 255, 0, 0
L -298.0, -1156.0, 0.0, -219.0, -1118.0, 0.0, 255, 0, 0
L -219.0, -1118.0, 0.0, -186.0, -1099.0, 0.0, 255, 0, 0
L -186.0, -1099.0, 0.0, -122.0, -1031.0, 0.0, 255, 0, 0
L -122.0, -1031.0, 0.0, -105.0, -1007.0, 0.0, 255, 0, 0
L -105.0, -1007.0, 0.0, -83.0, -972.0, 0.0, 255, 0, 0
L -83.0, -972.0, 0.0, -79.0, -963.0, 0.0, 255, 0, 0
L -79.0, -963.0, 0.0, -69.0, -923.0, 0.0, 255, 0, 0
L -69.0, -923.0, 0.0, -56.0, -874.0, 0.0, 255, 0, 0
L -56.0, -874.0, 0.0, -47.0, -835.0, 0.0, 255, 0, 0
L -47.0, -835.0, 0.0, -46.0, -812.0, 0.0, 255, 0, 0
L -46.0, -812.0, 0.0, -47.0, -796.0, 0.0, 255, 0, 0
L -47.0, -796.0, 0.0, -48.0, -752.0, 0.0, 255, 0, 0
L -48.0, -752.0, 0.0, -55.0, -720.0, 0.0, 255, 0, 0
L -55.0, -720.0, 0.0, -75.0, -661.0, 0.0, 255, 0, 0
L -75.0, -661.0, 0.0, -82.0, -646.0, 0.0, 255, 0, 0
L -82.0, -646.0, 0.0, -90.0, -633.0, 0.0, 255, 0, 0
L -90.0, -633.0, 0.0, -131.0, -575.0, 0.0, 255, 0, 0
L -131.0, -575.0, 0.0, -154.0, -549.0, 0.0, 255, 0, 0
L -154.0, -549.0, 0.0, -170.0, -532.0, 0.0, 255, 0, 0
L -170.0, -532.0, 0.0, -176.0, -526.0, 0.0, 255, 0, 0
L -176.0, -526.0, 0.0, -195.0, -512.0, 0.0, 255, 0, 0
L -195.0, -512.0, 0.0, -239.0, -484.0, 0.0, 255, 0, 0
L -239.0, -484.0, 0.0, -258.0, -473.0, 0.0, 255, 0, 0
L -258.0, -473.0, 0.0, -340.0, -452.0, 0.0, 255, 0, 0
L -340.0, -452.0, 0.0, -428.0, -440.0, 0.0, 255, 0, 0
L -428.0, -440.0, 0.0, -441.0, -439.0, 0.0, 255, 0, 0
L -441.0, -439.0, 0.0, -481.0, -448.0, 0.0, 255, 0, 0
L -481.0, -448.0, 0.0, -509.0, -455.0, 0.0, 255, 0, 0
L -509.0, -455.0, 0.0, -525.0, -458.0, 0.0, 255, 0, 0
L -525.0, -458.0, 0.0, -590.0, -489.0, 0.0, 255, 0, 0
L -590.0, -489.0, 0.0, -612.0, -497.0, 0.0, 255, 0, 0
L -612.0, -497.0, 0.0, -648.0, -526.0, 0.0, 255, 0, 0
L -648.0, -526.0, 0.0, -691.0, -566.0, 0.0, 255, 0, 0
L -691.0, -566.0, 0.0, -745.0, -649.0, 0.0, 255, 0, 0
L -563.0, -960.0, 0.0, -562.0, -657.0, 0.0, 150, 150, 150
L -562.0, -657.0, 0.0, -253.0, -659.0, 0.0, 150, 150, 150
L -253.0, -659.0, 0.0, -269.0, -710.0, 0.0, 150, 150, 150
L -269.0, -710.0, 0.0, -269.0, -727.0, 0.0, 150, 150, 150
L -269.0, -727.0, 0.0, -260.0, -757.0, 0.0, 150, 150, 150
L -260.0, -757.0, 0.0, -259.0, -769.0, 0.0, 150, 150, 150
L -259.0, -769.0, 0.0, -263.0, -786.0, 0.0, 150, 150, 150
L -269.0, -828.0, 0.0, -259.0, -860.0, 0.0, 150, 150, 150
L -259.0, -860.0, 0.0, -263.0, -917.0, 0.0, 150, 150, 150
L -251.0, -961.0, 0.0, -563.0, -960.0, 0.0, 150, 150, 150
L -183.0, -693.0, 0.0, -148.0, -693.0, 0.0, 0, 0, 0
L -243.0, -1049.0, 0.0, -243.0, -1084.0, 0.0, 0, 0, 0
L -627.0, -1061.0, 0.0, -663.0, -1061.0, 0.0, 0, 0, 0
L -663.0, -1061.0, 0.0, -663.0, -1026.0, 0.0, 0, 0, 0
L 353.0, -179.0, 0.0, 333.0, -179.0, 0.0, 0, 0, 0
L 333.0, -179.0, 0.0, 332.0, -242.0, 0.0, 0, 0, 0
L 332.0, -242.0, 0.0, 395.0, -242.0, 0.0, 0, 0, 0
L 395.0, -242.0, 0.0, 395.0, -178.0, 0.0, 0, 0, 0
L 395.0, -178.0, 0.0, 375.0, -179.0, 0.0, 0, 0, 0
L 375.0, -167.0, 0.0, 353.0, -169.0, 0.0, 0, 0, 0
L 353.0, -169.0, 0.0, 353.0, -189.0, 0.0, 0, 0, 0
L 356.0, -219.0, 0.0, 360.0, -226.0, 0.0, 0, 0, 0
L 360.0, -226.0, 0.0, 368.0, -226.0, 0.0, 0, 0, 0
L 368.0, -226.0, 0.0, 372.0, -219.0, 0.0, 0, 0, 0
L 372.0, -219.0, 0.0, 368.0, -212.0, 0.0, 0, 0, 0
L 368.0, -212.0, 0.0, 366.0, -209.0, 0.0, 0, 0, 0
L 366.0, -209.0, 0.0, 370.0, -207.0, 0.0, 0, 0, 0
L 370.0, -207.0, 0.0, 377.0, -219.0, 0.0, 0, 0, 0
L 377.0, -219.0, 0.0, 370.0, -231.0, 0.0, 0, 0, 0
L 370.0, -231.0, 0.0, 356.0, -230.0, 0.0, 0, 0, 0
L 356.0, -230.0, 0.0, 350.0, -219.0, 0.0, 0, 0, 0
L 350.0, -219.0, 0.0, 357.0, -208.0, 0.0, 0, 0, 0
L 357.0, -208.0, 0.0, 361.0, -207.0, 0.0, 0, 0, 0
L 361.0, -207.0, 0.0, 360.0, -212.0, 0.0, 0, 0, 0
L 360.0, -212.0, 0.0, 356.0, -219.0, 0.0, 0, 0, 0
L 353.0, -189.0, 0.0, 343.0, -189.0, 0.0, 0, 0, 0
L 343.0, -189.0, 0.0, 343.0, -231.0, 0.0, 0, 0, 0
L 343.0, -231.0, 0.0, 385.0, -231.0, 0.0, 0, 0, 0
L 385.0, -231.0, 0.0, 385.0, -188.0, 0.0, 0, 0, 0
L 385.0, -188.0, 0.0, 375.0, -189.0, 0.0, 0, 0, 0
L 375.0, -189.0, 0.0, 375.0, -167.0, 0.0, 0, 0, 0
L 822.0, -307.0, 0.0, 774.0, -347.0, 0.0, 0, 0, 0
L 774.0, -347.0, 0.0, 709.0, -268.0, 0.0, 0, 0, 0
L 709.0, -268.0, 0.0, 787.0, -203.0, 0.0, 0, 0, 0
L 787.0, -203.0, 0.0, 832.0, -256.0, 0.0, 0, 0, 0
L 832.0, -256.0, 0.0, 813.0, -269.0, 0.0, 0, 0, 0
L 813.0, -269.0, 0.0, 784.0, -235.0, 0.0, 0, 0, 0
L 784.0, -235.0, 0.0, 741.0, -271.0, 0.0, 0, 0, 0
L 741.0, -271.0, 0.0, 777.0, -315.0, 0.0, 0, 0, 0
L 777.0, -315.0, 0.0, 810.0, -290.0, 0.0, 0, 0, 0
L 809.0, -263.0, 0.0, 895.0, -365.0, 0.0, 0, 0, 0
L 895.0, -365.0, 0.0, 915.0, -402.0, 0.0, 0, 0, 0
L 915.0, -402.0, 0.0, 926.0, -451.0, 0.0, 0, 0, 0
L 926.0, -451.0, 0.0, 971.0, -471.0, 0.0, 0, 0, 0
L 971.0, -471.0, 0.0, 1007.0, -498.0, 0.0, 0, 0, 0
L 1007.0, -498.0, 0.0, 1093.0, -600.0, 0.0, 0, 0, 0
L 1088.0, -552.0, 0.0, 1143.0, -504.0, 0.0, 0, 0, 0
L 1143.0, -504.0, 0.0, 1210.0, -582.0, 0.0, 0, 0, 0
L 1210.0, -582.0, 0.0, 1131.0, -648.0, 0.0, 0, 0, 0
L 1131.0, -648.0, 0.0, 1085.0, -594.0, 0.0, 0, 0, 0
L 1085.0, -594.0, 0.0, 1105.0, -581.0, 0.0, 0, 0, 0
L 1105.0, -581.0, 0.0, 1134.0, -616.0, 0.0, 0, 0, 0
L 1134.0, -616.0, 0.0, 1178.0, -579.0, 0.0, 0, 0, 0
L 1178.0, -579.0, 0.0, 1141.0, -536.0, 0.0, 0, 0, 0
L 1141.0, -536.0, 0.0, 1103.0, -566.0, 0.0, 0, 0, 0
L 1108.0, -587.0, 0.0, 1023.0, -487.0, 0.0, 0, 0, 0
L 1023.0, -487.0, 0.0, 1002.0, -446.0, 0.0, 0, 0, 0
L 1002.0, -446.0, 0.0, 992.0, -398.0, 0.0, 0, 0, 0
L 992.0, -398.0, 0.0, 947.0, -380.0, 0.0, 0, 0, 0
L 947.0, -380.0, 0.0, 910.0, -353.0, 0.0, 0, 0, 0
L 910.0, -353.0, 0.0, 824.0, -249.0, 0.0, 0, 0, 0
L 950.0, -410.0, 0.0, 964.0, -407.0, 0.0, 0, 204, 204
L 964.0, -407.0, 0.0, 975.0, -420.0, 0.0, 0, 204, 204
L 975.0, -420.0, 0.0, 970.0, -434.0, 0.0, 0, 204, 204
L 970.0, -434.0, 0.0, 953.0, -436.0, 0.0, 0, 204, 204
L 953.0, -436.0, 0.0, 944.0, -425.0, 0.0, 0, 204, 204
L 944.0, -425.0, 0.0, 949.0, -411.0, 0.0, 0, 204, 204
L 949.0, -411.0, 0.0, 964.0, -407.0, 0.0, 0, 204, 204
L 1060.0, 300.0, 0.0, 1142.0, 308.0, 0.0, 0, 0, 0
L 1142.0, 308.0, 0.0, 1137.0, 370.0, 0.0, 0, 0, 0
L 1137.0, 370.0, 0.0, 1054.0, 363.0, 0.0, 0, 0, 0
L 1054.0, 363.0, 0.0, 1054.0, 358.0, 0.0, 0, 0, 0
L 1054.0, 358.0, 0.0, 1050.0, 358.0, 0.0, 0, 0, 0
L 1050.0, 358.0, 0.0, 1050.0, 368.0, 0.0, 0, 0, 0
L 1050.0, 368.0, 0.0, 1140.0, 376.0, 0.0, 0, 0, 0
L 1140.0, 376.0, 0.0, 1147.0, 303.0, 0.0, 0, 0, 0
L 1147.0, 303.0, 0.0, 1056.0, 295.0, 0.0, 0, 0, 0
L 1056.0, 295.0, 0.0, 1052.0, 340.0, 0.0, 0, 0, 0
L 1052.0, 340.0, 0.0, 1056.0, 339.0, 0.0, 0, 0, 0
L 1056.0, 339.0, 0.0, 1060.0, 300.0, 0.0, 0, 0, 0
L -379.0, 1011.0, 0.0, -461.0, 1009.0, 0.0, 0, 0, 0
L -461.0, 1009.0, 0.0, -460.0, 946.0, 0.0, 0, 0, 0
L -460.0, 946.0, 0.0, -377.0, 948.0, 0.0, 0, 0, 0
L -377.0, 948.0, 0.0, -377.0, 954.0, 0.0, 0, 0, 0
L -377.0, 954.0, 0.0, -372.0, 953.0, 0.0, 0, 0, 0
L -372.0, 953.0, 0.0, -372.0, 944.0, 0.0, 0, 0, 0
L -372.0, 944.0, 0.0, -464.0, 941.0, 0.0, 0, 0, 0
L -464.0, 941.0, 0.0, -466.0, 1014.0, 0.0, 0, 0, 0
L -466.0, 1014.0, 0.0, -374.0, 1016.0, 0.0, 0, 0, 0
L -374.0, 1016.0, 0.0, -372.0, 973.0, 0.0, 0, 0, 0
L -372.0, 973.0, 0.0, -376.0, 971.0, 0.0, 0, 0, 0
L -376.0, 971.0, 0.0, -379.0, 1011.0, 0.0, 0, 0, 0
L 390.0, 645.0, 0.0, 390.0, 676.0, 0.0, 150, 150, 150
L 390.0, 676.0, 0.0, 308.0, 675.0, 0.0, 150, 150, 150
L 308.0, 675.0, 0.0, 309.0, 593.0, 0.0, 150, 150, 150
L 309.0, 593.0, 0.0, 390.0, 593.0, 0.0, 150, 150, 150
L 390.0, 593.0, 0.0, 388.0, 623.0, 0.0, 150, 150, 150
L 388.0, 623.0, 0.0, 392.0, 624.0, 0.0, 150, 150, 150
L 392.0, 624.0, 0.0, 392.0, 647.0, 0.0, 150, 150, 150
L 392.0, 647.0, 0.0, 389.0, 646.0, 0.0, 150, 150, 150
L 389.0, 646.0, 0.0, 381.0, 646.0, 0.0, 150, 150, 150
L 381.0, 646.0, 0.0, 381.0, 665.0, 0.0, 150, 150, 150
L 381.0, 665.0, 0.0, 318.0, 666.0, 0.0, 150, 150, 150
L 318.0, 666.0, 0.0, 318.0, 604.0, 0.0, 150, 150, 150
L 318.0, 604.0, 0.0, 380.0, 603.0, 0.0, 150, 150, 150
L 380.0, 603.0, 0.0, 381.0, 623.0, 0.0, 150, 150, 150
L 381.0, 623.0, 0.0, 371.0, 623.0, 0.0, 150, 150, 150
L 371.0, 623.0, 0.0, 391.0, 624.0, 0.0, 150, 150, 150
L 371.0, 623.0, 0.0, 370.0, 613.0, 0.0, 150, 150, 150
L 370.0, 613.0, 0.0, 329.0, 613.0, 0.0, 150, 150, 150
L 329.0, 613.0, 0.0, 328.0, 656.0, 0.0, 150, 150, 150
L 328.0, 656.0, 0.0, 370.0, 656.0, 0.0, 150, 150, 150
L 370.0, 656.0, 0.0, 371.0, 646.0, 0.0, 150, 150, 150
L 371.0, 646.0, 0.0, 379.0, 645.0, 0.0, 150, 150, 150
L 341.0, 623.0, 0.0, 347.0, 623.0, 0.0, 150, 150, 150
L 347.0, 623.0, 0.0, 351.0, 632.0, 0.0, 150, 150, 150
L 351.0, 632.0, 0.0, 350.0, 619.0, 0.0, 150, 150, 150
L 350.0, 619.0, 0.0, 338.0, 619.0, 0.0, 150, 150, 150
L 338.0, 619.0, 0.0, 337.0, 649.0, 0.0, 150, 150, 150
L 337.0, 649.0, 0.0, 351.0, 648.0, 0.0, 150, 150, 150
L 351.0, 648.0, 0.0, 351.0, 637.0, 0.0, 150, 150, 150
L 351.0, 637.0, 0.0, 348.0, 636.0, 0.0, 150, 150, 150
L 348.0, 636.0, 0.0, 347.0, 645.0, 0.0, 150, 150, 150
L 347.0, 645.0, 0.0, 341.0, 645.0, 0.0, 150, 150, 150
L 341.0, 645.0, 0.0, 341.0, 623.0, 0.0, 150, 150, 150
L 1190.0, 582.0, 0.0, 1189.0, 589.0, 0.0, 150, 150, 150
L 1189.0, 589.0, 0.0, 1148.0, 589.0, 0.0, 150, 150, 150
L 1148.0, 589.0, 0.0, 1149.0, 691.0, 0.0, 150, 150, 150
L 1149.0, 691.0, 0.0, 1251.0, 692.0, 0.0, 150, 150, 150
L 1251.0, 692.0, 0.0, 1251.0, 590.0, 0.0, 150, 150, 150
L 1251.0, 590.0, 0.0, 1211.0, 589.0, 0.0, 150, 150, 150
L 1211.0, 589.0, 0.0, 1209.0, 581.0, 0.0, 150, 150, 150
L 1209.0, 581.0, 0.0, 1211.0, 609.0, 0.0, 150, 150, 150
L 1211.0, 609.0, 0.0, 1231.0, 609.0, 0.0, 150, 150, 150
L 1231.0, 609.0, 0.0, 1231.0, 672.0, 0.0, 150, 150, 150
L 1231.0, 672.0, 0.0, 1168.0, 671.0, 0.0, 150, 150, 150
L 1168.0, 671.0, 0.0, 1169.0, 609.0, 0.0, 150, 150, 150
L 1169.0, 609.0, 0.0, 1189.0, 609.0, 0.0, 150, 150, 150
L 1189.0, 589.0, 0.0, 1189.0, 599.0, 0.0, 150, 150, 150
L 1189.0, 599.0, 0.0, 1158.0, 599.0, 0.0, 150, 150, 150
L 1158.0, 599.0, 0.0, 1159.0, 682.0, 0.0, 150, 150, 150
L 1159.0, 682.0, 0.0, 1241.0, 682.0, 0.0, 150, 150, 150
L 1241.0, 682.0, 0.0, 1241.0, 600.0, 0.0, 150, 150, 150
L 1241.0, 600.0, 0.0, 1211.0, 599.0, 0.0, 150, 150, 150
L 1211.0, 599.0, 0.0, 1211.0, 619.0, 0.0, 150, 150, 150
L 1211.0, 619.0, 0.0, 1222.0, 619.0, 0.0, 150, 150, 150
L 1222.0, 619.0, 0.0, 1221.0, 662.0, 0.0, 150, 150, 150
L 1221.0, 662.0, 0.0, 1179.0, 662.0, 0.0, 150, 150, 150
L 1179.0, 662.0, 0.0, 1179.0, 619.0, 0.0, 150, 150, 150
L 1179.0, 619.0, 0.0, 1189.0, 619.0, 0.0, 150, 150, 150
L 1189.0, 619.0, 0.0, 1189.0, 589.0, 0.0, 150, 150, 150
L 1211.0, 649.0, 0.0, 1189.0, 649.0, 0.0, 150, 150, 150
L 1189.0, 649.0, 0.0, 1189.0, 643.0, 0.0, 150, 150, 150
L 1189.0, 643.0, 0.0, 1197.0, 643.0, 0.0, 150, 150, 150
L 1197.0, 643.0, 0.0, 1198.0, 639.0, 0.0, 150, 150, 150
L 1198.0, 639.0, 0.0, 1186.0, 639.0, 0.0, 150, 150, 150
L 1186.0, 639.0, 0.0, 1185.0, 653.0, 0.0, 150, 150, 150
L 1185.0, 653.0, 0.0, 1214.0, 653.0, 0.0, 150, 150, 150
L 1214.0, 653.0, 0.0, 1214.0, 640.0, 0.0, 150, 150, 150
L 1214.0, 640.0, 0.0, 1201.0, 639.0, 0.0, 150, 150, 150
L 1201.0, 639.0, 0.0, 1201.0, 642.0, 0.0, 150, 150, 150
L 1201.0, 642.0, 0.0, 1211.0, 643.0, 0.0, 150, 150, 150
L 1211.0, 643.0, 0.0, 1211.0, 649.0, 0.0, 150, 150, 150
L -665.0, 13.0, 0.0, -583.0, 14.0, 0.0, 0, 0, 0
L -583.0, 14.0, 0.0, -583.0, -87.0, 0.0, 0, 0, 0
L -583.0, -87.0, 0.0, -687.0, -86.0, 0.0, 0, 0, 0
L -687.0, -86.0, 0.0, -686.0, -26.0, 0.0, 0, 0, 0
L -686.0, -26.0, 0.0, -683.0, -24.0, 0.0, 0, 0, 0
L -663.0, -24.0, 0.0, -663.0, -62.0, 0.0, 0, 0, 0
L -663.0, -62.0, 0.0, -606.0, -64.0, 0.0, 0, 0, 0
L -606.0, -64.0, 0.0, -606.0, -7.0, 0.0, 0, 0, 0
L -606.0, -7.0, 0.0, -665.0, -6.0, 0.0, 0, 0, 0
L -766.0, 372.0, 0.0, -766.0, 474.0, 0.0, 0, 0, 0
L -766.0, 474.0, 0.0, -664.0, 474.0, 0.0, 0, 0, 0
L -686.0, 409.0, 0.0, -686.0, 452.0, 0.0, 0, 0, 0
L -686.0, 452.0, 0.0, -743.0, 452.0, 0.0, 0, 0, 0
L -743.0, 452.0, 0.0, -743.0, 395.0, 0.0, 0, 0, 0
L -684.0, 283.0, 0.0, -694.0, 238.0, 0.0, 0, 0, 0
L -694.0, 238.0, 0.0, -717.0, 194.0, 0.0, 0, 0, 0
L -717.0, 194.0, 0.0, -695.0, 151.0, 0.0, 0, 0, 0
L -695.0, 151.0, 0.0, -685.0, 106.0, 0.0, 0, 0, 0
L -685.0, 106.0, 0.0, -683.0, -24.0, 0.0, 0, 0, 0
L -665.0, 106.0, 0.0, -655.0, 150.0, 0.0, 0, 0, 0
L -655.0, 150.0, 0.0, -632.0, 194.0, 0.0, 0, 0, 0
L -632.0, 194.0, 0.0, -655.0, 235.0, 0.0, 0, 0, 0
L -655.0, 235.0, 0.0, -665.0, 281.0, 0.0, 0, 0, 0
L -675.0, 209.0, 0.0, -662.0, 202.0, 0.0, 0, 204, 204
L -662.0, 202.0, 0.0, -662.0, 185.0, 0.0, 0, 204, 204
L -662.0, 185.0, 0.0, -674.0, 178.0, 0.0, 0, 204, 204
L -674.0, 178.0, 0.0, -688.0, 185.0, 0.0, 0, 204, 204
L -688.0, 185.0, 0.0, -688.0, 202.0, 0.0, 0, 204, 204
L -688.0, 202.0, 0.0, -676.0, 209.0, 0.0, 0, 204, 204
L 140.0, -301.0, 12.0, 164.0, -328.0, 15.0, 0, 0, 0
L 164.0, -328.0, 15.0, 153.0, -364.0, 13.0, 0, 0, 0
L 153.0, -364.0, 13.0, 117.0, -371.0, 15.0, 0, 0, 0
L 117.0, -371.0, 15.0, 96.0, -345.0, 17.0, 0, 0, 0
L 96.0, -345.0, 17.0, 104.0, -309.0, 15.0, 0, 0, 0
L 104.0, -309.0, 15.0, 140.0, -301.0, 12.0, 0, 0, 0
L 473.0, -967.0, 11.0, 453.0, -970.0, 17.0, 0, 0, 0
L 453.0, -970.0, 17.0, 449.0, -949.0, 14.0, 0, 0, 0
L 449.0, -949.0, 14.0, 469.0, -946.0, 10.0, 0, 0, 0
L 469.0, -946.0, 10.0, 473.0, -967.0, 11.0, 0, 0, 0
L 694.0, -1315.0, 7.0, 710.0, -1329.0, 12.0, 0, 0, 0
L 710.0, -1329.0, 12.0, 697.0, -1345.0, 15.0, 0, 0, 0
L 697.0, -1345.0, 15.0, 680.0, -1332.0, 11.0, 0, 0, 0
L 680.0, -1332.0, 11.0, 694.0, -1315.0, 7.0, 0, 0, 0
L 862.0, -1003.0, 77.0, 861.0, -966.0, 75.0, 0, 0, 0
L 861.0, -966.0, 75.0, 897.0, -966.0, 87.0, 0, 0, 0
L 897.0, -966.0, 87.0, 898.0, -1002.0, 88.0, 0, 0, 0
L 898.0, -1002.0, 88.0, 862.0, -1003.0, 77.0, 0, 0, 0
L 737.0, -393.0, 2.0, 692.0, -391.0, 1.0, 0, 0, 0
L 692.0, -391.0, 1.0, 687.0, -386.0, 2.0, 0, 0, 0
L 687.0, -386.0, 2.0, 695.0, -376.0, 1.0, 0, 0, 0
L 695.0, -376.0, 1.0, 699.0, -369.0, 0.0, 0, 0, 0
L 699.0, -369.0, 0.0, 710.0, -333.0, -1.0, 0, 0, 0
L 710.0, -333.0, -1.0, 727.0, -336.0, 0.0, 0, 0, 0
L 727.0, -336.0, 0.0, 730.0, -371.0, 0.0, 0, 0, 0
L 730.0, -371.0, 0.0, 737.0, -393.0, 2.0, 0, 0, 0
L 737.0, -393.0, 2.0, 733.0, -395.0, 2.0, 0, 0, 0
L 756.0, -489.0, 26.0, 804.0, -465.0, 29.0, 0, 0, 0
L 804.0, -465.0, 29.0, 829.0, -514.0, 31.0, 0, 0, 0
L 829.0, -514.0, 31.0, 779.0, -538.0, 29.0, 0, 0, 0
L 779.0, -538.0, 29.0, 756.0, -489.0, 26.0, 0, 0, 0
L 675.0, 318.0, 0.0, 631.0, 279.0, 2.0, 0, 0, 0
L 631.0, 279.0, 2.0, 614.0, 300.0, 6.0, 0, 0, 0
L 614.0, 300.0, 6.0, 656.0, 338.0, 0.0, 0, 0, 0
L 656.0, 338.0, 0.0, 675.0, 318.0, 0.0, 0, 0, 0
L 615.0, 476.0, 0.0, 610.0, 467.0, 0.0, 0, 0, 0
L 610.0, 467.0, 0.0, 595.0, 475.0, 0.0, 0, 0, 0
L 595.0, 475.0, 0.0, 601.0, 482.0, 0.0, 0, 0, 0
L 601.0, 482.0, 0.0, 615.0, 476.0, 0.0, 0, 0, 0
L 615.0, 476.0, 0.0, 611.0, 468.0, 0.0, 0, 0, 0
L 614.0, 432.0, 0.0, 620.0, 425.0, 0.0, 0, 0, 0
L 620.0, 425.0, 0.0, 611.0, 417.0, 0.0, 0, 0, 0
L 611.0, 417.0, 0.0, 604.0, 424.0, 0.0, 0, 0, 0
L 604.0, 424.0, 0.0, 614.0, 432.0, 0.0, 0, 0, 0
L 590.0, 453.0, 0.0, 584.0, 459.0, 0.0, 0, 0, 0
L 584.0, 459.0, 0.0, 590.0, 465.0, 0.0, 0, 0, 0
L 590.0, 465.0, 0.0, 597.0, 459.0, 0.0, 0, 0, 0
L 597.0, 459.0, 0.0, 590.0, 453.0, 0.0, 0, 0, 0
L 611.0, 418.0, 26.0, 615.0, 451.0, 29.0, 0, 0, 0
L 615.0, 451.0, 29.0, 614.0, 463.0, 31.0, 0, 0, 0
L 614.0, 463.0, 31.0, 612.0, 470.0, 31.0, 0, 0, 0
L 612.0, 470.0, 31.0, 606.0, 477.0, 32.0, 0, 0, 0
L 606.0, 477.0, 32.0, 597.0, 478.0, 33.0, 0, 0, 0
L 597.0, 478.0, 33.0, 589.0, 465.0, 31.0, 0, 0, 0
L 589.0, 465.0, 31.0, 588.0, 454.0, 30.0, 0, 0, 0
L 588.0, 454.0, 30.0, 592.0, 442.0, 29.0, 0, 0, 0
L 592.0, 442.0, 29.0, 607.0, 421.0, 27.0, 0, 0, 0
L 607.0, 421.0, 27.0, 611.0, 418.0, 26.0, 0, 0, 0
L -281.0, 1241.0, -13.0, -281.0, 1281.0, -13.0, 0, 0, 0
L -281.0, 1281.0, -13.0, -240.0, 1282.0, -15.0, 0, 0, 0
L -240.0, 1282.0, -15.0, -240.0, 1241.0, -18.0, 0, 0, 0
L -240.0, 1241.0, -18.0, -256.0, 1241.0, -19.0, 0, 0, 0
L -256.0, 1241.0, -19.0, -256.0, 1234.0, -18.0, 0, 0, 0
L -256.0, 1234.0, -18.0, -234.0, 1234.0, -17.0, 0, 0, 0
L -234.0, 1234.0, -17.0, -235.0, 1289.0, -14.0, 0, 0, 0
L -235.0, 1289.0, -14.0, -288.0, 1287.0, -12.0, 0, 0, 0
L -288.0, 1287.0, -12.0, -287.0, 1234.0, -15.0, 0, 0, 0
L -287.0, 1234.0, -15.0, -266.0, 1235.0, -17.0, 0, 0, 0
L -266.0, 1235.0, -17.0, -266.0, 1240.0, -18.0, 0, 0, 0
L -266.0, 1240.0, -18.0, -281.0, 1241.0, -16.0, 0, 0, 0
L -633.0, 1376.0, -2.0, -601.0, 1376.0, -5.0, 0, 0, 0
L -601.0, 1376.0, -5.0, -601.0, 1343.0, -7.0, 0, 0, 0
L -601.0, 1343.0, -7.0, -614.0, 1343.0, -6.0, 0, 0, 0
L -614.0, 1343.0, -6.0, -615.0, 1340.0, -5.0, 0, 0, 0
L -615.0, 1340.0, -5.0, -596.0, 1340.0, -8.0, 0, 0, 0
L -596.0, 1340.0, -8.0, -597.0, 1380.0, -5.0, 0, 0, 0
L -597.0, 1380.0, -5.0, -637.0, 1380.0, -1.0, 0, 0, 0
L -637.0, 1380.0, -1.0, -638.0, 1339.0, -3.0, 0, 0, 0
L -638.0, 1339.0, -3.0, -620.0, 1339.0, -5.0, 0, 0, 0
L -620.0, 1339.0, -5.0, -621.0, 1343.0, -5.0, 0, 0, 0
L -621.0, 1343.0, -5.0, -633.0, 1343.0, -4.0, 0, 0, 0
L -633.0, 1343.0, -4.0, -633.0, 1376.0, -2.0, 0, 0, 0
L -698.0, 573.0, 19.0, -691.0, 566.0, 19.0, 0, 0, 0
L -691.0, 566.0, 19.0, -704.0, 556.0, 20.0, 0, 0, 0
L -704.0, 556.0, 20.0, -709.0, 563.0, 19.0, 0, 0, 0
L -709.0, 563.0, 19.0, -698.0, 573.0, 19.0, 0, 0, 0
L -658.0, 553.0, 17.0, -649.0, 553.0, 17.0, 0, 0, 0
L -649.0, 553.0, 17.0, -647.0, 545.0, 17.0, 0, 0, 0
L -647.0, 545.0, 17.0, -655.0, 540.0, 18.0, 0, 0, 0
L -655.0, 540.0, 18.0, -658.0, 553.0, 17.0, 0, 0, 0
L -688.0, 541.0, 21.0, -697.0, 539.0, 22.0, 0, 0, 0
L -697.0, 539.0, 22.0, -699.0, 547.0, 22.0, 0, 0, 0
L -699.0, 547.0, 22.0, -690.0, 550.0, 21.0, 0, 0, 0
L -690.0, 550.0, 21.0, -688.0, 541.0, 21.0, 0, 0, 0
L -398.0, 704.0, 104.0, -398.0, 741.0, 107.0, 0, 0, 0
L -398.0, 741.0, 107.0, -362.0, 741.0, 106.0, 0, 0, 0
L -362.0, 741.0, 106.0, -361.0, 705.0, 101.0, 0, 0, 0
L -361.0, 705.0, 101.0, -398.0, 704.0, 104.0, 0, 0, 0
L -27.0, 724.0, 22.0, 30.0, 724.0, 23.0, 0, 0, 0
L 30.0, 724.0, 23.0, 31.0, 665.0, 23.0, 0, 0, 0
L 31.0, 665.0, 23.0, -26.0, 665.0, 27.0, 0, 0, 0
L -26.0, 665.0, 27.0, -27.0, 724.0, 22.0, 0, 0, 0
L -375.0, 472.0, 2.0, -382.0, 466.0, 2.0, 0, 0, 0
L -382.0, 466.0, 2.0, -393.0, 479.0, 1.0, 0, 0, 0
L -393.0, 479.0, 1.0, -386.0, 484.0, 1.0, 0, 0, 0
L -386.0, 484.0, 1.0, -375.0, 472.0, 2.0, 0, 0, 0
L -386.0, 426.0, 6.0, -392.0, 417.0, 8.0, 0, 0, 0
L -392.0, 417.0, 8.0, -408.0, 425.0, 4.0, 0, 0, 0
L -408.0, 425.0, 4.0, -403.0, 435.0, 3.0, 0, 0, 0
L -403.0, 435.0, 3.0, -386.0, 426.0, 6.0, 0, 0, 0
L -415.0, 446.0, 1.0, -415.0, 454.0, 1.0, 0, 0, 0
L -415.0, 454.0, 1.0, -405.0, 454.0, 2.0, 0, 0, 0
L -405.0, 454.0, 2.0, -406.0, 445.0, 2.0, 0, 0, 0
L -406.0, 445.0, 2.0, -415.0, 446.0, 1.0, 0, 0, 0
L -458.0, 234.0, -1.0, -454.0, 226.0, -1.0, 0, 0, 0
L -454.0, 226.0, -1.0, -470.0, 219.0, -2.0, 0, 0, 0
L -470.0, 219.0, -2.0, -473.0, 228.0, -3.0, 0, 0, 0
L -473.0, 228.0, -3.0, -458.0, 234.0, -1.0, 0, 0, 0
L -428.0, 203.0, -2.0, -419.0, 202.0, -3.0, 0, 0, 0
L -419.0, 202.0, -3.0, -419.0, 191.0, -4.0, 0, 0, 0
L -419.0, 191.0, -4.0, -429.0, 191.0, -3.0, 0, 0, 0
L -429.0, 191.0, -3.0, -428.0, 203.0, -2.0, 0, 0, 0
L -462.0, 199.0, -2.0, -469.0, 201.0, -2.0, 0, 0, 0
L -469.0, 201.0, -2.0, -469.0, 210.0, -2.0, 0, 0, 0
L -469.0, 210.0, -2.0, -460.0, 209.0, -2.0, 0, 0, 0
L -460.0, 209.0, -2.0, -462.0, 199.0, -2.0, 0, 0, 0
L -304.0, 128.0, -4.0, -288.0, 118.0, -2.0, 0, 0, 0
L -288.0, 118.0, -2.0, -298.0, 101.0, -1.0, 0, 0, 0
L -298.0, 101.0, -1.0, -314.0, 112.0, -3.0, 0, 0, 0
L -314.0, 112.0, -3.0, -304.0, 128.0, -4.0, 0, 0, 0
L -284.0, 135.0, -3.0, -279.0, 144.0, -3.0, 0, 0, 0
L -279.0, 144.0, -3.0, -275.0, 142.0, -3.0, 0, 0, 0
L -275.0, 142.0, -3.0, -285.0, 159.0, -4.0, 0, 0, 0
L -285.0, 159.0, -4.0, -277.0, 165.0, -3.0, 0, 0, 0
L -277.0, 165.0, -3.0, -262.0, 142.0, -2.0, 0, 0, 0
L -262.0, 142.0, -2.0, -270.0, 136.0, -2.0, 0, 0, 0
L -270.0, 136.0, -2.0, -276.0, 130.0, -2.0, 0, 0, 0
L -276.0, 130.0, -2.0, -284.0, 135.0, -3.0, 0, 0, 0
L -283.0, 147.0, -3.0, -292.0, 153.0, -4.0, 0, 0, 0
L -292.0, 153.0, -4.0, -298.0, 145.0, -5.0, 0, 0, 0
L -298.0, 145.0, -5.0, -289.0, 138.0, -3.0, 0, 0, 0
L -289.0, 138.0, -3.0, -283.0, 147.0, -3.0, 0, 0, 0
L -259.0, 105.0, 0.0, -265.0, 96.0, 0.0, 0, 0, 0
L -265.0, 96.0, 0.0, -273.0, 101.0, 0.0, 0, 0, 0
L -273.0, 101.0, 0.0, -268.0, 109.0, 0.0, 0, 0, 0
L -268.0, 109.0, 0.0, -259.0, 105.0, 0.0, 0, 0, 0
L -268.0, 91.0, 0.0, -275.0, 83.0, 0.0, 0, 0, 0
L -275.0, 83.0, 0.0, -282.0, 87.0, 0.0, 0, 0, 0
L -282.0, 87.0, 0.0, -276.0, 96.0, 0.0, 0, 0, 0
L -276.0, 96.0, 0.0, -268.0, 91.0, 0.0, 0, 0, 0
L -305.0, 86.0, 0.0, -310.0, 78.0, 0.0, 0, 0, 0
L -310.0, 78.0, 0.0, -319.0, 83.0, -1.0, 0, 0, 0
L -319.0, 83.0, -1.0, -314.0, 92.0, -1.0, 0, 0, 0
L -314.0, 92.0, -1.0, -305.0, 86.0, 0.0, 0, 0, 0
L -324.0, 87.0, -1.0, -332.0, 92.0, -1.0, 0, 0, 0
L -332.0, 92.0, -1.0, -327.0, 100.0, -2.0, 0, 0, 0
L -327.0, 100.0, -2.0, -319.0, 95.0, -1.0, 0, 0, 0
L -319.0, 95.0, -1.0, -324.0, 87.0, -1.0, 0, 0, 0
L -337.0, 130.0, -5.0, -348.0, 152.0, -7.0, 0, 0, 0
L -348.0, 152.0, -7.0, -338.0, 157.0, -6.0, 0, 0, 0
L -338.0, 157.0, -6.0, -327.0, 139.0, -5.0, 0, 0, 0
L -327.0, 139.0, -5.0, -322.0, 146.0, -5.0, 0, 0, 0
L -322.0, 146.0, -5.0, -313.0, 139.0, -5.0, 0, 0, 0
L -313.0, 139.0, -5.0, -319.0, 131.0, -4.0, 0, 0, 0
L -319.0, 131.0, -4.0, -324.0, 134.0, -5.0, 0, 0, 0
L -324.0, 134.0, -5.0, -327.0, 129.0, -4.0, 0, 0, 0
L -327.0, 129.0, -4.0, -329.0, 119.0, -4.0, 0, 0, 0
L -329.0, 119.0, -4.0, -338.0, 120.0, -4.0, 0, 0, 0
L -338.0, 120.0, -4.0, -337.0, 130.0, -5.0, 0, 0, 0
L -715.0, -197.0, 8.0, -707.0, -177.0, 4.0, 0, 0, 0
L -707.0, -177.0, 4.0, -700.0, -179.0, 2.0, 0, 0, 0
L -700.0, -179.0, 2.0, -709.0, -200.0, 7.0, 0, 0, 0
L -709.0, -200.0, 7.0, -715.0, -197.0, 8.0, 0, 0, 0
L -657.0, -179.0, 1.0, -638.0, -177.0, 0.0, 0, 0, 0
L -638.0, -177.0, 0.0, -637.0, -181.0, 0.0, 0, 0, 0
L -637.0, -181.0, 0.0, -657.0, -183.0, 1.0, 0, 0, 0
L -635.0, -156.0, 0.0, -634.0, -148.0, 0.0, 0, 0, 0
L -634.0, -148.0, 0.0, -608.0, -149.0, 0.0, 0, 0, 0
L -608.0, -149.0, 0.0, -608.0, -159.0, 0.0, 0, 0, 0
L -608.0, -159.0, 0.0, -635.0, -156.0, 0.0, 0, 0, 0
L -598.0, -165.0, 0.0, -592.0, -153.0, 1.0, 0, 0, 0
L -592.0, -153.0, 1.0, -581.0, -158.0, 0.0, 0, 0, 0
L -581.0, -158.0, 0.0, -587.0, -170.0, 1.0, 0, 0, 0
L -587.0, -170.0, 1.0, -598.0, -165.0, 0.0, 0, 0, 0
L -537.0, -197.0, 8.0, -518.0, -207.0, 4.0, 0, 0, 0
L -518.0, -207.0, 4.0, -529.0, -227.0, 9.0, 0, 0, 0
L -529.0, -227.0, 9.0, -548.0, -216.0, 7.0, 0, 0, 0
L -548.0, -216.0, 7.0, -537.0, -197.0, 8.0, 0, 0, 0
L -496.0, -298.0, 15.0, -489.0, -298.0, 14.0, 0, 0, 0
L -489.0, -298.0, 14.0, -489.0, -306.0, 14.0, 0, 0, 0
L -489.0, -306.0, 14.0, -497.0, -306.0, 16.0, 0, 0, 0
L -497.0, -306.0, 16.0, -496.0, -298.0, 15.0, 0, 0, 0
L -434.0, -290.0, 4.0, -432.0, -277.0, 3.0, 0, 0, 0
L -432.0, -277.0, 3.0, -419.0, -280.0, 2.0, 0, 0, 0
L -419.0, -280.0, 2.0, -421.0, -292.0, 2.0, 0, 0, 0
L -421.0, -292.0, 2.0, -434.0, -290.0, 4.0, 0, 0, 0
L -470.0, -200.0, 3.0, -475.0, -189.0, 5.0, 0, 0, 0
L -475.0, -189.0, 5.0, -464.0, -183.0, 6.0, 0, 0, 0
L -464.0, -183.0, 6.0, -459.0, -195.0, 3.0, 0, 0, 0
L -459.0, -195.0, 3.0, -470.0, -200.0, 3.0, 0, 0, 0
L -502.0, -177.0, 11.0, -500.0, -169.0, 12.0, 0, 0, 0
L -500.0, -169.0, 12.0, -493.0, -171.0, 11.0, 0, 0, 0
L -493.0, -171.0, 11.0, -495.0, -179.0, 10.0, 0, 0, 0
L -495.0, -179.0, 10.0, -503.0, -176.0, 11.0, 0, 0, 0
L -446.0, -97.0, 35.0, -457.0, -81.0, 37.0, 0, 0, 0
L -457.0, -81.0, 37.0, -452.0, -77.0, 35.0, 0, 0, 0
L -452.0, -77.0, 35.0, -440.0, -91.0, 34.0, 0, 0, 0
L -440.0, -91.0, 34.0, -446.0, -97.0, 35.0, 0, 0, 0
L -325.0, -227.0, -1.0, -307.0, -229.0, -1.0, 0, 0, 0
L -307.0, -229.0, -1.0, -309.0, -246.0, 0.0, 0, 0, 0
L -309.0, -246.0, 0.0, -327.0, -244.0, 0.0, 0, 0, 0
L -327.0, -244.0, 0.0, -325.0, -227.0, -1.0, 0, 0, 0
L -280.0, -282.0, -1.0, -260.0, -290.0, -1.0, 0, 0, 0
L -260.0, -290.0, -1.0, -262.0, -297.0, 0.0, 0, 0, 0
L -262.0, -297.0, 0.0, -282.0, -288.0, 0.0, 0, 0, 0
L -282.0, -288.0, 0.0, -280.0, -282.0, -1.0, 0, 0, 0
L -247.0, -287.0, -1.0, -250.0, -285.0, -1.0, 0, 0, 0
L -250.0, -285.0, -1.0, -235.0, -271.0, -3.0, 0, 0, 0
L -235.0, -271.0, -3.0, -232.0, -274.0, -3.0, 0, 0, 0
L -232.0, -274.0, -3.0, -247.0, -287.0, -1.0, 0, 0, 0
L -288.0, -221.0, -5.0, -291.0, -215.0, -4.0, 0, 0, 0
L -291.0, -215.0, -4.0, -284.0, -211.0, -6.0, 0, 0, 0
L -284.0, -211.0, -6.0, -280.0, -218.0, -7.0, 0, 0, 0
L -280.0, -218.0, -7.0, -288.0, -221.0, -5.0, 0, 0, 0
L -381.0, -118.0, 11.0, -384.0, -110.0, 14.0, 0, 0, 0
L -384.0, -110.0, 14.0, -361.0, -100.0, 8.0, 0, 0, 0
L -361.0, -100.0, 8.0, -358.0, -109.0, 6.0, 0, 0, 0
L -358.0, -109.0, 6.0, -381.0, -118.0, 11.0, 0, 0, 0
L -316.0, -119.0, -1.0, -310.0, -114.0, -2.0, 0, 0, 0
L -310.0, -114.0, -2.0, -305.0, -121.0, -3.0, 0, 0, 0
L -305.0, -121.0, -3.0, -312.0, -125.0, -2.0, 0, 0, 0
L -312.0, -125.0, -2.0, -316.0, -119.0, -1.0, 0, 0, 0
L -245.0, -180.0, -18.0, -238.0, -178.0, -19.0, 0, 0, 0
L -238.0, -178.0, -19.0, -237.0, -186.0, -18.0, 0, 0, 0
L -210.0, -211.0, -18.0, -205.0, -213.0, -18.0, 0, 0, 0
L -205.0, -213.0, -18.0, -216.0, -228.0, -13.0, 0, 0, 0
L -216.0, -228.0, -13.0, -219.0, -225.0, -14.0, 0, 0, 0
L -219.0, -225.0, -14.0, -210.0, -211.0, -18.0, 0, 0, 0
L -160.0, -266.0, -1.0, -141.0, -266.0, 1.0, 0, 0, 0
L -141.0, -266.0, 1.0, -141.0, -271.0, 1.0, 0, 0, 0
L -141.0, -271.0, 1.0, -160.0, -271.0, 0.0, 0, 0, 0
L -160.0, -271.0, 0.0, -160.0, -266.0, -1.0, 0, 0, 0
L -84.0, -328.0, 11.0, -88.0, -328.0, 11.0, 0, 0, 0
L -84.0, -328.0, 11.0, -87.0, -338.0, 10.0, 0, 0, 0
L -87.0, -338.0, 10.0, -88.0, -328.0, 11.0, 0, 0, 0
L -90.0, -391.0, -1.0, -74.0, -396.0, 0.0, 0, 0, 0
L -74.0, -396.0, 0.0, -75.0, -401.0, 0.0, 0, 0, 0
L -75.0, -401.0, 0.0, -92.0, -397.0, -2.0, 0, 0, 0
L -92.0, -397.0, -2.0, -90.0, -391.0, -1.0, 0, 0, 0
L 11.0, -167.0, -12.0, 6.0, -171.0, -14.0, 0, 0, 0
L -27.0, -361.0, 12.0, -9.0, -369.0, 12.0, 0, 0, 0
L -9.0, -369.0, 12.0, -11.0, -373.0, 11.0, 0, 0, 0
L -11.0, -373.0, 11.0, -28.0, -365.0, 12.0, 0, 0, 0
L -16.0, -307.0, 11.0, -7.0, -297.0, 7.0, 0, 0, 0
L -7.0, -297.0, 7.0, -2.0, -301.0, 8.0, 0, 0, 0
L -2.0, -301.0, 8.0, -13.0, -310.0, 11.0, 0, 0, 0
L -13.0, -310.0, 11.0, -16.0, -307.0, 11.0, 0, 0, 0
L -65.0, -262.0, 3.0, -82.0, -248.0, 2.0, 0, 0, 0
L -82.0, -248.0, 2.0, -69.0, -231.0, -2.0, 0, 0, 0
L -69.0, -231.0, -2.0, -51.0, -245.0, -1.0, 0, 0, 0
L -51.0, -245.0, -1.0, -65.0, -262.0, 3.0, 0, 0, 0
L -308.0, -69.0, 0.0, -311.0, -61.0, 2.0, 0, 0, 0
L -311.0, -61.0, 2.0, -304.0, -58.0, 1.0, 0, 0, 0
L -304.0, -58.0, 1.0, -301.0, -66.0, 0.0, 0, 0, 0
L -301.0, -66.0, 0.0, -308.0, -69.0, 0.0, 0, 0, 0
L -155.0, 205.0, 9.0, -156.0, 213.0, 10.0, 0, 0, 0
L -156.0, 213.0, 10.0, -137.0, 215.0, 16.0, 0, 0, 0
L -137.0, 215.0, 16.0, -138.0, 208.0, 16.0, 0, 0, 0
L -138.0, 208.0, 16.0, -155.0, 205.0, 9.0, 0, 0, 0
L -215.0, 60.0, 4.0, -212.0, 54.0, 4.0, 0, 0, 0
L -212.0, 54.0, 4.0, -229.0, 45.0, 2.0, 0, 0, 0
L -229.0, 45.0, 2.0, -231.0, 50.0, 2.0, 0, 0, 0
L -231.0, 50.0, 2.0, -215.0, 60.0, 4.0, 0, 0, 0
L -240.0, -12.0, 0.0, -232.0, -14.0, 0.0, 0, 0, 0
L -232.0, -14.0, 0.0, -234.0, -22.0, 0.0, 0, 0, 0
L -234.0, -22.0, 0.0, -242.0, -19.0, 0.0, 0, 0, 0
L -242.0, -19.0, 0.0, -240.0, -12.0, 0.0, 0, 0, 0
L -214.0, -40.0, -3.0, -208.0, -45.0, -4.0, 0, 0, 0
L -208.0, -45.0, -4.0, -213.0, -51.0, -4.0, 0, 0, 0
L -213.0, -51.0, -4.0, -219.0, -47.0, -3.0, 0, 0, 0
L -219.0, -47.0, -3.0, -214.0, -40.0, -3.0, 0, 0, 0
L -188.0, -79.0, -11.0, -180.0, -77.0, -10.0, 0, 0, 0
L -180.0, -77.0, -10.0, -178.0, -84.0, -12.0, 0, 0, 0
L -178.0, -84.0, -12.0, -185.0, -86.0, -13.0, 0, 0, 0
L -185.0, -86.0, -13.0, -188.0, -79.0, -11.0, 0, 0, 0
L -146.0, -146.0, -17.0, -108.0, -146.0, -9.0, 0, 0, 0
L -108.0, -146.0, -9.0, -109.0, -153.0, -10.0, 0, 0, 0
L -109.0, -153.0, -10.0, -145.0, -154.0, -18.0, 0, 0, 0
L -145.0, -154.0, -18.0, -146.0, -146.0, -18.0, 0, 0, 0
L -99.0, -162.0, -9.0, -90.0, -163.0, -9.0, 0, 0, 0
L -90.0, -163.0, -9.0, -90.0, -188.0, -7.0, 0, 0, 0
L -90.0, -188.0, -7.0, -99.0, -188.0, -7.0, 0, 0, 0
L -99.0, -188.0, -7.0, -99.0, -162.0, -9.0, 0, 0, 0
L -122.0, -56.0, 0.0, -74.0, -96.0, -2.0, 0, 0, 0
L -74.0, -96.0, -2.0, -69.0, -90.0, -1.0, 0, 0, 0
L -69.0, -90.0, -1.0, -118.0, -53.0, 5.0, 0, 0, 0
L -118.0, -53.0, 5.0, -122.0, -56.0, 0.0, 0, 0, 0
L -65.0, -56.0, 0.0, -59.0, -50.0, 1.0, 0, 0, 0
L -59.0, -50.0, 1.0, -48.0, -64.0, 0.0, 0, 0, 0
L -48.0, -64.0, 0.0, -54.0, -68.0, 0.0, 0, 0, 0
L -54.0, -68.0, 0.0, -65.0, -56.0, 0.0, 0, 0, 0
L 11.0, -167.0, -12.0, 49.0, -217.0, -12.0, 0, 0, 0
L 49.0, -217.0, -12.0, 42.0, -221.0, -12.0, 0, 0, 0
L 42.0, -221.0, -12.0, 6.0, -172.0, -14.0, 0, 0, 0
L 21.0, -49.0, 0.0, 28.0, -46.0, 0.0, 0, 0, 0
L 28.0, -46.0, 0.0, 25.0, -15.0, 1.0, 0, 0, 0
L 25.0, -15.0, 1.0, -6.0, -16.0, 0.0, 0, 0, 0
L -6.0, -16.0, 0.0, -15.0, -18.0, 0.0, 0, 0, 0
L -15.0, -18.0, 0.0, -15.0, -9.0, 1.0, 0, 0, 0
L -15.0, -9.0, 1.0, -7.0, -10.0, 0.0, 0, 0, 0
L -7.0, -10.0, 0.0, 12.0, -9.0, 0.0, 0, 0, 0
L 12.0, -9.0, 0.0, 24.0, -7.0, 1.0, 0, 0, 0
L 24.0, -7.0, 1.0, 31.0, -6.0, 2.0, 0, 0, 0
L 31.0, -6.0, 2.0, 31.0, -15.0, 1.0, 0, 0, 0
L 31.0, -15.0, 1.0, 33.0, -36.0, 1.0, 0, 0, 0
L 33.0, -36.0, 1.0, 34.0, -46.0, 0.0, 0, 0, 0
L 34.0, -46.0, 0.0, 35.0, -54.0, 0.0, 0, 0, 0
L 35.0, -54.0, 0.0, 27.0, -54.0, 0.0, 0, 0, 0
L 27.0, -54.0, 0.0, -2.0, -57.0, 0.0, 0, 0, 0
L -2.0, -57.0, 0.0, -12.0, -58.0, 0.0, 0, 0, 0
L -12.0, -58.0, 0.0, -12.0, -50.0, 0.0, 0, 0, 0
L -12.0, -50.0, 0.0, -4.0, -51.0, 0.0, 0, 0, 0
L -4.0, -51.0, 0.0, 21.0, -49.0, 0.0, 0, 0, 0
L 0.0, -39.0, 0.0, -1.0, -26.0, 0.0, 0, 0, 0
L -1.0, -26.0, 0.0, 19.0, -25.0, 1.0, 0, 0, 0
L 19.0, -25.0, 1.0, 20.0, -38.0, 1.0, 0, 0, 0
L 20.0, -38.0, 1.0, 0.0, -39.0, 0.0, 0, 0, 0
L 49.0, 52.0, 4.0, 42.0, 60.0, 4.0, 0, 0, 0
L 42.0, 60.0, 4.0, 47.0, 65.0, 4.0, 0, 0, 0
L 47.0, 65.0, 4.0, 54.0, 57.0, 5.0, 0, 0, 0
L 54.0, 57.0, 5.0, 49.0, 52.0, 4.0, 0, 0, 0
L 48.0, 68.0, 4.0, 43.0, 70.0, 3.0, 0, 0, 0
L 43.0, 70.0, 3.0, 45.0, 76.0, 3.0, 0, 0, 0
L 45.0, 76.0, 3.0, 50.0, 74.0, 3.0, 0, 0, 0
L 50.0, 74.0, 3.0, 48.0, 68.0, 4.0, 0, 0, 0
L 59.0, 83.0, 5.0, 64.0, 84.0, 5.0, 0, 0, 0
L 64.0, 84.0, 5.0, 68.0, 75.0, 7.0, 0, 0, 0
L 68.0, 75.0, 7.0, 63.0, 73.0, 6.0, 0, 0, 0
L 63.0, 73.0, 6.0, 59.0, 83.0, 5.0, 0, 0, 0
L -7.0, 72.0, 12.0, 0.0, 62.0, 7.0, 0, 0, 0
L 0.0, 62.0, 7.0, -3.0, 59.0, 9.0, 0, 0, 0
L -3.0, 59.0, 9.0, -11.0, 69.0, 14.0, 0, 0, 0
L -11.0, 69.0, 14.0, -7.0, 72.0, 12.0, 0, 0, 0
L -19.0, 137.0, 11.0, -34.0, 138.0, 15.0, 0, 0, 0
L -34.0, 138.0, 15.0, -34.0, 144.0, 14.0, 0, 0, 0
L -34.0, 144.0, 14.0, -19.0, 142.0, 10.0, 0, 0, 0
L -19.0, 142.0, 10.0, -19.0, 137.0, 11.0, 0, 0, 0
L -17.0, 337.0, -5.0, -10.0, 340.0, -6.0, 0, 0, 0
L -10.0, 340.0, -6.0, -3.0, 320.0, -7.0, 0, 0, 0
L -3.0, 320.0, -7.0, -9.0, 317.0, -5.0, 0, 0, 0
L -9.0, 317.0, -5.0, -17.0, 337.0, -5.0, 0, 0, 0
L 93.0, 326.0, -5.0, 99.0, 327.0, -3.0, 0, 0, 0
L 99.0, 327.0, -3.0, 100.0, 304.0, -7.0, 0, 0, 0
L 100.0, 304.0, -7.0, 92.0, 304.0, -9.0, 0, 0, 0
L 92.0, 304.0, -9.0, 93.0, 326.0, -5.0, 0, 0, 0
L 35.0, 258.0, -11.0, 37.0, 253.0, -10.0, 0, 0, 0
L 37.0, 253.0, -10.0, 4.0, 233.0, -1.0, 0, 0, 0
L 4.0, 233.0, -1.0, 1.0, 240.0, -1.0, 0, 0, 0
L 1.0, 240.0, -1.0, 35.0, 258.0, -11.0, 0, 0, 0
L 77.0, 176.0, 0.0, 65.0, 147.0, 0.0, 0, 0, 0
L 65.0, 147.0, 0.0, 61.0, 140.0, 0.0, 0, 0, 0
L 61.0, 140.0, 0.0, 69.0, 137.0, 1.0, 0, 0, 0
L 69.0, 137.0, 1.0, 71.0, 145.0, 1.0, 0, 0, 0
L 71.0, 145.0, 1.0, 82.0, 174.0, 0.0, 0, 0, 0
L 82.0, 174.0, 0.0, 86.0, 181.0, 0.0, 0, 0, 0
L 86.0, 181.0, 0.0, 77.0, 184.0, 0.0, 0, 0, 0
L 77.0, 184.0, 0.0, 48.0, 195.0, 0.0, 0, 0, 0
L 48.0, 195.0, 0.0, 41.0, 199.0, -1.0, 0, 0, 0
L 41.0, 199.0, -1.0, 38.0, 191.0, 0.0, 0, 0, 0
L 38.0, 191.0, 0.0, 27.0, 162.0, 2.0, 0, 0, 0
L 27.0, 162.0, 2.0, 24.0, 154.0, 2.0, 0, 0, 0
L 24.0, 154.0, 2.0, 31.0, 151.0, 1.0, 0, 0, 0
L 31.0, 151.0, 1.0, 33.0, 159.0, 1.0, 0, 0, 0
L 33.0, 159.0, 1.0, 44.0, 189.0, 0.0, 0, 0, 0
L 44.0, 189.0, 0.0, 77.0, 176.0, 0.0, 0, 0, 0
L 64.0, 176.0, 0.0, 57.0, 156.0, 0.0, 0, 0, 0
L 57.0, 156.0, 0.0, 45.0, 160.0, 0.0, 0, 0, 0
L 45.0, 160.0, 0.0, 53.0, 180.0, 0.0, 0, 0, 0
L 53.0, 180.0, 0.0, 64.0, 176.0, 0.0, 0, 0, 0
L 482.0, 94.0, -32.0, 483.0, 126.0, -32.0, 0, 0, 0
L 483.0, 126.0, -32.0, 485.0, 133.0, -32.0, 0, 0, 0
L 485.0, 133.0, -32.0, 477.0, 135.0, -31.0, 0, 0, 0
L 477.0, 135.0, -31.0, 477.0, 126.0, -31.0, 0, 0, 0
L 477.0, 126.0, -31.0, 476.0, 94.0, -33.0, 0, 0, 0
L 476.0, 94.0, -33.0, 476.0, 85.0, -32.0, 0, 0, 0
L 476.0, 85.0, -32.0, 484.0, 87.0, -34.0, 0, 0, 0
L 484.0, 87.0, -34.0, 515.0, 86.0, -33.0, 0, 0, 0
L 515.0, 86.0, -33.0, 524.0, 85.0, -32.0, 0, 0, 0
L 524.0, 85.0, -32.0, 523.0, 93.0, -33.0, 0, 0, 0
L 523.0, 93.0, -33.0, 523.0, 125.0, -31.0, 0, 0, 0
L 523.0, 125.0, -31.0, 524.0, 133.0, -30.0, 0, 0, 0
L 524.0, 133.0, -30.0, 517.0, 133.0, -32.0, 0, 0, 0
L 517.0, 133.0, -32.0, 518.0, 125.0, -32.0, 0, 0, 0
L 518.0, 125.0, -32.0, 517.0, 94.0, -34.0, 0, 0, 0
L 517.0, 94.0, -34.0, 482.0, 94.0, -34.0, 0, 0, 0
L 493.0, 98.0, -34.0, 494.0, 120.0, -34.0, 0, 0, 0
L 494.0, 120.0, -34.0, 507.0, 120.0, -34.0, 0, 0, 0
L 507.0, 120.0, -34.0, 506.0, 99.0, -36.0, 0, 0, 0
L 506.0, 99.0, -36.0, 494.0, 99.0, -36.0, 0, 0, 0
L 140.0, 247.0, 0.0, 132.0, 238.0, 0.0, 0, 0, 0
L 132.0, 238.0, 0.0, 121.0, 247.0, 0.0, 0, 0, 0
L 121.0, 247.0, 0.0, 132.0, 256.0, 0.0, 0, 0, 0
L 132.0, 256.0, 0.0, 140.0, 247.0, 0.0, 0, 0, 0
L 199.0, 173.0, 1.0, 207.0, 170.0, 2.0, 0, 0, 0
L 207.0, 170.0, 2.0, 203.0, 163.0, 2.0, 0, 0, 0
L 203.0, 163.0, 2.0, 196.0, 166.0, 1.0, 0, 0, 0
L 196.0, 166.0, 1.0, 199.0, 173.0, 1.0, 0, 0, 0
L 245.0, 192.0, 4.0, 244.0, 198.0, 6.0, 0, 0, 0
L 244.0, 198.0, 6.0, 252.0, 201.0, 7.0, 0, 0, 0
L 252.0, 201.0, 7.0, 253.0, 192.0, 5.0, 0, 0, 0
L 253.0, 192.0, 5.0, 245.0, 192.0, 4.0, 0, 0, 0
L 331.0, 225.0, 16.0, 309.0, 276.0, 29.0, 0, 0, 0
L 309.0, 276.0, 30.0, 314.0, 279.0, 30.0, 0, 0, 0
L 314.0, 279.0, 30.0, 337.0, 227.0, 16.0, 0, 0, 0
L 337.0, 227.0, 16.0, 331.0, 225.0, 16.0, 0, 0, 0
L 399.0, 280.0, 16.0, 406.0, 282.0, 17.0, 0, 0, 0
L 406.0, 282.0, 17.0, 408.0, 275.0, 16.0, 0, 0, 0
L 408.0, 275.0, 16.0, 402.0, 272.0, 14.0, 0, 0, 0
L 402.0, 272.0, 14.0, 399.0, 280.0, 16.0, 0, 0, 0
L 423.0, 225.0, 7.0, 440.0, 232.0, 11.0, 0, 0, 0
L 440.0, 232.0, 11.0, 445.0, 227.0, 8.0, 0, 0, 0
L 445.0, 227.0, 8.0, 426.0, 218.0, 6.0, 0, 0, 0
L 426.0, 218.0, 6.0, 423.0, 225.0, 7.0, 0, 0, 0
L 457.0, 268.0, 21.0, 454.0, 271.0, 21.0, 0, 0, 0
L 454.0, 271.0, 21.0, 463.0, 279.0, 24.0, 0, 0, 0
L 463.0, 279.0, 24.0, 467.0, 275.0, 24.0, 0, 0, 0
L 467.0, 275.0, 24.0, 457.0, 268.0, 21.0, 0, 0, 0
L 471.0, 298.0, 27.0, 466.0, 297.0, 26.0, 0, 0, 0
L 466.0, 297.0, 26.0, 466.0, 309.0, 25.0, 0, 0, 0
L 466.0, 309.0, 25.0, 471.0, 309.0, 26.0, 0, 0, 0
L 471.0, 309.0, 26.0, 471.0, 298.0, 27.0, 0, 0, 0
L -657.0, -183.0, 1.0, -657.0, -179.0, 1.0, 0, 0, 0
L -665.0, -6.0, 0.0, -665.0, 13.0, 0.0, 0, 0, 0
L -665.0, 13.0, 0.0, -665.0, 106.0, 0.0, 0, 0, 0
L -665.0, -24.0, 0.0, -665.0, -6.0, 0.0, 0, 0, 0
L -665.0, -24.0, 0.0, -683.0, -24.0, 0.0, 0, 0, 0
L -743.0, 395.0, 0.0, -684.0, 395.0, 0.0, 0, 0, 0
L -684.0, 395.0, 0.0, -684.0, 372.0, 0.0, 0, 0, 0
L -665.0, 281.0, 0.0, -665.0, 409.0, 0.0, 0, 0, 0
L -766.0, 372.0, 0.0, -684.0, 372.0, 0.0, 0, 0, 0
L -684.0, 372.0, 0.0, -684.0, 283.0, 0.0, 0, 0, 0
L -686.0, 409.0, 0.0, -684.0, 395.0, 0.0, 0, 0, 0
L -684.0, 409.0, 0.0, -664.0, 409.0, 0.0, 0, 0, 0
L -664.0, 474.0, 0.0, -664.0, 409.0, 0.0, 0, 0, 0
L -436.0, -767.0, 203.0, -372.0, -767.0, 203.0, 102, 255, 102
L -436.0, -842.0, 203.0, -436.0, -767.0, 203.0, 102, 255, 102
L -372.0, -842.0, 203.0, -436.0, -842.0, 203.0, 102, 255, 102
L -344.0, -741.0, 203.0, -464.0, -741.0, 203.0, 102, 255, 102
L -464.0, -865.0, 203.0, -464.0, -741.0, 203.0, 102, 255, 102
L -263.0, -917.0, 0.0, -251.0, -917.0, 0.0, 150, 150, 150
L -251.0, -917.0, 0.0, -251.0, -961.0, 0.0, 150, 150, 150
L -269.0, -828.0, 0.0, -269.0, -819.0, 0.0, 150, 150, 150
L -263.0, -786.0, 0.0, -263.0, -788.0, 0.0, 150, 150, 150
L -532.0, -547.0, 0.0, -568.0, -547.0, 0.0, 0, 0, 0
L -568.0, -547.0, 0.0, -568.0, -511.0, 0.0, 0, 0, 0
L -568.0, -511.0, 0.0, -532.0, -511.0, 0.0, 0, 0, 0
L -532.0, -547.0, 0.0, -532.0, -512.0, 0.0, 0, 0, 0
L -532.0, -512.0, 0.0, -532.0, -511.0, 0.0, 0, 0, 0
L -627.0, -1026.0, 0.0, -627.0, -1061.0, 0.0, 0, 0, 0
L -627.0, -1026.0, 0.0, -663.0, -1026.0, 0.0, 0, 0, 0
L -207.0, -1084.0, 0.0, -243.0, -1084.0, 0.0, 0, 0, 0
L -207.0, -1084.0, 0.0, -207.0, -1049.0, 0.0, 0, 0, 0
L -243.0, -1049.0, 0.0, -207.0, -1049.0, 0.0, 0, 0, 0
L -183.0, -693.0, 0.0, -183.0, -728.0, 0.0, 0, 0, 0
L -183.0, -728.0, 0.0, -148.0, -728.0, 0.0, 0, 0, 0
L -148.0, -728.0, 0.0, -148.0, -693.0, 0.0, 0, 0, 0
L -126.0, 72.0, 39.0, -70.0, 71.0, 39.0, 0, 0, 0
L -68.0, 14.0, 39.0, -126.0, 14.0, 39.0, 0, 0, 0
L -126.0, 14.0, 39.0, -126.0, 72.0, 39.0, 0, 0, 0
L -70.0, 71.0, 39.0, -68.0, 14.0, 39.0, 0, 0, 0
L -217.0, -125.0, -20.0, -212.0, -136.0, -20.0, 0, 0, 0
L -212.0, -136.0, -20.0, -223.0, -142.0, -20.0, 0, 0, 0
L -223.0, -142.0, -20.0, -229.0, -132.0, -20.0, 0, 0, 0
L -229.0, -132.0, -20.0, -217.0, -125.0, -20.0, 0, 0, 0
L -359.0, -226.0, 0.0, -366.0, -227.0, 0.0, 0, 0, 0
L -366.0, -227.0, 0.0, -367.0, -205.0, 0.0, 0, 0, 0
L -360.0, -204.0, 0.0, -359.0, -226.0, 0.0, 0, 0, 0
L -367.0, -205.0, 0.0, -360.0, -204.0, 0.0, 0, 0, 0
L -292.0, -265.0, -2.0, -284.0, -264.0, -2.0, 0, 0, 0
L -284.0, -264.0, -2.0, -284.0, -272.0, -2.0, 0, 0, 0
L -284.0, -272.0, -2.0, -292.0, -272.0, -2.0, 0, 0, 0
L -292.0, -272.0, -2.0, -292.0, -265.0, -2.0, 0, 0, 0
L -164.0, -166.0, -19.0, -164.0, -188.0, -19.0, 0, 0, 0
L -164.0, -188.0, -19.0, -172.0, -188.0, -19.0, 0, 0, 0
L -164.0, -166.0, -19.0, -171.0, -166.0, -19.0, 0, 0, 0
L -171.0, -166.0, -19.0, -172.0, -166.0, -19.0, 0, 0, 0
L -172.0, -188.0, -19.0, -172.0, -167.0, -19.0, 0, 0, 0
L -172.0, -167.0, -19.0, -172.0, -166.0, -19.0, 0, 0, 0
L -237.0, -186.0, -18.0, -244.0, -186.0, -18.0, 0, 0, 0
L -244.0, -186.0, -18.0, -245.0, -180.0, -18.0, 0, 0, 0
L -28.0, -365.0, 12.0, -27.0, -361.0, 12.0, 0, 0, 0
L -1050.0, 835.0, 0.0, -1041.0, 808.0, 0.0, 150, 150, 150
L -1019.0, 831.0, 0.0, -1050.0, 835.0, 0.0, 150, 150, 150
L -1024.0, 808.0, 0.0, -1019.0, 831.0, 0.0, 150, 150, 150
L -1051.0, 791.0, 0.0, -1051.0, 801.0, 0.0, 199, 21, 133
L -1061.0, 808.0, 0.0, -1061.0, 785.0, 0.0, 150, 150, 150
L -1061.0, 808.0, 0.0, -1041.0, 808.0, 0.0, 150, 150, 150
L -1024.0, 808.0, 0.0, -1006.0, 808.0, 0.0, 150, 150, 150
L -1006.0, 808.0, 0.0, -1006.0, 785.0, 0.0, 150, 150, 150
L -1061.0, 785.0, 0.0, -1006.0, 785.0, 0.0, 150, 150, 150
L -1051.0, 801.0, 0.0, -1015.0, 801.0, 0.0, 199, 21, 133
L -1051.0, 791.0, 0.0, -1015.0, 791.0, 0.0, 199, 21, 133
L -1015.0, 801.0, 0.0, -1015.0, 791.0, 0.0, 199, 21, 133
L -938.0, 1023.0, 3.0, -949.0, 1005.0, 3.0, 0, 0, 0
L -949.0, 1029.0, 3.0, -938.0, 1023.0, 3.0, 0, 0, 0
L -980.0, 1010.0, 3.0, -942.0, 985.0, 3.0, 0, 0, 0
L -950.0, 1045.0, 3.0, -956.0, 1050.0, 3.0, 0, 0, 0
L -943.0, 995.0, 3.0, -970.0, 1012.0, 3.0, 0, 0, 0
L -949.0, 1005.0, 3.0, -959.0, 1011.0, 3.0, 0, 0, 0
L -959.0, 1011.0, 3.0, -949.0, 1029.0, 3.0, 0, 0, 0
L -950.0, 1045.0, 3.0, -970.0, 1012.0, 3.0, 0, 0, 0
L -943.0, 995.0, 3.0, -921.0, 1027.0, 3.0, 0, 0, 0
L -980.0, 1010.0, 3.0, -956.0, 1050.0, 3.0, 0, 0, 0
L -942.0, 985.0, 3.0, -916.0, 1024.0, 3.0, 0, 0, 0
L -916.0, 1024.0, 3.0, -921.0, 1027.0, 3.0, 0, 0, 0
L -372.0, -767.0, 203.0, -372.0, -796.0, 203.0, 102, 255, 102
L -367.0, -812.0, 203.0, -372.0, -812.0, 203.0, 102, 255, 102
L -372.0, -812.0, 203.0, -372.0, -842.0, 203.0, 102, 255, 102
L -367.0, -796.0, 203.0, -372.0, -796.0, 203.0, 102, 255, 102
L -331.0, -889.0, 106.0, -309.0, -889.0, 106.0, 0, 204, 204
L -391.0, -768.0, 106.0, -372.0, -767.0, 106.0, 0, 204, 204
L -278.0, -676.0, 106.0, -278.0, -788.0, 106.0, 0, 204, 204
L -321.0, -872.0, 106.0, -321.0, -848.0, 106.0, 0, 204, 204
L -331.0, -789.0, 106.0, -312.0, -760.0, 106.0, 0, 204, 204
L -410.0, -768.0, 106.0, -409.0, -792.0, 106.0, 0, 204, 204
L -399.0, -848.0, 106.0, -422.0, -848.0, 106.0, 0, 204, 204
L -348.0, -780.0, 106.0, -349.0, -811.0, 106.0, 0, 204, 204
L -428.0, -731.0, 106.0, -428.0, -768.0, 106.0, 0, 204, 204
L -358.0, -758.0, 106.0, -329.0, -759.0, 106.0, 0, 204, 204
L -399.0, -882.0, 106.0, -408.0, -882.0, 106.0, 0, 204, 204
L -409.0, -792.0, 106.0, -450.0, -792.0, 106.0, 0, 204, 204
L -479.0, -789.0, 106.0, -479.0, -811.0, 106.0, 0, 204, 204
L -452.0, -702.0, 106.0, -508.0, -702.0, 106.0, 0, 204, 204
L -482.0, -908.0, 106.0, -482.0, -861.0, 106.0, 0, 204, 204
L -309.0, -811.0, 106.0, -331.0, -811.0, 106.0, 0, 204, 204
L -348.0, -872.0, 106.0, -348.0, -848.0, 106.0, 0, 204, 204
L -518.0, -788.0, 106.0, -479.0, -789.0, 106.0, 0, 204, 204
L -312.0, -722.0, 106.0, -358.0, -722.0, 106.0, 0, 204, 204
L -331.0, -889.0, 106.0, -331.0, -918.0, 106.0, 0, 204, 204
L -533.0, -932.0, 106.0, -278.0, -931.0, 106.0, 0, 204, 204
L -407.0, -722.0, 106.0, -428.0, -731.0, 106.0, 0, 204, 204
L -358.0, -722.0, 106.0, -358.0, -758.0, 106.0, 0, 204, 204
L -508.0, -740.0, 106.0, -518.0, -750.0, 106.0, 0, 204, 204
L -419.0, -809.0, 106.0, -419.0, -831.0, 106.0, 0, 204, 204
L -348.0, -848.0, 106.0, -380.0, -848.0, 106.0, 0, 204, 204
L -372.0, -722.0, 106.0, -407.0, -722.0, 106.0, 0, 204, 204
L -349.0, -811.0, 106.0, -391.0, -811.0, 106.0, 0, 204, 204
L -419.0, -831.0, 106.0, -438.0, -832.0, 106.0, 0, 204, 204
L -329.0, -759.0, 106.0, -348.0, -780.0, 106.0, 0, 204, 204
L -348.0, -872.0, 106.0, -358.0, -872.0, 106.0, 0, 204, 204
L -372.0, -882.0, 106.0, -380.0, -882.0, 106.0, 0, 204, 204
L -399.0, -848.0, 106.0, -399.0, -882.0, 106.0, 0, 204, 204
L -278.0, -908.0, 106.0, -309.0, -908.0, 106.0, 0, 204, 204
L -292.0, -889.0, 106.0, -278.0, -889.0, 106.0, 0, 204, 204
L -358.0, -918.0, 106.0, -331.0, -918.0, 106.0, 0, 204, 204
L -441.0, -918.0, 106.0, -422.0, -899.0, 106.0, 0, 204, 204
L -292.0, -848.0, 106.0, -321.0, -848.0, 106.0, 0, 204, 204
L -312.0, -760.0, 106.0, -312.0, -722.0, 106.0, 0, 204, 204
L -309.0, -889.0, 106.0, -309.0, -908.0, 106.0, 0, 204, 204
L -331.0, -811.0, 106.0, -331.0, -789.0, 106.0, 0, 204, 204
L -278.0, -908.0, 106.0, -278.0, -931.0, 106.0, 0, 204, 204
L -479.0, -811.0, 106.0, -518.0, -812.0, 106.0, 0, 204, 204
L -292.0, -872.0, 106.0, -321.0, -872.0, 106.0, 0, 204, 204
L -508.0, -702.0, 106.0, -508.0, -740.0, 106.0, 0, 204, 204
L -468.0, -862.0, 106.0, -468.0, -918.0, 106.0, 0, 204, 204
L -278.0, -676.0, 106.0, -533.0, -676.0, 106.0, 0, 204, 204
L -408.0, -918.0, 106.0, -372.0, -918.0, 106.0, 0, 204, 204
L -358.0, -872.0, 106.0, -358.0, -918.0, 106.0, 0, 204, 204
L -292.0, -889.0, 106.0, -292.0, -872.0, 106.0, 0, 204, 204
L -422.0, -899.0, 106.0, -422.0, -848.0, 106.0, 0, 204, 204
L -438.0, -832.0, 106.0, -439.0, -861.0, 106.0, 0, 204, 204
L -408.0, -882.0, 106.0, -408.0, -918.0, 106.0, 0, 204, 204
L -308.0, -782.0, 106.0, -309.0, -811.0, 106.0, 0, 204, 204
L -451.0, -809.0, 106.0, -419.0, -809.0, 106.0, 0, 204, 204
L -518.0, -750.0, 106.0, -518.0, -788.0, 106.0, 0, 204, 204
L -428.0, -768.0, 106.0, -410.0, -768.0, 106.0, 0, 204, 204
L -391.0, -811.0, 106.0, -391.0, -768.0, 106.0, 0, 204, 204
L -468.0, -918.0, 106.0, -441.0, -918.0, 106.0, 0, 204, 204
L -380.0, -882.0, 106.0, -380.0, -848.0, 106.0, 0, 204, 204
L -372.0, -767.0, 106.0, -372.0, -722.0, 106.0, 0, 204, 204
L -533.0, -676.0, 106.0, -533.0, -932.0, 106.0, 0, 204, 204
L -482.0, -861.0, 106.0, -451.0, -809.0, 106.0, 0, 204, 204
L -372.0, -918.0, 106.0, -372.0, -882.0, 106.0, 0, 204, 204
L -518.0, -908.0, 106.0, -482.0, -908.0, 106.0, 0, 204, 204
L -292.0, -848.0, 106.0, -292.0, -782.0, 106.0, 0, 204, 204
L -439.0, -861.0, 106.0, -468.0, -862.0, 106.0, 0, 204, 204
L -518.0, -812.0, 106.0, -518.0, -908.0, 106.0, 0, 204, 204
L -292.0, -782.0, 106.0, -308.0, -782.0, 106.0, 0, 204, 204
L -450.0, -792.0, 106.0, -452.0, -702.0, 106.0, 0, 204, 204
L -490.0, -722.0, 138.0, -499.0, -722.0, 138.0, 0, 204, 0
L -491.0, -738.0, 138.0, -499.0, -738.0, 138.0, 0, 204, 0
L -499.0, -722.0, 138.0, -499.0, -710.0, 138.0, 0, 204, 0
L -449.0, -818.0, 138.0, -488.0, -818.0, 138.0, 0, 204, 0
L -488.0, -854.0, 138.0, -471.0, -854.0, 138.0, 0, 204, 0
L -448.0, -870.0, 138.0, -449.0, -818.0, 138.0, 0, 204, 0
L -488.0, -818.0, 138.0, -488.0, -772.0, 138.0, 0, 204, 0
L -431.0, -779.0, 138.0, -432.0, -870.0, 138.0, 0, 204, 0
L -408.0, -858.0, 138.0, -409.0, -779.0, 138.0, 0, 204, 0
L -322.0, -722.0, 138.0, -322.0, -846.0, 138.0, 0, 204, 0
L -332.0, -888.0, 138.0, -488.0, -888.0, 138.0, 0, 204, 0
L -488.0, -888.0, 138.0, -488.0, -854.0, 138.0, 0, 204, 0
L -490.0, -722.0, 138.0, -451.0, -732.0, 138.0, 0, 204, 0
L -471.0, -870.0, 138.0, -471.0, -854.0, 138.0, 0, 204, 0
L -458.0, -750.0, 138.0, -491.0, -738.0, 138.0, 0, 204, 0
L -322.0, -846.0, 138.0, -331.0, -858.0, 138.0, 0, 204, 0
L -419.0, -761.0, 138.0, -418.0, -722.0, 138.0, 0, 204, 0
L -441.0, -761.0, 138.0, -419.0, -761.0, 138.0, 0, 204, 0
L -458.0, -771.0, 138.0, -458.0, -750.0, 138.0, 0, 204, 0
L -471.0, -870.0, 138.0, -448.0, -870.0, 138.0, 0, 204, 0
L -451.0, -732.0, 138.0, -441.0, -761.0, 138.0, 0, 204, 0
L -331.0, -858.0, 138.0, -408.0, -858.0, 138.0, 0, 204, 0
L -488.0, -772.0, 138.0, -458.0, -771.0, 138.0, 0, 204, 0
L -418.0, -722.0, 138.0, -322.0, -722.0, 138.0, 0, 204, 0
L -409.0, -779.0, 138.0, -431.0, -779.0, 138.0, 0, 204, 0
L -332.0, -888.0, 138.0, -332.0, -870.0, 138.0, 0, 204, 0
L -432.0, -870.0, 138.0, -332.0, -870.0, 138.0, 0, 204, 0
L -499.0, -710.0, 138.0, -311.0, -710.0, 138.0, 0, 204, 0
L -314.0, -898.0, 138.0, -500.0, -896.0, 138.0, 0, 204, 0
L -311.0, -710.0, 138.0, -312.0, -787.0, 138.0, 0, 204, 0
L -500.0, -896.0, 138.0, -499.0, -738.0, 138.0, 0, 204, 0
L -268.0, -818.0, 0.0, -269.0, -819.0, 0.0, 150, 150, 150
L -237.0, -818.0, 0.0, -268.0, -818.0, 0.0, 150, 150, 150
L -263.0, -788.0, 0.0, -268.0, -818.0, 0.0, 150, 150, 150
L -237.0, -788.0, 0.0, -263.0, -788.0, 0.0, 150, 150, 150
L -344.0, -818.0, 203.0, -344.0, -865.0, 203.0, 102, 255, 102
L -344.0, -788.0, 203.0, -344.0, -818.0, 203.0, 102, 255, 102
L -278.0, -818.0, 106.0, -278.0, -889.0, 106.0, 0, 204, 204
L -278.0, -788.0, 106.0, -278.0, -818.0, 106.0, 0, 204, 204
L -312.0, -817.0, 138.0, -314.0, -898.0, 138.0, 0, 204, 0
L -312.0, -787.0, 138.0, -312.0, -817.0, 138.0, 0, 204, 0
L -237.0, -788.0, 0.0, -237.0, -818.0, 0.0, 150, 150, 150
L -237.0, -788.0, 0.0, -242.0, -788.0, 13.0, 150, 150, 150
L -278.0, -818.0, 106.0, -272.0, -818.0, 92.0, 150, 150, 150
L -278.0, -788.0, 106.0, -295.0, -787.0, 122.0, 150, 150, 150
L -278.0, -818.0, 106.0, -286.0, -818.0, 114.0, 150, 150, 150
L -312.0, -817.0, 138.0, -316.0, -817.0, 146.0, 150, 150, 150
L -344.0, -788.0, 203.0, -340.0, -788.0, 194.0, 150, 150, 150
L -257.0, -788.0, 53.0, -262.0, -788.0, 66.0, 150, 150, 150
L -257.0, -818.0, 53.0, -252.0, -818.0, 39.0, 150, 150, 150
L -257.0, -788.0, 53.0, -257.0, -818.0, 53.0, 150, 150, 150
L -267.0, -788.0, 79.0, -272.0, -788.0, 92.0, 150, 150, 150
L -267.0, -818.0, 79.0, -262.0, -818.0, 66.0, 150, 150, 150
L -267.0, -788.0, 79.0, -267.0, -818.0, 79.0, 150, 150, 150
L -247.0, -818.0, 26.0, -242.0, -818.0, 13.0, 150, 150, 150
L -247.0, -788.0, 26.0, -252.0, -788.0, 39.0, 150, 150, 150
L -247.0, -818.0, 26.0, -247.0, -788.0, 26.0, 150, 150, 150
L -252.0, -818.0, 39.0, -247.0, -818.0, 26.0, 150, 150, 150
L -252.0, -788.0, 39.0, -257.0, -788.0, 53.0, 150, 150, 150
L -252.0, -818.0, 39.0, -252.0, -788.0, 39.0, 150, 150, 150
L -242.0, -818.0, 13.0, -237.0, -818.0, 0.0, 150, 150, 150
L -242.0, -788.0, 13.0, -247.0, -788.0, 26.0, 150, 150, 150
L -242.0, -818.0, 13.0, -242.0, -788.0, 13.0, 150, 150, 150
L -262.0, -818.0, 66.0, -257.0, -818.0, 53.0, 150, 150, 150
L -262.0, -788.0, 66.0, -267.0, -788.0, 79.0, 150, 150, 150
L -262.0, -818.0, 66.0, -262.0, -788.0, 66.0, 150, 150, 150
L -272.0, -818.0, 92.0, -267.0, -818.0, 79.0, 150, 150, 150
L -272.0, -788.0, 92.0, -278.0, -788.0, 106.0, 150, 150, 150
L -272.0, -818.0, 92.0, -272.0, -788.0, 92.0, 150, 150, 150
L -295.0, -817.0, 122.0, -304.0, -817.0, 130.0, 150, 150, 150
L -295.0, -787.0, 122.0, -303.0, -787.0, 130.0, 150, 150, 150
L -295.0, -817.0, 122.0, -295.0, -787.0, 122.0, 150, 150, 150
L -286.0, -818.0, 114.0, -295.0, -817.0, 122.0, 150, 150, 150
L -286.0, -818.0, 114.0, -286.0, -787.0, 114.0, 150, 150, 150
L -303.0, -787.0, 130.0, -312.0, -787.0, 138.0, 150, 150, 150
L -304.0, -817.0, 130.0, -312.0, -817.0, 138.0, 150, 150, 150
L -303.0, -787.0, 130.0, -304.0, -817.0, 130.0, 150, 150, 150
L -328.0, -817.0, 170.0, -332.0, -817.0, 178.0, 150, 150, 150
L -328.0, -787.0, 170.0, -324.0, -787.0, 162.0, 150, 150, 150
L -328.0, -817.0, 170.0, -328.0, -787.0, 170.0, 150, 150, 150
L -320.0, -817.0, 154.0, -324.0, -817.0, 162.0, 150, 150, 150
L -320.0, -787.0, 154.0, -316.0, -787.0, 146.0, 150, 150, 150
L -320.0, -817.0, 154.0, -320.0, -787.0, 154.0, 150, 150, 150
L -336.0, -818.0, 186.0, -340.0, -818.0, 194.0, 150, 150, 150
L -336.0, -788.0, 186.0, -332.0, -788.0, 178.0, 150, 150, 150
L -336.0, -818.0, 186.0, -336.0, -788.0, 186.0, 150, 150, 150
L -332.0, -817.0, 178.0, -336.0, -818.0, 186.0, 150, 150, 150
L -332.0, -788.0, 178.0, -328.0, -787.0, 170.0, 150, 150, 150
L -332.0, -817.0, 178.0, -332.0, -788.0, 178.0, 150, 150, 150
L -324.0, -817.0, 162.0, -328.0, -817.0, 170.0, 150, 150, 150
L -324.0, -787.0, 162.0, -320.0, -787.0, 154.0, 150, 150, 150
L -324.0, -817.0, 162.0, -324.0, -787.0, 162.0, 150, 150, 150
L -316.0, -817.0, 146.0, -320.0, -817.0, 154.0, 150, 150, 150
L -316.0, -787.0, 146.0, -312.0, -787.0, 138.0, 150, 150, 150
L -316.0, -817.0, 146.0, -316.0, -787.0, 146.0, 150, 150, 150
L -340.0, -818.0, 194.0, -344.0, -818.0, 203.0, 150, 150, 150
L -340.0, -788.0, 194.0, -336.0, -788.0, 186.0, 150, 150, 150
L -340.0, -818.0, 194.0, -340.0, -788.0, 194.0, 150, 150, 150
