L 541.0, -741.0, 0.0, 541.0, -750.0, 0.0, 255, 255, 0
L 535.0, -741.0, 0.0, 541.0, -741.0, 0.0, 255, 255, 0
L 530.0, -753.0, 0.0, 526.0, -753.0, 0.0, 0, 0, 0
L 545.0, -757.0, 0.0, 530.0, -757.0, 0.0, 0, 0, 0
L 545.0, -751.0, 0.0, 545.0, -757.0, 0.0, 0, 0, 0
L 609.0, -751.0, 0.0, 545.0, -751.0, 0.0, 0, 0, 0
L 609.0, -765.0, 0.0, 609.0, -754.0, 0.0, 0, 0, 0
L 573.0, -765.0, 0.0, 609.0, -765.0, 0.0, 0, 0, 0
L 573.0, -801.0, 0.0, 573.0, -765.0, 0.0, 0, 0, 0
L 621.0, -801.0, 0.0, 573.0, -801.0, 0.0, 0, 0, 0
L 621.0, -751.0, 0.0, 621.0, -754.0, 0.0, 0, 0, 0
L 636.0, -775.0, 0.0, 636.0, -751.0, 0.0, 0, 0, 0
L 683.0, -775.0, 0.0, 636.0, -775.0, 0.0, 0, 0, 0
L 683.0, -716.0, 0.0, 683.0, -775.0, 0.0, 0, 0, 0
L 636.0, -716.0, 0.0, 683.0, -716.0, 0.0, 0, 0, 0
L 636.0, -739.0, 0.0, 636.0, -716.0, 0.0, 0, 0, 0
L 609.0, -739.0, 0.0, 636.0, -739.0, 0.0, 0, 0, 0
L 609.0, -725.0, 0.0, 609.0, -736.0, 0.0, 0, 0, 0
L 621.0, -725.0, 0.0, 609.0, -725.0, 0.0, 0, 0, 0
L 621.0, -737.0, 0.0, 621.0, -725.0, 0.0, 0, 0, 0
L 633.0, -737.0, 0.0, 621.0, -737.0, 0.0, 0, 0, 0
L 633.0, -701.0, 0.0, 633.0, -737.0, 0.0, 0, 0, 0
L 598.0, -701.0, 0.0, 633.0, -701.0, 0.0, 0, 0, 0
L 585.0, -703.0, 0.0, 585.0, -739.0, 0.0, 0, 0, 0
L 591.0, -683.0, 0.0, 591.0, -699.0, 0.0, 0, 0, 0
L 587.0, -683.0, 0.0, 591.0, -683.0, 0.0, 0, 0, 0
L 591.0, -679.0, 0.0, 587.0, -679.0, 0.0, 0, 0, 0
L 591.0, -632.0, 0.0, 591.0, -679.0, 0.0, 0, 0, 0
L 585.0, -632.0, 0.0, 591.0, -632.0, 0.0, 0, 0, 0
L 602.0, -643.0, 0.0, 601.0, -629.0, 0.0, 0, 0, 0
L 615.0, -643.0, 0.0, 602.0, -643.0, 0.0, 0, 0, 0
L 616.0, -656.0, 0.0, 615.0, -643.0, 0.0, 0, 0, 0
L 629.0, -643.0, 0.0, 616.0, -656.0, 0.0, 0, 0, 0
L 629.0, -615.0, 0.0, 629.0, -643.0, 0.0, 0, 0, 0
L 601.0, -601.0, 0.0, 615.0, -573.0, -7.0, 0, 0, 0
L 629.0, -615.0, 0.0, 601.0, -601.0, 0.0, 0, 0, 0
L 909.0, -549.0, 0.0, 909.0, -558.0, 0.0, 255, 255, 0
L 915.0, -549.0, 0.0, 909.0, -549.0, 0.0, 255, 255, 0
L 915.0, -558.0, 0.0, 915.0, -549.0, 0.0, 255, 255, 0
L 909.0, -558.0, 0.0, 915.0, -558.0, 0.0, 255, 255, 0
L 901.0, -569.0, 0.0, 923.0, -569.0, 0.0, 0, 0, 0
L 927.0, -581.0, 0.0, 905.0, -581.0, 0.0, 0, 0, 0
L 927.0, -523.0, 0.0, 927.0, -581.0, 0.0, 0, 0, 0
L 889.0, -499.0, 0.0, 889.0, -606.0, 0.0, 0, 0, 0
L 841.0, -499.0, 0.0, 889.0, -499.0, 0.0, 0, 0, 0
L 841.0, -514.0, 0.0, 841.0, -511.3, 0.0, 0, 0, 0
L 728.0, -545.0, -3.0, 713.0, -489.0, -8.0, 0, 0, 0
L 741.0, -587.0, 0.0, 728.0, -545.0, -3.0, 0, 0, 0
L 769.0, -587.0, 0.0, 741.0, -587.0, 0.0, 0, 0, 0
L 782.0, -574.0, 10.0, 769.0, -587.0, 0.0, 0, 0, 0
L 769.0, -573.0, 0.0, 782.0, -574.0, 10.0, 0, 0, 0
L 755.0, -559.0, 0.0, 769.0, -573.0, 0.0, 0, 0, 0
L 767.0, -559.0, 0.0, 755.0, -559.0, 0.0, 0, 0, 0
L 939.0, -488.0, 0.0, 939.0, -617.0, 0.0, 0, 0, 0
L 773.0, -542.0, 0.0, 796.0, -542.0, 0.0, 0, 0, 0
L 755.0, -546.0, 0.0, 767.0, -546.0, 0.0, 0, 0, 0
L 769.0, -531.0, 0.0, 755.0, -546.0, 0.0, 0, 0, 0
L 782.0, -531.0, 10.0, 769.0, -531.0, 0.0, 0, 0, 0
L 769.0, -518.0, 0.0, 782.0, -531.0, 10.0, 0, 0, 0
L 741.0, -504.0, 0.0, 769.0, -518.0, 0.0, 0, 0, 0
L 727.0, -476.0, -3.0, 741.0, -504.0, 0.0, 0, 0, 0
L 713.0, -475.0, -7.0, 727.0, -476.0, -3.0, 0, 0, 0
L 587.0, -407.0, 14.0, 595.0, -407.0, 14.0, 0, 0, 0
L 587.0, -399.0, 14.0, 587.0, -407.0, 14.0, 0, 0, 0
L 595.0, -399.0, 14.0, 587.0, -399.0, 14.0, 0, 0, 0
L 595.0, -407.0, 14.0, 595.0, -399.0, 14.0, 0, 0, 0
L 608.0, -399.0, 14.0, 608.0, -407.0, 14.0, 0, 0, 0
L 616.0, -399.0, 14.0, 608.0, -399.0, 14.0, 0, 0, 0
L 616.0, -407.0, 14.0, 616.0, -399.0, 14.0, 0, 0, 0
L 608.0, -407.0, 14.0, 616.0, -407.0, 14.0, 0, 0, 0
L 593.0, -431.0, 27.0, 593.0, -440.0, 27.0, 255, 255, 0
L 587.0, -431.0, 27.0, 593.0, -431.0, 27.0, 255, 255, 0
L 587.0, -440.0, 27.0, 587.0, -431.0, 27.0, 255, 255, 0
L 593.0, -440.0, 27.0, 587.0, -440.0, 27.0, 255, 255, 0
L 597.0, -449.0, 27.0, 606.0, -449.0, 27.0, 255, 255, 0
L 597.0, -456.0, 27.0, 597.0, -449.0, 27.0, 255, 255, 0
L 606.0, -456.0, 27.0, 597.0, -456.0, 27.0, 255, 255, 0
L 606.0, -449.0, 27.0, 606.0, -456.0, 27.0, 255, 255, 0
L 609.0, -440.0, 27.0, 609.0, -431.0, 27.0, 255, 255, 0
L 616.0, -440.0, 27.0, 609.0, -440.0, 27.0, 255, 255, 0
L 616.0, -431.0, 27.0, 616.0, -440.0, 27.0, 255, 255, 0
L 609.0, -431.0, 27.0, 616.0, -431.0, 27.0, 255, 255, 0
L 627.0, -425.0, 28.0, 627.0, -427.0, 26.0, 0, 204, 0
L 627.0, -421.0, 28.0, 627.0, -425.0, 28.0, 0, 204, 0
L 623.0, -421.0, 28.0, 627.0, -421.0, 28.0, 0, 204, 0
L 623.0, -447.0, 28.0, 623.0, -421.0, 28.0, 0, 204, 0
L 615.0, -463.0, 28.0, 623.0, -447.0, 28.0, 0, 204, 0
L 587.0, -463.0, 28.0, 615.0, -463.0, 28.0, 0, 204, 0
L 580.0, -447.0, 28.0, 587.0, -463.0, 28.0, 0, 204, 0
L 579.0, -421.0, 28.0, 580.0, -447.0, 28.0, 0, 204, 0
L 576.0, -421.0, 28.0, 579.0, -421.0, 28.0, 0, 204, 0
L 576.0, -425.0, 28.0, 576.0, -421.0, 28.0, 0, 204, 0
L 576.0, -448.0, 14.0, 576.0, -445.0, 15.0, 0, 204, 0
L 569.0, -425.0, 28.0, 569.0, -427.0, 26.0, 0, 204, 0
L 569.0, -420.0, 28.0, 569.0, -425.0, 28.0, 0, 204, 0
L 578.0, -412.0, 28.0, 569.0, -420.0, 28.0, 0, 204, 0
L 587.0, -403.0, 28.0, 578.0, -412.0, 28.0, 0, 204, 0
L 615.0, -403.0, 28.0, 587.0, -403.0, 28.0, 0, 204, 0
L 625.0, -412.0, 28.0, 615.0, -403.0, 28.0, 0, 204, 0
L 634.0, -420.0, 28.0, 625.0, -412.0, 28.0, 0, 204, 0
L 634.0, -425.0, 28.0, 634.0, -420.0, 28.0, 0, 204, 0
L 634.0, -448.0, 14.0, 634.0, -445.0, 15.0, 0, 204, 0
L 591.0, -391.0, 14.0, 587.0, -391.0, 14.0, 139, 69, 19
L 467.0, -499.0, 0.0, 467.0, -490.0, 0.0, 0, 0, 0
L 467.0, -499.0, 0.0, 469.0, -499.0, 0.0, 0, 0, 0
L 472.0, -499.0, 0.0, 472.0, -496.0, 0.0, 0, 0, 0
L 472.0, -496.0, 0.0, 476.0, -496.0, 0.0, 0, 0, 0
L 475.0, -559.0, 0.0, 504.0, -531.0, -6.0, 0, 0, 0
L 448.0, -545.0, 0.0, 475.0, -559.0, 0.0, 0, 0, 0
L 448.0, -532.0, 0.0, 448.0, -545.0, 0.0, 0, 0, 0
L 476.0, -532.0, 0.0, 448.0, -532.0, 0.0, 0, 0, 0
L 476.0, -511.0, 0.0, 476.0, -532.0, 0.0, 0, 0, 0
L 472.0, -511.0, 0.0, 476.0, -511.0, 0.0, 0, 0, 0
L 472.0, -508.0, 0.0, 472.0, -511.0, 0.0, 0, 0, 0
L 467.0, -508.0, 0.0, 469.0, -508.0, 0.0, 0, 0, 0
L 467.0, -517.0, 0.0, 467.0, -508.0, 0.0, 0, 0, 0
L 824.0, -363.0, -13.0, 812.8, -367.3, -14.0, 0, 0, 0
L 811.0, -350.0, -13.0, 824.0, -363.0, -13.0, 0, 0, 0
L 811.0, -335.0, -13.0, 811.0, -350.0, -13.0, 0, 0, 0
L 797.0, -308.0, -13.0, 811.0, -335.0, -13.0, 0, 0, 0
L 797.0, -265.0, -13.0, 797.0, -308.0, -13.0, 0, 0, 0
L 839.0, -265.0, -13.0, 797.0, -265.0, -13.0, 0, 0, 0
L 839.0, -246.0, -13.0, 839.0, -251.0, -13.0, 0, 0, 0
L 826.0, -246.0, -13.0, 839.0, -246.0, -13.0, 199, 21, 133
L 826.0, -252.0, -13.0, 826.0, -250.0, -13.0, 0, 0, 0
L 784.0, -252.0, -13.0, 826.0, -252.0, -13.0, 0, 0, 0
L 784.0, -293.0, -13.0, 784.0, -252.0, -13.0, 0, 0, 0
L 769.0, -308.0, -13.0, 784.0, -293.0, -13.0, 0, 0, 0
L 741.0, -322.0, -13.0, 769.0, -308.0, -13.0, 0, 0, 0
L 727.0, -322.0, -13.0, 741.0, -322.0, -13.0, 0, 0, 0
L 713.0, -308.0, -13.0, 727.0, -322.0, -13.0, 0, 0, 0
L 685.0, -308.0, -13.0, 713.0, -308.0, -13.0, 0, 0, 0
L 657.0, -280.0, -13.0, 685.0, -308.0, -13.0, 0, 0, 0
L 617.0, -280.0, -13.0, 618.9, -280.0, -13.0, 0, 0, 0
L 574.0, -294.0, -7.0, 617.0, -280.0, -13.0, 0, 0, 0
L 476.0, -476.0, 0.0, 476.0, -496.0, 0.0, 0, 0, 0
L 503.0, -503.0, -6.0, 503.0, -517.0, -6.0, 0, 0, 0
L 476.0, -476.0, 0.0, 503.0, -503.0, -6.0, 0, 0, 0
L 713.0, -363.0, -13.0, 699.0, -349.0, -7.0, 0, 0, 0
L 742.0, -363.0, -13.0, 713.0, -363.0, -13.0, 0, 0, 0
L 753.8, -367.3, -14.0, 742.0, -363.0, -13.0, 0, 0, 0
L 602.0, -573.0, -7.0, 559.0, -602.0, 0.0, 0, 0, 0
L 559.0, -602.0, 0.0, 546.0, -602.0, 0.0, 0, 0, 0
L 546.0, -602.0, 0.0, 546.0, -615.0, 0.0, 0, 0, 0
L 546.0, -615.0, 0.0, 532.0, -629.0, 0.0, 0, 0, 0
L 532.0, -629.0, 0.0, 532.0, -643.0, 0.0, 0, 0, 0
L 532.0, -643.0, 0.0, 545.0, -656.0, 0.0, 0, 0, 0
L 545.0, -656.0, 0.0, 545.0, -643.0, 0.0, 0, 0, 0
L 545.0, -643.0, 0.0, 559.0, -629.0, 0.0, 0, 0, 0
L 559.0, -629.0, 0.0, 575.0, -629.0, 0.0, 0, 0, 0
L 575.0, -632.0, 0.0, 570.0, -632.0, 0.0, 0, 0, 0
L 570.0, -632.0, 0.0, 570.0, -679.0, 0.0, 0, 0, 0
L 565.0, -681.0, 0.0, 562.2, -679.8, -1.4, 0, 0, 0
L 565.0, -701.0, 0.0, 562.2, -702.4, -1.4, 0, 0, 0
L 543.0, -717.0, -11.0, 535.0, -717.0, -11.0, 0, 0, 0
L 535.0, -717.0, -11.0, 535.0, -725.0, -11.0, 0, 0, 0
L 535.0, -725.0, -11.0, 504.0, -725.0, -11.0, 0, 0, 0
L 504.0, -725.0, -11.0, 504.0, -717.0, -11.0, 0, 0, 0
L 504.0, -717.0, -11.0, 496.0, -717.0, -11.0, 0, 0, 0
L 504.0, -665.0, -11.0, 504.0, -658.0, -11.0, 0, 0, 0
L 504.0, -658.0, -11.0, 535.0, -658.0, -11.0, 0, 0, 0
L 535.0, -658.0, -11.0, 535.0, -665.0, -11.0, 0, 0, 0
L 565.0, -701.0, 0.0, 568.5, -700.0, 0.0, 0, 0, 0
L 526.0, -738.0, 0.0, 526.0, -753.0, 0.0, 0, 0, 0
L 839.0, -251.0, -13.0, 839.0, -265.0, -13.0, 0, 0, 0
L 839.0, -251.0, -13.0, 839.0, -210.0, -13.0, 0, 0, 0
L 826.0, -250.0, -13.0, 826.0, -246.0, -13.0, 0, 0, 0
L 826.0, -223.0, -13.0, 826.0, -250.0, -13.0, 0, 0, 0
L 530.0, -757.0, 0.0, 530.0, -753.0, 0.0, 0, 0, 0
L 545.0, -734.0, 0.0, 530.0, -734.0, 0.0, 0, 0, 0
L 526.0, -738.0, 0.0, 530.0, -738.0, 0.0, 0, 0, 0
L 530.0, -738.0, 0.0, 530.0, -734.0, 0.0, 0, 0, 0
L 541.0, -750.0, 0.0, 535.0, -750.0, 0.0, 255, 255, 0
L 574.0, -739.0, 0.0, 545.0, -739.0, 0.0, 0, 0, 0
L 545.0, -734.0, 0.0, 545.0, -739.0, 0.0, 0, 0, 0
L 585.0, -739.0, 0.0, 597.0, -739.0, 0.0, 0, 0, 0
L 598.0, -701.0, 0.0, 598.0, -736.0, 0.0, 0, 0, 0
L 621.0, -751.0, 0.0, 636.0, -751.0, 0.0, 0, 0, 0
L 570.0, -679.0, 0.0, 573.0, -679.0, 0.0, 0, 0, 0
L 573.0, -679.0, 0.0, 573.0, -683.0, 0.0, 0, 0, 0
L 585.0, -632.0, 0.0, 585.0, -630.0, 0.0, 0, 0, 0
L 601.0, -629.0, 0.0, 585.0, -629.0, 0.0, 0, 0, 0
L 575.0, -632.0, 0.0, 575.0, -630.0, 0.0, 0, 0, 0
L 496.0, -699.0, -11.0, 496.0, -717.0, -11.0, 0, 0, 0
L 484.0, -699.0, -11.0, 496.0, -699.0, -11.0, 0, 0, 0
L 496.0, -684.0, -11.0, 496.0, -699.0, -11.0, 0, 0, 255
L 496.0, -684.0, -11.0, 484.0, -684.0, -11.0, 0, 0, 0
L 541.0, -699.0, -11.0, 496.0, -699.0, -11.0, 0, 0, 255
L 496.0, -684.0, -11.0, 541.0, -684.0, -11.0, 0, 0, 255
L 484.0, -684.0, -11.0, 484.0, -699.0, -11.0, 0, 0, 0
L 541.0, -684.0, -11.0, 541.0, -699.0, -11.0, 0, 0, 255
L 504.0, -665.0, -11.0, 496.0, -665.0, -11.0, 0, 0, 0
L 496.0, -684.0, -11.0, 496.0, -665.0, -11.0, 0, 0, 0
L 543.0, -717.0, -11.0, 543.0, -712.0, -11.0, 0, 0, 0
L 543.0, -671.0, -11.0, 543.0, -665.0, -11.0, 0, 0, 0
L 535.0, -665.0, -11.0, 543.0, -665.0, -11.0, 0, 0, 0
L 587.0, -679.0, 0.0, 587.0, -683.0, 0.0, 0, 0, 0
L 587.0, -699.0, 0.0, 587.0, -703.0, 0.0, 0, 0, 0
L 585.0, -703.0, 0.0, 587.0, -703.0, 0.0, 0, 0, 0
L 574.0, -739.0, 0.0, 574.0, -699.0, 0.0, 0, 0, 0
L 591.0, -699.0, 0.0, 587.0, -699.0, 0.0, 0, 0, 0
L 574.0, -699.0, 0.0, 572.0, -699.0, 0.0, 0, 0, 0
L 841.0, -591.0, 0.0, 866.0, -591.0, 0.0, 0, 0, 0
L 829.0, -514.0, 0.0, 804.0, -514.0, 0.0, 0, 0, 0
L 829.0, -514.0, 0.0, 829.0, -511.3, 0.0, 0, 0, 0
L 939.0, -488.0, 0.0, 903.0, -488.0, 0.0, 0, 0, 0
L 841.0, -591.0, 0.0, 841.0, -606.0, 0.0, 0, 0, 0
L 829.0, -591.0, 0.0, 829.0, -617.0, 0.0, 0, 0, 0
L 939.0, -617.0, 0.0, 903.0, -617.0, 0.0, 0, 0, 0
L 923.0, -569.0, 0.0, 923.0, -538.0, 0.0, 0, 0, 0
L 841.0, -606.0, 0.0, 889.0, -606.0, 0.0, 0, 0, 0
L 901.0, -606.0, 0.0, 903.0, -606.0, 0.0, 0, 0, 0
L 901.0, -606.0, 0.0, 901.0, -569.0, 0.0, 0, 0, 0
L 901.0, -499.0, 0.0, 903.0, -499.0, 0.0, 0, 0, 0
L 923.0, -538.0, 0.0, 901.0, -538.0, 0.0, 0, 0, 0
L 901.0, -538.0, 0.0, 901.0, -499.0, 0.0, 0, 0, 0
L 927.0, -523.0, 0.0, 905.0, -523.0, 0.0, 0, 0, 0
L 609.0, -455.0, 14.0, 616.0, -461.0, 14.0, 150, 150, 150
L 593.0, -455.0, 14.0, 609.0, -455.0, 14.0, 150, 150, 150
L 643.0, -447.0, 14.0, 643.0, -419.0, 14.0, 139, 69, 19
L 587.0, -461.0, 14.0, 593.0, -455.0, 14.0, 150, 150, 150
L 587.0, -466.0, 14.0, 587.0, -461.0, 14.0, 150, 150, 150
L 587.0, -391.0, 14.0, 560.0, -419.0, 14.0, 139, 69, 19
L 587.0, -475.0, 14.0, 615.0, -475.0, 14.0, 139, 69, 19
L 560.0, -448.0, 14.0, 587.0, -475.0, 14.0, 139, 69, 19
L 618.0, -422.0, 14.0, 606.0, -422.0, 14.0, 0, 0, 0
L 616.0, -466.0, 14.0, 634.0, -448.0, 14.0, 0, 0, 0
L 618.0, -427.0, 14.0, 618.0, -422.0, 14.0, 0, 0, 0
L 560.0, -419.0, 14.0, 560.0, -448.0, 14.0, 139, 69, 19
L 616.0, -461.0, 14.0, 616.0, -466.0, 14.0, 150, 150, 150
L 615.0, -475.0, 14.0, 643.0, -447.0, 14.0, 139, 69, 19
L 587.0, -470.0, 14.0, 565.0, -447.0, 14.0, 0, 0, 0
L 638.0, -447.0, 14.0, 615.0, -470.0, 14.0, 0, 0, 0
L 585.0, -422.0, 14.0, 585.0, -427.0, 14.0, 0, 0, 0
L 580.0, -427.0, 14.0, 580.0, -448.0, 14.0, 0, 0, 0
L 596.0, -422.0, 14.0, 585.0, -422.0, 14.0, 0, 0, 0
L 565.0, -419.0, 14.0, 594.0, -419.0, 14.0, 0, 0, 0
L 585.0, -427.0, 14.0, 580.0, -427.0, 14.0, 0, 0, 0
L 609.0, -419.0, 14.0, 638.0, -419.0, 14.0, 0, 0, 0
L 594.0, -419.0, 14.0, 596.0, -419.0, 14.0, 0, 0, 0
L 591.0, -391.0, 14.0, 594.0, -391.0, 14.0, 139, 69, 19
L 610.0, -391.0, 14.0, 615.0, -391.0, 14.0, 139, 69, 19
L 607.0, -391.0, 14.0, 610.0, -391.0, 14.0, 139, 69, 19
L 643.0, -419.0, 14.0, 615.0, -391.0, 14.0, 139, 69, 19
L 606.0, -422.0, 14.0, 606.0, -420.0, 14.0, 0, 0, 0
L 606.0, -419.0, 14.0, 609.0, -419.0, 14.0, 0, 0, 0
L 596.0, -422.0, 14.0, 596.0, -420.0, 14.0, 0, 0, 0
L 565.0, -447.0, 14.0, 565.0, -419.0, 14.0, 0, 0, 0
L 638.0, -447.0, 14.0, 638.0, -419.0, 14.0, 0, 0, 0
L 618.0, -427.0, 14.0, 623.0, -427.0, 14.0, 0, 0, 0
L 615.0, -470.0, 14.0, 587.0, -470.0, 14.0, 0, 0, 0
L 634.0, -448.0, 14.0, 627.0, -448.0, 14.0, 150, 150, 150
L 580.0, -448.0, 14.0, 576.0, -448.0, 14.0, 0, 0, 0
L 623.0, -448.0, 14.0, 623.0, -427.0, 14.0, 0, 0, 0
L 573.0, -552.0, -7.0, 545.0, -545.0, -7.0, 0, 0, 255
L 589.0, -350.0, -7.0, 591.0, -350.0, -7.0, 0, 0, 255
L 517.0, -518.0, -7.0, 532.0, -489.0, -7.0, 0, 0, 255
L 545.0, -336.0, -7.0, 571.0, -336.0, -7.0, 0, 0, 255
L 571.0, -336.0, -7.0, 589.0, -350.0, -7.0, 0, 0, 255
L 545.0, -545.0, -7.0, 517.0, -518.0, -7.0, 0, 0, 255
L 532.0, -475.0, -7.0, 548.0, -462.0, -7.0, 0, 0, 255
L 611.0, -350.0, -7.0, 641.0, -336.0, -7.0, 0, 0, 255
L 548.0, -405.0, -7.0, 546.0, -377.0, -7.0, 0, 0, 255
L 546.0, -377.0, -7.0, 532.0, -349.0, -7.0, 0, 0, 255
L 641.0, -336.0, -7.0, 671.0, -336.0, -7.0, 0, 0, 255
L 532.0, -447.0, -7.0, 548.0, -462.0, -7.0, 0, 0, 255
L 532.0, -420.0, -7.0, 532.0, -447.0, -7.0, 0, 0, 255
L 532.0, -349.0, -7.0, 545.0, -336.0, -7.0, 0, 0, 255
L 548.0, -405.0, -7.0, 532.0, -420.0, -7.0, 0, 0, 255
L 532.0, -489.0, -7.0, 532.0, -475.0, -7.0, 0, 0, 255
L 560.0, -322.0, -7.0, 574.0, -307.0, -7.0, 0, 0, 0
L 560.0, -322.0, -7.0, 545.0, -336.0, -7.0, 0, 0, 0
L 532.0, -475.0, -7.0, 532.0, -447.0, -7.0, 0, 0, 0
L 532.0, -349.0, -7.0, 532.0, -420.0, -7.0, 0, 0, 0
L 685.0, -420.0, -7.0, 669.0, -405.0, -7.0, 0, 0, 255
L 685.0, -447.0, -7.0, 685.0, -420.0, -7.0, 0, 0, 255
L 673.0, -461.0, -7.0, 673.0, -462.0, -7.0, 0, 0, 255
L 685.0, -447.0, -7.0, 673.0, -461.0, -7.0, 0, 0, 255
L 657.0, -545.0, -7.0, 643.0, -559.0, -7.0, 0, 0, 255
L 671.0, -531.0, -7.0, 657.0, -545.0, -7.0, 0, 0, 255
L 685.0, -489.0, -7.0, 671.0, -517.0, -7.0, 0, 0, 255
L 643.0, -559.0, -7.0, 601.0, -559.0, -7.0, 0, 0, 255
L 673.0, -462.0, -7.0, 685.0, -489.0, -7.0, 0, 0, 255
L 671.0, -517.0, -7.0, 671.0, -531.0, -7.0, 0, 0, 255
L 671.0, -377.0, -7.0, 669.0, -405.0, -7.0, 0, 0, 255
L 601.0, -559.0, -7.0, 573.0, -552.0, -7.0, 0, 0, 255
L 685.0, -349.0, -7.0, 671.0, -377.0, -7.0, 0, 0, 255
L 671.0, -336.0, -7.0, 685.0, -349.0, -7.0, 0, 0, 255
L 699.0, -349.0, -7.0, 685.0, -349.0, -7.0, 0, 0, 0
L 574.0, -307.0, -7.0, 574.0, -294.0, -7.0, 0, 0, 0
L 531.0, -531.0, -7.0, 504.0, -531.0, -6.0, 0, 0, 0
L 503.0, -517.0, -6.0, 517.0, -518.0, -7.0, 0, 0, 0
L 643.0, -559.0, -7.0, 615.0, -573.0, -7.0, 0, 0, 0
L 602.0, -573.0, -7.0, 573.0, -552.0, -7.0, 0, 0, 0
L 685.0, -447.0, -7.0, 713.0, -475.0, -7.0, 0, 0, 0
L 713.0, -489.0, -7.0, 685.0, -489.0, -7.0, 0, 0, 0
L 594.0, -350.0, -7.0, 594.0, -391.0, 14.0, 139, 69, 19
L 591.0, -350.0, -7.0, 594.0, -350.0, -7.0, 139, 69, 19
L 591.0, -350.0, -7.0, 591.0, -391.0, 14.0, 139, 69, 19
L 607.0, -350.0, -7.0, 610.0, -350.0, -7.0, 139, 69, 19
L 607.0, -350.0, -7.0, 607.0, -391.0, 14.0, 139, 69, 19
L 610.0, -350.0, -7.0, 611.0, -350.0, -7.0, 0, 0, 255
L 610.0, -350.0, -7.0, 610.0, -391.0, 14.0, 139, 69, 19
L 576.0, -425.0, 28.0, 569.0, -425.0, 28.0, 150, 150, 150
L 576.0, -448.0, 14.0, 569.0, -448.0, 14.0, 150, 150, 150
L 569.0, -448.0, 14.0, 587.0, -466.0, 14.0, 0, 0, 0
L 576.0, -436.0, 21.0, 576.0, -433.0, 22.0, 0, 204, 0
L 569.0, -436.0, 21.0, 569.0, -439.0, 19.0, 0, 204, 0
L 576.0, -436.0, 21.0, 569.0, -436.0, 21.0, 150, 150, 150
L 576.0, -430.0, 24.0, 576.0, -427.0, 26.0, 0, 204, 0
L 569.0, -430.0, 24.0, 569.0, -433.0, 22.0, 0, 204, 0
L 576.0, -430.0, 24.0, 569.0, -430.0, 24.0, 150, 150, 150
L 576.0, -427.0, 26.0, 576.0, -425.0, 28.0, 0, 204, 0
L 569.0, -427.0, 26.0, 569.0, -430.0, 24.0, 0, 204, 0
L 576.0, -427.0, 26.0, 569.0, -427.0, 26.0, 150, 150, 150
L 576.0, -433.0, 22.0, 576.0, -430.0, 24.0, 0, 204, 0
L 569.0, -433.0, 22.0, 569.0, -436.0, 21.0, 0, 204, 0
L 576.0, -433.0, 22.0, 569.0, -433.0, 22.0, 150, 150, 150
L 576.0, -442.0, 17.0, 576.0, -439.0, 19.0, 0, 204, 0
L 569.0, -442.0, 17.0, 569.0, -445.0, 15.0, 0, 204, 0
L 576.0, -442.0, 17.0, 569.0, -442.0, 17.0, 150, 150, 150
L 576.0, -439.0, 19.0, 576.0, -436.0, 21.0, 0, 204, 0
L 569.0, -439.0, 19.0, 569.0, -442.0, 17.0, 0, 204, 0
L 576.0, -439.0, 19.0, 569.0, -439.0, 19.0, 150, 150, 150
L 576.0, -445.0, 15.0, 576.0, -442.0, 17.0, 0, 204, 0
L 569.0, -445.0, 15.0, 569.0, -448.0, 14.0, 0, 204, 0
L 576.0, -445.0, 15.0, 569.0, -445.0, 15.0, 150, 150, 150
L 627.0, -448.0, 14.0, 623.0, -448.0, 14.0, 0, 0, 0
L 627.0, -425.0, 28.0, 634.0, -425.0, 28.0, 150, 150, 150
L 627.0, -436.0, 21.0, 627.0, -439.0, 19.0, 0, 204, 0
L 634.0, -436.0, 21.0, 634.0, -433.0, 22.0, 0, 204, 0
L 627.0, -436.0, 21.0, 634.0, -436.0, 21.0, 150, 150, 150
L 627.0, -442.0, 17.0, 627.0, -445.0, 15.0, 0, 204, 0
L 634.0, -442.0, 17.0, 634.0, -439.0, 19.0, 0, 204, 0
L 627.0, -442.0, 17.0, 634.0, -442.0, 17.0, 150, 150, 150
L 627.0, -430.0, 24.0, 627.0, -433.0, 22.0, 0, 204, 0
L 634.0, -430.0, 24.0, 634.0, -427.0, 26.0, 0, 204, 0
L 627.0, -430.0, 24.0, 634.0, -430.0, 24.0, 150, 150, 150
L 627.0, -433.0, 22.0, 627.0, -436.0, 21.0, 0, 204, 0
L 634.0, -433.0, 22.0, 634.0, -430.0, 24.0, 0, 204, 0
L 627.0, -433.0, 22.0, 634.0, -433.0, 22.0, 150, 150, 150
L 627.0, -427.0, 26.0, 627.0, -430.0, 24.0, 0, 204, 0
L 634.0, -427.0, 26.0, 634.0, -425.0, 28.0, 0, 204, 0
L 627.0, -427.0, 26.0, 634.0, -427.0, 26.0, 150, 150, 150
L 627.0, -439.0, 19.0, 627.0, -442.0, 17.0, 0, 204, 0
L 634.0, -439.0, 19.0, 634.0, -436.0, 21.0, 0, 204, 0
L 627.0, -439.0, 19.0, 634.0, -439.0, 19.0, 150, 150, 150
L 627.0, -445.0, 15.0, 627.0, -448.0, 14.0, 0, 204, 0
L 634.0, -445.0, 15.0, 634.0, -442.0, 17.0, 0, 204, 0
L 627.0, -445.0, 15.0, 634.0, -445.0, 15.0, 150, 150, 150
L 535.0, -741.0, 0.0, 535.0, -750.0, 0.0, 255, 255, 0
L 616.0, -466.0, 14.0, 587.0, -466.0, 14.0, 0, 0, 0
L 348.0, -508.0, 0.0, 341.0, -508.0, 0.0, 255, 255, 0
L 341.0, -499.0, 0.0, 348.0, -499.0, 0.0, 255, 255, 0
L 341.0, -508.0, 0.0, 341.0, -499.0, 0.0, 255, 255, 0
L 340.0, -515.0, 0.0, 347.0, -521.0, 0.0, 0, 0, 0
L 360.0, -445.0, 0.0, 360.0, -486.0, 0.0, 0, 0, 0
L 360.0, -486.0, 0.0, 347.0, -486.0, 0.0, 0, 0, 0
L 371.0, -450.0, 0.0, 371.0, -445.0, 0.0, 0, 0, 0
L 334.0, -497.0, 0.0, 334.0, -509.0, 0.0, 0, 0, 0
L 340.0, -492.0, 0.0, 334.0, -497.0, 0.0, 0, 0, 0
L 357.0, -469.0, 0.0, 357.0, -445.0, 0.0, 0, 0, 0
L 371.0, -461.0, 0.0, 414.0, -461.0, 0.0, 0, 0, 0
L 414.0, -546.0, 0.0, 371.0, -546.0, 0.0, 0, 0, 0
L 463.0, -469.0, 0.0, 463.0, -434.0, 0.0, 0, 0, 0
L 425.0, -450.0, 0.0, 371.0, -450.0, 0.0, 0, 0, 0
L 360.0, -557.0, 0.0, 425.0, -557.0, 0.0, 0, 0, 0
L 334.0, -509.0, 0.0, 340.0, -515.0, 0.0, 0, 0, 0
L 429.0, -469.0, 0.0, 463.0, -469.0, 0.0, 0, 0, 0
L 360.0, -521.0, 0.0, 360.0, -557.0, 0.0, 0, 0, 0
L 347.0, -486.0, 0.0, 340.0, -492.0, 0.0, 0, 0, 0
L 371.0, -546.0, 0.0, 371.0, -461.0, 0.0, 0, 0, 0
L 347.0, -521.0, 0.0, 360.0, -521.0, 0.0, 0, 0, 0
L 357.0, -442.0, 0.0, 357.0, -436.0, 0.0, 205, 133, 63
L 371.0, -445.0, 0.0, 426.0, -445.0, 0.0, 0, 0, 0
L 360.0, -442.0, 0.0, 360.0, -436.0, 0.0, 205, 133, 63
L 360.0, -436.0, 0.0, 358.0, -436.0, 0.0, 205, 133, 63
L 358.0, -436.0, 0.0, 357.0, -436.0, 0.0, 205, 133, 63
L 358.0, -434.0, 0.0, 334.0, -434.0, 0.0, 0, 0, 0
L 358.0, -436.0, 0.0, 358.0, -434.0, 0.0, 205, 133, 63
L 358.0, -445.0, 0.0, 360.0, -445.0, 0.0, 0, 0, 0
L 358.0, -442.0, 0.0, 360.0, -442.0, 0.0, 205, 133, 63
L 358.0, -445.0, 0.0, 358.0, -442.0, 0.0, 205, 133, 63
L 357.0, -442.0, 0.0, 358.0, -442.0, 0.0, 205, 133, 63
L 357.0, -445.0, 0.0, 358.0, -445.0, 0.0, 0, 0, 0
L 463.0, -434.0, 0.0, 426.0, -434.0, 0.0, 0, 0, 0
L 357.0, -469.0, 0.0, 334.0, -469.0, 0.0, 0, 0, 0
L 334.0, -434.0, 0.0, 334.0, -469.0, 0.0, 0, 0, 0
L 429.0, -469.0, 0.0, 429.0, -445.0, 0.0, 0, 0, 0
L 348.0, -499.0, 0.0, 348.0, -508.0, 0.0, 255, 255, 0
L 426.0, -434.0, 0.0, 358.0, -434.0, 0.0, 0, 0, 0
L 424.0, -436.0, 0.0, 424.0, -442.0, 0.0, 205, 133, 63
L 429.0, -442.0, 0.0, 429.0, -436.0, 0.0, 205, 133, 63
L 426.0, -445.0, 0.0, 429.0, -445.0, 0.0, 0, 0, 0
L 426.0, -445.0, 0.0, 426.0, -442.0, 0.0, 205, 133, 63
L 429.0, -436.0, 0.0, 426.0, -436.0, 0.0, 205, 133, 63
L 426.0, -436.0, 0.0, 426.0, -434.0, 0.0, 205, 133, 63
L 426.0, -436.0, 0.0, 424.0, -436.0, 0.0, 205, 133, 63
L 424.0, -442.0, 0.0, 426.0, -442.0, 0.0, 205, 133, 63
L 426.0, -442.0, 0.0, 429.0, -442.0, 0.0, 205, 133, 63
L 467.0, -505.0, 0.0, 467.0, -501.0, 0.0, 205, 133, 63
L 472.0, -501.0, 0.0, 472.0, -505.0, 0.0, 205, 133, 63
L 469.0, -508.0, 0.0, 472.0, -508.0, 0.0, 0, 0, 0
L 469.0, -499.0, 0.0, 472.0, -499.0, 0.0, 0, 0, 0
L 469.0, -508.0, 0.0, 469.0, -505.0, 0.0, 205, 133, 63
L 472.0, -501.0, 0.0, 469.0, -501.0, 0.0, 205, 133, 63
L 469.0, -501.0, 0.0, 469.0, -499.0, 0.0, 205, 133, 63
L 469.0, -501.0, 0.0, 467.0, -501.0, 0.0, 205, 133, 63
L 467.0, -505.0, 0.0, 469.0, -505.0, 0.0, 205, 133, 63
L 469.0, -505.0, 0.0, 472.0, -505.0, 0.0, 205, 133, 63
L 582.0, -632.0, 0.0, 577.0, -632.0, 0.0, 205, 133, 63
L 582.0, -629.0, 0.0, 577.0, -629.0, 0.0, 205, 133, 63
L 585.0, -630.0, 0.0, 585.0, -629.0, 0.0, 0, 0, 0
L 575.0, -630.0, 0.0, 575.0, -629.0, 0.0, 0, 0, 0
L 585.0, -630.0, 0.0, 582.0, -630.0, 0.0, 205, 133, 63
L 577.0, -632.0, 0.0, 577.0, -630.0, 0.0, 205, 133, 63
L 577.0, -630.0, 0.0, 575.0, -630.0, 0.0, 205, 133, 63
L 577.0, -630.0, 0.0, 577.0, -629.0, 0.0, 205, 133, 63
L 582.0, -632.0, 0.0, 582.0, -630.0, 0.0, 205, 133, 63
L 582.0, -630.0, 0.0, 582.0, -629.0, 0.0, 205, 133, 63
L 598.0, -739.0, 0.0, 597.0, -739.0, 0.0, 0, 0, 0
L 606.0, -739.0, 0.0, 600.0, -739.0, 0.0, 205, 133, 63
L 606.0, -734.0, 0.0, 600.0, -734.0, 0.0, 205, 133, 63
L 609.0, -736.0, 0.0, 609.0, -739.0, 0.0, 0, 0, 0
L 598.0, -736.0, 0.0, 598.0, -739.0, 0.0, 0, 0, 0
L 609.0, -736.0, 0.0, 606.0, -736.0, 0.0, 205, 133, 63
L 600.0, -739.0, 0.0, 600.0, -736.0, 0.0, 205, 133, 63
L 600.0, -736.0, 0.0, 598.0, -736.0, 0.0, 205, 133, 63
L 600.0, -736.0, 0.0, 600.0, -734.0, 0.0, 205, 133, 63
L 606.0, -739.0, 0.0, 606.0, -736.0, 0.0, 205, 133, 63
L 606.0, -736.0, 0.0, 606.0, -734.0, 0.0, 205, 133, 63
L 621.0, -754.0, 0.0, 621.0, -801.0, 0.0, 0, 0, 0
L 612.0, -758.0, 0.0, 618.0, -758.0, 0.0, 205, 133, 63
L 618.0, -751.0, 0.0, 612.0, -751.0, 0.0, 205, 133, 63
L 609.0, -754.0, 0.0, 609.0, -751.0, 0.0, 0, 0, 0
L 621.0, -754.0, 0.0, 618.0, -754.0, 0.0, 205, 133, 63
L 612.0, -758.0, 0.0, 612.0, -754.0, 0.0, 205, 133, 63
L 612.0, -754.0, 0.0, 609.0, -754.0, 0.0, 205, 133, 63
L 612.0, -754.0, 0.0, 612.0, -751.0, 0.0, 205, 133, 63
L 618.0, -758.0, 0.0, 618.0, -754.0, 0.0, 205, 133, 63
L 618.0, -754.0, 0.0, 618.0, -751.0, 0.0, 205, 133, 63
L 905.0, -499.0, 0.0, 905.0, -523.0, 0.0, 0, 0, 0
L 905.0, -581.0, 0.0, 905.0, -606.0, 0.0, 0, 0, 0
L 903.0, -488.0, 0.0, 829.0, -488.0, 0.0, 0, 0, 0
L 901.0, -496.0, 0.0, 901.0, -490.0, 0.0, 205, 133, 63
L 905.0, -496.0, 0.0, 905.0, -490.0, 0.0, 205, 133, 63
L 903.0, -499.0, 0.0, 905.0, -499.0, 0.0, 0, 0, 0
L 903.0, -499.0, 0.0, 903.0, -496.0, 0.0, 205, 133, 63
L 905.0, -490.0, 0.0, 903.0, -490.0, 0.0, 205, 133, 63
L 903.0, -490.0, 0.0, 903.0, -488.0, 0.0, 205, 133, 63
L 903.0, -490.0, 0.0, 901.0, -490.0, 0.0, 205, 133, 63
L 901.0, -496.0, 0.0, 903.0, -496.0, 0.0, 205, 133, 63
L 903.0, -496.0, 0.0, 905.0, -496.0, 0.0, 205, 133, 63
L 903.0, -617.0, 0.0, 829.0, -617.0, 0.0, 0, 0, 0
L 901.0, -608.0, 0.0, 901.0, -614.0, 0.0, 205, 133, 63
L 905.0, -608.0, 0.0, 905.0, -614.0, 0.0, 205, 133, 63
L 901.0, -614.0, 0.0, 903.0, -614.0, 0.0, 205, 133, 63
L 901.0, -608.0, 0.0, 903.0, -608.0, 0.0, 205, 133, 63
L 903.0, -606.0, 0.0, 905.0, -606.0, 0.0, 0, 0, 0
L 903.0, -606.0, 0.0, 903.0, -608.0, 0.0, 205, 133, 63
L 903.0, -614.0, 0.0, 905.0, -614.0, 0.0, 205, 133, 63
L 903.0, -608.0, 0.0, 905.0, -608.0, 0.0, 205, 133, 63
L 903.0, -614.0, 0.0, 903.0, -617.0, 0.0, 205, 133, 63
L 773.0, -542.0, 0.0, 773.0, -548.0, 0.0, 0, 0, 0
L 773.0, -557.0, 0.0, 773.0, -563.0, 0.0, 0, 0, 0
L 767.0, -546.0, 0.0, 767.0, -548.0, 0.0, 0, 0, 0
L 767.0, -548.0, 0.0, 770.0, -548.0, 0.0, 0, 0, 0
L 773.0, -557.0, 0.0, 770.0, -557.0, 0.0, 0, 0, 0
L 767.0, -557.0, 0.0, 767.0, -559.0, 0.0, 0, 0, 0
L 767.0, -550.0, 0.0, 767.0, -554.0, 0.0, 205, 133, 63
L 773.0, -550.0, 0.0, 773.0, -554.0, 0.0, 205, 133, 63
L 770.0, -548.0, 0.0, 773.0, -548.0, 0.0, 0, 0, 0
L 770.0, -557.0, 0.0, 767.0, -557.0, 0.0, 0, 0, 0
L 770.0, -548.0, 0.0, 770.0, -550.0, 0.0, 205, 133, 63
L 773.0, -554.0, 0.0, 770.0, -554.0, 0.0, 205, 133, 63
L 770.0, -554.0, 0.0, 770.0, -557.0, 0.0, 205, 133, 63
L 770.0, -554.0, 0.0, 767.0, -554.0, 0.0, 205, 133, 63
L 767.0, -550.0, 0.0, 770.0, -550.0, 0.0, 205, 133, 63
L 770.0, -550.0, 0.0, 773.0, -550.0, 0.0, 205, 133, 63
L 598.0, -422.0, 14.0, 603.0, -422.0, 14.0, 205, 133, 63
L 603.0, -419.0, 14.0, 598.0, -419.0, 14.0, 205, 133, 63
L 606.0, -420.0, 14.0, 606.0, -419.0, 14.0, 0, 0, 0
L 596.0, -420.0, 14.0, 596.0, -419.0, 14.0, 0, 0, 0
L 606.0, -420.0, 14.0, 603.0, -420.0, 14.0, 205, 133, 63
L 598.0, -422.0, 14.0, 598.0, -420.0, 14.0, 205, 133, 63
L 598.0, -420.0, 14.0, 596.0, -420.0, 14.0, 205, 133, 63
L 598.0, -420.0, 14.0, 598.0, -419.0, 14.0, 205, 133, 63
L 603.0, -422.0, 14.0, 603.0, -420.0, 14.0, 205, 133, 63
L 603.0, -420.0, 14.0, 603.0, -419.0, 14.0, 205, 133, 63
L 915.0, -558.0, 0.0, 912.0, -553.5, 0.0, 255, 255, 0
L 915.0, -549.0, 0.0, 912.0, -553.5, 0.0, 255, 255, 0
L 912.0, -553.5, 0.0, 909.0, -549.0, 0.0, 255, 255, 0
L 912.0, -553.5, 0.0, 909.0, -558.0, 0.0, 255, 255, 0
L 348.0, -508.0, 0.0, 344.5, -503.5, 0.0, 255, 255, 0
L 348.0, -499.0, 0.0, 344.5, -503.5, 0.0, 255, 255, 0
L 344.5, -503.5, 0.0, 341.0, -499.0, 0.0, 255, 255, 0
L 344.5, -503.5, 0.0, 341.0, -508.0, 0.0, 255, 255, 0
L 541.0, -750.0, 0.0, 538.0, -745.5, 0.0, 255, 255, 0
L 541.0, -741.0, 0.0, 538.0, -745.5, 0.0, 255, 255, 0
L 538.0, -745.5, 0.0, 535.0, -741.0, 0.0, 255, 255, 0
L 538.0, -745.5, 0.0, 535.0, -750.0, 0.0, 255, 255, 0
L 616.0, -440.0, 27.0, 612.5, -435.5, 27.0, 255, 255, 0
L 616.0, -431.0, 27.0, 612.5, -435.5, 27.0, 255, 255, 0
L 612.5, -435.5, 27.0, 609.0, -431.0, 27.0, 255, 255, 0
L 612.5, -435.5, 27.0, 609.0, -440.0, 27.0, 255, 255, 0
L 606.0, -456.0, 27.0, 601.5, -452.5, 27.0, 255, 255, 0
L 606.0, -449.0, 27.0, 601.5, -452.5, 27.0, 255, 255, 0
L 601.5, -452.5, 27.0, 597.0, -449.0, 27.0, 255, 255, 0
L 601.5, -452.5, 27.0, 597.0, -456.0, 27.0, 255, 255, 0
L 593.0, -440.0, 27.0, 590.0, -435.5, 27.0, 255, 255, 0
L 593.0, -431.0, 27.0, 590.0, -435.5, 27.0, 255, 255, 0
L 590.0, -435.5, 27.0, 587.0, -431.0, 27.0, 255, 255, 0
L 590.0, -435.5, 27.0, 587.0, -440.0, 27.0, 255, 255, 0
L 757.1, -349.2, -14.0, 742.0, -363.0, -13.0, 150, 150, 150
L 757.1, -349.2, -14.0, 731.8, -350.1, -13.7, 150, 150, 150
L 731.8, -350.1, -13.7, 713.0, -363.0, -13.0, 150, 150, 150
L 630.3, -266.5, -4.5, 618.9, -280.0, -13.0, 0, 0, 0
L 630.3, -266.5, -4.5, 643.4, -266.8, -4.5, 0, 0, 0
L 643.4, -266.8, -4.5, 657.0, -280.0, -13.0, 0, 0, 0
L 384.7, -498.2, 0.0, 384.7, -509.4, 0.0, 0, 0, 0
L 805.6, -582.9, -4.0, 805.6, -563.0, -4.0, 150, 150, 150
L 805.6, -542.0, -4.0, 805.6, -522.7, -4.0, 150, 150, 150
L 805.6, -522.7, -4.0, 829.0, -522.7, -4.0, 150, 150, 150
L 842.0, -522.7, -4.0, 865.8, -522.7, -4.0, 150, 150, 150
L 865.8, -522.7, -4.0, 865.8, -582.9, -4.0, 150, 150, 150
L 865.8, -582.9, -4.0, 841.0, -582.9, -4.0, 150, 150, 150
L 829.2, -582.9, -4.0, 805.6, -582.9, -4.0, 150, 150, 150
L 855.5, -564.8, -4.0, 847.4, -572.7, -4.0, 150, 150, 150
L 788.0, -408.0, -8.0, 785.0, -408.0, -8.0, 205, 133, 63
L 785.0, -412.0, -8.0, 785.0, -405.0, -8.0, 205, 133, 63
L 780.0, -412.0, -8.0, 780.0, -408.0, -8.0, 205, 133, 63
L 780.0, -408.0, -8.0, 780.0, -405.0, -8.0, 205, 133, 63
L 780.0, -408.0, -8.0, 778.0, -408.0, -8.0, 205, 133, 63
L 876.8, -441.0, -8.0, 876.8, -422.7, -8.0, 205, 133, 63
L 872.5, -384.7, -8.0, 876.5, -384.7, -8.0, 205, 133, 63
L 876.5, -384.7, -8.0, 876.5, -377.0, -8.0, 205, 133, 63
L 848.0, -414.0, -8.0, 848.0, -411.0, -8.0, 205, 133, 63
L 840.0, -414.0, -8.0, 840.0, -411.0, -8.0, 0, 0, 0
L 851.0, -414.0, -8.0, 848.0, -414.0, -8.0, 205, 133, 63
L 848.0, -394.0, -8.0, 848.0, -391.0, -8.0, 205, 133, 63
L 842.0, -414.0, -8.0, 842.0, -411.0, -8.0, 205, 133, 63
L 848.0, -418.0, -8.0, 848.0, -414.0, -8.0, 205, 133, 63
L 780.0, -412.0, -8.0, 785.0, -412.0, -8.0, 205, 133, 63
L 785.0, -405.0, -8.0, 780.0, -405.0, -8.0, 205, 133, 63
L 842.0, -418.0, -8.0, 842.0, -414.0, -8.0, 205, 133, 63
L 842.0, -414.0, -8.0, 840.0, -414.0, -8.0, 205, 133, 63
L 840.0, -366.0, -8.0, 881.0, -366.0, -8.0, 0, 0, 0
L 883.0, -409.0, -8.0, 883.0, -411.0, -8.0, 0, 0, 0
L 883.0, -406.0, -8.0, 886.0, -406.0, -8.0, 205, 133, 63
L 886.0, -406.0, -8.0, 890.0, -406.0, -8.0, 205, 133, 63
L 886.0, -402.0, -8.0, 883.0, -402.0, -8.0, 205, 133, 63
L 811.0, -426.0, -8.0, 811.0, -398.0, -8.0, 0, 0, 0
L 886.0, -402.0, -8.0, 886.0, -400.0, -8.0, 205, 133, 63
L 840.0, -394.0, -8.0, 840.0, -366.0, -8.0, 0, 0, 0
L 848.0, -418.0, -8.0, 842.0, -418.0, -8.0, 205, 133, 63
L 842.0, -398.0, -8.0, 842.0, -394.0, -8.0, 205, 133, 63
L 866.8, -422.7, -8.0, 866.8, -418.7, -8.0, 205, 133, 63
L 842.0, -394.0, -8.0, 840.0, -394.0, -8.0, 205, 133, 63
L 842.0, -394.0, -8.0, 842.0, -391.0, -8.0, 205, 133, 63
L 851.0, -394.0, -8.0, 848.0, -394.0, -8.0, 205, 133, 63
L 848.0, -411.0, -8.0, 842.0, -411.0, -8.0, 205, 133, 63
L 876.8, -422.7, -8.0, 866.8, -422.7, -8.0, 205, 133, 63
L 848.0, -391.0, -8.0, 842.0, -391.0, -8.0, 205, 133, 63
L 848.0, -398.0, -8.0, 842.0, -398.0, -8.0, 205, 133, 63
L 917.0, -384.0, -8.0, 917.0, -425.0, -8.0, 0, 0, 0
L 811.0, -426.0, -8.0, 797.0, -426.0, -8.0, 0, 0, 0
L 851.0, -391.0, -8.0, 851.0, -398.0, -8.0, 0, 0, 0
L 797.0, -426.0, -8.0, 797.0, -412.0, -8.0, 0, 0, 0
L 797.0, -405.0, -8.0, 788.0, -405.0, -8.0, 0, 0, 0
L 770.0, -412.0, -8.0, 778.0, -412.0, -8.0, 0, 0, 0
L 848.0, -398.0, -8.0, 848.0, -394.0, -8.0, 205, 133, 63
L 881.0, -445.0, -8.0, 866.9, -445.0, -8.0, 0, 0, 0
L 778.0, -405.0, -8.0, 770.6, -405.0, -8.0, 0, 0, 0
L 825.0, -453.0, -8.0, 770.0, -453.0, -8.0, 0, 0, 0
L 851.0, -411.0, -8.0, 851.0, -418.0, -8.0, 0, 0, 0
L 851.0, -418.0, -8.0, 881.0, -418.0, -8.0, 0, 0, 0
L 881.0, -391.0, -8.0, 872.5, -391.0, -8.0, 0, 0, 0
L 770.0, -453.0, -8.0, 770.0, -412.0, -8.0, 0, 0, 0
L 825.0, -411.0, -8.0, 825.0, -453.0, -8.0, 0, 0, 0
L 883.0, -400.0, -8.0, 883.0, -398.0, -8.0, 0, 0, 0
L 778.0, -412.0, -8.0, 778.0, -405.0, -8.0, 0, 0, 0
L 788.0, -412.0, -8.0, 788.0, -405.0, -8.0, 0, 0, 0
L 889.0, -409.0, -8.0, 890.0, -409.0, -8.0, 0, 0, 0
L 890.0, -384.0, -8.0, 917.0, -384.0, -8.0, 0, 0, 0
L 788.0, -412.0, -8.0, 797.0, -412.0, -8.0, 0, 0, 0
L 883.0, -400.0, -8.0, 890.0, -400.0, -8.0, 0, 0, 0
L 890.0, -409.0, -8.0, 890.0, -425.0, -8.0, 0, 0, 0
L 851.0, -398.0, -8.0, 882.0, -398.0, -8.0, 0, 0, 0
L 882.0, -398.0, -8.0, 883.0, -398.0, -8.0, 0, 0, 0
L 881.0, -418.0, -8.0, 881.0, -445.0, -8.0, 0, 0, 0
L 883.0, -411.0, -8.0, 851.0, -411.0, -8.0, 0, 0, 0
L 872.0, -391.0, -8.0, 862.8, -391.0, -8.0, 0, 0, 0
L 840.0, -411.0, -8.0, 825.0, -411.0, -8.0, 0, 0, 0
L 840.0, -398.0, -8.0, 811.0, -398.0, -8.0, 0, 0, 0
L 917.0, -425.0, -8.0, 890.0, -425.0, -8.0, 0, 0, 0
L 840.0, -398.0, -8.0, 840.0, -394.0, -8.0, 0, 0, 0
L 883.0, -409.0, -8.0, 886.0, -409.0, -8.0, 0, 0, 0
L 890.0, -384.0, -8.0, 890.0, -400.0, -8.0, 0, 0, 0
L 881.0, -366.0, -8.0, 881.0, -391.0, -8.0, 0, 0, 0
L 840.0, -445.0, -8.0, 840.0, -414.0, -8.0, 0, 0, 0
L 876.8, -441.0, -8.0, 866.9, -440.9, -8.0, 205, 133, 63
L 796.8, -438.9, -8.0, 818.6, -438.9, -8.0, 205, 133, 63
L 802.6, -444.7, -8.0, 802.6, -452.9, -8.0, 205, 133, 63
L 818.6, -444.7, -8.0, 802.6, -444.7, -8.0, 205, 133, 63
L 818.6, -438.9, -8.0, 818.6, -444.7, -8.0, 205, 133, 63
L 872.5, -391.0, -8.0, 872.0, -391.0, -8.0, 0, 0, 0
L 872.5, -391.0, -8.0, 872.5, -384.7, -8.0, 205, 133, 63
L 886.0, -409.0, -8.0, 889.0, -409.0, -8.0, 0, 0, 0
L 886.0, -409.0, -8.0, 886.0, -406.0, -8.0, 205, 133, 63
L 883.0, -406.0, -8.0, 883.0, -402.0, -8.0, 205, 133, 63
L 876.5, -377.0, -8.0, 862.8, -377.0, -8.0, 205, 133, 63
L 890.0, -402.0, -8.0, 886.0, -402.0, -8.0, 205, 133, 63
L 890.0, -402.0, -8.0, 890.0, -406.0, -8.0, 205, 133, 63
L 796.8, -438.9, -8.0, 796.8, -452.9, -8.0, 205, 133, 63
L 862.8, -391.0, -8.0, 851.0, -391.0, -8.0, 0, 0, 0
L 862.8, -377.0, -8.0, 862.8, -391.0, -8.0, 205, 133, 63
L 770.6, -405.0, -8.0, 770.6, -393.5, -8.0, 0, 0, 0
L 866.9, -440.9, -8.0, 866.9, -445.0, -8.0, 205, 133, 63
L 866.9, -445.0, -8.0, 840.0, -445.0, -8.0, 0, 0, 0
L 797.0, -393.5, -8.0, 799.0, -390.2, -8.7, 0, 0, 0
L 770.6, -393.5, -8.0, 768.5, -390.2, -8.7, 0, 0, 0
L 788.4, -367.3, -14.0, 753.8, -367.3, -14.0, 150, 150, 150
L 788.4, -367.3, -14.0, 812.8, -367.3, -14.0, 150, 150, 150
L 770.6, -393.5, -8.0, 797.0, -393.5, -8.0, 150, 150, 150
L 797.0, -393.5, -8.0, 797.0, -405.0, -8.0, 0, 0, 0
L 762.2, -380.4, -11.0, 760.1, -377.1, -11.7, 0, 0, 0
L 804.9, -380.4, -11.0, 806.9, -377.1, -11.7, 0, 0, 0
L 762.2, -380.4, -11.0, 804.9, -380.4, -11.0, 150, 150, 150
L 808.9, -373.8, -12.5, 810.8, -370.5, -13.2, 0, 0, 0
L 758.0, -373.8, -12.5, 755.9, -370.5, -13.2, 0, 0, 0
L 808.9, -373.8, -12.5, 758.0, -373.8, -12.5, 150, 150, 150
L 766.4, -386.9, -9.5, 764.3, -383.6, -10.2, 0, 0, 0
L 801.0, -386.9, -9.5, 802.9, -383.6, -10.2, 0, 0, 0
L 766.4, -386.9, -9.5, 801.0, -386.9, -9.5, 150, 150, 150
L 802.9, -383.6, -10.2, 804.9, -380.4, -11.0, 0, 0, 0
L 764.3, -383.6, -10.2, 762.2, -380.4, -11.0, 0, 0, 0
L 802.9, -383.6, -10.2, 764.3, -383.6, -10.2, 150, 150, 150
L 799.0, -390.2, -8.7, 801.0, -386.9, -9.5, 0, 0, 0
L 768.5, -390.2, -8.7, 766.4, -386.9, -9.5, 0, 0, 0
L 799.0, -390.2, -8.7, 768.5, -390.2, -8.7, 150, 150, 150
L 806.9, -377.1, -11.7, 808.9, -373.8, -12.5, 0, 0, 0
L 760.1, -377.1, -11.7, 758.0, -373.8, -12.5, 0, 0, 0
L 806.9, -377.1, -11.7, 760.1, -377.1, -11.7, 150, 150, 150
L 755.9, -370.5, -13.2, 753.8, -367.3, -14.0, 0, 0, 0
L 810.8, -370.5, -13.2, 812.8, -367.3, -14.0, 0, 0, 0
L 755.9, -370.5, -13.2, 810.8, -370.5, -13.2, 150, 150, 150
L 618.9, -280.0, -13.0, 657.0, -280.0, -13.0, 150, 150, 150
L 543.0, -712.0, -11.0, 543.0, -671.0, -11.0, 150, 150, 150
L 573.0, -683.0, 0.0, 571.0, -683.0, 0.0, 0, 0, 0
L 571.0, -683.0, 0.0, 568.5, -682.2, 0.0, 0, 0, 0
L 568.0, -682.0, 0.0, 565.0, -681.0, 0.0, 0, 0, 0
L 568.5, -700.0, 0.0, 572.0, -699.0, 0.0, 0, 0, 0
L 568.5, -682.2, 0.0, 568.0, -682.0, 0.0, 0, 0, 0
L 568.5, -700.0, 0.0, 568.5, -682.2, 0.0, 150, 150, 150
L 554.0, -706.5, -5.5, 551.2, -707.9, -6.9, 0, 0, 0
L 554.0, -676.0, -5.5, 551.2, -674.8, -6.9, 0, 0, 0
L 554.0, -706.5, -5.5, 554.0, -676.0, -5.5, 150, 150, 150
L 548.5, -709.2, -8.2, 545.8, -710.6, -9.6, 0, 0, 0
L 548.5, -673.5, -8.2, 545.8, -672.2, -9.6, 0, 0, 0
L 548.5, -709.2, -8.2, 548.5, -673.5, -8.2, 150, 150, 150
L 559.5, -703.8, -2.8, 556.8, -705.1, -4.1, 0, 0, 0
L 559.5, -678.5, -2.8, 556.8, -677.2, -4.1, 0, 0, 0
L 559.5, -703.8, -2.8, 559.5, -678.5, -2.8, 150, 150, 150
L 565.0, -701.0, 0.0, 565.0, -681.0, 0.0, 150, 150, 150
L 562.2, -702.4, -1.4, 559.5, -703.8, -2.8, 0, 0, 0
L 562.2, -679.8, -1.4, 559.5, -678.5, -2.8, 0, 0, 0
L 562.2, -702.4, -1.4, 562.2, -679.8, -1.4, 150, 150, 150
L 556.8, -705.1, -4.1, 554.0, -706.5, -5.5, 0, 0, 0
L 556.8, -677.2, -4.1, 554.0, -676.0, -5.5, 0, 0, 0
L 556.8, -705.1, -4.1, 556.8, -677.2, -4.1, 150, 150, 150
L 551.2, -707.9, -6.9, 548.5, -709.2, -8.2, 0, 0, 0
L 551.2, -674.8, -6.9, 548.5, -673.5, -8.2, 0, 0, 0
L 551.2, -707.9, -6.9, 551.2, -674.8, -6.9, 150, 150, 150
L 545.8, -710.6, -9.6, 543.0, -712.0, -11.0, 0, 0, 0
L 545.8, -672.2, -9.6, 543.0, -671.0, -11.0, 0, 0, 0
L 545.8, -710.6, -9.6, 545.8, -672.2, -9.6, 150, 150, 150
L 442.9, -474.7, 0.0, 442.9, -482.7, 0.0, 0, 0, 0
L 425.0, -474.7, 0.0, 434.9, -474.7, 0.0, 0, 0, 0
L 396.7, -486.2, 0.0, 384.7, -498.2, 0.0, 0, 0, 0
L 384.7, -509.4, 0.0, 396.7, -521.4, 0.0, 0, 0, 0
L 442.9, -517.0, 0.0, 467.0, -517.0, 0.0, 0, 0, 0
L 414.0, -533.0, 0.0, 414.0, -546.0, 0.0, 0, 0, 0
L 414.0, -461.0, 0.0, 414.0, -474.7, 0.0, 0, 0, 0
L 425.0, -474.7, 0.0, 425.0, -450.0, 0.0, 0, 0, 0
L 467.0, -490.0, 0.0, 442.9, -490.0, 0.0, 0, 0, 0
L 425.0, -557.0, 0.0, 425.0, -533.0, 0.0, 0, 0, 0
L 442.9, -482.7, 0.0, 442.9, -490.0, 0.0, 0, 0, 0
L 442.9, -482.7, 0.0, 434.9, -482.7, 0.0, 150, 150, 150
L 434.9, -474.7, 0.0, 442.9, -474.7, 0.0, 0, 0, 0
L 434.9, -482.7, 0.0, 434.9, -474.7, 0.0, 150, 150, 150
L 396.7, -474.7, 0.0, 396.8, -482.7, 0.0, 0, 0, 0
L 404.8, -482.7, 0.0, 396.8, -482.7, 0.0, 150, 150, 150
L 404.8, -482.7, 0.0, 404.8, -474.7, 0.0, 150, 150, 150
L 396.7, -474.7, 0.0, 404.8, -474.7, 0.0, 0, 0, 0
L 404.8, -474.7, 0.0, 414.0, -474.7, 0.0, 0, 0, 0
L 396.7, -486.2, 0.0, 396.8, -482.7, 0.0, 0, 0, 0
L 442.9, -525.0, 0.0, 442.9, -533.0, 0.0, 0, 0, 0
L 434.9, -533.0, 0.0, 442.9, -533.0, 0.0, 0, 0, 0
L 434.9, -533.0, 0.0, 434.9, -525.0, 0.0, 150, 150, 150
L 442.9, -525.0, 0.0, 434.9, -525.0, 0.0, 150, 150, 150
L 434.9, -533.0, 0.0, 425.0, -533.0, 0.0, 0, 0, 0
L 442.9, -525.0, 0.0, 442.9, -517.0, 0.0, 0, 0, 0
L 396.7, -525.0, 0.0, 396.7, -533.0, 0.0, 0, 0, 0
L 396.7, -525.0, 0.0, 404.8, -525.0, 0.0, 150, 150, 150
L 396.7, -525.0, 0.0, 396.7, -521.4, 0.0, 0, 0, 0
L 404.8, -533.0, 0.0, 414.0, -533.0, 0.0, 0, 0, 0
L 397.6, -529.0, 0.0, 398.0, -530.6, 0.0, 0, 0, 0
L 398.0, -530.6, 0.0, 399.2, -531.7, 0.0, 0, 0, 0
L 399.2, -531.7, 0.0, 400.7, -532.1, 0.0, 0, 0, 0
L 400.7, -532.1, 0.0, 402.3, -531.7, 0.0, 0, 0, 0
L 402.3, -531.7, 0.0, 403.4, -530.6, 0.0, 0, 0, 0
L 403.4, -530.6, 0.0, 403.9, -529.0, 0.0, 0, 0, 0
L 403.9, -529.0, 0.0, 403.4, -527.4, 0.0, 0, 0, 0
L 403.4, -527.4, 0.0, 402.3, -526.3, 0.0, 0, 0, 0
L 402.3, -526.3, 0.0, 400.7, -525.9, 0.0, 0, 0, 0
L 400.7, -525.9, 0.0, 399.2, -526.3, 0.0, 0, 0, 0
L 399.2, -526.3, 0.0, 398.0, -527.4, 0.0, 0, 0, 0
L 398.0, -527.4, 0.0, 397.6, -529.0, 0.0, 0, 0, 0
L 396.7, -533.0, 0.0, 404.8, -533.0, 0.0, 0, 0, 0
L 404.8, -533.0, 0.0, 404.8, -525.0, 0.0, 150, 150, 150
L 403.5, -480.3, 0.0, 403.9, -478.7, 0.0, 0, 0, 0
L 398.0, -480.3, 0.0, 399.2, -481.4, 0.0, 0, 0, 0
L 400.7, -481.8, 0.0, 402.3, -481.4, 0.0, 0, 0, 0
L 402.3, -476.0, 0.0, 400.7, -475.6, 0.0, 0, 0, 0
L 402.3, -481.4, 0.0, 403.5, -480.3, 0.0, 0, 0, 0
L 403.5, -477.1, 0.0, 402.3, -476.0, 0.0, 0, 0, 0
L 400.7, -475.6, 0.0, 399.2, -476.0, 0.0, 0, 0, 0
L 399.2, -481.4, 0.0, 400.7, -481.8, 0.0, 0, 0, 0
L 403.9, -478.7, 0.0, 403.5, -477.1, 0.0, 0, 0, 0
L 399.2, -476.0, 0.0, 398.0, -477.1, 0.0, 0, 0, 0
L 398.0, -477.1, 0.0, 397.6, -478.7, 0.0, 0, 0, 0
L 397.6, -478.7, 0.0, 398.0, -480.3, 0.0, 0, 0, 0
L 436.2, -480.3, 0.0, 437.3, -481.4, 0.0, 0, 0, 0
L 441.6, -480.3, 0.0, 442.0, -478.7, 0.0, 0, 0, 0
L 437.3, -476.0, 0.0, 436.2, -477.1, 0.0, 0, 0, 0
L 440.5, -476.0, 0.0, 438.9, -475.6, 0.0, 0, 0, 0
L 440.5, -481.4, 0.0, 441.6, -480.3, 0.0, 0, 0, 0
L 437.3, -481.4, 0.0, 438.9, -481.8, 0.0, 0, 0, 0
L 442.0, -478.7, 0.0, 441.6, -477.1, 0.0, 0, 0, 0
L 438.9, -481.8, 0.0, 440.5, -481.4, 0.0, 0, 0, 0
L 435.8, -478.7, 0.0, 436.2, -480.3, 0.0, 0, 0, 0
L 436.2, -477.1, 0.0, 435.8, -478.7, 0.0, 0, 0, 0
L 441.6, -477.1, 0.0, 440.5, -476.0, 0.0, 0, 0, 0
L 438.9, -475.6, 0.0, 437.3, -476.0, 0.0, 0, 0, 0
L 435.8, -529.0, 0.0, 436.2, -530.6, 0.0, 0, 0, 0
L 440.5, -526.3, 0.0, 438.9, -525.9, 0.0, 0, 0, 0
L 441.6, -527.4, 0.0, 440.5, -526.3, 0.0, 0, 0, 0
L 437.4, -531.7, 0.0, 438.9, -532.1, 0.0, 0, 0, 0
L 438.9, -532.1, 0.0, 440.5, -531.7, 0.0, 0, 0, 0
L 440.5, -531.7, 0.0, 441.6, -530.6, 0.0, 0, 0, 0
L 441.6, -530.6, 0.0, 442.0, -529.0, 0.0, 0, 0, 0
L 442.0, -529.0, 0.0, 441.6, -527.4, 0.0, 0, 0, 0
L 438.9, -525.9, 0.0, 437.4, -526.3, 0.0, 0, 0, 0
L 437.4, -526.3, 0.0, 436.2, -527.4, 0.0, 0, 0, 0
L 436.2, -527.4, 0.0, 435.8, -529.0, 0.0, 0, 0, 0
L 436.2, -530.6, 0.0, 437.4, -531.7, 0.0, 0, 0, 0
L 434.9, -482.7, -4.0, 434.9, -525.0, -4.0, 150, 150, 150
L 434.9, -482.7, -4.0, 404.8, -482.7, -4.0, 150, 150, 150
L 404.8, -525.0, -4.0, 404.8, -482.7, -4.0, 150, 150, 150
L 404.8, -525.0, -4.0, 434.9, -525.0, -4.0, 150, 150, 150
L 414.0, -474.7, 0.0, 425.0, -474.7, 0.0, 150, 150, 150
L 404.8, -482.7, -4.0, 404.8, -480.7, -3.0, 150, 150, 150
L 396.8, -482.7, 0.0, 398.8, -482.7, -1.0, 150, 150, 150
L 396.7, -525.0, 0.0, 398.7, -525.0, -1.0, 150, 150, 150
L 404.8, -533.0, 0.0, 404.8, -531.0, -1.0, 150, 150, 150
L 434.9, -474.7, 0.0, 434.9, -476.7, -1.0, 150, 150, 150
L 434.9, -482.7, -4.0, 436.9, -482.7, -3.0, 150, 150, 150
L 434.9, -525.0, -4.0, 434.9, -527.0, -3.0, 150, 150, 150
L 442.9, -525.0, 0.0, 440.9, -525.0, -1.0, 150, 150, 150
L 414.0, -533.0, 0.0, 425.0, -533.0, 0.0, 150, 150, 150
L 434.9, -529.0, -2.0, 434.9, -531.0, -1.0, 150, 150, 150
L 404.8, -529.0, -2.0, 404.8, -527.0, -3.0, 150, 150, 150
L 434.9, -529.0, -2.0, 404.8, -529.0, -2.0, 150, 150, 150
L 434.9, -527.0, -3.0, 434.9, -529.0, -2.0, 150, 150, 150
L 404.8, -527.0, -3.0, 404.8, -525.0, -4.0, 150, 150, 150
L 434.9, -527.0, -3.0, 404.8, -527.0, -3.0, 150, 150, 150
L 404.8, -531.0, -1.0, 404.8, -529.0, -2.0, 150, 150, 150
L 434.9, -531.0, -1.0, 434.9, -533.0, 0.0, 150, 150, 150
L 404.8, -531.0, -1.0, 434.9, -531.0, -1.0, 150, 150, 150
L 404.8, -478.7, -2.0, 404.8, -476.7, -1.0, 150, 150, 150
L 434.9, -478.7, -2.0, 434.9, -480.7, -3.0, 150, 150, 150
L 404.8, -478.7, -2.0, 434.9, -478.7, -2.0, 150, 150, 150
L 434.9, -476.7, -1.0, 434.9, -478.7, -2.0, 150, 150, 150
L 404.8, -476.7, -1.0, 404.8, -474.7, 0.0, 150, 150, 150
L 434.9, -476.7, -1.0, 404.8, -476.7, -1.0, 150, 150, 150
L 404.8, -480.7, -3.0, 404.8, -478.7, -2.0, 150, 150, 150
L 434.9, -480.7, -3.0, 434.9, -482.7, -4.0, 150, 150, 150
L 404.8, -480.7, -3.0, 434.9, -480.7, -3.0, 150, 150, 150
L 442.9, -490.0, 0.0, 442.9, -517.0, 0.0, 150, 150, 150
L 438.9, -482.7, -2.0, 440.9, -482.7, -1.0, 150, 150, 150
L 438.9, -525.0, -2.0, 436.9, -525.0, -3.0, 150, 150, 150
L 438.9, -482.7, -2.0, 438.9, -525.0, -2.0, 150, 150, 150
L 436.9, -482.7, -3.0, 438.9, -482.7, -2.0, 150, 150, 150
L 436.9, -525.0, -3.0, 434.9, -525.0, -4.0, 150, 150, 150
L 436.9, -482.7, -3.0, 436.9, -525.0, -3.0, 150, 150, 150
L 440.9, -482.7, -1.0, 442.9, -482.7, 0.0, 150, 150, 150
L 440.9, -525.0, -1.0, 438.9, -525.0, -2.0, 150, 150, 150
L 440.9, -482.7, -1.0, 440.9, -525.0, -1.0, 150, 150, 150
L 396.7, -521.4, 0.0, 396.7, -486.2, 0.0, 150, 150, 150
L 400.7, -525.0, -2.0, 402.7, -525.0, -3.0, 150, 150, 150
L 400.8, -482.7, -2.0, 402.8, -482.7, -3.0, 150, 150, 150
L 400.7, -525.0, -2.0, 400.8, -482.7, -2.0, 150, 150, 150
L 402.8, -482.7, -3.0, 404.8, -482.7, -4.0, 150, 150, 150
L 402.7, -525.0, -3.0, 404.8, -525.0, -4.0, 150, 150, 150
L 402.8, -482.7, -3.0, 402.7, -525.0, -3.0, 150, 150, 150
L 398.7, -525.0, -1.0, 400.7, -525.0, -2.0, 150, 150, 150
L 398.8, -482.7, -1.0, 400.8, -482.7, -2.0, 150, 150, 150
L 398.7, -525.0, -1.0, 398.8, -482.7, -1.0, 150, 150, 150
L 829.0, -511.3, 0.0, 829.0, -488.0, 0.0, 0, 0, 0
L 829.0, -511.3, 0.0, 833.0, -511.3, 0.0, 205, 133, 63
L 833.0, -514.0, 0.0, 833.0, -508.7, 0.0, 205, 133, 63
L 833.0, -508.7, 0.0, 837.0, -508.7, 0.0, 205, 133, 63
L 837.0, -514.0, 0.0, 837.0, -511.3, 0.0, 205, 133, 63
L 837.0, -511.3, 0.0, 837.0, -508.7, 0.0, 205, 133, 63
L 841.0, -511.3, 0.0, 841.0, -499.0, 0.0, 0, 0, 0
L 837.0, -511.3, 0.0, 841.0, -511.3, 0.0, 205, 133, 63
L 829.0, -522.7, -4.0, 829.0, -520.5, -3.0, 150, 150, 150
L 842.0, -522.7, -4.0, 841.8, -520.5, -3.0, 150, 150, 150
L 829.0, -522.7, -4.0, 842.0, -522.7, -4.0, 150, 150, 150
L 829.0, -518.3, -2.0, 829.0, -516.2, -1.0, 150, 150, 150
L 841.5, -518.3, -2.0, 841.3, -516.2, -1.0, 150, 150, 150
L 829.0, -518.3, -2.0, 841.5, -518.3, -2.0, 150, 150, 150
L 829.0, -520.5, -3.0, 829.0, -518.3, -2.0, 150, 150, 150
L 841.8, -520.5, -3.0, 841.5, -518.3, -2.0, 150, 150, 150
L 829.0, -520.5, -3.0, 841.8, -520.5, -3.0, 150, 150, 150
L 829.0, -516.2, -1.0, 829.0, -514.0, 0.0, 150, 150, 150
L 841.3, -516.2, -1.0, 841.0, -514.0, 0.0, 0, 0, 0
L 829.0, -516.2, -1.0, 841.3, -516.2, -1.0, 150, 150, 150
L 833.0, -514.0, 0.0, 837.0, -514.0, 0.0, 205, 133, 63
L 796.0, -514.0, 0.0, 796.0, -522.0, 0.0, 0, 0, 0
L 796.0, -563.0, 0.0, 773.0, -563.0, 0.0, 0, 0, 0
L 796.0, -542.0, 0.0, 796.0, -563.0, 0.0, 150, 150, 150
L 796.0, -563.0, 0.0, 796.0, -583.0, 0.0, 0, 0, 0
L 796.0, -591.0, 0.0, 804.0, -591.0, 0.0, 0, 0, 0
L 805.6, -542.0, -4.0, 803.2, -542.0, -3.0, 150, 150, 150
L 805.6, -563.0, -4.0, 803.2, -563.0, -3.0, 150, 150, 150
L 805.6, -563.0, -4.0, 805.6, -542.0, -4.0, 150, 150, 150
L 800.8, -563.0, -2.0, 798.4, -563.0, -1.0, 150, 150, 150
L 800.8, -542.0, -2.0, 798.4, -542.0, -1.0, 150, 150, 150
L 800.8, -563.0, -2.0, 800.8, -542.0, -2.0, 150, 150, 150
L 803.2, -563.0, -3.0, 800.8, -563.0, -2.0, 150, 150, 150
L 803.2, -542.0, -3.0, 800.8, -542.0, -2.0, 150, 150, 150
L 803.2, -563.0, -3.0, 803.2, -542.0, -3.0, 150, 150, 150
L 798.4, -563.0, -1.0, 796.0, -563.0, 0.0, 150, 150, 150
L 798.4, -542.0, -1.0, 796.0, -542.0, 0.0, 150, 150, 150
L 798.4, -563.0, -1.0, 798.4, -542.0, -1.0, 150, 150, 150
L 841.0, -582.9, -4.0, 841.0, -584.9, -3.0, 150, 150, 150
L 829.2, -582.9, -4.0, 829.1, -584.9, -3.0, 150, 150, 150
L 829.0, -591.0, 0.0, 841.0, -591.0, 0.0, 150, 150, 150
L 841.0, -582.9, -4.0, 829.2, -582.9, -4.0, 150, 150, 150
L 829.1, -586.9, -2.0, 829.0, -589.0, -1.0, 150, 150, 150
L 841.0, -586.9, -2.0, 841.0, -589.0, -1.0, 150, 150, 150
L 829.1, -586.9, -2.0, 841.0, -586.9, -2.0, 150, 150, 150
L 829.0, -589.0, -1.0, 829.0, -591.0, 0.0, 150, 150, 150
L 841.0, -589.0, -1.0, 841.0, -591.0, 0.0, 150, 150, 150
L 829.0, -589.0, -1.0, 841.0, -589.0, -1.0, 150, 150, 150
L 829.1, -584.9, -3.0, 829.1, -586.9, -2.0, 150, 150, 150
L 841.0, -584.9, -3.0, 841.0, -586.9, -2.0, 150, 150, 150
L 829.1, -584.9, -3.0, 841.0, -584.9, -3.0, 150, 150, 150
L 855.5, -564.8, -4.0, 855.5, -552.5, -4.0, 150, 150, 150
L 835.5, -572.7, 0.0, 841.5, -572.7, 0.0, 150, 150, 150
L 847.4, -572.7, -4.0, 835.5, -572.7, -4.0, 150, 150, 150
L 855.5, -558.6, 0.0, 855.5, -552.5, 0.0, 150, 150, 150
L 841.5, -572.7, 0.0, 855.5, -558.6, 0.0, 150, 150, 150
L 847.4, -572.7, -4.0, 845.9, -572.7, -3.0, 150, 150, 150
L 855.5, -564.8, -4.0, 855.5, -563.2, -3.0, 150, 150, 150
L 855.5, -561.7, -2.0, 855.5, -560.2, -1.0, 150, 150, 150
L 844.4, -572.7, -2.0, 842.9, -572.7, -1.0, 150, 150, 150
L 855.5, -561.7, -2.0, 844.4, -572.7, -2.0, 150, 150, 150
L 842.9, -572.7, -1.0, 841.5, -572.7, 0.0, 150, 150, 150
L 855.5, -560.2, -1.0, 855.5, -558.6, 0.0, 150, 150, 150
L 842.9, -572.7, -1.0, 855.5, -560.2, -1.0, 150, 150, 150
L 845.9, -572.7, -3.0, 844.4, -572.7, -2.0, 150, 150, 150
L 855.5, -563.2, -3.0, 855.5, -561.7, -2.0, 150, 150, 150
L 845.9, -572.7, -3.0, 855.5, -563.2, -3.0, 150, 150, 150
L 815.5, -561.7, -2.0, 815.5, -560.2, -1.0, 150, 150, 150
L 826.6, -572.7, -2.0, 828.1, -572.7, -1.0, 150, 150, 150
L 829.6, -572.7, -0.0, 815.5, -558.6, -0.0, 150, 150, 150
L 823.6, -572.7, -4.0, 825.1, -572.7, -3.0, 150, 150, 150
L 815.5, -564.8, -4.0, 815.5, -563.2, -3.0, 150, 150, 150
L 823.6, -572.7, -4.0, 835.5, -572.7, -4.0, 150, 150, 150
L 828.1, -572.7, -1.0, 815.5, -560.2, -1.0, 150, 150, 150
L 815.5, -564.8, -4.0, 823.6, -572.7, -4.0, 150, 150, 150
L 825.1, -572.7, -3.0, 826.6, -572.7, -2.0, 150, 150, 150
L 835.5, -572.7, 0.0, 829.6, -572.7, -0.0, 150, 150, 150
L 815.5, -561.7, -2.0, 826.6, -572.7, -2.0, 150, 150, 150
L 815.5, -563.2, -3.0, 815.5, -561.7, -2.0, 150, 150, 150
L 825.1, -572.7, -3.0, 815.5, -563.2, -3.0, 150, 150, 150
L 828.1, -572.7, -1.0, 829.6, -572.7, -0.0, 150, 150, 150
L 815.5, -564.8, -4.0, 815.5, -552.5, -4.0, 150, 150, 150
L 815.5, -558.6, -0.0, 815.5, -552.5, -0.0, 150, 150, 150
L 815.5, -560.2, -1.0, 815.5, -558.6, -0.0, 150, 150, 150
L 841.5, -532.3, 0.0, 855.5, -546.4, 0.0, 150, 150, 150
L 855.5, -546.4, 0.0, 855.5, -552.5, 0.0, 150, 150, 150
L 855.5, -540.2, -4.0, 847.4, -532.3, -4.0, 150, 150, 150
L 855.5, -540.2, -4.0, 855.5, -552.5, -4.0, 150, 150, 150
L 847.4, -532.3, -4.0, 845.9, -532.3, -3.0, 150, 150, 150
L 855.5, -540.2, -4.0, 855.5, -541.8, -3.0, 150, 150, 150
L 835.5, -532.3, 0.0, 841.5, -532.3, 0.0, 150, 150, 150
L 828.1, -532.3, -1.0, 829.6, -532.3, -0.0, 150, 150, 150
L 815.5, -541.8, -3.0, 815.5, -543.3, -2.0, 150, 150, 150
L 845.9, -532.3, -3.0, 844.4, -532.3, -2.0, 150, 150, 150
L 825.1, -532.3, -3.0, 815.5, -541.8, -3.0, 150, 150, 150
L 815.5, -543.3, -2.0, 826.6, -532.3, -2.0, 150, 150, 150
L 855.5, -543.3, -2.0, 855.5, -544.8, -1.0, 150, 150, 150
L 844.4, -532.3, -2.0, 842.9, -532.3, -1.0, 150, 150, 150
L 842.9, -532.3, -1.0, 841.5, -532.3, 0.0, 150, 150, 150
L 815.5, -546.4, -0.0, 815.5, -552.5, -0.0, 150, 150, 150
L 842.9, -532.3, -1.0, 855.5, -544.8, -1.0, 150, 150, 150
L 855.5, -543.3, -2.0, 844.4, -532.3, -2.0, 150, 150, 150
L 847.4, -532.3, -4.0, 835.5, -532.3, -4.0, 150, 150, 150
L 815.5, -540.2, -4.0, 815.5, -552.5, -4.0, 150, 150, 150
L 815.5, -544.8, -1.0, 815.5, -546.4, -0.0, 150, 150, 150
L 829.6, -532.3, -0.0, 815.5, -546.4, -0.0, 150, 150, 150
L 845.9, -532.3, -3.0, 855.5, -541.8, -3.0, 150, 150, 150
L 815.5, -540.2, -4.0, 823.6, -532.3, -4.0, 150, 150, 150
L 835.5, -532.3, 0.0, 829.6, -532.3, -0.0, 150, 150, 150
L 855.5, -544.8, -1.0, 855.5, -546.4, 0.0, 150, 150, 150
L 823.6, -532.3, -4.0, 825.1, -532.3, -3.0, 150, 150, 150
L 825.1, -532.3, -3.0, 826.6, -532.3, -2.0, 150, 150, 150
L 828.1, -532.3, -1.0, 815.5, -544.8, -1.0, 150, 150, 150
L 815.5, -543.3, -2.0, 815.5, -544.8, -1.0, 150, 150, 150
L 826.6, -532.3, -2.0, 828.1, -532.3, -1.0, 150, 150, 150
L 823.6, -532.3, -4.0, 835.5, -532.3, -4.0, 150, 150, 150
L 855.5, -541.8, -3.0, 855.5, -543.3, -2.0, 150, 150, 150
L 815.5, -540.2, -4.0, 815.5, -541.8, -3.0, 150, 150, 150
L 866.9, -518.0, 0.0, 867.3, -519.6, 0.0, 0, 0, 0
L 870.0, -521.1, 0.0, 871.6, -520.7, 0.0, 0, 0, 0
L 873.1, -518.0, 0.0, 872.7, -516.4, 0.0, 0, 0, 0
L 871.6, -520.7, 0.0, 872.7, -519.6, 0.0, 0, 0, 0
L 874.0, -522.0, 0.0, 866.0, -522.0, 0.0, 150, 150, 150
L 868.5, -520.7, 0.0, 870.0, -521.1, 0.0, 0, 0, 0
L 870.0, -514.9, 0.0, 868.5, -515.3, 0.0, 0, 0, 0
L 866.0, -514.0, 0.0, 874.0, -514.0, 0.0, 0, 0, 0
L 872.7, -516.4, 0.0, 871.6, -515.3, 0.0, 0, 0, 0
L 866.0, -522.0, 0.0, 866.0, -514.0, 0.0, 150, 150, 150
L 867.3, -519.6, 0.0, 868.5, -520.7, 0.0, 0, 0, 0
L 872.7, -519.6, 0.0, 873.1, -518.0, 0.0, 0, 0, 0
L 871.6, -515.3, 0.0, 870.0, -514.9, 0.0, 0, 0, 0
L 874.0, -514.0, 0.0, 874.0, -522.0, 0.0, 0, 0, 0
L 868.5, -515.3, 0.0, 867.3, -516.4, 0.0, 0, 0, 0
L 867.3, -516.4, 0.0, 866.9, -518.0, 0.0, 0, 0, 0
L 868.4, -589.7, 0.0, 870.0, -590.1, 0.0, 0, 0, 0
L 873.1, -587.0, 0.0, 872.7, -585.4, 0.0, 0, 0, 0
L 866.9, -587.0, 0.0, 867.3, -588.6, 0.0, 0, 0, 0
L 870.0, -590.1, 0.0, 871.5, -589.7, 0.0, 0, 0, 0
L 871.5, -589.7, 0.0, 872.7, -588.6, 0.0, 0, 0, 0
L 870.0, -583.9, 0.0, 868.4, -584.3, 0.0, 0, 0, 0
L 866.0, -583.0, 0.0, 874.0, -583.0, 0.0, 150, 150, 150
L 866.0, -591.0, 0.0, 866.0, -583.0, 0.0, 150, 150, 150
L 867.3, -588.6, 0.0, 868.4, -589.7, 0.0, 0, 0, 0
L 872.7, -585.4, 0.0, 871.5, -584.3, 0.0, 0, 0, 0
L 872.7, -588.6, 0.0, 873.1, -587.0, 0.0, 0, 0, 0
L 871.5, -584.3, 0.0, 870.0, -583.9, 0.0, 0, 0, 0
L 874.0, -583.0, 0.0, 874.0, -591.0, 0.0, 0, 0, 0
L 868.4, -584.3, 0.0, 867.3, -585.4, 0.0, 0, 0, 0
L 867.3, -585.4, 0.0, 866.9, -587.0, 0.0, 0, 0, 0
L 866.0, -591.0, 0.0, 874.0, -591.0, 0.0, 0, 0, 0
L 803.1, -587.0, 0.0, 802.7, -585.4, 0.0, 0, 0, 0
L 798.4, -589.7, 0.0, 800.0, -590.1, 0.0, 0, 0, 0
L 802.7, -588.6, 0.0, 803.1, -587.0, 0.0, 0, 0, 0
L 800.0, -590.1, 0.0, 801.5, -589.7, 0.0, 0, 0, 0
L 801.5, -589.7, 0.0, 802.7, -588.6, 0.0, 0, 0, 0
L 802.7, -585.4, 0.0, 801.5, -584.3, 0.0, 0, 0, 0
L 801.5, -584.3, 0.0, 800.0, -583.9, 0.0, 0, 0, 0
L 800.0, -583.9, 0.0, 798.4, -584.3, 0.0, 0, 0, 0
L 798.4, -584.3, 0.0, 797.3, -585.4, 0.0, 0, 0, 0
L 797.3, -585.4, 0.0, 796.9, -587.0, 0.0, 0, 0, 0
L 796.9, -587.0, 0.0, 797.3, -588.6, 0.0, 0, 0, 0
L 797.3, -588.6, 0.0, 798.4, -589.7, 0.0, 0, 0, 0
L 796.0, -583.0, 0.0, 804.0, -583.0, 0.0, 150, 150, 150
L 804.0, -583.0, 0.0, 804.0, -591.0, 0.0, 150, 150, 150
L 796.0, -583.0, 0.0, 796.0, -591.0, 0.0, 0, 0, 0
L 804.0, -591.0, 0.0, 829.0, -591.0, 0.0, 0, 0, 0
L 796.9, -518.0, 0.0, 797.3, -519.6, 0.0, 0, 0, 0
L 803.1, -518.0, 0.0, 802.7, -516.4, 0.0, 0, 0, 0
L 798.4, -520.7, 0.0, 800.0, -521.1, 0.0, 0, 0, 0
L 800.0, -514.9, 0.0, 798.4, -515.3, 0.0, 0, 0, 0
L 801.5, -515.3, 0.0, 800.0, -514.9, 0.0, 0, 0, 0
L 800.0, -521.1, 0.0, 801.5, -520.7, 0.0, 0, 0, 0
L 802.7, -516.4, 0.0, 801.5, -515.3, 0.0, 0, 0, 0
L 797.3, -516.4, 0.0, 796.9, -518.0, 0.0, 0, 0, 0
L 797.3, -519.6, 0.0, 798.4, -520.7, 0.0, 0, 0, 0
L 801.5, -520.7, 0.0, 802.7, -519.6, 0.0, 0, 0, 0
L 802.7, -519.6, 0.0, 803.1, -518.0, 0.0, 0, 0, 0
L 798.4, -515.3, 0.0, 797.3, -516.4, 0.0, 0, 0, 0
L 804.0, -514.0, 0.0, 804.0, -522.0, 0.0, 150, 150, 150
L 804.0, -522.0, 0.0, 796.0, -522.0, 0.0, 150, 150, 150
L 804.0, -514.0, 0.0, 796.0, -514.0, 0.0, 0, 0, 0
L 796.0, -522.0, 0.0, 796.0, -542.0, 0.0, 0, 0, 0
L 866.0, -514.0, 0.0, 841.0, -514.0, 0.0, 0, 0, 0
L 874.0, -522.0, 0.0, 874.0, -583.0, 0.0, 0, 0, 0
