L 382.0, 60.0, 14.0, 405.0, 60.0, 14.0, 0, 204, 0
L 382.0, 83.0, 14.0, 382.0, 60.0, 14.0, 0, 204, 0
L 403.0, 83.0, 14.0, 382.0, 83.0, 14.0, 0, 204, 0
L 403.0, 86.0, 14.0, 403.0, 100.0, 14.0, 0, 204, 0
L 382.0, 86.0, 14.0, 403.0, 86.0, 14.0, 0, 204, 0
L 382.0, 109.0, 14.0, 382.0, 86.0, 14.0, 0, 204, 0
L 417.0, 109.0, 14.0, 404.0, 109.0, 14.0, 0, 204, 0
L 417.0, 44.0, 14.0, 417.0, 109.0, 14.0, 0, 204, 0
L 392.0, 57.0, 0.0, 392.0, 44.0, 0.0, 150, 150, 150
L 405.0, 57.0, 14.0, 403.0, 57.0, 12.0, 0, 204, 0
L 714.0, -349.0, -13.0, 727.0, -350.0, -13.0, 199, 21, 133
L 375.0, -151.0, 14.0, 375.0, -183.0, 14.0, 0, 204, 0
L 389.0, -165.0, 14.0, 378.0, -165.0, 14.0, 0, 204, 0
L 389.0, -142.0, 14.0, 389.0, -165.0, 14.0, 0, 204, 0
L 361.0, -165.0, 14.0, 340.0, -165.0, 14.0, 0, 204, 0
L 363.0, -184.0, 14.0, 363.0, -151.0, 14.0, 0, 204, 0
L 389.0, -193.0, 14.0, 362.0, -193.0, 14.0, 0, 204, 0
L 431.0, -111.0, 14.0, 431.0, -115.0, 14.0, 205, 133, 63
L 443.0, -111.0, 14.0, 431.0, -111.0, 14.0, 205, 133, 63
L 443.0, -100.0, 14.0, 443.0, -111.0, 14.0, 205, 133, 63
L 408.0, -100.0, 14.0, 443.0, -100.0, 14.0, 0, 204, 0
L 408.0, -151.0, 14.0, 408.0, -100.0, 14.0, 0, 204, 0
L 459.0, -151.0, 14.0, 408.0, -151.0, 14.0, 0, 204, 0
L 459.0, -86.0, 14.0, 459.0, -151.0, 14.0, 0, 204, 0
L 237.0, -84.0, 0.0, 321.0, -84.0, 0.0, 0, 0, 0
L 237.0, -55.0, 0.0, 237.0, -84.0, 0.0, 0, 0, 0
L 248.0, -44.0, 0.0, 237.0, -55.0, 0.0, 0, 0, 0
L 627.0, -98.0, 44.0, 623.0, -98.0, 42.0, 0, 204, 0
L -265.0, -55.0, 0.0, -207.0, -55.0, 0.0, 0, 0, 0
L -154.0, -55.0, 0.0, -154.0, 14.0, 0.0, 0, 0, 0
L -154.0, 14.0, 0.0, -112.0, 14.0, 0.0, 0, 0, 0
L -112.0, 14.0, 0.0, -112.0, 18.0, 0.0, 0, 0, 0
L -112.0, 18.0, 0.0, -107.0, 18.0, 0.0, 0, 0, 0
L -107.0, 18.0, 0.0, -107.0, 14.0, 0.0, 0, 0, 0
L -107.0, 14.0, 0.0, -83.0, -13.0, 0.0, 0, 0, 0
L -83.0, -13.0, 0.0, -27.0, -41.0, 0.0, 0, 0, 0
L -27.0, -41.0, 0.0, 14.0, -41.0, 0.0, 0, 0, 0
L 14.0, -41.0, 0.0, 42.0, -55.0, 0.0, 0, 0, 0
L 42.0, -55.0, 0.0, 41.0, -42.0, 0.0, 0, 0, 0
L 41.0, -42.0, 0.0, 55.0, -22.0, 0.0, 0, 0, 0
L 55.0, -22.0, 0.0, 55.0, -17.0, 0.0, 0, 0, 0
L 55.0, 21.0, 0.0, 41.0, 27.0, 0.0, 0, 0, 0
L 41.0, 27.0, 0.0, 13.0, 36.0, 0.0, 0, 0, 0
L 14.0, 41.0, 0.0, -28.0, 27.0, 0.0, 0, 0, 0
L -28.0, 27.0, 0.0, -70.0, 41.0, 0.0, 0, 0, 0
L -70.0, 41.0, 0.0, -107.0, 41.0, 0.0, 0, 0, 0
L -107.0, 41.0, 0.0, -107.0, 37.0, 0.0, 0, 0, 0
L -107.0, 37.0, 0.0, -112.0, 37.0, 0.0, 0, 0, 0
L -112.0, 37.0, 0.0, -112.0, 41.0, 0.0, 0, 0, 0
L -112.0, 41.0, 0.0, -181.0, 41.0, 0.0, 0, 0, 0
L -181.0, 41.0, 0.0, -181.0, -28.0, 0.0, 0, 0, 0
L -207.0, -55.0, 0.0, -154.0, -55.0, 0.0, 0, 0, 0
L 55.0, 17.0, 0.0, 55.0, 21.0, 0.0, 0, 0, 0
L 55.0, 17.0, 0.0, 59.0, 13.0, 0.0, 139, 69, 19
L 59.0, 13.0, 0.0, 158.0, 13.0, 0.0, 139, 69, 19
L 158.0, 13.0, 0.0, 158.0, 27.0, 0.0, 0, 0, 0
L 158.0, 27.0, 0.0, 170.0, 27.0, 0.0, 0, 0, 0
L 170.0, 27.0, 0.0, 170.0, 55.0, 0.0, 0, 0, 0
L 170.0, 55.0, 0.0, 175.0, 55.0, 0.0, 0, 0, 0
L 175.0, 55.0, 0.0, 175.0, 27.0, 0.0, 0, 0, 0
L 175.0, 27.0, 0.0, 182.0, 27.0, 0.0, 0, 0, 0
L 182.0, 27.0, 0.0, 196.0, 41.0, 0.0, 0, 0, 0
L 196.0, 41.0, 0.0, 196.0, 55.0, 0.0, 0, 0, 0
L 196.0, 55.0, 0.0, 224.0, 84.0, 0.0, 0, 0, 0
L 224.0, 84.0, 0.0, 224.0, 111.0, 0.0, 0, 0, 0
L 224.0, 111.0, 0.0, 238.0, 125.0, 0.0, 0, 0, 0
L 238.0, 125.0, 0.0, 319.0, 123.0, 0.0, 0, 0, 0
L 319.0, 123.0, 0.0, 321.0, 123.0, 0.0, 0, 0, 0
L 361.0, 123.0, 0.0, 361.0, 62.0, 0.0, 0, 0, 0
L 361.0, 62.0, 0.0, 361.0, 44.0, 0.0, 0, 0, 0
L 361.0, 44.0, 0.0, 338.0, 44.0, 0.0, 0, 0, 0
L 338.0, 44.0, 0.0, 338.0, 61.0, 0.0, 0, 0, 0
L 338.0, 61.0, 0.0, 350.0, 61.0, 0.0, 0, 0, 0
L 350.0, 61.0, 0.0, 350.0, 62.0, 0.0, 0, 0, 0
L 350.0, 64.0, 0.0, 338.0, 64.0, 0.0, 0, 0, 0
L 338.0, 64.0, 0.0, 338.0, 100.0, 0.0, 0, 0, 0
L 336.0, 109.0, 0.0, 345.0, 109.0, 0.0, 205, 133, 63
L 345.0, 109.0, 0.0, 345.0, 91.0, 0.0, 205, 133, 63
L 345.0, 91.0, 0.0, 350.0, 91.0, 0.0, 205, 133, 63
L 350.0, 91.0, 0.0, 350.0, 114.0, 0.0, 205, 133, 63
L 350.0, 114.0, 0.0, 331.0, 114.0, 0.0, 205, 133, 63
L 331.0, 114.0, 0.0, 331.0, 100.0, 0.0, 205, 133, 63
L 331.0, 100.0, 0.0, 324.0, 100.0, 0.0, 0, 0, 0
L 324.0, 100.0, 0.0, 324.0, 114.0, 0.0, 0, 0, 0
L 324.0, 114.0, 0.0, 321.0, 114.0, 0.0, 0, 0, 0
L 321.0, 111.0, 0.0, 321.0, 97.0, 0.0, 0, 0, 0
L 321.0, 97.0, 0.0, 335.0, 97.0, 0.0, 0, 0, 0
L 335.0, 97.0, 0.0, 335.0, 41.0, 0.0, 0, 0, 0
L 420.0, 41.0, 0.0, 420.0, 83.0, 0.0, 0, 0, 0
L 420.0, 83.0, 0.0, 448.0, 83.0, 0.0, 0, 0, 0
L 448.0, 83.0, 0.0, 448.0, 97.0, 0.0, 0, 0, 0
L 450.0, 100.0, 0.0, 446.0, 100.0, 0.0, 0, 0, 0
L 443.0, 100.0, 0.0, 443.0, 86.0, 0.0, 0, 0, 0
L 443.0, 86.0, 0.0, 417.0, 86.0, 0.0, 0, 0, 0
L 405.0, 86.0, 0.0, 405.0, 69.0, 0.0, 205, 133, 63
L 405.0, 69.0, 0.0, 410.0, 69.0, 0.0, 205, 133, 63
L 410.0, 69.0, 0.0, 410.0, 81.0, 0.0, 205, 133, 63
L 410.0, 81.0, 0.0, 417.0, 81.0, 0.0, 205, 133, 63
L 417.0, 81.0, 0.0, 417.0, 60.0, 0.0, 0, 0, 0
L 417.0, 60.0, 0.0, 391.0, 60.0, 0.0, 0, 0, 0
L 392.0, 44.0, 0.0, 380.0, 44.0, 0.0, 0, 0, 0
L 380.0, 44.0, 0.0, 380.0, 109.0, 0.0, 0, 0, 0
L 380.0, 109.0, 0.0, 446.0, 109.0, 0.0, 0, 0, 0
L 450.0, 109.0, 0.0, 461.0, 111.0, 0.0, 0, 0, 0
L 461.0, 111.0, 0.0, 475.0, 115.0, 0.0, 0, 0, 0
L 475.0, 115.0, 0.0, 475.0, 111.0, 0.0, 0, 0, 0
L 475.0, 111.0, 0.0, 503.0, 41.0, 0.0, 0, 0, 0
L 503.0, 41.0, 0.0, 531.0, 27.0, 0.0, 0, 0, 0
L 531.0, 27.0, 0.0, 539.0, 9.0, 0.0, 0, 0, 0
L 539.0, 9.0, 0.0, 553.0, 11.0, 0.0, 0, 0, 0
L 553.0, 11.0, 0.0, 560.0, 27.0, 0.0, 0, 0, 0
L 560.0, 27.0, 0.0, 574.0, 69.0, 0.0, 0, 0, 0
L 574.0, 69.0, 0.0, 579.0, 69.0, 0.0, 0, 0, 0
L 616.0, 75.0, -13.0, 629.0, 87.0, -13.0, 0, 0, 0
L 629.0, 87.0, -13.0, 633.0, 81.0, -13.0, 0, 0, 0
L 633.0, 81.0, -13.0, 653.0, 81.0, -13.0, 0, 0, 0
L 653.0, 81.0, -13.0, 657.0, 87.0, -13.0, 0, 0, 0
L 657.0, 87.0, -13.0, 671.0, 83.0, -13.0, 0, 0, 0
L 671.0, 83.0, -13.0, 684.0, 70.0, -13.0, 0, 0, 0
L 685.0, -237.0, -20.0, 671.0, -237.0, -13.0, 150, 150, 150
L 671.0, -237.0, -13.0, 643.0, -209.0, -13.0, 150, 150, 150
L 643.0, -209.0, -13.0, 629.0, -181.0, -13.0, 150, 150, 150
L 629.0, -181.0, -13.0, 643.0, -154.0, -13.0, 150, 150, 150
L 713.0, -265.0, -21.0, 727.0, -251.0, -26.0, 0, 0, 0
L 713.0, -266.0, -13.0, 685.0, -307.0, -13.0, 0, 0, 0
L 685.0, -307.0, -13.0, 685.0, -322.0, -13.0, 0, 0, 0
L 685.0, -322.0, -13.0, 727.0, -322.0, -13.0, 0, 0, 0
L 727.0, -322.0, -13.0, 727.0, -377.0, -13.0, 0, 0, 0
L 714.0, -364.0, -13.0, 713.0, -335.0, -13.0, 0, 0, 0
L 713.0, -335.0, -13.0, 672.0, -335.0, -13.0, 0, 0, 0
L 672.0, -335.0, -13.0, 672.0, -307.0, -13.0, 0, 0, 0
L 672.0, -307.0, -13.0, 658.0, -293.0, -13.0, 0, 0, 0
L 658.0, -293.0, -13.0, 658.0, -249.0, -13.0, 0, 0, 0
L 655.0, -249.0, -13.0, 655.0, -251.0, -13.0, 0, 0, 0
L 655.0, -289.0, -13.0, 608.0, -289.0, -13.0, 0, 0, 0
L 608.0, -289.0, -13.0, 608.0, -264.0, -13.0, 0, 0, 0
L 608.0, -264.0, -13.0, 608.0, -259.0, -13.0, 0, 0, 0
L 608.0, -264.0, -13.0, 634.0, -264.0, -13.0, 205, 133, 63
L 608.0, -259.0, -13.0, 608.0, -254.0, -13.0, 0, 0, 0
L 608.0, -254.0, -13.0, 646.0, -254.0, -13.0, 0, 0, 0
L 588.0, -238.0, -13.0, 613.0, -230.0, -13.0, 0, 0, 0
L 613.0, -230.0, -13.0, 624.0, -209.0, -13.0, 0, 0, 0
L 624.0, -209.0, -13.0, 614.0, -193.0, -13.0, 0, 0, 0
L 614.0, -193.0, -13.0, 589.0, -182.0, -13.0, 0, 0, 0
L 589.0, -182.0, -13.0, 612.0, -182.0, -13.0, 0, 0, 0
L 612.0, -182.0, -13.0, 612.0, -168.0, -13.0, 0, 0, 0
L 614.0, -165.0, -13.0, 611.0, -165.0, -13.0, 0, 0, 0
L 609.0, -165.0, -13.0, 609.0, -179.0, -13.0, 0, 0, 0
L 609.0, -179.0, -13.0, 572.0, -179.0, -13.0, 0, 0, 0
L 572.0, -179.0, -13.0, 572.0, -156.0, -13.0, 0, 0, 0
L 572.0, -156.0, -13.0, 583.0, -156.0, -13.0, 0, 0, 0
L 583.0, -156.0, -13.0, 583.0, -170.0, -13.0, 0, 0, 0
L 583.0, -170.0, -13.0, 586.0, -170.0, -13.0, 0, 0, 0
L 586.0, -170.0, -13.0, 586.0, -156.0, -13.0, 0, 0, 0
L 586.0, -156.0, -13.0, 591.0, -156.0, -13.0, 0, 0, 0
L 591.0, -156.0, -13.0, 591.0, -170.0, -13.0, 205, 133, 63
L 591.0, -170.0, -13.0, 596.0, -170.0, -13.0, 205, 133, 63
L 596.0, -170.0, -13.0, 596.0, -156.0, -13.0, 205, 133, 63
L 603.0, -153.0, -13.0, 657.0, -126.0, -13.0, 0, 0, 0
L 657.0, -126.0, -13.0, 671.0, -98.0, -13.0, 0, 0, 0
L 671.0, -98.0, -13.0, 678.0, -98.0, -13.0, 0, 0, 0
L 678.0, -98.0, -13.0, 678.0, -83.0, -13.0, 0, 0, 0
L 678.0, -83.0, -13.0, 671.0, -83.0, -13.0, 0, 0, 0
L 671.0, -83.0, -13.0, 658.0, -73.0, -13.0, 0, 0, 0
L 658.0, -73.0, -13.0, 653.0, -67.0, -13.0, 0, 0, 0
L 653.0, -67.0, -13.0, 633.0, -67.0, -13.0, 0, 0, 0
L 633.0, -67.0, -13.0, 629.0, -73.0, -13.0, 0, 0, 0
L 629.0, -73.0, -13.0, 616.0, -61.0, -13.0, 0, 0, 0
L 579.0, -47.1, 0.0, 579.0, -55.0, 0.0, 0, 0, 0
L 579.0, -55.0, 0.0, 573.0, -55.0, 0.0, 0, 0, 0
L 573.0, -55.0, 0.0, 560.0, -41.0, 0.0, 0, 0, 0
L 560.0, -41.0, 0.0, 553.0, -21.0, 0.0, 0, 0, 0
L 553.0, -21.0, 0.0, 539.0, -29.0, 0.0, 0, 0, 0
L 539.0, -29.0, 0.0, 531.0, -41.0, 0.0, 0, 0, 0
L 531.0, -41.0, 0.0, 503.0, -69.0, 0.0, 0, 0, 0
L 503.0, -69.0, 0.0, 475.0, -83.0, 1.0, 0, 0, 0
L 475.0, -83.0, 1.0, 462.0, -149.0, 1.0, 0, 0, 0
L 462.0, -149.0, 1.0, 462.0, -83.0, 1.0, 0, 0, 0
L 462.0, -83.0, 1.0, 461.0, -83.0, 0.0, 0, 0, 0
L 459.0, -100.0, 0.0, 459.0, -151.0, 0.0, 0, 0, 0
L 459.0, -151.0, 0.0, 422.0, -151.0, 0.0, 0, 0, 0
L 417.0, -151.0, 0.0, 412.0, -151.0, 0.0, 0, 0, 0
L 405.0, -154.0, 0.0, 432.0, -154.0, 1.0, 0, 0, 0
L 432.0, -154.0, 1.0, 405.0, -181.0, 1.0, 0, 0, 0
L 405.0, -181.0, 1.0, 392.0, -181.0, 1.0, 0, 0, 0
L 392.0, -181.0, 1.0, 392.0, -153.0, 1.0, 0, 0, 0
L 392.0, -153.0, 1.0, 392.0, -137.0, 0.0, 0, 0, 0
L 392.0, -137.0, 0.0, 389.0, -137.0, 0.0, 0, 0, 0
L 389.0, -137.0, 0.0, 389.0, -139.0, 0.0, 0, 0, 0
L 375.0, -208.0, 0.0, 376.0, -208.0, 0.0, 0, 0, 0
L 378.0, -208.0, 0.0, 378.0, -196.0, 0.0, 0, 0, 0
L 378.0, -196.0, 0.0, 403.0, -196.0, 0.0, 0, 0, 0
L 403.0, -196.0, 0.0, 403.0, -218.0, 0.0, 0, 0, 0
L 403.0, -218.0, 0.0, 427.0, -218.0, 0.0, 0, 0, 0
L 427.0, -218.0, 0.0, 427.0, -241.0, 0.0, 0, 0, 0
L 427.0, -241.0, 0.0, 378.0, -241.0, 0.0, 0, 0, 0
L 378.0, -217.0, 0.0, 376.0, -217.0, 0.0, 0, 0, 0
L 361.0, -217.0, 0.0, 361.0, -229.0, 0.0, 0, 0, 0
L 361.0, -229.0, 0.0, 349.0, -229.0, 0.0, 0, 0, 0
L 349.0, -229.0, 0.0, 349.0, -241.0, 0.0, 0, 0, 0
L 349.0, -241.0, 0.0, 337.0, -241.0, 0.0, 0, 0, 0
L 337.0, -241.0, 0.0, 337.0, -195.0, 0.0, 0, 0, 0
L 337.0, -195.0, 0.0, 361.0, -195.0, 0.0, 0, 0, 0
L 361.0, -195.0, 0.0, 361.0, -208.0, 0.0, 0, 0, 0
L 361.0, -208.0, 0.0, 362.0, -208.0, 0.0, 0, 0, 0
L 364.0, -208.0, 0.0, 364.0, -179.0, 0.0, 0, 0, 0
L 364.0, -179.0, 0.0, 362.0, -179.0, 0.0, 0, 0, 0
L 361.0, -179.0, 0.0, 361.0, -191.0, 0.0, 0, 0, 0
L 361.0, -191.0, 0.0, 337.0, -191.0, 0.0, 0, 0, 0
L 337.0, -191.0, 0.0, 337.0, -167.0, 0.0, 0, 0, 0
L 337.0, -167.0, 0.0, 361.0, -167.0, 0.0, 0, 0, 0
L 361.0, -165.0, 0.0, 338.0, -165.0, 0.0, 0, 0, 0
L 338.0, -165.0, 0.0, 338.0, -141.0, 0.0, 0, 0, 0
L 338.0, -141.0, 0.0, 361.0, -141.0, 0.0, 0, 0, 0
L 361.0, -141.0, 0.0, 361.0, -154.0, 0.0, 0, 0, 0
L 361.0, -154.0, 0.0, 362.0, -154.0, 0.0, 0, 0, 0
L 364.0, -154.0, 0.0, 364.0, -142.0, 0.0, 0, 0, 0
L 364.0, -142.0, 0.0, 375.0, -142.0, 0.0, 0, 0, 0
L 375.0, -142.0, 0.0, 375.0, -154.0, 0.0, 205, 133, 63
L 375.0, -154.0, 0.0, 378.0, -154.0, 0.0, 205, 133, 63
L 378.0, -154.0, 0.0, 378.0, -142.0, 0.0, 205, 133, 63
L 377.0, -139.0, 0.0, 335.0, -139.0, 0.0, 0, 0, 0
L 335.0, -139.0, 0.0, 335.0, -167.0, 0.0, 0, 0, 0
L 335.0, -167.0, 0.0, 322.0, -153.0, 0.0, 0, 0, 0
L 322.0, -153.0, 0.0, 293.0, -111.0, 0.0, 0, 0, 0
L 293.0, -111.0, 0.0, 238.0, -111.0, 0.0, 0, 0, 0
L 238.0, -111.0, 0.0, 224.0, -97.0, 0.0, 0, 0, 0
L 224.0, -97.0, 0.0, 224.0, -84.0, 0.0, 0, 0, 0
L 223.0, -83.0, 0.0, 196.0, -55.0, 0.0, 0, 0, 0
L 196.0, -55.0, 0.0, 196.0, -41.0, 0.0, 0, 0, 0
L 196.0, -41.0, 0.0, 182.0, -27.0, 0.0, 0, 0, 0
L 182.0, -27.0, 0.0, 175.0, -27.0, 0.0, 0, 0, 0
L 175.0, -27.0, 0.0, 175.0, -55.0, 0.0, 0, 0, 0
L 175.0, -55.0, 0.0, 170.0, -55.0, 0.0, 0, 0, 0
L 170.0, -55.0, 0.0, 170.0, -27.0, 0.0, 0, 0, 0
L 170.0, -27.0, 0.0, 158.0, -27.0, 0.0, 0, 0, 0
L 158.0, -27.0, 0.0, 158.0, -13.0, 0.0, 0, 0, 0
L 158.0, -13.0, 0.0, 59.0, -13.0, 0.0, 139, 69, 19
L 59.0, -13.0, 0.0, 55.0, -17.0, 0.0, 139, 69, 19
L 14.0, 41.0, 0.0, 13.0, 35.0, 0.0, 0, 0, 0
L 42.0, 83.0, -22.0, 56.0, 97.0, -33.0, 0, 0, 255
L 56.0, 97.0, -33.0, 84.0, 97.0, -33.0, 0, 0, 255
L 84.0, 97.0, -33.0, 126.0, 125.0, -35.0, 0, 0, 255
L 126.0, 125.0, -35.0, 154.0, 125.0, -39.0, 0, 0, 255
L 154.0, 125.0, -39.0, 209.0, 97.0, -47.0, 0, 0, 255
L 209.0, 97.0, -47.0, 181.0, 70.0, -43.0, 0, 0, 255
L 181.0, 70.0, -43.0, 181.0, 66.0, -43.0, 0, 0, 255
L 181.0, 66.0, -43.0, 154.0, 66.0, -39.0, 0, 0, 255
L 154.0, 66.0, -39.0, 139.0, 56.0, -36.0, 0, 0, 255
L 139.0, 56.0, -36.0, 139.0, 55.0, -33.0, 0, 0, 255
L 139.0, 55.0, -33.0, 139.0, 41.0, -33.0, 0, 0, 255
L 139.0, 41.0, -33.0, 153.0, 31.0, -33.0, 0, 0, 255
L 153.0, 31.0, -33.0, 153.0, -31.0, -33.0, 0, 0, 255
L 153.0, -31.0, -33.0, 139.0, -41.0, -33.0, 0, 0, 255
L 139.0, -41.0, -33.0, 139.0, -55.0, -33.0, 0, 0, 255
L 139.0, -55.0, -33.0, 139.0, -56.0, -36.0, 0, 0, 255
L 139.0, -56.0, -36.0, 154.0, -66.0, -39.0, 0, 0, 255
L 154.0, -66.0, -39.0, 181.0, -66.0, -43.0, 0, 0, 255
L 181.0, -66.0, -43.0, 181.0, -70.0, -43.0, 0, 0, 255
L 181.0, -70.0, -43.0, 209.0, -97.0, -47.0, 0, 0, 255
L 209.0, -97.0, -47.0, 154.0, -125.0, -39.0, 0, 0, 255
L 154.0, -125.0, -39.0, 126.0, -125.0, -35.0, 0, 0, 255
L 126.0, -125.0, -35.0, 84.0, -97.0, -33.0, 0, 0, 255
L 84.0, -97.0, -33.0, 84.0, -83.0, -33.0, 0, 0, 255
L 84.0, -83.0, -33.0, 56.0, -69.0, -33.0, 0, 0, 255
L 56.0, -69.0, -33.0, 42.0, -55.0, -22.0, 0, 0, 255
L 42.0, -55.0, -22.0, 42.0, -42.0, -22.0, 0, 0, 255
L 42.0, -42.0, -22.0, 56.0, -22.0, -33.0, 0, 0, 255
L 56.0, -22.0, -33.0, 59.0, -26.0, -33.0, 0, 0, 255
L 59.0, -26.0, -33.0, 64.0, -26.0, -33.0, 0, 0, 255
L 64.0, -26.0, -33.0, 68.0, -22.0, -33.0, 0, 0, 255
L 68.0, -22.0, -33.0, 68.0, -17.0, -33.0, 0, 0, 255
L 68.0, -17.0, -33.0, 64.0, -13.0, -33.0, 0, 0, 255
L 64.0, -13.0, -33.0, 64.0, 13.0, -33.0, 0, 0, 255
L 64.0, 13.0, -33.0, 68.0, 17.0, -33.0, 0, 0, 255
L 68.0, 17.0, -33.0, 68.0, 22.0, -33.0, 0, 0, 255
L 68.0, 22.0, -33.0, 64.0, 26.0, -33.0, 0, 0, 255
L 64.0, 26.0, -33.0, 59.0, 26.0, -33.0, 0, 0, 255
L 59.0, 26.0, -33.0, 55.0, 22.0, -33.0, 0, 0, 255
L 55.0, 22.0, -33.0, 42.0, 28.0, -22.0, 0, 0, 255
L 42.0, 28.0, -22.0, 42.0, 83.0, -22.0, 0, 0, 255
L 229.0, 5.0, 0.0, 229.0, -5.0, 0.0, 0, 0, 0
L 229.0, -5.0, 0.0, 223.0, -5.0, 0.0, 0, 0, 0
L 223.0, -5.0, 0.0, 223.0, -14.0, 0.0, 0, 0, 0
L 223.0, -14.0, 0.0, 237.0, -14.0, 0.0, 0, 0, 0
L 237.0, -14.0, 0.0, 237.0, -28.0, 0.0, 0, 0, 0
L 237.0, -28.0, 0.0, 249.0, -30.0, 0.0, 0, 0, 0
L 249.0, -30.0, 0.0, 254.0, -30.0, 0.0, 0, 0, 0
L 266.0, -27.0, 0.0, 252.0, -13.0, 0.0, 0, 0, 0
L 252.0, -13.0, 0.0, 252.0, 13.0, 0.0, 0, 0, 0
L 252.0, 13.0, 0.0, 266.0, 27.0, 0.0, 0, 0, 0
L 266.0, 27.0, 0.0, 266.0, 30.0, 0.0, 0, 0, 0
L 266.0, 30.0, 0.0, 254.0, 30.0, 0.0, 0, 0, 0
L 249.0, 30.0, 0.0, 237.0, 28.0, 0.0, 0, 0, 0
L 237.0, 28.0, 0.0, 237.0, 14.0, 0.0, 0, 0, 0
L 237.0, 14.0, 0.0, 223.0, 14.0, 0.0, 0, 0, 0
L 223.0, 14.0, 0.0, 223.0, 5.0, 0.0, 0, 0, 0
L 223.0, 5.0, 0.0, 229.0, 5.0, 0.0, 0, 0, 0
L 248.0, -39.0, 0.0, 254.0, -39.0, 0.0, 0, 0, 0
L 217.0, -4.0, -15.0, 217.0, -21.0, -15.0, 178, 102, 255
L 217.0, -21.0, -15.0, 217.0, -27.0, -14.0, 178, 102, 255
L 217.0, -27.0, -14.0, 211.0, -27.0, -14.0, 178, 102, 255
L 211.0, -27.0, -14.0, 182.0, -27.0, -15.0, 178, 102, 255
L 182.0, -27.0, -15.0, 176.8, -27.0, -14.0, 178, 102, 255
L 176.0, -13.0, -19.0, 182.0, -14.0, -21.0, 150, 150, 150
L 182.0, -14.0, -21.0, 190.0, -6.0, -21.0, 150, 150, 150
L 190.0, -6.0, -21.0, 190.0, 6.0, -21.0, 150, 150, 150
L 190.0, 6.0, -21.0, 182.0, 14.0, -21.0, 150, 150, 150
L 182.0, 14.0, -21.0, 176.0, 13.0, -19.0, 150, 150, 150
L 173.0, 19.0, -13.0, 173.0, 5.1, -17.0, 178, 102, 255
L 173.0, -5.1, -17.0, 173.0, -19.0, -13.0, 178, 102, 255
L 173.0, -19.0, -13.0, 173.0, -40.0, -13.0, 178, 102, 255
L 173.0, -40.0, -13.0, 223.0, -88.0, -13.0, 178, 102, 255
L 223.0, -88.0, -13.0, 223.0, -111.0, -13.0, 178, 102, 255
L 223.0, -111.0, -13.0, 223.0, -167.0, 14.0, 178, 102, 255
L 223.0, -167.0, 14.0, 223.0, -238.0, 14.0, 178, 102, 255
L 223.0, -238.0, 14.0, 365.0, -238.0, 42.0, 178, 102, 255
L 365.0, -238.0, 42.0, 532.0, -238.0, 42.0, 0, 204, 0
L 532.0, -238.0, 42.0, 532.0, -98.0, 42.0, 0, 204, 0
L 532.0, -98.0, 42.0, 623.0, -98.0, 42.0, 0, 204, 0
L 615.9, -111.0, 42.0, 545.0, -111.0, 42.0, 0, 204, 0
L 545.0, -111.0, 42.0, 545.0, -251.0, 42.0, 0, 204, 0
L 545.0, -251.0, 42.0, 391.0, -251.0, 42.0, 0, 204, 0
L 391.0, -251.0, 42.0, 391.0, -293.0, 42.0, 0, 204, 0
L 391.0, -293.0, 42.0, 210.0, -293.0, 42.0, 0, 204, 0
L 210.0, -293.0, 42.0, 210.0, -209.0, 42.0, 0, 204, 0
L 210.0, -209.0, 42.0, 157.0, -209.0, 56.0, 0, 204, 0
L 157.0, -209.0, 56.0, 146.0, -209.0, 56.0, 0, 204, 0
L 146.0, -209.0, 56.0, 146.0, -177.0, 56.0, 0, 204, 0
L 146.0, -177.0, 56.0, 126.0, -177.0, 56.0, 0, 204, 0
L 126.0, -177.0, 56.0, 126.0, -160.0, 56.0, 0, 204, 0
L 126.0, -160.0, 56.0, 130.0, -160.0, 56.0, 0, 204, 0
L 130.0, -160.0, 56.0, 130.0, -155.0, 56.0, 0, 204, 0
L 130.0, -155.0, 56.0, 126.0, -154.0, 56.0, 0, 204, 0
L 126.0, -154.0, 56.0, 153.0, -154.0, 56.0, 0, 204, 0
L 153.0, -154.0, 56.0, 165.0, -177.0, 56.0, 0, 204, 0
L 165.0, -177.0, 56.0, 157.0, -177.0, 56.0, 0, 204, 0
L 157.0, -177.0, 56.0, 157.0, -196.0, 56.0, 0, 204, 0
L 157.0, -196.0, 56.0, 210.0, -196.0, 42.0, 0, 204, 0
L 210.0, -196.0, 42.0, 210.0, -125.0, 28.0, 0, 204, 0
L 210.0, -125.0, 28.0, 212.0, -111.0, 28.0, 0, 204, 0
L 212.0, -111.0, 28.0, 212.0, -95.0, 28.0, 0, 204, 0
L 212.0, -95.0, 28.0, 180.0, -63.0, 28.0, 0, 204, 0
L 180.0, -63.0, 28.0, 154.0, -63.0, 28.0, 0, 204, 0
L 154.0, -63.0, 28.0, 138.0, -55.0, 28.0, 0, 204, 0
L 138.0, -55.0, 28.0, 138.0, -42.0, 28.0, 0, 204, 0
L 138.0, -42.0, 28.0, 154.0, -32.0, 28.0, 0, 204, 0
L 154.0, -32.0, 28.0, 166.0, -32.0, 28.0, 0, 204, 0
L 166.0, -32.0, 28.0, 166.0, 32.0, 28.0, 0, 204, 0
L 166.0, 32.0, 28.0, 154.0, 32.0, 28.0, 0, 204, 0
L 154.0, 32.0, 28.0, 138.0, 42.0, 28.0, 0, 204, 0
L 138.0, 42.0, 28.0, 138.0, 55.0, 28.0, 0, 204, 0
L 138.0, 55.0, 28.0, 154.0, 63.0, 28.0, 0, 204, 0
L 154.0, 63.0, 28.0, 180.0, 63.0, 28.0, 0, 204, 0
L 180.0, 63.0, 28.0, 212.0, 95.0, 28.0, 0, 204, 0
L 212.0, 95.0, 28.0, 212.0, 112.0, 28.0, 0, 204, 0
L 212.0, 112.0, 28.0, 210.0, 125.0, 28.0, 0, 204, 0
L 210.0, 125.0, 28.0, 210.0, 181.0, 42.0, 0, 204, 0
L 210.0, 181.0, 42.0, 210.0, 209.0, 42.0, 0, 204, 0
L 210.0, 209.0, 42.0, 363.0, 209.0, 42.0, 0, 204, 0
L 363.0, 209.0, 42.0, 363.0, 181.0, 42.0, 0, 204, 0
L 363.0, 181.0, 42.0, 649.0, 181.0, 42.0, 0, 204, 0
L 649.0, 181.0, 42.0, 649.0, 118.0, 42.0, 0, 204, 0
L 649.0, 118.0, 42.0, 649.0, 113.0, 44.0, 0, 204, 0
L 649.0, 113.0, 44.0, 649.0, 107.0, 44.0, 0, 204, 0
L 649.0, 107.0, 44.0, 657.0, 107.0, 44.0, 0, 204, 0
L 657.0, 107.0, 44.0, 657.0, 92.0, 44.0, 0, 204, 0
L 657.0, 92.0, 44.0, 653.0, 92.0, 44.0, 0, 204, 0
L 653.0, 92.0, 44.0, 653.0, -77.0, 44.0, 0, 204, 0
L 653.0, -77.0, 44.0, 645.0, -103.0, 44.0, 0, 204, 0
L 645.0, -103.0, 44.0, 632.8, -109.1, 44.0, 0, 204, 0
L 627.0, -98.0, 44.0, 633.0, -98.0, 44.0, 0, 204, 0
L 633.0, -98.0, 44.0, 634.0, 92.0, 44.0, 0, 204, 0
L 634.0, 92.0, 44.0, 630.0, 92.0, 44.0, 0, 204, 0
L 630.0, 92.0, 44.0, 630.0, 107.0, 44.0, 0, 204, 0
L 630.0, 107.0, 44.0, 638.0, 107.0, 44.0, 0, 204, 0
L 638.0, 107.0, 44.0, 638.0, 113.0, 44.0, 0, 204, 0
L 638.0, 113.0, 44.0, 638.0, 118.0, 42.0, 0, 204, 0
L 638.0, 118.0, 42.0, 637.0, 168.0, 42.0, 0, 204, 0
L 637.0, 168.0, 42.0, 336.0, 168.0, 42.0, 0, 204, 0
L 336.0, 168.0, 42.0, 223.0, 168.0, 14.0, 178, 102, 255
L 223.0, 168.0, 14.0, 223.0, 111.0, -13.0, 178, 102, 255
L 223.0, 111.0, -13.0, 223.0, 88.0, -13.0, 178, 102, 255
L 223.0, 88.0, -13.0, 193.0, 58.0, -13.0, 178, 102, 255
L 193.0, 58.0, -13.0, 173.0, 39.0, -13.0, 178, 102, 255
L 173.0, 39.0, -13.0, 173.0, 19.0, -13.0, 178, 102, 255
L 160.0, -39.0, -13.0, 160.0, -19.0, -13.0, 178, 102, 255
L 160.0, -19.0, -13.0, 160.0, -8.0, -17.0, 178, 102, 255
L 160.0, -8.0, -17.0, 160.0, 7.0, -17.0, 178, 102, 255
L 160.0, 7.0, -17.0, 160.0, 19.0, -13.0, 178, 102, 255
L 160.0, 19.0, -13.0, 160.0, 39.0, -13.0, 178, 102, 255
L 160.0, 39.0, -13.0, 184.0, 67.0, -13.0, 178, 102, 255
L 184.0, 67.0, -13.0, 210.0, 93.0, -13.0, 178, 102, 255
L 210.0, 93.0, -13.0, 210.0, 111.0, -13.0, 178, 102, 255
L 210.0, 111.0, -13.0, 210.0, 167.0, 14.0, 178, 102, 255
L 210.0, 167.0, 14.0, 210.0, 181.0, 14.0, 178, 102, 255
L 210.0, 181.0, 14.0, 223.0, 181.0, 14.0, 178, 102, 255
L 223.0, 181.0, 14.0, 335.0, 181.0, 42.0, 178, 102, 255
L 335.0, 181.0, 42.0, 350.0, 181.0, 42.0, 0, 204, 0
L 350.0, 181.0, 42.0, 350.0, 196.0, 42.0, 0, 204, 0
L 350.0, 196.0, 42.0, 223.0, 196.0, 42.0, 0, 204, 0
L 223.0, 196.0, 42.0, 223.0, 181.0, 42.0, 0, 204, 0
L 223.0, 181.0, 42.0, 223.0, 126.0, 28.0, 0, 204, 0
L 223.0, 126.0, 28.0, 221.0, 111.0, 28.0, 0, 204, 0
L 221.0, 111.0, 28.0, 221.0, 86.0, 28.0, 0, 204, 0
L 221.0, 86.0, 28.0, 189.0, 54.0, 28.0, 0, 204, 0
L 189.0, 54.0, 28.0, 189.0, 40.0, 28.0, 0, 204, 0
L 189.0, 40.0, 28.0, 179.0, 32.0, 28.0, 0, 204, 0
L 179.0, 32.0, 28.0, 179.0, -32.0, 28.0, 0, 204, 0
L 179.0, -32.0, 28.0, 189.0, -42.0, 28.0, 0, 204, 0
L 189.0, -42.0, 28.0, 189.0, -54.0, 28.0, 0, 204, 0
L 189.0, -54.0, 28.0, 221.0, -86.0, 28.0, 0, 204, 0
L 221.0, -86.0, 28.0, 221.0, -112.0, 28.0, 0, 204, 0
L 221.0, -112.0, 28.0, 223.0, -125.0, 28.0, 0, 204, 0
L 223.0, -125.0, 28.0, 223.0, -196.0, 42.0, 0, 204, 0
L 223.0, -196.0, 42.0, 223.0, -280.0, 42.0, 0, 204, 0
L 223.0, -280.0, 42.0, 378.0, -280.0, 42.0, 0, 204, 0
L 378.0, -280.0, 42.0, 378.0, -251.0, 42.0, 0, 204, 0
L 378.0, -251.0, 42.0, 363.0, -251.0, 42.0, 0, 204, 0
L 363.0, -251.0, 42.0, 210.0, -251.0, 14.0, 178, 102, 255
L 210.0, -251.0, 14.0, 210.0, -168.0, 14.0, 178, 102, 255
L 210.0, -168.0, 14.0, 210.0, -111.0, -13.0, 178, 102, 255
L 210.0, -111.0, -13.0, 210.0, -93.0, -13.0, 178, 102, 255
L 210.0, -93.0, -13.0, 184.0, -67.0, -13.0, 178, 102, 255
L 184.0, -67.0, -13.0, 160.0, -39.0, -13.0, 178, 102, 255
L 293.0, 69.0, 0.0, 293.0, 58.0, 0.0, 0, 0, 0
L 293.0, 58.0, 0.0, 293.0, 55.0, 0.0, 0, 0, 0
L 322.0, -25.0, 8.0, 335.0, -13.0, 8.0, 0, 0, 0
L 335.0, -13.0, 8.0, 335.0, 13.0, 8.0, 0, 0, 0
L 322.0, -25.0, 8.0, 321.0, -27.0, 11.0, 0, 0, 0
L 321.0, -27.0, 11.0, 307.0, -41.0, 3.0, 0, 0, 0
L 307.0, -41.0, 3.0, 307.0, -55.0, 0.0, 0, 0, 0
L 321.0, 27.0, 11.0, 307.0, 41.0, 0.0, 0, 0, 0
L 266.0, 39.0, 0.0, 254.0, 39.0, 0.0, 0, 0, 0
L 248.0, 44.0, 0.0, 237.0, 55.0, 0.0, 0, 0, 0
L 237.0, 55.0, 0.0, 237.0, 81.0, 0.0, 0, 0, 0
L 237.0, 81.0, 0.0, 237.0, 84.0, 0.0, 0, 0, 0
L 237.0, 84.0, 0.0, 237.0, 98.0, 0.0, 0, 0, 0
L 237.0, 98.0, 0.0, 294.0, 98.0, 0.0, 0, 0, 0
L 294.0, 98.0, 0.0, 294.0, 84.0, 0.0, 0, 0, 0
L 294.0, 84.0, 0.0, 322.0, 42.0, 0.0, 0, 0, 0
L 322.0, 42.0, 0.0, 336.0, 28.0, 0.0, 0, 0, 0
L 336.0, 28.0, 0.0, 363.0, -4.0, 0.0, 0, 0, 0
L 363.0, -4.0, 0.0, 363.0, 16.0, 0.0, 0, 0, 0
L 363.0, 16.0, 0.0, 366.0, 16.0, 0.0, 0, 0, 0
L 366.0, 16.0, 0.0, 366.0, 13.0, 0.0, 0, 0, 0
L 366.0, -11.0, 0.0, 379.0, -11.0, 0.0, 0, 0, 0
L 379.0, -11.0, 0.0, 389.0, -11.0, 0.0, 0, 0, 0
L 389.0, -11.0, 0.0, 389.0, 11.0, 0.0, 0, 0, 0
L 389.0, 11.0, 0.0, 375.0, 11.0, 0.0, 0, 0, 0
L 375.0, 11.0, 0.0, 375.0, 13.0, 0.0, 0, 0, 0
L 392.0, -12.0, 0.0, 405.0, 13.0, 1.0, 0, 0, 0
L 405.0, 13.0, 1.0, 433.0, 28.0, 0.0, 0, 0, 0
L 433.0, 28.0, 0.0, 433.0, 70.0, 0.0, 0, 0, 0
L 433.0, 70.0, 0.0, 447.0, 70.0, 0.0, 0, 0, 0
L 450.0, 72.0, 0.0, 450.0, 69.0, 0.0, 0, 0, 0
L 450.0, 67.0, 0.0, 436.0, 67.0, 0.0, 0, 0, 0
L 436.0, 67.0, 0.0, 436.0, 56.0, 0.0, 0, 0, 0
L 436.0, 56.0, 0.0, 447.0, 56.0, 0.0, 0, 0, 0
L 462.0, 56.0, 0.0, 462.0, 39.0, 0.0, 0, 0, 0
L 462.0, 39.0, 0.0, 459.0, 39.0, 0.0, 0, 0, 0
L 459.0, 39.0, 0.0, 459.0, 53.0, 0.0, 0, 0, 0
L 459.0, 53.0, 0.0, 447.0, 53.0, 0.0, 205, 133, 63
L 436.0, 53.0, 0.0, 436.0, 28.0, 0.0, 0, 0, 0
L 473.0, 67.0, 0.0, 459.0, 67.0, 0.0, 0, 0, 0
L 459.0, 67.0, 0.0, 459.0, 69.0, 0.0, 0, 0, 0
L 462.0, 70.0, 0.0, 476.0, 70.0, 0.0, 0, 0, 0
L 476.0, 70.0, 0.0, 476.0, 28.0, 0.0, 0, 0, 0
L 476.0, 28.0, 0.0, 503.0, 0.0, 0.0, 0, 0, 0
L 503.0, 0.0, 0.0, 511.0, -2.0, 0.0, 0, 0, 0
L 511.0, -25.0, 0.0, 503.0, -28.0, 0.0, 0, 0, 0
L 503.0, -28.0, 0.0, 476.0, -56.0, 0.0, 0, 0, 0
L 476.0, -56.0, 0.0, 433.0, -70.0, 0.0, 0, 0, 0
L 433.0, -70.0, 0.0, 405.0, -55.0, 1.0, 0, 0, 0
L 405.0, -55.0, 1.0, 391.0, -34.0, 1.0, 0, 0, 0
L 391.0, -34.0, 1.0, 364.0, -55.0, 1.0, 0, 0, 0
L 364.0, -55.0, 1.0, 391.0, -55.0, 1.0, 0, 0, 0
L 391.0, -55.0, 1.0, 392.0, -98.0, 0.0, 0, 0, 0
L 392.0, -98.0, 0.0, 364.0, -98.0, 0.0, 0, 0, 0
L 364.0, -98.0, 0.0, 364.0, -126.0, 0.0, 0, 0, 0
L 361.0, -123.0, 0.0, 333.0, -123.0, 0.0, 0, 0, 0
L 361.0, -123.0, 0.0, 361.0, -112.0, 0.0, 0, 0, 0
L 361.0, -112.0, 0.0, 361.0, -95.0, 0.0, 0, 0, 0
L 361.0, -95.0, 0.0, 389.0, -95.0, 0.0, 0, 0, 0
L 389.0, -95.0, 0.0, 389.0, -58.0, 0.0, 0, 0, 0
L 389.0, -58.0, 0.0, 338.0, -58.0, 0.0, 0, 0, 0
L 345.0, -107.0, 0.0, 345.0, -83.0, 0.0, 205, 133, 63
L 345.0, -83.0, 0.0, 349.0, -79.0, 0.0, 205, 133, 63
L 349.0, -79.0, 0.0, 373.0, -79.0, 0.0, 205, 133, 63
L 373.0, -79.0, 0.0, 373.0, -74.0, 0.0, 205, 133, 63
L 373.0, -74.0, 0.0, 349.0, -74.0, 0.0, 205, 133, 63
L 349.0, -74.0, 0.0, 349.0, -69.0, 0.0, 205, 133, 63
L 349.0, -69.0, 0.0, 377.0, -69.0, 0.0, 205, 133, 63
L 377.0, -69.0, 0.0, 377.0, -84.0, 0.0, 205, 133, 63
L 377.0, -84.0, 0.0, 350.0, -84.0, 0.0, 205, 133, 63
L 335.0, -112.0, 0.0, 335.0, -84.0, 0.0, 0, 0, 0
L 338.0, -67.0, -13.0, 338.0, -68.0, -13.0, 178, 102, 255
L 338.0, -93.0, -13.0, 361.0, -93.0, -13.0, 178, 102, 255
L 361.0, -93.0, -13.0, 361.0, -70.0, -13.0, 178, 102, 255
L 364.0, -79.0, -13.0, 375.0, -79.0, -13.0, 178, 102, 255
L 375.0, -79.0, -13.0, 375.0, -56.0, -13.0, 178, 102, 255
L 347.0, -70.0, -13.0, 347.0, -68.0, -13.0, 178, 102, 255
L 361.0, -67.0, -13.0, 361.0, -65.0, -13.0, 178, 102, 255
L 436.0, 28.0, 0.0, 473.0, 28.0, 0.0, 0, 0, 0
L 473.0, 67.0, 0.0, 473.0, 28.0, 0.0, 0, 0, 0
L 608.0, -259.0, -13.0, 634.0, -259.0, -13.0, 205, 133, 63
L 634.0, -264.0, -13.0, 634.0, -259.0, -13.0, 205, 133, 63
L 658.0, -249.0, -13.0, 655.0, -249.0, -13.0, 0, 0, 0
L 599.0, -249.0, -13.0, 588.0, -238.0, -13.0, 0, 0, 0
L 646.0, -249.0, -13.0, 599.0, -249.0, -13.0, 0, 0, 0
L 646.0, -254.0, -13.0, 646.0, -251.0, -13.0, 0, 0, 0
L 335.0, 41.0, 0.0, 364.0, 41.0, 0.0, 0, 0, 0
L 364.0, 97.0, 0.0, 377.0, 97.0, 0.0, 0, 0, 0
L 364.0, 97.0, 0.0, 364.0, 41.0, 0.0, 0, 0, 0
L 336.0, 109.0, 0.0, 336.0, 100.0, 0.0, 205, 133, 63
L 338.0, 100.0, 0.0, 336.0, 100.0, 0.0, 0, 0, 0
L 616.0, -61.0, -13.0, 612.4, -59.3, -11.4, 0, 0, 0
L 616.0, 75.0, -13.0, 612.4, 73.3, -11.4, 0, 0, 0
L 448.0, -115.0, 14.0, 431.0, -115.0, 14.0, 205, 133, 63
L 461.0, -83.0, 0.0, 405.0, -83.0, 0.0, 0, 0, 0
L 408.0, -100.0, 0.0, 408.0, -86.0, 0.0, 0, 0, 0
L 405.0, -83.0, 0.0, 405.0, -97.0, 0.0, 0, 0, 0
L 403.0, -100.0, 0.0, 405.0, -100.0, 0.0, 0, 0, 0
L 422.0, -123.0, 0.0, 417.0, -123.0, 0.0, 205, 133, 63
L 405.0, -112.0, 0.0, 405.0, -154.0, 0.0, 0, 0, 0
L 408.0, -123.0, 0.0, 408.0, -109.0, 0.0, 0, 0, 0
L 412.0, -151.0, 0.0, 412.0, -123.0, 0.0, 0, 0, 0
L 408.0, -109.0, 0.0, 405.0, -109.0, 0.0, 0, 0, 0
L 412.0, -123.0, 0.0, 408.0, -123.0, 0.0, 0, 0, 0
L 422.0, -151.0, 0.0, 422.0, -123.0, 0.0, 205, 133, 63
L 432.0, -86.0, 0.0, 432.0, -97.0, 0.0, 150, 150, 150
L 417.0, -123.0, 0.0, 417.0, -151.0, 0.0, 205, 133, 63
L 408.0, -86.0, 0.0, 432.0, -86.0, 0.0, 0, 0, 0
L 432.0, -97.0, 0.0, 429.0, -97.0, 0.0, 0, 0, 0
L 459.0, -100.0, 0.0, 429.0, -100.0, 0.0, 0, 0, 0
L 429.0, -100.0, 0.0, 429.0, -97.0, 0.0, 0, 0, 0
L 459.0, -86.0, 14.0, 448.0, -86.0, 14.0, 0, 204, 0
L 448.0, -97.0, 14.0, 448.0, -86.0, 14.0, 150, 150, 150
L 448.0, -97.0, 14.0, 446.0, -97.0, 12.0, 0, 204, 0
L 448.0, -86.0, 14.0, 446.0, -86.0, 12.0, 0, 204, 0
L 440.0, -97.0, 7.0, 438.0, -97.0, 5.0, 0, 204, 0
L 440.0, -86.0, 7.0, 438.0, -86.0, 5.0, 0, 204, 0
L 440.0, -97.0, 7.0, 440.0, -86.0, 7.0, 150, 150, 150
L 444.0, -97.0, 10.0, 442.0, -97.0, 8.0, 0, 204, 0
L 444.0, -86.0, 10.0, 442.0, -86.0, 8.0, 0, 204, 0
L 444.0, -97.0, 10.0, 444.0, -86.0, 10.0, 150, 150, 150
L 436.0, -97.0, 3.0, 434.0, -97.0, 1.0, 0, 204, 0
L 436.0, -86.0, 3.0, 434.0, -86.0, 1.0, 0, 204, 0
L 436.0, -97.0, 3.0, 436.0, -86.0, 3.0, 150, 150, 150
L 434.0, -97.0, 1.0, 432.0, -97.0, 0.0, 0, 204, 0
L 434.0, -86.0, 1.0, 432.0, -86.0, 0.0, 0, 204, 0
L 434.0, -97.0, 1.0, 434.0, -86.0, 1.0, 150, 150, 150
L 438.0, -97.0, 5.0, 436.0, -97.0, 3.0, 0, 204, 0
L 438.0, -86.0, 5.0, 436.0, -86.0, 3.0, 0, 204, 0
L 438.0, -97.0, 5.0, 438.0, -86.0, 5.0, 150, 150, 150
L 446.0, -97.0, 12.0, 444.0, -97.0, 10.0, 0, 204, 0
L 446.0, -86.0, 12.0, 444.0, -86.0, 10.0, 0, 204, 0
L 446.0, -97.0, 12.0, 446.0, -86.0, 12.0, 150, 150, 150
L 442.0, -97.0, 8.0, 440.0, -97.0, 7.0, 0, 204, 0
L 442.0, -86.0, 8.0, 440.0, -86.0, 7.0, 0, 204, 0
L 442.0, -97.0, 8.0, 442.0, -86.0, 8.0, 150, 150, 150
L 321.0, -84.0, 0.0, 321.0, -126.0, 0.0, 0, 0, 0
L 324.0, -84.0, 0.0, 324.0, -109.0, 0.0, 0, 0, 0
L 324.0, -109.0, 0.0, 324.0, -124.0, 0.0, 0, 0, 0
L 364.0, -126.0, 0.0, 333.0, -126.0, 0.0, 0, 0, 0
L 324.0, -126.0, 0.0, 321.0, -126.0, 0.0, 0, 0, 0
L 333.0, -123.0, 0.0, 333.0, -124.0, 0.0, 0, 0, 0
L 330.0, -126.0, 0.0, 326.0, -126.0, 0.0, 205, 133, 63
L 330.0, -123.0, 0.0, 326.0, -123.0, 0.0, 205, 133, 63
L 330.0, -126.0, 0.0, 330.0, -124.0, 0.0, 205, 133, 63
L 326.0, -126.0, 0.0, 326.0, -124.0, 0.0, 205, 133, 63
L 333.0, -124.0, 0.0, 333.0, -126.0, 0.0, 0, 0, 0
L 324.0, -124.0, 0.0, 324.0, -126.0, 0.0, 0, 0, 0
L 333.0, -124.0, 0.0, 330.0, -124.0, 0.0, 205, 133, 63
L 330.0, -124.0, 0.0, 330.0, -123.0, 0.0, 205, 133, 63
L 326.0, -124.0, 0.0, 326.0, -123.0, 0.0, 205, 133, 63
L 326.0, -124.0, 0.0, 324.0, -124.0, 0.0, 205, 133, 63
L 338.0, -58.0, 0.0, 338.0, -107.0, 0.0, 0, 0, 0
L 345.0, -107.0, 0.0, 338.0, -107.0, 0.0, 205, 133, 63
L 335.0, -112.0, 0.0, 338.0, -112.0, 0.0, 0, 0, 0
L 350.0, -84.0, 0.0, 350.0, -112.0, 0.0, 205, 133, 63
L 364.0, -79.0, -13.0, 364.0, -65.0, -13.0, 178, 102, 255
L 364.0, -65.0, -13.0, 362.0, -65.0, -13.0, 178, 102, 255
L 362.0, -65.0, -13.0, 361.0, -65.0, -13.0, 178, 102, 255
L 362.0, -65.0, -13.0, 362.0, -62.0, -13.0, 205, 133, 63
L 361.0, -62.0, -13.0, 361.0, -58.0, -13.0, 205, 133, 63
L 364.0, -62.0, -13.0, 364.0, -58.0, -13.0, 205, 133, 63
L 361.0, -62.0, -13.0, 362.0, -62.0, -13.0, 205, 133, 63
L 362.0, -62.0, -13.0, 364.0, -62.0, -13.0, 205, 133, 63
L 361.0, -58.0, -13.0, 362.0, -58.0, -13.0, 205, 133, 63
L 362.0, -58.0, -13.0, 362.0, -56.0, -13.0, 205, 133, 63
L 362.0, -58.0, -13.0, 364.0, -58.0, -13.0, 205, 133, 63
L 338.0, -68.0, -13.0, 338.0, -93.0, -13.0, 178, 102, 255
L 361.0, -70.0, -13.0, 347.0, -70.0, -13.0, 178, 102, 255
L 361.0, -67.0, -13.0, 347.0, -67.0, -13.0, 178, 102, 255
L 344.0, -70.0, -13.0, 340.0, -70.0, -13.0, 205, 133, 63
L 344.0, -67.0, -13.0, 340.0, -67.0, -13.0, 205, 133, 63
L 344.0, -70.0, -13.0, 344.0, -68.0, -13.0, 205, 133, 63
L 340.0, -70.0, -13.0, 340.0, -68.0, -13.0, 205, 133, 63
L 347.0, -68.0, -13.0, 347.0, -67.0, -13.0, 178, 102, 255
L 338.0, -68.0, -13.0, 340.0, -68.0, -13.0, 205, 133, 63
L 344.0, -68.0, -13.0, 344.0, -67.0, -13.0, 205, 133, 63
L 340.0, -68.0, -13.0, 340.0, -67.0, -13.0, 205, 133, 63
L 344.0, -68.0, -13.0, 347.0, -68.0, -13.0, 205, 133, 63
L 324.0, -84.0, 0.0, 335.0, -84.0, 0.0, 150, 150, 150
L 324.0, -70.0, -13.0, 335.0, -70.0, -13.0, 150, 150, 150
L 324.0, -70.0, -13.0, 324.0, -56.0, -13.0, 178, 102, 255
L 375.0, -56.0, -13.0, 362.0, -56.0, -13.0, 178, 102, 255
L 362.0, -56.0, -13.0, 324.0, -56.0, -13.0, 178, 102, 255
L 338.0, -67.0, -13.0, 335.0, -67.0, -13.0, 178, 102, 255
L 335.0, -70.0, -13.0, 335.0, -67.0, -13.0, 178, 102, 255
L 335.0, -84.0, 0.0, 335.0, -82.0, -1.0, 178, 102, 255
L 324.0, -84.0, 0.0, 324.0, -82.0, -1.0, 178, 102, 255
L 324.0, -77.0, -6.0, 324.0, -75.0, -8.0, 178, 102, 255
L 335.0, -77.0, -6.0, 335.0, -75.0, -8.0, 178, 102, 255
L 324.0, -77.0, -6.0, 335.0, -77.0, -6.0, 150, 150, 150
L 324.0, -80.0, -3.0, 324.0, -78.0, -4.0, 178, 102, 255
L 335.0, -80.0, -3.0, 335.0, -78.0, -4.0, 178, 102, 255
L 324.0, -80.0, -3.0, 335.0, -80.0, -3.0, 150, 150, 150
L 324.0, -73.0, -9.0, 324.0, -71.0, -11.0, 178, 102, 255
L 335.0, -73.0, -9.0, 335.0, -71.0, -11.0, 178, 102, 255
L 324.0, -73.0, -9.0, 335.0, -73.0, -9.0, 150, 150, 150
L 324.0, -71.0, -11.0, 324.0, -70.0, -13.0, 178, 102, 255
L 335.0, -71.0, -11.0, 335.0, -70.0, -13.0, 178, 102, 255
L 324.0, -71.0, -11.0, 335.0, -71.0, -11.0, 150, 150, 150
L 324.0, -75.0, -8.0, 324.0, -73.0, -9.0, 178, 102, 255
L 335.0, -75.0, -8.0, 335.0, -73.0, -9.0, 178, 102, 255
L 324.0, -75.0, -8.0, 335.0, -75.0, -8.0, 150, 150, 150
L 324.0, -78.0, -4.0, 324.0, -77.0, -6.0, 178, 102, 255
L 335.0, -78.0, -4.0, 335.0, -77.0, -6.0, 178, 102, 255
L 324.0, -78.0, -4.0, 335.0, -78.0, -4.0, 150, 150, 150
L 324.0, -82.0, -1.0, 324.0, -80.0, -3.0, 178, 102, 255
L 335.0, -82.0, -1.0, 335.0, -80.0, -3.0, 178, 102, 255
L 324.0, -82.0, -1.0, 335.0, -82.0, -1.0, 150, 150, 150
L 403.0, 83.0, 14.0, 403.0, 69.0, 14.0, 0, 204, 0
L 405.0, 57.0, 14.0, 405.0, 44.0, 14.0, 150, 150, 150
L 417.0, 44.0, 14.0, 405.0, 44.0, 14.0, 0, 204, 0
L 392.0, 57.0, 0.0, 389.0, 57.0, 0.0, 0, 0, 0
L 391.0, 60.0, 0.0, 389.0, 60.0, 0.0, 0, 0, 0
L 389.0, 60.0, 0.0, 389.0, 57.0, 0.0, 0, 0, 0
L 377.0, 97.0, 0.0, 377.0, 41.0, 0.0, 0, 0, 0
L 420.0, 41.0, 0.0, 377.0, 41.0, 0.0, 0, 0, 0
L 405.0, 44.0, 14.0, 403.0, 44.0, 12.0, 0, 204, 0
L 398.0, 57.0, 7.0, 396.0, 57.0, 5.0, 0, 204, 0
L 398.0, 44.0, 7.0, 396.0, 44.0, 5.0, 0, 204, 0
L 398.0, 57.0, 7.0, 398.0, 44.0, 7.0, 150, 150, 150
L 401.0, 44.0, 10.0, 400.0, 44.0, 8.0, 0, 204, 0
L 401.0, 57.0, 10.0, 400.0, 57.0, 8.0, 0, 204, 0
L 401.0, 44.0, 10.0, 401.0, 57.0, 10.0, 150, 150, 150
L 395.0, 44.0, 3.0, 393.0, 44.0, 1.0, 0, 204, 0
L 395.0, 57.0, 3.0, 393.0, 57.0, 1.0, 0, 204, 0
L 395.0, 44.0, 3.0, 395.0, 57.0, 3.0, 150, 150, 150
L 393.0, 44.0, 1.0, 392.0, 44.0, 0.0, 0, 204, 0
L 393.0, 57.0, 1.0, 392.0, 57.0, 0.0, 0, 204, 0
L 393.0, 44.0, 1.0, 393.0, 57.0, 1.0, 150, 150, 150
L 396.0, 44.0, 5.0, 395.0, 44.0, 3.0, 0, 204, 0
L 396.0, 57.0, 5.0, 395.0, 57.0, 3.0, 0, 204, 0
L 396.0, 44.0, 5.0, 396.0, 57.0, 5.0, 150, 150, 150
L 400.0, 44.0, 8.0, 398.0, 44.0, 7.0, 0, 204, 0
L 400.0, 57.0, 8.0, 398.0, 57.0, 7.0, 0, 204, 0
L 400.0, 44.0, 8.0, 400.0, 57.0, 8.0, 150, 150, 150
L 403.0, 44.0, 12.0, 401.0, 44.0, 10.0, 0, 204, 0
L 403.0, 57.0, 12.0, 401.0, 57.0, 10.0, 0, 204, 0
L 403.0, 44.0, 12.0, 403.0, 57.0, 12.0, 150, 150, 150
L 340.0, -193.0, 14.0, 340.0, -169.0, 14.0, 0, 204, 0
L 340.0, -142.0, 14.0, 362.0, -142.0, 14.0, 0, 204, 0
L 340.0, -169.0, 14.0, 361.0, -169.0, 14.0, 0, 204, 0
L 340.0, -165.0, 14.0, 340.0, -142.0, 14.0, 0, 204, 0
L 361.0, -165.0, 14.0, 361.0, -151.0, 14.0, 0, 204, 0
L 361.0, -169.0, 14.0, 361.0, -184.0, 14.0, 0, 204, 0
L 363.0, -184.0, 14.0, 362.0, -184.0, 14.0, 0, 204, 0
L 361.0, -167.0, 0.0, 361.0, -169.0, 0.0, 0, 0, 0
L 361.0, -162.0, 0.0, 361.0, -165.0, 0.0, 0, 0, 0
L 364.0, -169.0, 0.0, 362.0, -169.0, 0.0, 0, 0, 0
L 361.0, -162.0, 0.0, 362.0, -162.0, 0.0, 0, 0, 0
L 364.0, -169.0, 0.0, 364.0, -162.0, 0.0, 0, 0, 0
L 378.0, -165.0, 14.0, 378.0, -151.0, 14.0, 0, 204, 0
L 361.0, -151.0, 14.0, 362.0, -151.0, 14.0, 0, 204, 0
L 375.0, -151.0, 14.0, 376.0, -151.0, 14.0, 0, 204, 0
L 389.0, -166.0, 0.0, 378.0, -166.0, 0.0, 150, 150, 150
L 375.0, -163.0, 0.0, 375.0, -208.0, 0.0, 0, 0, 0
L 378.0, -163.0, 0.0, 378.0, -166.0, 0.0, 0, 0, 0
L 375.0, -163.0, 0.0, 378.0, -163.0, 0.0, 0, 0, 0
L 389.0, -183.0, 14.0, 389.0, -193.0, 14.0, 0, 204, 0
L 380.0, -183.0, 14.0, 389.0, -183.0, 14.0, 150, 150, 150
L 375.0, -183.0, 14.0, 378.0, -183.0, 14.0, 0, 204, 0
L 378.0, -183.0, 14.0, 380.0, -183.0, 14.0, 150, 150, 150
L 378.0, -166.0, 0.0, 378.0, -168.0, 1.0, 0, 204, 0
L 389.0, -166.0, 0.0, 389.0, -168.0, 1.0, 0, 204, 0
L 378.0, -174.0, 7.0, 378.0, -176.0, 8.0, 0, 204, 0
L 389.0, -174.0, 7.0, 389.0, -176.0, 8.0, 0, 204, 0
L 378.0, -174.0, 7.0, 389.0, -174.0, 7.0, 150, 150, 150
L 378.0, -178.0, 10.0, 378.0, -180.0, 12.0, 0, 204, 0
L 389.0, -178.0, 10.0, 389.0, -180.0, 12.0, 0, 204, 0
L 378.0, -178.0, 10.0, 389.0, -178.0, 10.0, 150, 150, 150
L 378.0, -170.0, 3.0, 378.0, -172.0, 5.0, 0, 204, 0
L 389.0, -170.0, 3.0, 389.0, -172.0, 5.0, 0, 204, 0
L 378.0, -170.0, 3.0, 389.0, -170.0, 3.0, 150, 150, 150
L 378.0, -172.0, 5.0, 378.0, -174.0, 7.0, 0, 204, 0
L 389.0, -172.0, 5.0, 389.0, -174.0, 7.0, 0, 204, 0
L 378.0, -172.0, 5.0, 389.0, -172.0, 5.0, 150, 150, 150
L 378.0, -168.0, 1.0, 378.0, -170.0, 3.0, 0, 204, 0
L 389.0, -168.0, 1.0, 389.0, -170.0, 3.0, 0, 204, 0
L 378.0, -168.0, 1.0, 389.0, -168.0, 1.0, 150, 150, 150
L 378.0, -176.0, 8.0, 378.0, -178.0, 10.0, 0, 204, 0
L 389.0, -176.0, 8.0, 389.0, -178.0, 10.0, 0, 204, 0
L 378.0, -176.0, 8.0, 389.0, -176.0, 8.0, 150, 150, 150
L 378.0, -180.0, 12.0, 378.0, -183.0, 14.0, 0, 204, 0
L 389.0, -180.0, 12.0, 389.0, -183.0, 14.0, 0, 204, 0
L 378.0, -180.0, 12.0, 389.0, -180.0, 12.0, 150, 150, 150
L 224.0, -84.0, 0.0, 223.0, -83.0, 0.0, 0, 0, 0
L 335.0, 13.0, 8.0, 321.0, 27.0, 11.0, 0, 0, 0
L 251.0, -30.0, -15.0, 252.5, -30.0, -15.0, 178, 102, 255
L 254.0, -14.0, -15.0, 254.0, -30.0, -15.0, 178, 102, 255
L 254.0, -41.0, -15.0, 254.0, -55.0, -15.0, 178, 102, 255
L 251.0, -41.0, -15.0, 252.5, -41.0, -15.0, 178, 102, 255
L 254.0, 0.0, -15.0, 254.0, 30.0, -15.0, 178, 102, 255
L 251.0, 30.0, -15.0, 252.5, 30.0, -15.0, 178, 102, 255
L 295.0, 0.0, -15.0, 295.0, -55.0, -15.0, 178, 102, 255
L 295.0, 14.0, -15.0, 267.0, 14.0, -15.0, 178, 102, 255
L 295.0, -55.0, -15.0, 254.0, -55.0, -15.0, 178, 102, 255
L 282.0, 0.0, -15.0, 295.0, 0.0, -15.0, 178, 102, 255
L 295.0, 55.0, -15.0, 295.0, 14.0, -15.0, 178, 102, 255
L 251.0, 30.0, -15.0, 251.0, -30.0, -15.0, 178, 102, 255
L 281.0, -14.0, -15.0, 282.0, 0.0, -15.0, 178, 102, 255
L 267.0, 14.0, -15.0, 267.0, 0.0, -15.0, 178, 102, 255
L 254.0, -14.0, -15.0, 281.0, -14.0, -15.0, 178, 102, 255
L 267.0, 0.0, -15.0, 254.0, 0.0, -15.0, 178, 102, 255
L 224.0, -13.0, -15.0, 224.0, -4.0, -15.0, 178, 102, 255
L 238.0, -13.0, -15.0, 224.0, -13.0, -15.0, 178, 102, 255
L 224.0, -4.0, -15.0, 217.0, -4.0, -15.0, 178, 102, 255
L 217.0, 27.0, -15.0, 217.0, 21.0, -15.0, 178, 102, 255
L 224.0, 13.0, -15.0, 238.0, 13.0, -15.0, 178, 102, 255
L 217.0, 4.0, -15.0, 224.0, 4.0, -15.0, 178, 102, 255
L 224.0, 4.0, -15.0, 224.0, 13.0, -15.0, 178, 102, 255
L 211.0, 27.0, -15.0, 217.0, 27.0, -15.0, 178, 102, 255
L 176.0, 27.0, -15.0, 211.0, 27.0, -15.0, 178, 102, 255
L 217.0, 21.0, -15.0, 217.0, 4.0, -15.0, 178, 102, 255
L 238.0, 13.0, -15.0, 238.0, 69.0, -15.0, 178, 102, 255
L 248.0, 69.0, -15.0, 238.0, 69.0, -15.0, 178, 102, 255
L 251.0, 41.0, -15.0, 252.5, 41.0, -15.0, 178, 102, 255
L 248.0, 69.0, -15.0, 251.0, 69.0, -15.0, 178, 102, 255
L 254.0, 55.0, -15.0, 254.0, 41.0, -15.0, 178, 102, 255
L 254.0, 55.0, -15.0, 295.0, 55.0, -15.0, 178, 102, 255
L 251.0, 41.0, -15.0, 251.0, 57.0, -15.0, 178, 102, 255
L 251.0, 57.0, -15.0, 251.0, 69.0, -15.0, 150, 150, 150
L 280.0, 69.0, 0.0, 293.0, 69.0, 0.0, 0, 0, 0
L 280.0, 57.0, 0.0, 276.0, 57.0, -1.0, 178, 102, 255
L 280.0, 69.0, 0.0, 276.0, 69.0, -1.0, 178, 102, 255
L 265.0, 57.0, -7.0, 261.0, 57.0, -9.0, 178, 102, 255
L 265.0, 69.0, -7.0, 261.0, 69.0, -9.0, 178, 102, 255
L 265.0, 57.0, -7.0, 265.0, 69.0, -7.0, 150, 150, 150
L 272.0, 57.0, -3.0, 269.0, 57.0, -5.0, 178, 102, 255
L 272.0, 69.0, -3.0, 269.0, 69.0, -5.0, 178, 102, 255
L 272.0, 57.0, -3.0, 272.0, 69.0, -3.0, 150, 150, 150
L 276.0, 57.0, -1.0, 272.0, 57.0, -3.0, 178, 102, 255
L 276.0, 69.0, -1.0, 272.0, 69.0, -3.0, 178, 102, 255
L 276.0, 57.0, -1.0, 276.0, 69.0, -1.0, 150, 150, 150
L 269.0, 57.0, -5.0, 265.0, 57.0, -7.0, 178, 102, 255
L 269.0, 69.0, -5.0, 265.0, 69.0, -7.0, 178, 102, 255
L 269.0, 57.0, -5.0, 269.0, 69.0, -5.0, 150, 150, 150
L 258.0, 57.0, -11.0, 254.0, 57.0, -13.0, 178, 102, 255
L 258.0, 69.0, -11.0, 254.0, 69.0, -13.0, 178, 102, 255
L 258.0, 57.0, -11.0, 258.0, 69.0, -11.0, 150, 150, 150
L 261.0, 57.0, -9.0, 258.0, 57.0, -11.0, 178, 102, 255
L 261.0, 69.0, -9.0, 258.0, 69.0, -11.0, 178, 102, 255
L 261.0, 57.0, -9.0, 261.0, 69.0, -9.0, 150, 150, 150
L 254.0, 57.0, -13.0, 251.0, 57.0, -15.0, 178, 102, 255
L 254.0, 69.0, -13.0, 251.0, 69.0, -15.0, 178, 102, 255
L 254.0, 57.0, -13.0, 254.0, 69.0, -13.0, 150, 150, 150
L 280.0, 69.0, 0.0, 280.0, 57.0, 0.0, 150, 150, 150
L 280.0, 57.0, 0.0, 280.0, 55.0, 0.0, 0, 0, 0
L 280.0, 55.0, 0.0, 279.0, 55.0, 0.0, 0, 0, 0
L 279.0, 55.0, 0.0, 266.0, 55.0, 0.0, 0, 0, 0
L 266.0, 55.0, 0.0, 266.0, 41.0, 0.0, 0, 0, 0
L 266.0, 41.0, 0.0, 266.0, 39.0, 0.0, 0, 0, 0
L 307.0, 41.0, 0.0, 307.0, 55.0, 0.0, 0, 0, 0
L 307.0, 55.0, 0.0, 293.0, 55.0, 0.0, 0, 0, 0
L 293.0, -58.0, 0.0, 293.0, -69.0, 0.0, 0, 0, 0
L 307.0, -55.0, 0.0, 293.0, -55.0, 0.0, 0, 0, 0
L 293.0, -55.0, 0.0, 293.0, -58.0, 0.0, 0, 0, 0
L 266.0, -27.0, 0.0, 266.0, -30.0, 0.0, 0, 0, 0
L 266.0, -39.0, 0.0, 266.0, -55.0, 0.0, 0, 0, 0
L 280.0, -55.0, 0.0, 266.0, -55.0, 0.0, 0, 0, 0
L 251.0, -69.0, -15.0, 238.0, -69.0, -15.0, 178, 102, 255
L 238.0, -13.0, -15.0, 238.0, -69.0, -15.0, 178, 102, 255
L 251.0, -41.0, -15.0, 251.0, -58.0, -15.0, 178, 102, 255
L 293.0, -69.0, 0.0, 280.0, -69.0, 0.0, 0, 0, 0
L 280.0, -58.0, 0.0, 280.0, -69.0, 0.0, 150, 150, 150
L 280.0, -55.0, 0.0, 280.0, -58.0, 0.0, 0, 0, 0
L 251.0, -58.0, -15.0, 251.0, -69.0, -15.0, 150, 150, 150
L 251.0, -58.0, -15.0, 254.0, -58.0, -13.0, 178, 102, 255
L 251.0, -69.0, -15.0, 254.0, -69.0, -13.0, 178, 102, 255
L 265.0, -69.0, -7.0, 269.0, -69.0, -5.0, 178, 102, 255
L 265.0, -58.0, -7.0, 269.0, -58.0, -5.0, 178, 102, 255
L 265.0, -69.0, -7.0, 265.0, -58.0, -7.0, 150, 150, 150
L 272.0, -69.0, -3.0, 276.0, -69.0, -1.0, 178, 102, 255
L 272.0, -58.0, -3.0, 276.0, -58.0, -1.0, 178, 102, 255
L 272.0, -69.0, -3.0, 272.0, -58.0, -3.0, 150, 150, 150
L 258.0, -69.0, -11.0, 261.0, -69.0, -9.0, 178, 102, 255
L 258.0, -58.0, -11.0, 261.0, -58.0, -9.0, 178, 102, 255
L 258.0, -69.0, -11.0, 258.0, -58.0, -11.0, 150, 150, 150
L 254.0, -69.0, -13.0, 258.0, -69.0, -11.0, 178, 102, 255
L 254.0, -58.0, -13.0, 258.0, -58.0, -11.0, 178, 102, 255
L 254.0, -69.0, -13.0, 254.0, -58.0, -13.0, 150, 150, 150
L 261.0, -69.0, -9.0, 265.0, -69.0, -7.0, 178, 102, 255
L 261.0, -58.0, -9.0, 265.0, -58.0, -7.0, 178, 102, 255
L 261.0, -69.0, -9.0, 261.0, -58.0, -9.0, 150, 150, 150
L 269.0, -69.0, -5.0, 272.0, -69.0, -3.0, 178, 102, 255
L 269.0, -58.0, -5.0, 272.0, -58.0, -3.0, 178, 102, 255
L 269.0, -69.0, -5.0, 269.0, -58.0, -5.0, 150, 150, 150
L 276.0, -69.0, -1.0, 280.0, -69.0, 0.0, 178, 102, 255
L 276.0, -58.0, -1.0, 280.0, -58.0, 0.0, 178, 102, 255
L 276.0, -69.0, -1.0, 276.0, -58.0, -1.0, 150, 150, 150
L 713.0, -266.0, -13.0, 713.0, -265.0, -21.0, 0, 0, 0
L 331.0, 100.0, 0.0, 336.0, 100.0, 0.0, 0, 0, 0
L 352.0, 64.0, 0.0, 358.0, 64.0, 0.0, 205, 133, 63
L 352.0, 61.0, 0.0, 358.0, 61.0, 0.0, 205, 133, 63
L 350.0, 62.0, 0.0, 350.0, 64.0, 0.0, 0, 0, 0
L 361.0, 62.0, 0.0, 358.0, 62.0, 0.0, 205, 133, 63
L 352.0, 61.0, 0.0, 352.0, 62.0, 0.0, 205, 133, 63
L 352.0, 62.0, 0.0, 350.0, 62.0, 0.0, 205, 133, 63
L 352.0, 62.0, 0.0, 352.0, 64.0, 0.0, 205, 133, 63
L 358.0, 61.0, 0.0, 358.0, 62.0, 0.0, 205, 133, 63
L 358.0, 62.0, 0.0, 358.0, 64.0, 0.0, 205, 133, 63
L 319.0, 114.0, 0.0, 319.0, 111.0, 0.0, 0, 0, 0
L 321.0, 111.0, 0.0, 319.0, 111.0, 0.0, 0, 0, 0
L 321.0, 123.0, 0.0, 361.0, 123.0, 0.0, 0, 0, 0
L 319.0, 116.0, 0.0, 319.0, 120.0, 0.0, 205, 133, 63
L 324.0, 116.0, 0.0, 324.0, 120.0, 0.0, 205, 133, 63
L 321.0, 114.0, 0.0, 319.0, 114.0, 0.0, 0, 0, 0
L 321.0, 114.0, 0.0, 321.0, 116.0, 0.0, 205, 133, 63
L 319.0, 120.0, 0.0, 321.0, 120.0, 0.0, 205, 133, 63
L 321.0, 120.0, 0.0, 321.0, 123.0, 0.0, 205, 133, 63
L 321.0, 120.0, 0.0, 324.0, 120.0, 0.0, 205, 133, 63
L 324.0, 116.0, 0.0, 321.0, 116.0, 0.0, 205, 133, 63
L 321.0, 116.0, 0.0, 319.0, 116.0, 0.0, 205, 133, 63
L 448.0, 97.0, 0.0, 450.0, 97.0, 0.0, 0, 0, 0
L 450.0, 100.0, 0.0, 450.0, 97.0, 0.0, 0, 0, 0
L 443.0, 102.0, 0.0, 443.0, 106.0, 0.0, 205, 133, 63
L 450.0, 102.0, 0.0, 450.0, 106.0, 0.0, 205, 133, 63
L 446.0, 100.0, 0.0, 443.0, 100.0, 0.0, 0, 0, 0
L 446.0, 109.0, 0.0, 450.0, 109.0, 0.0, 0, 0, 0
L 446.0, 100.0, 0.0, 446.0, 102.0, 0.0, 205, 133, 63
L 450.0, 106.0, 0.0, 446.0, 106.0, 0.0, 205, 133, 63
L 446.0, 106.0, 0.0, 446.0, 109.0, 0.0, 205, 133, 63
L 446.0, 106.0, 0.0, 443.0, 106.0, 0.0, 205, 133, 63
L 443.0, 102.0, 0.0, 446.0, 102.0, 0.0, 205, 133, 63
L 446.0, 102.0, 0.0, 450.0, 102.0, 0.0, 205, 133, 63
L 459.0, 56.0, 0.0, 462.0, 56.0, 0.0, 0, 0, 0
L 459.0, 53.0, 0.0, 459.0, 56.0, 0.0, 0, 0, 0
L 447.0, 56.0, 0.0, 459.0, 56.0, 0.0, 205, 133, 63
L 447.0, 53.0, 0.0, 436.0, 53.0, 0.0, 0, 0, 0
L 447.0, 56.0, 0.0, 447.0, 53.0, 0.0, 0, 0, 0
L 459.0, 72.0, 0.0, 462.0, 72.0, 0.0, 0, 0, 0
L 462.0, 70.0, 0.0, 462.0, 72.0, 0.0, 0, 0, 0
L 450.0, 72.0, 0.0, 447.0, 72.0, 0.0, 0, 0, 0
L 447.0, 70.0, 0.0, 447.0, 72.0, 0.0, 0, 0, 0
L 456.0, 67.0, 0.0, 452.0, 67.0, 0.0, 205, 133, 63
L 456.0, 72.0, 0.0, 452.0, 72.0, 0.0, 205, 133, 63
L 459.0, 69.0, 0.0, 459.0, 72.0, 0.0, 0, 0, 0
L 450.0, 69.0, 0.0, 450.0, 67.0, 0.0, 0, 0, 0
L 459.0, 69.0, 0.0, 456.0, 69.0, 0.0, 205, 133, 63
L 452.0, 67.0, 0.0, 452.0, 69.0, 0.0, 205, 133, 63
L 452.0, 69.0, 0.0, 450.0, 69.0, 0.0, 205, 133, 63
L 452.0, 69.0, 0.0, 452.0, 72.0, 0.0, 205, 133, 63
L 456.0, 72.0, 0.0, 456.0, 69.0, 0.0, 205, 133, 63
L 456.0, 69.0, 0.0, 456.0, 67.0, 0.0, 205, 133, 63
L 378.0, 14.0, 0.0, 378.0, 16.0, 0.0, 0, 0, 0
L 375.0, 16.0, 0.0, 378.0, 16.0, 0.0, 0, 0, 0
L 392.0, -12.0, 0.0, 392.0, 14.0, 0.0, 0, 0, 0
L 378.0, 14.0, 0.0, 392.0, 14.0, 0.0, 0, 0, 0
L 366.0, 13.0, 0.0, 366.0, -11.0, 0.0, 0, 0, 0
L 372.0, 11.0, 0.0, 368.0, 11.0, 0.0, 205, 133, 63
L 372.0, 16.0, 0.0, 368.0, 16.0, 0.0, 205, 133, 63
L 375.0, 13.0, 0.0, 375.0, 16.0, 0.0, 0, 0, 0
L 366.0, 13.0, 0.0, 368.0, 13.0, 0.0, 205, 133, 63
L 372.0, 11.0, 0.0, 372.0, 13.0, 0.0, 205, 133, 63
L 372.0, 13.0, 0.0, 375.0, 13.0, 0.0, 205, 133, 63
L 372.0, 13.0, 0.0, 372.0, 16.0, 0.0, 205, 133, 63
L 368.0, 11.0, 0.0, 368.0, 13.0, 0.0, 205, 133, 63
L 368.0, 13.0, 0.0, 368.0, 16.0, 0.0, 205, 133, 63
L 655.0, -251.0, -13.0, 655.0, -289.0, -13.0, 0, 0, 0
L 648.0, -254.0, -13.0, 652.0, -254.0, -13.0, 205, 133, 63
L 648.0, -249.0, -13.0, 652.0, -249.0, -13.0, 205, 133, 63
L 646.0, -251.0, -13.0, 646.0, -249.0, -13.0, 0, 0, 0
L 655.0, -251.0, -13.0, 652.0, -251.0, -13.0, 205, 133, 63
L 648.0, -254.0, -13.0, 648.0, -251.0, -13.0, 205, 133, 63
L 648.0, -251.0, -13.0, 646.0, -251.0, -13.0, 205, 133, 63
L 648.0, -251.0, -13.0, 648.0, -249.0, -13.0, 205, 133, 63
L 652.0, -254.0, -13.0, 652.0, -251.0, -13.0, 205, 133, 63
L 652.0, -251.0, -13.0, 652.0, -249.0, -13.0, 205, 133, 63
L 612.0, -168.0, -13.0, 614.0, -167.0, -13.0, 0, 0, 0
L 614.0, -167.0, -13.0, 614.0, -165.0, -13.0, 0, 0, 0
L 591.0, -156.0, -13.0, 596.0, -156.0, -13.0, 0, 0, 0
L 614.0, -156.0, -13.0, 614.0, -153.0, -13.0, 0, 0, 0
L 596.0, -156.0, -13.0, 611.0, -156.0, -13.0, 0, 0, 0
L 603.0, -153.0, -13.0, 614.0, -153.0, -13.0, 0, 0, 0
L 611.0, -165.0, -13.0, 609.0, -165.0, -13.0, 0, 0, 0
L 611.0, -156.0, -13.0, 614.0, -156.0, -13.0, 0, 0, 0
L 611.0, -165.0, -13.0, 611.0, -162.0, -13.0, 205, 133, 63
L 614.0, -162.0, -13.0, 614.0, -158.0, -13.0, 205, 133, 63
L 609.0, -162.0, -13.0, 609.0, -158.0, -13.0, 205, 133, 63
L 609.0, -162.0, -13.0, 611.0, -162.0, -13.0, 205, 133, 63
L 611.0, -162.0, -13.0, 614.0, -162.0, -13.0, 205, 133, 63
L 614.0, -158.0, -13.0, 611.0, -158.0, -13.0, 205, 133, 63
L 611.0, -158.0, -13.0, 611.0, -156.0, -13.0, 205, 133, 63
L 611.0, -158.0, -13.0, 609.0, -158.0, -13.0, 205, 133, 63
L 417.0, -151.0, 0.0, 422.0, -151.0, 0.0, 0, 0, 0
L 380.0, -137.0, 0.0, 377.0, -137.0, 0.0, 0, 0, 0
L 377.0, -139.0, 0.0, 377.0, -137.0, 0.0, 0, 0, 0
L 375.0, -142.0, 0.0, 378.0, -142.0, 0.0, 0, 0, 0
L 378.0, -142.0, 0.0, 380.0, -142.0, 0.0, 0, 0, 0
L 380.0, -137.0, 0.0, 380.0, -139.0, 0.0, 0, 0, 0
L 389.0, -139.0, 0.0, 389.0, -166.0, 0.0, 0, 0, 0
L 382.0, -142.0, 0.0, 386.0, -142.0, 0.0, 205, 133, 63
L 386.0, -137.0, 0.0, 382.0, -137.0, 0.0, 205, 133, 63
L 380.0, -139.0, 0.0, 380.0, -142.0, 0.0, 0, 0, 0
L 389.0, -139.0, 0.0, 386.0, -139.0, 0.0, 205, 133, 63
L 382.0, -142.0, 0.0, 382.0, -139.0, 0.0, 205, 133, 63
L 382.0, -139.0, 0.0, 380.0, -139.0, 0.0, 205, 133, 63
L 382.0, -139.0, 0.0, 382.0, -137.0, 0.0, 205, 133, 63
L 386.0, -142.0, 0.0, 386.0, -139.0, 0.0, 205, 133, 63
L 386.0, -139.0, 0.0, 386.0, -137.0, 0.0, 205, 133, 63
L 338.0, -112.0, 0.0, 350.0, -112.0, 0.0, 205, 133, 63
L 338.0, -107.0, 0.0, 338.0, -112.0, 0.0, 0, 0, 0
L 405.0, -97.0, 0.0, 403.0, -97.0, 0.0, 0, 0, 0
L 405.0, -112.0, 0.0, 403.0, -112.0, 0.0, 0, 0, 0
L 403.0, -109.0, 0.0, 403.0, -112.0, 0.0, 0, 0, 0
L 403.0, -100.0, 0.0, 403.0, -97.0, 0.0, 0, 0, 0
L 408.0, -102.0, 0.0, 408.0, -106.0, 0.0, 205, 133, 63
L 403.0, -106.0, 0.0, 403.0, -102.0, 0.0, 205, 133, 63
L 405.0, -109.0, 0.0, 403.0, -109.0, 0.0, 0, 0, 0
L 405.0, -100.0, 0.0, 408.0, -100.0, 0.0, 0, 0, 0
L 405.0, -109.0, 0.0, 405.0, -106.0, 0.0, 205, 133, 63
L 408.0, -102.0, 0.0, 405.0, -102.0, 0.0, 205, 133, 63
L 405.0, -102.0, 0.0, 405.0, -100.0, 0.0, 205, 133, 63
L 405.0, -102.0, 0.0, 403.0, -102.0, 0.0, 205, 133, 63
L 403.0, -106.0, 0.0, 405.0, -106.0, 0.0, 205, 133, 63
L 405.0, -106.0, 0.0, 408.0, -106.0, 0.0, 205, 133, 63
L 448.0, -97.0, 14.0, 448.0, -100.0, 14.0, 0, 204, 0
L 448.0, -114.0, 14.0, 448.0, -115.0, 14.0, 205, 133, 63
L 448.0, -100.0, 14.0, 448.0, -114.0, 14.0, 205, 133, 63
L 443.0, -100.0, 14.0, 448.0, -100.0, 14.0, 0, 204, 0
L 417.0, 86.0, 0.0, 405.0, 86.0, 0.0, 205, 133, 63
L 417.0, 81.0, 0.0, 417.0, 86.0, 0.0, 0, 0, 0
L 403.0, 100.0, 14.0, 404.0, 100.0, 14.0, 0, 204, 0
L 406.0, 100.0, 14.0, 406.0, 69.0, 14.0, 0, 204, 0
L 403.0, 69.0, 14.0, 405.0, 69.0, 14.0, 0, 204, 0
L 405.0, 60.0, 14.0, 406.0, 60.0, 14.0, 0, 204, 0
L 405.0, 57.0, 14.0, 406.0, 57.0, 14.0, 0, 204, 0
L 406.0, 57.0, 14.0, 406.0, 60.0, 14.0, 0, 204, 0
L 404.0, 109.0, 14.0, 382.0, 109.0, 14.0, 0, 204, 0
L 403.0, 102.0, 14.0, 403.0, 106.0, 14.0, 205, 133, 63
L 406.0, 102.0, 14.0, 406.0, 106.0, 14.0, 205, 133, 63
L 404.0, 100.0, 14.0, 406.0, 100.0, 14.0, 0, 204, 0
L 404.0, 100.0, 14.0, 404.0, 102.0, 14.0, 205, 133, 63
L 403.0, 106.0, 14.0, 404.0, 106.0, 14.0, 205, 133, 63
L 404.0, 106.0, 14.0, 404.0, 109.0, 14.0, 205, 133, 63
L 404.0, 106.0, 14.0, 406.0, 106.0, 14.0, 205, 133, 63
L 403.0, 102.0, 14.0, 404.0, 102.0, 14.0, 205, 133, 63
L 404.0, 102.0, 14.0, 406.0, 102.0, 14.0, 205, 133, 63
L 403.0, 66.0, 14.0, 403.0, 62.0, 14.0, 205, 133, 63
L 406.0, 66.0, 14.0, 406.0, 62.0, 14.0, 205, 133, 63
L 405.0, 69.0, 14.0, 406.0, 69.0, 14.0, 0, 204, 0
L 405.0, 60.0, 14.0, 405.0, 62.0, 14.0, 205, 133, 63
L 403.0, 66.0, 14.0, 405.0, 66.0, 14.0, 205, 133, 63
L 405.0, 66.0, 14.0, 405.0, 69.0, 14.0, 205, 133, 63
L 405.0, 66.0, 14.0, 406.0, 66.0, 14.0, 205, 133, 63
L 403.0, 62.0, 14.0, 405.0, 62.0, 14.0, 205, 133, 63
L 405.0, 62.0, 14.0, 406.0, 62.0, 14.0, 205, 133, 63
L 483.0, -8.0, -3.0, 497.0, -8.0, -3.0, 0, 0, 0
L 424.0, 3.0, -3.0, 435.0, 3.0, -3.0, 0, 0, 0
L 483.0, 3.0, -3.0, 483.0, -8.0, -3.0, 0, 0, 0
L 483.0, -19.0, -3.0, 483.0, -31.0, -3.0, 0, 0, 0
L 424.0, -8.0, -3.0, 424.0, -7.0, -3.0, 0, 0, 0
L 435.0, -31.0, -3.0, 424.0, -31.0, -3.0, 0, 0, 0
L 435.0, 3.0, -3.0, 436.0, 3.0, -3.0, 0, 0, 0
L 471.0, 3.0, -3.0, 483.0, 3.0, -3.0, 0, 0, 0
L 483.0, -31.0, -3.0, 471.0, -31.0, -3.0, 0, 0, 0
L 424.0, -20.0, -3.0, 424.0, -19.0, -3.0, 0, 0, 0
L 436.0, -31.0, -3.0, 435.0, -31.0, -3.0, 0, 0, 0
L 424.0, -19.0, -3.0, 424.0, -8.0, -3.0, 0, 0, 0
L 424.0, -7.0, -3.0, 424.0, 3.0, -3.0, 0, 0, 0
L 424.0, -31.0, -3.0, 424.0, -20.0, -3.0, 0, 0, 0
L 497.0, -10.0, -3.0, 497.0, -8.0, -3.0, 205, 133, 63
L 497.0, -19.0, -3.0, 483.0, -19.0, -3.0, 0, 0, 0
L 495.0, -10.0, -3.0, 495.0, -16.0, -3.0, 205, 133, 63
L 495.0, -10.0, -3.0, 499.0, -10.0, -3.0, 205, 133, 63
L 497.0, -19.0, -3.0, 497.0, -16.0, -3.0, 205, 133, 63
L 495.0, -16.0, -3.0, 499.0, -16.0, -3.0, 205, 133, 63
L 499.0, -10.0, -3.0, 499.0, -16.0, -3.0, 205, 133, 63
L 497.0, -8.0, -3.0, 511.0, -8.0, -3.0, 0, 0, 0
L 471.0, -31.0, -3.0, 436.0, -31.0, -3.0, 0, 0, 0
L 436.0, 3.0, -3.0, 471.0, 3.0, -3.0, 0, 0, 0
L 511.0, -19.0, -3.0, 511.0, -8.0, -3.0, 0, 0, 0
L 511.0, -19.0, -3.0, 497.0, -19.0, -3.0, 0, 0, 0
L 511.0, -8.0, -3.0, 523.0, -8.0, -3.0, 150, 150, 150
L 523.0, -8.0, -3.0, 523.0, -19.0, -3.0, 150, 150, 150
L 511.0, -19.0, -3.0, 523.0, -19.0, -3.0, 150, 150, 150
L 523.0, -19.0, -3.0, 523.0, -20.0, -2.0, 150, 150, 150
L 523.0, -8.0, -3.0, 523.0, -6.0, -2.0, 150, 150, 150
L 511.0, -19.0, -3.0, 511.0, -20.0, -2.0, 0, 0, 0
L 511.0, -25.0, 0.0, 523.0, -25.0, 0.0, 150, 150, 150
L 511.0, -8.0, -3.0, 511.0, -6.0, -2.0, 0, 0, 0
L 511.0, -2.0, 0.0, 523.0, -2.0, 0.0, 150, 150, 150
L 511.0, -22.0, -1.0, 511.0, -23.0, 0.0, 0, 0, 0
L 523.0, -22.0, -1.0, 523.0, -23.0, 0.0, 150, 150, 150
L 511.0, -22.0, -1.0, 523.0, -22.0, -1.0, 150, 150, 150
L 511.0, -23.0, 0.0, 511.0, -25.0, 0.0, 0, 0, 0
L 523.0, -23.0, 0.0, 523.0, -25.0, 0.0, 150, 150, 150
L 511.0, -23.0, 0.0, 523.0, -23.0, 0.0, 150, 150, 150
L 511.0, -20.0, -2.0, 511.0, -22.0, -1.0, 0, 0, 0
L 523.0, -20.0, -2.0, 523.0, -22.0, -1.0, 150, 150, 150
L 511.0, -20.0, -2.0, 523.0, -20.0, -2.0, 150, 150, 150
L 511.0, -5.0, -1.0, 511.0, -3.0, 0.0, 0, 0, 0
L 523.0, -5.0, -1.0, 523.0, -3.0, 0.0, 150, 150, 150
L 511.0, -5.0, -1.0, 523.0, -5.0, -1.0, 150, 150, 150
L 511.0, -6.0, -2.0, 511.0, -5.0, -1.0, 0, 0, 0
L 523.0, -6.0, -2.0, 523.0, -5.0, -1.0, 150, 150, 150
L 511.0, -6.0, -2.0, 523.0, -6.0, -2.0, 150, 150, 150
L 511.0, -3.0, 0.0, 511.0, -2.0, 0.0, 0, 0, 0
L 523.0, -3.0, 0.0, 523.0, -2.0, 0.0, 150, 150, 150
L 511.0, -3.0, 0.0, 523.0, -3.0, 0.0, 150, 150, 150
L 523.0, -25.0, 0.0, 523.0, -2.0, 0.0, 150, 150, 150
L 378.0, -217.0, 0.0, 378.0, -241.0, 0.0, 0, 0, 0
L 376.0, -217.0, 0.0, 362.0, -217.0, 0.0, 0, 0, 0
L 375.0, -210.0, 0.0, 375.0, -214.0, 0.0, 205, 133, 63
L 378.0, -210.0, 0.0, 378.0, -214.0, 0.0, 205, 133, 63
L 378.0, -214.0, 0.0, 376.0, -214.0, 0.0, 205, 133, 63
L 375.0, -210.0, 0.0, 376.0, -210.0, 0.0, 205, 133, 63
L 376.0, -208.0, 0.0, 378.0, -208.0, 0.0, 0, 0, 0
L 376.0, -208.0, 0.0, 376.0, -210.0, 0.0, 205, 133, 63
L 376.0, -214.0, 0.0, 375.0, -214.0, 0.0, 205, 133, 63
L 376.0, -210.0, 0.0, 378.0, -210.0, 0.0, 205, 133, 63
L 376.0, -214.0, 0.0, 376.0, -217.0, 0.0, 205, 133, 63
L 361.0, -210.0, 0.0, 361.0, -214.0, 0.0, 205, 133, 63
L 364.0, -210.0, 0.0, 364.0, -214.0, 0.0, 205, 133, 63
L 364.0, -214.0, 0.0, 362.0, -214.0, 0.0, 205, 133, 63
L 364.0, -210.0, 0.0, 362.0, -210.0, 0.0, 205, 133, 63
L 362.0, -208.0, 0.0, 364.0, -208.0, 0.0, 0, 0, 0
L 362.0, -217.0, 0.0, 361.0, -217.0, 0.0, 0, 0, 0
L 362.0, -208.0, 0.0, 362.0, -210.0, 0.0, 205, 133, 63
L 362.0, -214.0, 0.0, 361.0, -214.0, 0.0, 205, 133, 63
L 362.0, -210.0, 0.0, 361.0, -210.0, 0.0, 205, 133, 63
L 362.0, -214.0, 0.0, 362.0, -217.0, 0.0, 205, 133, 63
L 364.0, -171.0, 0.0, 364.0, -176.0, 0.0, 205, 133, 63
L 361.0, -176.0, 0.0, 361.0, -171.0, 0.0, 205, 133, 63
L 364.0, -171.0, 0.0, 362.0, -171.0, 0.0, 205, 133, 63
L 364.0, -176.0, 0.0, 362.0, -176.0, 0.0, 205, 133, 63
L 362.0, -179.0, 0.0, 361.0, -179.0, 0.0, 0, 0, 0
L 362.0, -169.0, 0.0, 361.0, -169.0, 0.0, 0, 0, 0
L 362.0, -179.0, 0.0, 362.0, -176.0, 0.0, 205, 133, 63
L 362.0, -171.0, 0.0, 361.0, -171.0, 0.0, 205, 133, 63
L 362.0, -176.0, 0.0, 361.0, -176.0, 0.0, 205, 133, 63
L 362.0, -171.0, 0.0, 362.0, -169.0, 0.0, 205, 133, 63
L 364.0, -156.0, 0.0, 364.0, -160.0, 0.0, 205, 133, 63
L 361.0, -160.0, 0.0, 361.0, -156.0, 0.0, 205, 133, 63
L 362.0, -154.0, 0.0, 364.0, -154.0, 0.0, 0, 0, 0
L 362.0, -162.0, 0.0, 364.0, -162.0, 0.0, 0, 0, 0
L 362.0, -154.0, 0.0, 362.0, -156.0, 0.0, 205, 133, 63
L 364.0, -160.0, 0.0, 362.0, -160.0, 0.0, 205, 133, 63
L 362.0, -160.0, 0.0, 362.0, -162.0, 0.0, 205, 133, 63
L 362.0, -160.0, 0.0, 361.0, -160.0, 0.0, 205, 133, 63
L 364.0, -156.0, 0.0, 362.0, -156.0, 0.0, 205, 133, 63
L 362.0, -156.0, 0.0, 361.0, -156.0, 0.0, 205, 133, 63
L 643.0, -182.0, -20.0, 643.0, -154.0, -13.0, 0, 0, 255
L 695.0, -238.0, -23.0, 685.0, -237.0, -20.0, 0, 0, 255
L 695.0, -238.0, -23.0, 727.0, -251.0, -26.0, 0, 0, 255
L 685.0, 41.0, -13.0, 697.0, 46.0, -13.0, 127, 64, 0
L 697.0, 46.0, -13.0, 697.0, 65.0, -13.0, 127, 64, 0
L 697.0, 65.0, -13.0, 695.0, 70.0, -13.0, 127, 64, 0
L 684.0, 70.0, -13.0, 695.0, 70.0, -13.0, 127, 64, 0
L 657.0, -209.0, -20.0, 643.0, -182.0, -20.0, 0, 0, 255
L 685.0, -237.0, -20.0, 657.0, -209.0, -20.0, 0, 0, 255
L 248.0, 39.0, 0.0, 248.0, 41.0, 0.0, 0, 0, 0
L 248.0, 41.0, 0.0, 248.0, 44.0, 0.0, 0, 0, 0
L 248.0, -39.0, 0.0, 248.0, -44.0, 0.0, 0, 0, 0
L 254.0, 39.0, 0.0, 248.0, 39.0, 0.0, 0, 0, 0
L 254.0, 30.0, 0.0, 249.0, 30.0, 0.0, 0, 0, 0
L 255.0, 36.0, 0.0, 255.0, 32.0, 0.0, 205, 133, 63
L 252.0, 36.0, 0.0, 252.0, 32.0, 0.0, 205, 133, 63
L 254.0, 39.0, 0.0, 254.0, 36.0, 0.0, 205, 133, 63
L 255.0, 32.0, 0.0, 254.0, 32.0, 0.0, 205, 133, 63
L 254.0, 32.0, 0.0, 254.0, 30.0, 0.0, 205, 133, 63
L 254.0, 32.0, 0.0, 252.0, 32.0, 0.0, 205, 133, 63
L 252.0, 36.0, 0.0, 254.0, 36.0, 0.0, 205, 133, 63
L 254.0, 36.0, 0.0, 255.0, 36.0, 0.0, 205, 133, 63
L 254.0, -39.0, 0.0, 266.0, -39.0, 0.0, 0, 0, 0
L 254.0, -30.0, 0.0, 266.0, -30.0, 0.0, 0, 0, 0
L 255.0, -32.0, 0.0, 255.0, -36.0, 0.0, 205, 133, 63
L 252.0, -32.0, 0.0, 252.0, -36.0, 0.0, 205, 133, 63
L 252.0, -32.0, 0.0, 254.0, -32.0, 0.0, 205, 133, 63
L 255.0, -36.0, 0.0, 254.0, -36.0, 0.0, 205, 133, 63
L 254.0, -30.0, 0.0, 254.0, -32.0, 0.0, 205, 133, 63
L 254.0, -32.0, 0.0, 255.0, -32.0, 0.0, 205, 133, 63
L 254.0, -36.0, 0.0, 252.0, -36.0, 0.0, 205, 133, 63
L 254.0, -36.0, 0.0, 254.0, -39.0, 0.0, 205, 133, 63
L 362.0, -193.0, 14.0, 340.0, -193.0, 14.0, 0, 204, 0
L 363.0, -186.0, 14.0, 363.0, -190.0, 14.0, 205, 133, 63
L 361.0, -186.0, 14.0, 361.0, -190.0, 14.0, 205, 133, 63
L 363.0, -186.0, 14.0, 362.0, -186.0, 14.0, 205, 133, 63
L 363.0, -190.0, 14.0, 362.0, -190.0, 14.0, 205, 133, 63
L 362.0, -184.0, 14.0, 361.0, -184.0, 14.0, 0, 204, 0
L 362.0, -184.0, 14.0, 362.0, -186.0, 14.0, 205, 133, 63
L 362.0, -186.0, 14.0, 361.0, -186.0, 14.0, 205, 133, 63
L 362.0, -190.0, 14.0, 361.0, -190.0, 14.0, 205, 133, 63
L 362.0, -190.0, 14.0, 362.0, -193.0, 14.0, 205, 133, 63
L 362.0, -142.0, 14.0, 376.0, -142.0, 14.0, 0, 204, 0
L 363.0, -148.0, 14.0, 363.0, -144.0, 14.0, 205, 133, 63
L 361.0, -148.0, 14.0, 361.0, -144.0, 14.0, 205, 133, 63
L 361.0, -144.0, 14.0, 362.0, -144.0, 14.0, 205, 133, 63
L 363.0, -148.0, 14.0, 362.0, -148.0, 14.0, 205, 133, 63
L 362.0, -151.0, 14.0, 363.0, -151.0, 14.0, 0, 204, 0
L 362.0, -151.0, 14.0, 362.0, -148.0, 14.0, 205, 133, 63
L 362.0, -144.0, 14.0, 363.0, -144.0, 14.0, 205, 133, 63
L 362.0, -148.0, 14.0, 361.0, -148.0, 14.0, 205, 133, 63
L 362.0, -144.0, 14.0, 362.0, -142.0, 14.0, 205, 133, 63
L 376.0, -142.0, 14.0, 389.0, -142.0, 14.0, 0, 204, 0
L 378.0, -148.0, 14.0, 378.0, -144.0, 14.0, 205, 133, 63
L 375.0, -148.0, 14.0, 375.0, -144.0, 14.0, 205, 133, 63
L 375.0, -144.0, 14.0, 376.0, -144.0, 14.0, 205, 133, 63
L 375.0, -148.0, 14.0, 376.0, -148.0, 14.0, 205, 133, 63
L 376.0, -151.0, 14.0, 378.0, -151.0, 14.0, 0, 204, 0
L 376.0, -151.0, 14.0, 376.0, -148.0, 14.0, 205, 133, 63
L 376.0, -144.0, 14.0, 378.0, -144.0, 14.0, 205, 133, 63
L 376.0, -148.0, 14.0, 378.0, -148.0, 14.0, 205, 133, 63
L 376.0, -144.0, 14.0, 376.0, -142.0, 14.0, 205, 133, 63
L 632.8, -109.1, 44.0, 623.7, -109.1, 43.0, 0, 204, 0
L 623.7, -109.1, 43.0, 615.9, -111.0, 42.0, 0, 204, 0
L 173.0, 5.1, -17.0, 173.0, -5.1, -17.0, 255, 255, 0
L 176.8, -5.1, -17.0, 174.9, -5.1, -17.0, 178, 102, 255
L 173.0, 5.1, -17.0, 174.9, 5.1, -17.0, 178, 102, 255
L 176.8, -5.1, -17.0, 176.8, -27.0, -14.0, 178, 102, 255
L 176.0, 5.1, -17.0, 176.0, 27.0, -15.0, 178, 102, 255
L 174.9, -5.1, -17.0, 173.0, -5.1, -17.0, 178, 102, 255
L 174.9, 5.1, -17.0, 176.0, 5.1, -17.0, 178, 102, 255
L 174.9, -5.1, -17.0, 174.9, 5.1, -17.0, 255, 255, 0
L 251.0, 37.3, -15.0, 251.0, 33.7, -15.0, 205, 133, 63
L 252.5, 41.0, -15.0, 254.0, 41.0, -15.0, 178, 102, 255
L 252.5, 41.0, -15.0, 252.5, 37.3, -15.0, 205, 133, 63
L 251.0, 37.3, -15.0, 254.0, 37.3, -15.0, 205, 133, 63
L 251.0, 33.7, -15.0, 252.5, 33.7, -15.0, 205, 133, 63
L 252.5, 33.7, -15.0, 254.0, 33.7, -15.0, 205, 133, 63
L 252.5, 30.0, -15.0, 254.0, 30.0, -15.0, 178, 102, 255
L 252.5, 33.7, -15.0, 252.5, 30.0, -15.0, 205, 133, 63
L 254.0, 37.3, -15.0, 254.0, 33.7, -15.0, 205, 133, 63
L 251.0, -33.7, -15.0, 251.0, -37.3, -15.0, 205, 133, 63
L 252.5, -30.0, -15.0, 254.0, -30.0, -15.0, 178, 102, 255
L 252.5, -30.0, -15.0, 252.5, -33.7, -15.0, 205, 133, 63
L 251.0, -33.7, -15.0, 254.0, -33.7, -15.0, 205, 133, 63
L 251.0, -37.3, -15.0, 252.5, -37.3, -15.0, 205, 133, 63
L 252.5, -37.3, -15.0, 254.0, -37.3, -15.0, 205, 133, 63
L 252.5, -41.0, -15.0, 254.0, -41.0, -15.0, 178, 102, 255
L 252.5, -37.3, -15.0, 252.5, -41.0, -15.0, 205, 133, 63
L 254.0, -33.7, -15.0, 254.0, -37.3, -15.0, 205, 133, 63
L 672.6, -27.8, -29.9, 672.6, -0.1, -29.9, 0, 0, 255
L 672.6, -0.1, -29.9, 686.6, 41.6, -29.9, 0, 0, 255
L 654.2, 16.9, -14.0, 633.3, 16.9, -14.0, 0, 0, 0
L 633.3, 16.9, -14.0, 628.9, 10.3, -14.0, 0, 0, 0
L 628.9, 10.3, -14.0, 628.9, 3.7, -14.0, 0, 0, 0
L 628.9, 3.7, -14.0, 633.3, -2.9, -14.0, 0, 0, 0
L 633.3, -2.9, -14.0, 654.2, -2.9, -14.0, 0, 0, 0
L 654.2, -2.9, -14.0, 658.6, 3.7, -14.0, 0, 0, 0
L 658.6, 3.7, -14.0, 658.6, 10.3, -14.0, 0, 0, 0
L 658.6, 10.3, -14.0, 654.2, 16.9, -14.0, 0, 0, 0
L 587.1, -47.1, 0.0, 579.0, -47.1, 0.0, 0, 0, 0
L 578.9, 61.1, 0.0, 578.9, 69.1, 0.0, 0, 0, 0
L 578.9, 61.1, 0.0, 587.1, 61.1, 0.0, 0, 0, 0
L -207.0, -55.0, 0.0, -207.0, -28.0, 0.0, 199, 21, 133
L -181.0, -28.0, 0.0, -207.0, -28.0, 0.0, 0, 0, 0
L -207.0, -28.0, 0.0, -238.0, -28.0, 0.0, 0, 0, 0
L 654.2, 58.9, -14.0, 633.3, 58.9, -14.0, 0, 0, 0
L 628.9, 52.2, -14.0, 628.9, 45.7, -14.0, 0, 0, 0
L 633.3, 58.9, -14.0, 628.9, 52.2, -14.0, 0, 0, 0
L 658.6, 45.7, -14.0, 658.6, 52.2, -14.0, 0, 0, 0
L 658.6, 52.2, -14.0, 654.2, 58.9, -14.0, 0, 0, 0
L 633.3, 39.1, -14.0, 654.2, 39.1, -14.0, 0, 0, 0
L 628.9, 45.7, -14.0, 633.3, 39.1, -14.0, 0, 0, 0
L 654.2, 39.1, -14.0, 658.6, 45.7, -14.0, 0, 0, 0
L 628.9, -31.7, -14.0, 628.9, -38.3, -14.0, 0, 0, 0
L 633.3, -25.1, -14.0, 628.9, -31.7, -14.0, 0, 0, 0
L 658.6, -31.7, -14.0, 654.2, -25.1, -14.0, 0, 0, 0
L 633.3, -44.9, -14.0, 654.2, -44.9, -14.0, 0, 0, 0
L 628.9, -38.3, -14.0, 633.3, -44.9, -14.0, 0, 0, 0
L 654.2, -44.9, -14.0, 658.6, -38.3, -14.0, 0, 0, 0
L 658.6, -38.3, -14.0, 658.6, -31.7, -14.0, 0, 0, 0
L 654.2, -25.1, -14.0, 633.3, -25.1, -14.0, 0, 0, 0
L 616.0, -61.0, -13.0, 616.0, 75.0, -13.0, 150, 150, 150
L 587.1, -47.1, 0.0, 587.1, 61.1, 0.0, 150, 150, 150
L 601.5, -54.0, -6.5, 597.9, -52.3, -4.9, 0, 0, 0
L 601.5, 68.0, -6.5, 597.9, 66.3, -4.9, 0, 0, 0
L 601.5, -54.0, -6.5, 601.5, 68.0, -6.5, 150, 150, 150
L 608.8, -57.5, -9.8, 605.2, -55.8, -8.1, 0, 0, 0
L 608.8, 71.5, -9.8, 605.2, 69.8, -8.1, 0, 0, 0
L 608.8, -57.5, -9.8, 608.8, 71.5, -9.8, 150, 150, 150
L 594.3, -50.6, -3.2, 590.7, -48.8, -1.6, 0, 0, 0
L 594.3, 64.6, -3.2, 590.7, 62.8, -1.6, 0, 0, 0
L 594.3, -50.6, -3.2, 594.3, 64.6, -3.2, 150, 150, 150
L 590.7, -48.8, -1.6, 587.1, -47.1, 0.0, 0, 0, 0
L 590.7, 62.8, -1.6, 587.1, 61.1, 0.0, 0, 0, 0
L 590.7, -48.8, -1.6, 590.7, 62.8, -1.6, 150, 150, 150
L 597.9, -52.3, -4.9, 594.3, -50.6, -3.2, 0, 0, 0
L 597.9, 66.3, -4.9, 594.3, 64.6, -3.2, 0, 0, 0
L 597.9, -52.3, -4.9, 597.9, 66.3, -4.9, 150, 150, 150
L 605.2, -55.8, -8.1, 601.5, -54.0, -6.5, 0, 0, 0
L 605.2, 69.8, -8.1, 601.5, 68.0, -6.5, 0, 0, 0
L 605.2, -55.8, -8.1, 605.2, 69.8, -8.1, 150, 150, 150
L 612.4, 73.3, -11.4, 608.8, 71.5, -9.8, 0, 0, 0
L 612.4, -59.3, -11.4, 608.8, -57.5, -9.8, 0, 0, 0
L 612.4, 73.3, -11.4, 612.4, -59.3, -11.4, 150, 150, 150
L 725.0, 54.0, -29.9, 713.0, 41.0, -29.9, 0, 0, 255
L 695.0, 70.0, -29.9, 697.0, 65.0, -29.9, 0, 0, 255
L 697.0, 65.0, -29.9, 697.0, 46.0, -29.9, 0, 0, 255
L 700.0, 83.0, -29.9, 727.0, 125.0, -29.9, 0, 0, 255
L 697.0, 46.0, -29.9, 686.6, 41.6, -29.9, 0, 0, 255
L 684.0, 70.0, -29.9, 695.0, 70.0, -29.9, 0, 0, 255
L 684.0, 70.0, -29.9, 700.0, 83.0, -29.9, 0, 0, 255
L 825.0, 111.0, -29.9, 825.0, 98.0, -29.9, 0, 0, 255
L 727.0, 125.0, -29.9, 755.0, 125.0, -29.9, 0, 0, 255
L 755.0, 125.0, -29.9, 769.0, 153.0, -29.9, 0, 0, 255
L 825.0, 98.0, -29.9, 797.0, 70.0, -29.9, 0, 0, 255
L 797.0, 70.0, -29.9, 783.0, 70.0, -29.9, 0, 0, 255
L 811.0, 139.0, -29.9, 825.0, 111.0, -29.9, 0, 0, 255
L 783.0, 70.0, -29.9, 769.0, 84.0, -29.9, 0, 0, 255
L 783.0, 153.0, -29.9, 811.0, 139.0, -29.9, 0, 0, 255
L 769.0, 153.0, -29.9, 783.0, 153.0, -29.9, 0, 0, 255
L 713.0, 41.0, -29.9, 699.0, 0.0, -29.9, 0, 0, 255
L 783.0, -126.0, -29.9, 797.0, -140.0, -29.9, 0, 0, 255
L 699.0, -27.0, -29.9, 699.0, -28.0, -29.9, 0, 0, 255
L 727.0, -70.0, -29.9, 783.0, -126.0, -29.9, 0, 0, 255
L 699.0, -28.0, -29.9, 727.0, -70.0, -29.9, 0, 0, 255
L 699.0, 0.0, -29.9, 699.0, -27.0, -29.9, 0, 0, 255
L 755.0, 84.0, -29.9, 725.0, 54.0, -29.9, 0, 0, 255
L 769.0, 84.0, -29.9, 755.0, 84.0, -29.9, 0, 0, 255
L 797.0, -140.0, -29.9, 797.0, -181.0, -29.9, 0, 0, 255
L 671.0, -125.0, -29.9, 643.0, -154.0, -29.9, 0, 0, 255
L 657.0, -209.0, -29.9, 685.0, -237.0, -29.9, 0, 0, 255
L 783.0, -223.0, -29.9, 768.0, -237.0, -29.9, 0, 0, 255
L 727.0, -251.0, -29.9, 695.0, -238.0, -29.9, 0, 0, 255
L 797.0, -181.0, -29.9, 783.0, -223.0, -29.9, 0, 0, 255
L 768.0, -237.0, -29.9, 727.0, -251.0, -29.9, 0, 0, 255
L 643.0, -154.0, -29.9, 643.0, -182.0, -29.9, 0, 0, 255
L 643.0, -182.0, -29.9, 657.0, -209.0, -29.9, 0, 0, 255
L 695.0, -238.0, -29.9, 685.0, -237.0, -29.9, 0, 0, 255
L 688.8, -97.4, -14.0, 694.7, -111.8, -14.0, 0, 0, 0
L 688.8, -83.1, -14.0, 688.8, -97.4, -14.0, 0, 0, 0
L 694.7, -83.1, -14.0, 688.8, -83.1, -14.0, 0, 0, 0
L 671.0, -125.0, -29.9, 694.7, -111.8, -29.9, 0, 0, 255
L 694.7, -111.8, -14.0, 700.7, -98.0, -14.0, 0, 0, 0
L 694.7, -111.8, -29.9, 700.7, -98.0, -29.9, 0, 0, 255
L 700.7, -98.0, -29.9, 672.6, -27.8, -29.9, 0, 0, 255
L 700.7, -98.0, -14.0, 694.7, -83.1, -14.0, 0, 0, 0
L 727.0, -251.0, -29.9, 727.0, -251.0, -26.0, 0, 0, 255
