P -197.0000, -225.0000, -6.0000, 240, 240, 0, 2, Icy_Surface_Ahead
P -196.0000, -311.0000, -29.0000, 240, 240, 240, 2, Icy_Pit
P 599.0000, -537.0000, 379.0000, 240, 240, 0, 2, Mirror
P 153.0000, -151.0000, 213.0000, 240, 240, 0, 2, to_Level_4
P 100.0000, -608.0000, 213.0000, 240, 240, 0, 2, to_Level_6
P -322.0000, -307.0000, -7.0000, 127, 64, 0, 2, a_skeleton_sleeper_(Hunter)
P -657.0000, -54.0000, 23.0000, 240, 240, 240, 2, Level_2
P -516.0000, -237.0000, 50.0000, 255, 255, 0, 2, Secret_Door
P -516.0000, -521.0000, 50.0000, 240, 240, 0, 2, Secret_Door
P -674.0000, -682.0000, 56.0000, 240, 240, 0, 2, to_Level_3
P -798.0000, -237.0000, 50.0000, 255, 255, 0, 2, Secret_Door
P -798.0000, -521.0000, 50.0000, 240, 240, 0, 2, Secret_Door
P -547.1707, -424.8736, 50.2955, 127, 64, 0, 2, Zorglim_the_Dead_(Hunter,Roam)
P -673.0000, -709.0000, 66.1369, 240, 240, 240, 2, Level_3
P -404.2498, -825.6736, 71.8128, 240, 240, 0, 2, Fake_Wall
P -404.2981, -919.8306, 71.7632, 240, 240, 0, 2, Fake_Wall
P -490.4695, -992.7234, 66.1706, 0, 0, 0, 2, a_yearning_zombie_butler
P -867.6796, -738.3754, 71.6832, 0, 0, 0, 2, a_yearning_skeleton_sleeper
P -874.1978, -1063.2815, 71.5640, 0, 0, 0, 2, a_yearning_shadow
P -429.0143, -894.8947, 72.4122, 0, 0, 0, 2, a_yearning_shadow_beast_servant
P -447.6714, -764.5403, 71.6313, 0, 0, 0, 2, a_yearning_shadow_beast_cook
P -494.1656, -1166.5822, 66.0384, 0, 0, 0, 2, a_yearning_zombie_maid
P -656.2747, -1184.6205, 77.2491, 240, 240, 0, 2, to_Level_4
P 96.0000, -1183.0000, 181.8384, 240, 240, 240, 2, Level_4
P 95.7532, -1185.8615, 181.5056, 240, 240, 0, 2, to_Level_3
P -246.2300, -775.8223, 174.6206, 0, 0, 0, 2, a_frost_mummy
P -93.6846, -744.8118, 174.6204, 240, 0, 0, 3, to_The_Eastern_Wastes
P -100.5624, -1181.3677, 188.8506, 240, 240, 0, 2, to_Level_5
P 152.3261, -155.8929, 213.6473, 240, 240, 240, 2, Level_5
P -198.3875, -84.6341, -1.6079, 240, 0, 0, 3, to_The_Eastern_Wastes
P -179.9580, -508.3820, 4.2573, 240, 240, 0, 2, to_Level_2
P 34.9649, -353.8355, 213.6474, 127, 64, 0, 2, Dark_Huntress_(Hunter)
P -837.7805, -660.6240, 54.2588, 240, 0, 0, 3, to_The_Eastern_Wastes
P -529.1381, -1172.8207, 65.7062, 240, 0, 0, 3, to_The_Eastern_Wastes
P 104.5976, -614.9139, 213.6474, 127, 64, 0, 2, Dark_Huntress_(Hunter)
P 320.6533, -725.0363, 9.1581, 240, 240, 240, 2, Level_6a
P 320.5643, -717.8615, 9.1581, 240, 240, 0, 2, to_Level_5
P 306.3050, -1203.8921, -6.6243, 240, 0, 0, 3, to_The_Eastern_Wastes
P 395.1002, -1337.0182, 44.7979, 240, 240, 0, 2, to_Level_6b
P -268.9782, -802.8712, 174.9524, 240, 240, 0, 2, Fake_Floors
P -212.8676, -1164.3290, 174.9522, 240, 240, 0, 2, Fake_Floor
P -231.7008, -1014.6494, 174.9523, 240, 240, 0, 2, Fake_Floor
P -95.3429, -888.9401, 174.9522, 240, 240, 0, 2, Fake_Floor
P 12.0447, -1038.9070, 174.9522, 240, 240, 0, 2, Fake_Floor
P -262.6961, -217.4729, -6.7646, 127, 64, 0, 2, a_skeleton_sleeper_(Hunter)
P -260.3974, -190.3346, -6.6531, 127, 64, 0, 2, a_skeleton_sleeper_(Hunter)
P -190.7259, -343.9067, -31.5654, 127, 64, 0, 2, a_skeleton_sleeper_(Hunter)
P -197.6445, -320.8783, -30.3084, 127, 64, 0, 2, a_skeleton_sleeper_(Hunter)
P -262.4327, -352.7741, -6.6054, 127, 64, 0, 2, a_skeleton_sleeper_(Hunter)
P -328.6352, -358.7058, -6.6054, 127, 64, 0, 2, a_skeleton_sleeper_(Hunter)
P -335.3061, -411.1496, -3.8404, 127, 64, 0, 2, a_skeleton_sleeper_(Hunter)
P -72.6965, -360.1240, -6.6111, 127, 64, 0, 2, a_skeleton_sleeper_(Hunter)
P -109.9065, -287.9199, -3.8404, 127, 64, 0, 2, a_skeleton_sleeper_(Hunter)
P -60.0356, -223.1228, -6.5816, 127, 64, 0, 2, Xalgoti_(Hunter)
P -78.4038, -197.0698, -7.1816, 127, 64, 0, 2, a_skeleton_sleeper_(Hunter)
P -67.3435, -177.2817, -6.5816, 127, 64, 0, 2, Xalgoti_(Hunter)
P -125.4378, -305.1493, -6.6111, 127, 64, 0, 2, Xalgoti_(Hunter)
P -94.4273, -274.3312, -6.6111, 127, 64, 0, 2, Xalgoti_(Hunter)
P -90.1778, -337.0623, -6.6111, 127, 64, 0, 2, Xalgoti_(Hunter)
P -43.7410, -348.6056, -6.6111, 127, 64, 0, 2, Xalgoti_(Hunter)
P -109.3602, -421.3897, -6.6130, 127, 64, 0, 2, Xalgoti_(Hunter)
P -80.7782, -423.9274, -6.6130, 127, 64, 0, 2, Xalgoti_(Hunter)
P -80.3531, -463.5384, -6.6130, 127, 64, 0, 2, Xalgoti_(Hunter)
P -116.9661, -459.5114, -8.9067, 127, 64, 0, 2, Xalgoti_(Hunter)
P -345.2862, -422.6092, -6.6054, 127, 64, 0, 2, Xalgoti_(Hunter)
P -316.7915, -331.1478, -6.6054, 127, 64, 0, 2, Xalgoti_(Hunter)
P -342.5635, -212.4411, -6.6032, 127, 64, 0, 2, Xalgoti_(Hunter)
P -359.0438, -241.3680, -6.6032, 127, 64, 0, 2, Xalgoti_(Hunter)
P -324.8776, -245.6531, -6.6032, 127, 64, 0, 2, Xalgoti_(Hunter)
P 213.9395, -865.0369, -0.8502, 127, 64, 0, 2, Deacon_Foels_Tomorin_(Hunter)
P 370.6572, -1105.0862, -0.8499, 127, 64, 0, 2, Vhal`Sera_(Hunter)
P 384.4291, -634.3130, 20.7000, 127, 64, 0, 2, a_shadow_beast_necromancer_(Key_to_7)
P 386.5502, -548.1614, 20.7031, 240, 240, 0, 2, to_Level_7
P -7.0374, -40.7461, 302.1710, 240, 240, 0, 2, from_6b
P -8.9712, -571.7366, 302.1710, 240, 240, 0, 2, Fake_Wall
P -1.4845, -849.4279, 303.0103, 240, 240, 0, 2, Locked_Portal
P -18.6486, -251.8535, 351.1054, 240, 240, 0, 2, to_Level_4
P -32.8871, -217.4381, 350.7735, 240, 0, 0, 3, to_The_Eastern_Wastes
P -44.4954, -250.7119, 350.7735, 240, 240, 0, 2, to_Level_1
P -14.1809, -235.5217, 350.7735, 240, 240, 0, 2, to_Level_5
P 520.0000, -199.0000, 1.3762, 240, 240, 0, 2, from_6a
P 508.5202, -200.2688, 1.3755, 240, 240, 240, 2, Level_6b
P -20.4951, -222.3851, 350.7735, 240, 240, 0, 2, to_Level_6a
P -45.3924, -220.7177, 350.7735, 240, 240, 0, 2, to_Level_3
P -53.3560, -235.0645, 350.7736, 240, 240, 0, 2, to_Level_2
P -7.0000, -54.0830, 301.8383, 240, 240, 240, 2, Level_7
P -673.9263, -705.5735, 66.1359, 240, 240, 0, 2, to_Level_2
P 108.2301, -747.0162, 174.9522, 127, 64, 0, 2, D`dee_the_Chilled_(Hunter)
P -157.1075, -749.5049, 174.9523, 127, 64, 0, 2, D`dee_the_Chilled_(Hunter)
P -108.6329, -806.5842, 174.9522, 127, 64, 0, 2, D`dee_the_Chilled_(Hunter)
P 54.1691, -1041.2250, 174.9523, 127, 64, 0, 2, D`dee_the_Chilled_(Hunter)
P 2.3476, -887.8583, 174.9521, 127, 64, 0, 2, D`dee_the_Chilled_(Hunter)
P -277.3690, -751.4673, 174.9523, 127, 64, 0, 2, D`dee_the_Chilled_(Hunter)
P -454.9169, -1009.6852, 66.0070, 127, 64, 0, 2, Cara_Omica_(Hunter)
P 184.8346, -1147.2001, -6.5987, 240, 240, 240, 2, a_restless_shade_(for_level_7_key)
P 462.5418, -322.7523, 1.7070, 127, 64, 0, 2, a_shrouded_bat_(Hunter)
P -34.1329, -425.1292, 351.1049, 127, 64, 0, 2, Ascendent_Svartmane_(Hunter)
P -225.5594, -509.0249, 4.5891, 240, 240, 0, 2, to_Mirror_Room
P -456.6924, -1029.0059, 60.1864, 240, 240, 240, 2, Blood_of_the_Commons
P 151.0946, -470.9418, 209.4175, 240, 240, 240, 2, Blood_of_the_Maiden
P -31.0993, -234.0925, 350.7735, 240, 240, 240, 2, Room_of_Narcissim
P -682.3610, -356.8488, 54.5614, 127, 64, 0, 2, Zorglim_the_Dead_(Hunter)
P -159.2589, -1070.2074, 174.9521, 127, 64, 0, 2, Amontehepna_the_Second_(Hunter)
P 66.3229, -778.6378, 174.9522, 127, 64, 0, 2, Narmak_Berreka_(Hunter)
P 37.7563, -886.0073, 174.9522, 127, 64, 0, 2, Narmak_Berreka_(Hunter)
