L 520.0, -603.0, -9.0, 510.0, -610.0, -9.0, 0, 0, 0
L 549.0, -590.0, -9.0, 520.0, -603.0, -9.0, 0, 0, 0
L 579.0, -609.0, -9.0, 549.0, -590.0, -9.0, 0, 0, 0
L 569.0, -629.0, -9.0, 579.0, -609.0, -9.0, 0, 0, 0
L 539.0, -629.0, -9.0, 569.0, -629.0, -9.0, 0, 0, 0
L 519.0, -623.0, -9.0, 539.0, -629.0, -9.0, 0, 0, 0
L 510.0, -629.0, -9.0, 519.0, -623.0, -9.0, 0, 0, 0
L 497.0, -637.0, -11.0, 510.0, -629.0, -9.0, 0, 0, 0
L 459.0, -630.0, -11.0, 452.0, -637.0, -11.0, 150, 150, 150
L 485.0, -630.0, -11.0, 459.0, -630.0, -11.0, 150, 150, 150
L 497.0, -637.0, -11.0, 485.0, -630.0, -11.0, 150, 150, 150
L 497.0, -641.0, -13.0, 497.0, -637.0, -11.0, 0, 0, 0
L 459.0, -636.0, -13.0, 452.0, -641.0, -13.0, 150, 150, 150
L 485.0, -634.0, -13.0, 459.0, -636.0, -13.0, 150, 150, 150
L 497.0, -641.0, -13.0, 485.0, -634.0, -13.0, 150, 150, 150
L 497.0, -645.0, -13.0, 497.0, -641.0, -13.0, 0, 0, 0
L 485.0, -649.0, -13.0, 497.0, -645.0, -13.0, 0, 0, 0
L 479.0, -649.0, -13.0, 485.0, -649.0, -13.0, 0, 0, 0
L 479.0, -655.0, -13.0, 479.0, -649.0, -13.0, 0, 0, 0
L 470.0, -655.0, -13.0, 479.0, -655.0, -13.0, 0, 0, 0
L 470.0, -649.0, -13.0, 470.0, -655.0, -13.0, 0, 0, 0
L 459.0, -649.0, -13.0, 470.0, -649.0, -13.0, 0, 0, 0
L 452.0, -645.0, -13.0, 459.0, -649.0, -13.0, 0, 0, 0
L 452.0, -637.0, -11.0, 452.0, -641.0, -13.0, 0, 0, 0
L 440.0, -629.0, -9.0, 452.0, -637.0, -11.0, 0, 0, 0
L 420.0, -619.0, -9.0, 440.0, -629.0, -9.0, 0, 0, 0
L 420.0, -599.0, -9.0, 420.0, -619.0, -9.0, 0, 0, 0
L 410.0, -585.0, -9.0, 420.0, -599.0, -9.0, 0, 0, 0
L 410.0, -580.0, -9.0, 410.0, -585.0, -9.0, 0, 0, 0
L 419.0, -570.0, -9.0, 410.0, -580.0, -9.0, 0, 0, 0
L 419.0, -578.0, -9.0, 419.0, -570.0, -9.0, 0, 0, 0
L 429.0, -579.0, -9.0, 419.0, -578.0, -9.0, 0, 0, 0
L 445.0, -582.0, -9.0, 429.0, -579.0, -9.0, 0, 0, 0
L 449.0, -589.0, -9.0, 445.0, -582.0, -9.0, 0, 0, 0
L 439.0, -599.0, -9.0, 449.0, -589.0, -9.0, 0, 0, 0
L 439.0, -608.0, -9.0, 439.0, -599.0, -9.0, 0, 0, 0
L 459.0, -590.0, -9.0, 439.0, -608.0, -9.0, 0, 0, 0
L 440.0, -547.0, -9.0, 459.0, -590.0, -9.0, 0, 0, 0
L 440.0, -543.0, -9.0, 440.0, -547.0, -9.0, 0, 0, 0
L 419.0, -551.0, -9.0, 440.0, -543.0, -9.0, 0, 0, 0
L 413.0, -563.0, -9.0, 419.0, -551.0, -9.0, 0, 0, 0
L 384.0, -569.0, -9.0, 413.0, -563.0, -9.0, 0, 0, 0
L 384.0, -569.0, -9.0, 384.0, -560.0, -9.0, 127, 64, 0
L 379.0, -555.0, -9.0, 384.0, -555.0, -9.0, 127, 64, 0
L 379.0, -561.0, -9.0, 379.0, -555.0, -9.0, 127, 64, 0
L 358.0, -571.0, -9.0, 379.0, -561.0, -9.0, 127, 64, 0
L 358.0, -567.0, -9.0, 358.0, -572.0, -9.0, 127, 64, 0
L 353.0, -567.0, -9.0, 358.0, -567.0, -9.0, 127, 64, 0
L 353.0, -577.0, -9.0, 353.0, -572.0, -9.0, 127, 64, 0
L 340.0, -553.0, -9.0, 353.0, -577.0, -9.0, 0, 0, 0
L 329.0, -549.0, -9.0, 340.0, -553.0, -9.0, 0, 0, 0
L 329.0, -571.0, -9.0, 329.0, -549.0, -9.0, 0, 0, 0
L 319.0, -575.0, -9.0, 329.0, -571.0, -9.0, 0, 0, 0
L 300.0, -572.0, -5.0, 319.0, -575.0, -9.0, 0, 0, 0
L 300.0, -529.0, -9.0, 300.0, -572.0, -5.0, 0, 0, 0
L 308.0, -521.0, -9.0, 300.0, -529.0, -9.0, 0, 0, 0
L 380.0, -514.0, -4.0, 384.0, -512.0, -9.0, 0, 0, 0
L 357.0, -510.0, -4.0, 380.0, -514.0, -4.0, 0, 0, 0
L 357.0, -510.0, -4.0, 353.0, -512.0, -4.0, 0, 0, 0
L 353.0, -517.0, -5.0, 353.0, -518.0, -6.0, 127, 64, 0
L 353.0, -512.0, -4.0, 353.0, -517.0, -5.0, 0, 0, 0
L 319.0, -520.0, -9.0, 308.0, -521.0, -9.0, 0, 0, 0
L 329.0, -529.0, -9.0, 319.0, -520.0, -9.0, 0, 0, 0
L 339.0, -530.0, -9.0, 329.0, -529.0, -9.0, 0, 0, 0
L 353.0, -512.0, -4.0, 339.0, -530.0, -9.0, 0, 0, 0
L 357.0, -522.0, -9.0, 353.0, -522.0, -9.0, 127, 64, 0
L 358.0, -518.0, -9.0, 357.0, -522.0, -9.0, 127, 64, 0
L 379.0, -523.0, -9.0, 358.0, -518.0, -9.0, 127, 64, 0
L 379.0, -526.0, -9.0, 379.0, -523.0, -9.0, 127, 64, 0
L 384.0, -512.0, -9.0, 384.0, -523.0, -9.0, 127, 64, 0
L 392.0, -515.0, -9.0, 384.0, -512.0, -9.0, 0, 0, 0
L 390.0, -519.0, -9.0, 392.0, -515.0, -9.0, 0, 0, 0
L 395.0, -525.0, -9.0, 390.0, -519.0, -9.0, 0, 0, 0
L 400.0, -524.0, -9.0, 395.0, -525.0, -9.0, 0, 0, 0
L 403.0, -542.0, -9.0, 400.0, -524.0, -9.0, 0, 0, 0
L 419.0, -532.0, -9.0, 403.0, -542.0, -9.0, 0, 0, 0
L 428.0, -524.0, -9.0, 419.0, -532.0, -9.0, 0, 0, 0
L 428.0, -524.0, -9.0, 440.0, -522.0, -9.0, 0, 0, 0
L 440.0, -507.0, -9.0, 440.0, -522.0, -9.0, 0, 0, 0
L 460.0, -479.0, -9.0, 440.0, -507.0, -9.0, 0, 0, 0
L 451.0, -473.0, -9.0, 460.0, -479.0, -9.0, 0, 0, 0
L 439.0, -485.0, -9.0, 451.0, -473.0, -9.0, 0, 0, 0
L 432.0, -487.0, -9.0, 439.0, -485.0, -9.0, 0, 0, 0
L 430.0, -483.0, -9.0, 432.0, -487.0, -9.0, 0, 0, 0
L 426.0, -481.0, -9.0, 430.0, -483.0, -9.0, 0, 0, 0
L 411.0, -481.0, -9.0, 426.0, -481.0, -9.0, 0, 0, 0
L 402.0, -479.0, -9.0, 411.0, -481.0, -9.0, 0, 0, 0
L 394.0, -473.0, -9.0, 402.0, -479.0, -9.0, 0, 0, 0
L 386.0, -461.0, -9.0, 394.0, -473.0, -9.0, 0, 0, 0
L 384.0, -449.0, -9.0, 386.0, -461.0, -9.0, 0, 0, 0
L 382.0, -445.0, -9.0, 384.0, -449.0, -9.0, 0, 0, 0
L 376.0, -437.0, -9.0, 382.0, -445.0, -9.0, 0, 0, 0
L 376.0, -427.0, -9.0, 376.0, -437.0, -9.0, 0, 0, 0
L 381.0, -421.0, -9.0, 376.0, -427.0, -9.0, 0, 0, 0
L 399.0, -420.0, -9.0, 381.0, -421.0, -9.0, 0, 0, 0
L 405.0, -427.0, -9.0, 399.0, -420.0, -9.0, 0, 0, 0
L 403.0, -437.0, -9.0, 405.0, -427.0, -9.0, 0, 0, 0
L 399.0, -445.0, -9.0, 403.0, -437.0, -9.0, 0, 0, 0
L 401.0, -450.0, -9.0, 399.0, -445.0, -9.0, 0, 0, 0
L 411.0, -438.0, -9.0, 401.0, -450.0, -9.0, 0, 0, 0
L 413.0, -445.0, -9.0, 411.0, -438.0, -9.0, 0, 0, 0
L 418.0, -447.0, -10.0, 413.0, -445.0, -9.0, 0, 0, 0
L 418.0, -436.0, -11.0, 418.0, -447.0, -10.0, 0, 0, 0
L 425.0, -438.0, -11.0, 418.0, -436.0, -11.0, 0, 0, 0
L 425.0, -450.0, -9.0, 425.0, -438.0, -11.0, 0, 0, 0
L 429.0, -450.0, -9.0, 425.0, -450.0, -9.0, 0, 0, 0
L 432.0, -442.0, -9.0, 429.0, -450.0, -9.0, 0, 0, 0
L 432.0, -441.0, -9.0, 432.0, -442.0, -9.0, 127, 64, 0
L 435.0, -447.0, -9.0, 432.0, -441.0, -9.0, 0, 0, 0
L 439.0, -470.0, -9.0, 435.0, -447.0, -9.0, 0, 0, 0
L 460.0, -449.0, -9.0, 439.0, -470.0, -9.0, 0, 0, 0
L 450.0, -434.0, -3.0, 460.0, -449.0, -9.0, 0, 0, 0
L 430.0, -425.0, 0.0, 450.0, -434.0, -3.0, 0, 0, 0
L 249.0, -620.0, -29.0, 249.0, -609.0, -28.0, 0, 0, 0
L 300.0, -679.0, -17.0, 329.0, -689.0, -10.0, 0, 0, 0
L 279.0, -679.0, -26.0, 300.0, -679.0, -17.0, 0, 0, 0
L 260.0, -679.0, -29.0, 279.0, -679.0, -26.0, 0, 0, 0
L 240.0, -669.0, -29.0, 260.0, -679.0, -29.0, 0, 0, 0
L 228.0, -640.0, -29.0, 222.0, -643.0, -29.0, 150, 150, 150
L 227.0, -635.0, -29.0, 228.0, -640.0, -29.0, 150, 150, 150
L 225.0, -646.0, -29.0, 240.0, -669.0, -29.0, 0, 0, 0
L 224.0, -646.0, -29.0, 218.0, -636.0, -29.0, 0, 0, 0
L 230.0, -636.0, -29.0, 222.0, -633.0, -29.0, 150, 150, 150
L 235.0, -628.0, -29.0, 230.0, -636.0, -29.0, 150, 150, 150
L 230.0, -622.0, -29.0, 235.0, -628.0, -29.0, 150, 150, 150
L 222.0, -625.0, -29.0, 230.0, -622.0, -29.0, 150, 150, 150
L 222.0, -633.0, -29.0, 222.0, -625.0, -29.0, 150, 150, 150
L 218.0, -636.0, -29.0, 222.0, -633.0, -29.0, 150, 150, 150
L 210.0, -619.0, -29.0, 218.0, -636.0, -29.0, 0, 0, 0
L 210.0, -589.0, -25.0, 210.0, -619.0, -29.0, 0, 0, 0
L 200.0, -579.0, -22.0, 210.0, -589.0, -25.0, 0, 0, 0
L 190.0, -559.0, -20.0, 200.0, -579.0, -22.0, 0, 0, 0
L 190.0, -497.0, -20.0, 170.0, -482.0, -10.0, 150, 150, 150
L 180.0, -539.0, -14.0, 190.0, -559.0, -20.0, 0, 0, 0
L 170.0, -509.0, -10.0, 180.0, -539.0, -14.0, 0, 0, 0
L 163.0, -309.0, 22.0, 163.0, -318.0, 22.0, 127, 64, 0
L 166.0, -311.0, 22.0, 163.0, -309.0, 22.0, 127, 64, 0
L 166.0, -311.0, 22.0, 174.0, -309.0, 22.0, 127, 64, 0
L 176.0, -318.0, 22.0, 174.0, -309.0, 22.0, 127, 64, 0
L 163.0, -318.0, 22.0, 176.0, -318.0, 22.0, 127, 64, 0
L 180.0, -299.0, 19.0, 182.0, -302.0, 20.0, 150, 150, 150
L 199.0, -319.0, 21.0, 182.0, -302.0, 20.0, 150, 150, 150
L 183.0, -319.0, 22.0, 199.0, -319.0, 21.0, 0, 204, 0
L 179.0, -329.0, 22.0, 183.0, -319.0, 22.0, 0, 204, 0
L 159.0, -329.0, 20.0, 157.0, -332.0, 14.0, 0, 204, 0
L 179.0, -329.0, 22.0, 159.0, -329.0, 20.0, 0, 204, 0
L 157.0, -320.0, 18.0, 157.0, -324.0, 16.0, 0, 204, 0
L 144.0, -320.0, 18.0, 144.0, -324.0, 16.0, 0, 204, 0
L 157.0, -320.0, 18.0, 144.0, -320.0, 18.0, 150, 150, 150
L 157.0, -324.0, 16.0, 157.0, -328.0, 14.0, 0, 204, 0
L 144.0, -324.0, 16.0, 157.0, -324.0, 16.0, 150, 150, 150
L 471.0, -182.0, 14.0, 471.0, -236.0, 14.0, 0, 0, 0
L 467.0, -182.0, 14.0, 471.0, -182.0, 14.0, 0, 0, 0
L 467.0, -178.0, 14.0, 467.0, -182.0, 14.0, 0, 0, 0
L 450.0, -178.0, 14.0, 467.0, -178.0, 14.0, 150, 150, 150
L 450.0, -182.0, 14.0, 450.0, -178.0, 14.0, 0, 0, 0
L 446.0, -182.0, 14.0, 450.0, -182.0, 14.0, 0, 0, 0
L 446.0, -253.0, 14.0, 446.0, -240.0, 14.0, 0, 0, 0
L 446.0, -240.0, 14.0, 429.0, -234.0, 10.0, 0, 0, 0
L 429.0, -234.0, 10.0, 429.0, -267.0, 10.0, 150, 150, 150
L 420.0, -240.0, 10.0, 429.0, -234.0, 10.0, 0, 0, 0
L 419.0, -270.0, 0.0, 420.0, -269.0, 10.0, 0, 0, 0
L 420.0, -269.0, 10.0, 420.0, -240.0, 10.0, 0, 0, 0
L 449.0, -300.0, 0.0, 449.0, -329.0, 0.0, 150, 150, 150
L 439.0, -290.0, 0.0, 449.0, -300.0, 0.0, 150, 150, 150
L 429.0, -284.0, 0.0, 439.0, -290.0, 0.0, 150, 150, 150
L 419.0, -270.0, 0.0, 429.0, -284.0, 0.0, 150, 150, 150
L 410.0, -284.0, 0.0, 419.0, -270.0, 0.0, 0, 0, 0
L 410.0, -289.0, 0.0, 410.0, -284.0, 0.0, 0, 0, 0
L 390.0, -347.0, 0.0, 410.0, -289.0, 0.0, 0, 0, 0
L 390.0, -359.0, 0.0, 390.0, -347.0, 0.0, 0, 0, 0
L 380.0, -379.0, 0.0, 390.0, -359.0, 0.0, 0, 0, 0
L 369.0, -391.0, 0.0, 380.0, -379.0, 0.0, 0, 0, 0
L 350.0, -429.0, 0.0, 369.0, -391.0, 0.0, 0, 0, 0
L 340.0, -440.0, 3.0, 350.0, -429.0, 0.0, 0, 0, 0
L 329.0, -460.0, 0.0, 340.0, -440.0, 3.0, 0, 0, 0
L 309.0, -460.0, 0.0, 329.0, -460.0, 0.0, 0, 0, 0
L 289.0, -430.0, -9.0, 309.0, -460.0, 0.0, 0, 0, 0
L 270.0, -430.0, -9.0, 289.0, -430.0, -9.0, 0, 0, 0
L 262.0, -447.0, -9.0, 270.0, -430.0, -9.0, 0, 0, 0
L 248.0, -461.0, -9.0, 262.0, -447.0, -9.0, 0, 0, 0
L 248.0, -464.0, -9.0, 248.0, -461.0, -9.0, 0, 0, 0
L 236.0, -464.0, -6.0, 248.0, -464.0, -9.0, 0, 0, 0
L 230.0, -469.0, -6.0, 236.0, -464.0, -6.0, 0, 0, 0
L 229.0, -472.0, -9.0, 230.0, -469.0, -6.0, 0, 0, 0
L 210.0, -404.0, -9.0, 210.0, -399.0, -9.0, 127, 64, 0
L 205.0, -404.0, -9.0, 210.0, -404.0, -9.0, 127, 64, 0
L 210.0, -399.0, -9.0, 205.0, -399.0, -9.0, 127, 64, 0
L 234.0, -380.0, -9.0, 229.0, -380.0, -9.0, 127, 64, 0
L 234.0, -375.0, -9.0, 234.0, -380.0, -9.0, 127, 64, 0
L 234.0, -399.0, -9.0, 234.0, -404.0, -9.0, 127, 64, 0
L 229.0, -399.0, -9.0, 234.0, -399.0, -9.0, 127, 64, 0
L 229.0, -404.0, -9.0, 229.0, -399.0, -9.0, 127, 64, 0
L 234.0, -404.0, -9.0, 229.0, -404.0, -9.0, 127, 64, 0
L 205.0, -375.0, -9.0, 210.0, -375.0, -9.0, 127, 64, 0
L 205.0, -380.0, -9.0, 205.0, -375.0, -9.0, 127, 64, 0
L 210.0, -380.0, -9.0, 205.0, -380.0, -9.0, 127, 64, 0
L 210.0, -375.0, -9.0, 210.0, -380.0, -9.0, 127, 64, 0
L 259.0, -380.0, -9.0, 257.0, -376.0, -10.0, 0, 0, 0
L 279.0, -380.0, -9.0, 259.0, -380.0, -9.0, 0, 0, 0
L 280.0, -370.0, -9.0, 279.0, -380.0, -9.0, 0, 0, 0
L 319.0, -370.0, -9.0, 280.0, -370.0, -9.0, 0, 0, 0
L 319.0, -409.0, -9.0, 319.0, -370.0, -9.0, 0, 0, 0
L 280.0, -409.0, -9.0, 319.0, -409.0, -9.0, 0, 0, 0
L 280.0, -399.0, -9.0, 280.0, -409.0, -9.0, 0, 0, 0
L 259.0, -399.0, -9.0, 280.0, -399.0, -9.0, 0, 0, 0
L 255.0, -419.0, -10.0, 259.0, -399.0, -9.0, 0, 0, 0
L 227.0, -461.0, -9.0, 241.0, -461.0, -10.0, 0, 0, 0
L 214.0, -461.0, -9.0, 200.0, -461.0, -10.0, 0, 0, 0
L 211.0, -469.0, -6.0, 214.0, -471.0, -9.0, 0, 0, 0
L 168.0, -427.0, -9.0, 166.0, -430.0, -9.0, 0, 0, 0
L 165.0, -425.0, -8.0, 168.0, -427.0, -8.0, 0, 0, 0
L 161.0, -428.0, -9.0, 166.0, -430.0, -9.0, 0, 0, 0
L 165.0, -425.0, -9.0, 161.0, -428.0, -9.0, 0, 0, 0
L 205.0, -464.0, -6.0, 211.0, -469.0, -6.0, 0, 0, 0
L 194.0, -464.0, -9.0, 205.0, -464.0, -6.0, 0, 0, 0
L 195.0, -461.0, -7.0, 194.0, -464.0, -9.0, 0, 0, 0
L 193.0, -450.0, -7.0, 195.0, -461.0, -7.0, 0, 0, 0
L 189.0, -448.0, -7.0, 193.0, -450.0, -7.0, 0, 0, 0
L 169.0, -420.0, -9.0, 189.0, -448.0, -7.0, 0, 0, 0
L 130.0, -430.0, -9.0, 169.0, -420.0, -9.0, 0, 0, 0
L 110.0, -440.0, -8.0, 130.0, -430.0, -9.0, 0, 0, 0
L 99.0, -430.0, -6.0, 110.0, -440.0, -8.0, 0, 0, 0
L 89.0, -400.0, -4.0, 99.0, -430.0, -6.0, 0, 0, 0
L 99.0, -379.0, 2.0, 89.0, -400.0, -4.0, 0, 0, 0
L 119.0, -359.0, 0.0, 99.0, -379.0, 2.0, 0, 0, 0
L 133.0, -347.0, 0.0, 136.0, -341.0, 2.0, 0, 204, 0
L 129.0, -347.0, 0.0, 133.0, -347.0, 0.0, 0, 204, 0
L 139.0, -359.0, 4.0, 147.0, -347.0, 4.0, 0, 204, 0
L 129.0, -359.0, 2.0, 139.0, -359.0, 4.0, 0, 204, 0
L 119.0, -359.0, 0.0, 129.0, -359.0, 2.0, 0, 204, 0
L 138.0, -320.0, -13.0, 127.0, -319.0, 0.0, 0, 0, 0
L 146.0, -317.0, 18.0, 138.0, -320.0, -13.0, 0, 0, 0
L 149.0, -309.0, -13.0, 146.0, -317.0, 18.0, 0, 0, 0
L 160.0, -299.0, -13.0, 149.0, -309.0, -13.0, 0, 0, 0
L 180.0, -299.0, -13.0, 160.0, -299.0, -13.0, 0, 0, 0
L 210.0, -329.0, -13.0, 180.0, -299.0, -13.0, 0, 0, 0
L 239.0, -339.0, -13.0, 210.0, -329.0, -13.0, 0, 0, 0
L 270.0, -319.0, -13.0, 239.0, -339.0, -13.0, 0, 0, 0
L 279.0, -309.0, -13.0, 269.0, -319.0, -13.0, 0, 0, 0
L 279.0, -299.0, -13.0, 279.0, -309.0, -13.0, 0, 0, 0
L 275.0, -290.0, -13.0, 279.0, -299.0, -13.0, 0, 0, 0
L 269.0, -280.0, -13.0, 275.0, -290.0, -13.0, 0, 0, 0
L 269.0, -270.0, -11.0, 269.0, -280.0, -13.0, 0, 0, 0
L 248.0, -261.0, -5.0, 269.0, -270.0, -11.0, 0, 0, 0
L 10.0, -309.0, 0.0, 0.0, -294.0, 1.0, 0, 0, 0
L 41.0, -325.0, 0.0, 39.0, -325.0, 0.0, 150, 150, 150
L 20.0, -319.0, 0.0, 10.0, -309.0, 0.0, 0, 0, 0
L 20.0, -333.0, 0.0, 20.0, -319.0, 0.0, 0, 0, 0
L 27.0, -333.0, 0.0, 20.0, -333.0, 0.0, 150, 150, 150
L 27.0, -329.0, 0.0, 27.0, -333.0, 0.0, 150, 150, 150
L 32.0, -329.0, 1.0, 27.0, -329.0, 0.0, 150, 150, 150
L 37.0, -325.0, 0.0, 32.0, -329.0, 1.0, 150, 150, 150
L 54.0, -335.0, 0.0, 41.0, -325.0, 0.0, 150, 150, 150
L 54.0, -350.0, 0.0, 54.0, -335.0, 0.0, 150, 150, 150
L 132.0, -343.0, 0.0, 135.0, -343.0, 0.0, 0, 0, 255
L 130.0, -324.0, 0.0, 132.0, -343.0, 0.0, 0, 0, 255
L 127.0, -319.0, 0.0, 130.0, -324.0, 0.0, 0, 0, 255
L 133.0, -309.0, 0.0, 127.0, -319.0, 0.0, 0, 0, 255
L 152.0, -291.0, 0.0, 133.0, -309.0, 0.0, 0, 0, 255
L 153.0, -286.0, 9.0, 152.0, -291.0, 0.0, 0, 0, 255
L 205.0, -286.0, 2.0, 197.0, -286.0, 8.0, 127, 64, 0
L 177.0, -287.0, 11.0, 190.0, -286.0, 9.0, 127, 64, 0
L 149.0, -286.0, 8.0, 153.0, -286.0, 9.0, 127, 64, 0
L 157.0, -253.0, 10.0, 149.0, -258.0, 8.0, 127, 64, 0
L 181.0, -254.0, 11.0, 173.0, -253.0, 10.0, 127, 64, 0
L 202.0, -250.0, 9.0, 191.0, -252.0, 10.0, 127, 64, 0
L 209.0, -253.0, 7.0, 202.0, -250.0, 9.0, 127, 64, 0
L 220.0, -250.0, 2.0, 209.0, -253.0, 7.0, 127, 64, 0
L 205.0, -286.0, 2.0, 220.0, -286.0, 2.0, 127, 64, 0
L 160.0, -247.0, 3.0, 157.0, -253.0, 10.0, 0, 0, 255
L 169.0, -239.0, 1.0, 160.0, -247.0, 3.0, 0, 0, 255
L 174.0, -233.0, 0.0, 169.0, -239.0, 1.0, 0, 0, 255
L 181.0, -229.0, 0.0, 174.0, -233.0, 0.0, 0, 0, 255
L 179.0, -220.0, 0.0, 181.0, -229.0, 0.0, 0, 0, 255
L 170.0, -210.0, 0.0, 179.0, -220.0, 0.0, 0, 0, 255
L 150.0, -210.0, 0.0, 170.0, -210.0, 0.0, 0, 0, 255
L 139.0, -220.0, 0.0, 150.0, -210.0, 0.0, 0, 0, 255
L 131.0, -233.0, 0.0, 139.0, -220.0, 0.0, 0, 0, 255
L 120.0, -240.0, 2.0, 131.0, -233.0, 0.0, 0, 0, 255
L 189.0, -190.0, 0.0, 160.0, -190.0, -2.0, 0, 0, 0
L 79.0, -199.0, 0.0, 69.0, -219.0, 0.0, 0, 0, 0
L 79.0, -180.0, 0.0, 79.0, -199.0, 0.0, 0, 0, 0
L 0.0, -240.0, 0.0, 0.0, -265.0, 5.0, 0, 0, 0
L 20.0, -230.0, 0.0, 0.0, -240.0, 0.0, 0, 0, 0
L 50.0, -200.0, 0.0, 20.0, -230.0, 0.0, 0, 0, 0
L 50.0, -169.0, 0.0, 50.0, -200.0, 0.0, 0, 0, 0
L 30.0, -159.0, 9.0, 50.0, -169.0, 0.0, 0, 0, 0
L 9.0, -139.0, -1.0, 30.0, -159.0, 9.0, 0, 0, 0
L -32.0, -49.0, 0.0, -32.0, -55.0, 0.0, 0, 0, 0
L -29.0, -49.0, 0.0, -32.0, -49.0, 0.0, 0, 0, 0
L -27.0, -55.0, 0.0, -29.0, -49.0, 0.0, 0, 0, 0
L -19.0, -62.0, 0.0, -27.0, -55.0, 0.0, 0, 0, 0
L -19.0, -80.0, 0.0, -19.0, -62.0, 0.0, 0, 0, 0
L -29.0, -80.0, 0.0, -19.0, -80.0, 0.0, 0, 0, 0
L -40.0, -70.0, 0.0, -29.0, -80.0, 0.0, 0, 0, 0
L -40.0, -59.0, 0.0, -40.0, -70.0, 0.0, 0, 0, 0
L -32.0, -55.0, 0.0, -40.0, -59.0, 0.0, 0, 0, 0
L 29.0, -20.0, 9.0, 19.0, -10.0, 0.0, 0, 0, 0
L 33.0, -29.0, 11.0, 29.0, -20.0, 9.0, 0, 0, 0
L 25.0, -47.0, 7.0, 33.0, -29.0, 11.0, 0, 0, 0
L 19.0, -49.0, 0.0, 25.0, -47.0, 7.0, 0, 0, 0
L 109.0, -129.0, -1.0, 89.0, -139.0, 0.0, 0, 0, 0
L 122.0, -118.0, -6.0, 109.0, -129.0, -1.0, 0, 0, 0
L 0.0, -139.0, -4.0, 9.0, -139.0, -1.0, 0, 0, 0
L -29.0, -129.0, -1.0, 0.0, -139.0, -4.0, 0, 0, 0
L 89.0, -169.0, 0.0, 79.0, -180.0, 0.0, 0, 0, 0
L 89.0, -139.0, 0.0, 89.0, -169.0, 0.0, 0, 0, 0
L -39.0, -109.0, 2.0, -29.0, -129.0, -1.0, 0, 0, 0
L -59.0, -99.0, 0.0, -39.0, -109.0, 2.0, 0, 0, 0
L -69.0, -89.0, 0.0, -59.0, -99.0, 0.0, 0, 0, 0
L -89.0, -81.0, 0.0, -69.0, -89.0, 0.0, 0, 0, 0
L -99.0, -69.0, 0.0, -89.0, -81.0, 0.0, 0, 0, 0
L -89.0, -50.0, 0.0, -80.0, -50.0, 0.0, 0, 0, 0
L -89.0, -50.0, 0.0, -99.0, -69.0, 0.0, 0, 0, 0
L -68.0, -60.0, 0.0, -80.0, -50.0, 0.0, 0, 0, 0
L -60.0, -70.0, 0.0, -68.0, -60.0, 0.0, 0, 0, 0
L -59.0, -51.0, 0.0, -60.0, -70.0, 0.0, 0, 0, 0
L -61.0, -42.0, 0.0, -59.0, -51.0, 0.0, 0, 0, 0
L -49.0, -30.0, 0.0, -61.0, -42.0, 0.0, 0, 0, 0
L -19.0, -10.0, 0.0, -49.0, -30.0, 0.0, 0, 0, 0
L -9.0, 38.0, 0.0, -19.0, -10.0, 0.0, 0, 0, 0
L -9.0, 90.0, 0.0, -9.0, 38.0, 0.0, 0, 0, 0
L 19.0, -80.0, 0.0, 59.0, -100.0, 0.0, 0, 0, 0
L 3.0, -80.0, 0.0, 0.0, -76.0, 0.0, 0, 0, 0
L 3.0, -80.0, 0.0, 19.0, -80.0, 0.0, 0, 0, 0
L 0.0, -60.0, 0.0, 0.0, -76.0, 0.0, 0, 0, 0
L 3.0, -56.0, 0.0, 0.0, -60.0, 0.0, 0, 0, 0
L 19.0, -49.0, 0.0, 3.0, -56.0, 0.0, 0, 0, 0
L 9.0, 38.0, 0.0, 19.0, -10.0, 0.0, 0, 0, 0
L 9.0, 109.0, 0.0, 9.0, 38.0, 0.0, 0, 0, 0
L -40.0, 109.0, 0.0, 9.0, 109.0, 0.0, 0, 0, 0
L -59.0, 90.0, 0.0, -9.0, 90.0, 0.0, 0, 0, 0
L -40.0, 124.0, 0.0, -58.0, 124.0, 0.0, 199, 21, 133
L -59.0, 113.0, 0.0, -59.0, 90.0, 0.0, 0, 0, 0
L -58.0, 124.0, 0.0, -59.0, 113.0, 0.0, 0, 0, 0
L -40.0, 109.0, 0.0, -40.0, 124.0, 0.0, 0, 0, 0
L 138.0, -110.0, 0.0, 135.0, -108.0, 1.0, 205, 133, 63
L 135.0, -108.0, 1.0, 129.0, -104.0, 0.0, 205, 133, 63
L 129.0, -104.0, 0.0, 129.0, -95.0, 0.0, 205, 133, 63
L 129.0, -95.0, 0.0, 131.0, -91.0, 0.0, 205, 133, 63
L 131.0, -91.0, 0.0, 137.0, -89.0, 0.0, 205, 133, 63
L 137.0, -89.0, 0.0, 119.0, -80.0, 0.0, 0, 0, 0
L 119.0, -80.0, 0.0, 111.0, -70.0, 0.0, 0, 0, 0
L 111.0, -70.0, 0.0, 119.0, -50.0, 0.0, 0, 0, 0
L 119.0, -50.0, 0.0, 113.0, -40.0, 0.0, 0, 0, 0
L 80.0, -40.0, 0.0, 90.0, -30.0, 1.0, 0, 0, 0
L 90.0, -30.0, 1.0, 99.0, -30.0, 1.0, 0, 0, 0
L 99.0, -30.0, 1.0, 113.0, -40.0, 0.0, 0, 0, 0
L 80.0, -40.0, 0.0, 79.0, -9.0, 0.0, 0, 0, 0
L 79.0, -9.0, 0.0, 87.0, -9.0, 0.0, 0, 0, 0
L 93.0, 19.0, 0.0, 109.0, 19.0, 3.0, 0, 0, 0
L 109.0, 19.0, 3.0, 119.0, 9.0, 4.0, 0, 0, 0
L 119.0, 9.0, 4.0, 119.0, -3.0, 4.0, 0, 0, 0
L 119.0, -3.0, 4.0, 109.0, -5.0, 1.0, 0, 0, 0
L 87.0, -9.0, 0.0, 109.0, -5.0, 1.0, 0, 0, 0
L 93.0, 19.0, 0.0, 70.0, 19.0, 0.0, 0, 0, 0
L 70.0, 19.0, 0.0, 60.0, 9.0, 0.0, 0, 0, 0
L 60.0, 9.0, 0.0, 60.0, -19.0, 0.0, 0, 0, 0
L 60.0, -19.0, 0.0, 62.0, -40.0, 0.0, 0, 0, 0
L 62.0, -40.0, 0.0, 60.0, -49.0, 0.0, 0, 0, 0
L 60.0, -49.0, 0.0, 80.0, -59.0, 0.0, 0, 0, 0
L 80.0, -59.0, 0.0, 86.0, -69.0, 0.0, 0, 0, 0
L 86.0, -69.0, 0.0, 90.0, -90.0, 0.0, 0, 0, 0
L 90.0, -90.0, 0.0, 71.0, -99.0, 0.0, 0, 0, 0
L 137.0, -89.0, 0.0, 138.0, -110.0, 0.0, 0, 0, 0
L 68.0, -268.0, 0.0, 77.0, -268.0, 3.0, 150, 150, 150
L 77.0, -267.0, 3.0, 69.0, -230.0, 0.0, 0, 0, 0
L 69.0, -230.0, 0.0, 69.0, -219.0, 0.0, 0, 0, 0
L 68.0, -268.0, 0.0, 68.0, -277.0, 0.0, 150, 150, 150
L 68.0, -277.0, 0.0, 76.0, -277.0, 4.0, 150, 150, 150
L 0.0, -265.0, 5.0, 28.0, -265.0, 0.0, 0, 0, 0
L 28.0, -265.0, 0.0, 30.0, -270.0, -1.0, 0, 0, 0
L 30.0, -270.0, -1.0, 0.0, -270.0, -1.0, 0, 0, 0
L 0.0, -289.0, 0.0, 30.0, -289.0, -1.0, 0, 0, 0
L 30.0, -289.0, -1.0, 32.0, -294.0, 1.0, 0, 0, 0
L 0.0, -294.0, 1.0, 32.0, -294.0, 1.0, 0, 0, 0
L 76.0, -277.0, 4.0, 76.0, -283.0, 0.0, 0, 0, 0
L 76.0, -283.0, 0.0, 80.0, -285.0, 0.0, 0, 0, 0
L 80.0, -285.0, 0.0, 85.0, -284.0, 0.0, 0, 0, 0
L 85.0, -284.0, 0.0, 87.0, -280.0, 0.0, 0, 0, 0
L 87.0, -280.0, 0.0, 99.0, -280.0, 0.0, 0, 0, 0
L 99.0, -280.0, 0.0, 106.0, -268.0, 0.0, 0, 0, 0
L 105.0, -270.0, 0.0, 105.0, -276.0, 0.0, 150, 150, 150
L 105.0, -276.0, 0.0, 113.0, -276.0, 1.0, 150, 150, 150
L 113.0, -276.0, 1.0, 113.0, -268.0, 1.0, 150, 150, 150
L 113.0, -268.0, 1.0, 106.0, -268.0, 0.0, 150, 150, 150
L 106.0, -268.0, 0.0, 120.0, -240.0, 2.0, 0, 0, 0
L 120.0, -240.0, 2.0, 120.0, -219.0, 0.0, 0, 0, 0
L 120.0, -219.0, 0.0, 130.0, -209.0, -2.0, 0, 0, 0
L 130.0, -209.0, -2.0, 130.0, -200.0, -2.0, 0, 0, 0
L 130.0, -200.0, -2.0, 160.0, -190.0, -2.0, 0, 0, 0
L 189.0, -190.0, 0.0, 199.0, -200.0, -1.0, 0, 0, 0
L 199.0, -200.0, -1.0, 199.0, -210.0, -1.0, 0, 0, 0
L 189.0, -219.0, -2.0, 199.0, -210.0, -1.0, 0, 0, 255
L 189.0, -219.0, -2.0, 189.0, -229.0, -1.0, 0, 0, 255
L 189.0, -229.0, -1.0, 196.0, -241.0, 0.0, 0, 0, 255
L 196.0, -241.0, 0.0, 202.0, -250.0, 9.0, 0, 0, 255
L 80.0, -430.0, -6.0, 90.0, -449.0, -8.0, 0, 0, 0
L 90.0, -449.0, -8.0, 130.0, -469.0, -9.0, 0, 0, 0
L 130.0, -469.0, -9.0, 170.0, -509.0, -10.0, 0, 0, 0
L 80.0, -430.0, -6.0, 70.0, -419.0, -4.0, 0, 0, 0
L 70.0, -419.0, -4.0, 70.0, -400.0, -4.0, 0, 0, 0
L 70.0, -400.0, -4.0, 60.0, -380.0, 0.0, 0, 0, 0
L 60.0, -380.0, 0.0, 50.0, -359.0, 6.0, 0, 0, 0
L 50.0, -359.0, 6.0, 40.0, -350.0, 2.0, 0, 0, 0
L 42.0, -351.0, 2.0, 49.0, -351.0, 2.0, 150, 150, 150
L 49.0, -351.0, 2.0, 49.0, -348.0, 2.0, 150, 150, 150
L 49.0, -348.0, 2.0, 40.0, -350.0, 2.0, 150, 150, 150
L 40.0, -350.0, 2.0, 29.0, -339.0, 2.0, 0, 0, 0
L 29.0, -339.0, 2.0, 20.0, -333.0, 0.0, 0, 0, 0
L 39.0, -325.0, 0.0, 38.0, -325.0, 0.0, 150, 150, 150
L 39.0, -325.0, 0.0, 50.0, -335.0, 2.0, 150, 150, 150
L 50.0, -335.0, 2.0, 50.0, -338.0, 2.0, 150, 150, 150
L 50.0, -338.0, 2.0, 50.0, -347.0, 2.0, 150, 150, 150
L 50.0, -347.0, 2.0, 54.0, -350.0, 0.0, 150, 150, 150
L 32.0, -332.0, 2.0, 36.0, -329.0, 2.0, 150, 150, 150
L 38.0, -325.0, 0.0, 37.0, -325.0, 0.0, 150, 150, 150
L 36.0, -329.0, 2.0, 38.0, -325.0, 0.0, 150, 150, 150
L 32.0, -332.0, 2.0, 32.0, -329.0, 1.0, 150, 150, 150
L 223.0, -196.0, 0.0, 219.0, -200.0, 0.0, 0, 0, 0
L 219.0, -200.0, 0.0, 199.0, -210.0, -1.0, 0, 0, 0
L 223.0, -196.0, 0.0, 230.0, -200.0, 0.0, 0, 0, 0
L 230.0, -200.0, 0.0, 237.0, -197.0, 0.0, 0, 0, 0
L 237.0, -197.0, 0.0, 238.0, -194.0, 0.0, 0, 0, 0
L 238.0, -194.0, 0.0, 239.0, -190.0, 0.0, 0, 0, 0
L 239.0, -190.0, 0.0, 251.0, -200.0, 0.0, 0, 0, 0
L 251.0, -200.0, 0.0, 269.0, -209.0, 0.0, 0, 0, 255
L 269.0, -209.0, 0.0, 272.0, -212.0, 0.0, 0, 0, 255
L 272.0, -212.0, 0.0, 277.0, -211.0, 0.0, 0, 0, 255
L 277.0, -211.0, 0.0, 277.0, -207.0, 0.0, 0, 0, 255
L 277.0, -207.0, 0.0, 284.0, -201.0, 0.0, 0, 0, 255
L 284.0, -201.0, 0.0, 290.0, -208.0, 0.0, 0, 0, 255
L 290.0, -208.0, 0.0, 289.0, -214.0, 0.0, 0, 0, 255
L 289.0, -214.0, 0.0, 283.0, -216.0, 0.0, 0, 0, 255
L 283.0, -216.0, 0.0, 283.0, -235.0, 0.0, 0, 0, 255
L 283.0, -235.0, 0.0, 271.0, -245.0, 0.0, 0, 0, 0
L 271.0, -245.0, 0.0, 269.0, -249.0, 0.0, 0, 0, 0
L 269.0, -249.0, 0.0, 248.0, -261.0, -5.0, 0, 0, 0
L 251.0, -200.0, 0.0, 259.0, -190.0, 0.0, 0, 0, 255
L 259.0, -190.0, 0.0, 290.0, -190.0, 0.0, 0, 0, 255
L 290.0, -190.0, 0.0, 287.0, -196.0, 0.0, 0, 0, 255
L 287.0, -196.0, 0.0, 289.0, -202.0, 0.0, 0, 0, 255
L 289.0, -202.0, 0.0, 294.0, -201.0, 0.0, 0, 0, 255
L 294.0, -201.0, 0.0, 299.0, -200.0, 0.0, 0, 0, 255
L 299.0, -200.0, 0.0, 290.0, -190.0, 0.0, 0, 0, 255
L 300.0, -154.0, 4.0, 324.0, -164.0, 4.0, 0, 204, 0
L 324.0, -164.0, 4.0, 324.0, -147.0, 4.0, 0, 204, 0
L 324.0, -147.0, 4.0, 317.0, -145.0, 4.0, 0, 204, 0
L 317.0, -145.0, 4.0, 307.0, -147.0, 4.0, 0, 204, 0
L 307.0, -147.0, 4.0, 292.0, -137.0, 4.0, 0, 204, 0
L 292.0, -137.0, 4.0, 285.0, -115.0, 4.0, 0, 204, 0
L 285.0, -115.0, 4.0, 273.0, -115.0, 4.0, 0, 204, 0
L 273.0, -115.0, 4.0, 269.0, -131.0, 4.0, 0, 204, 0
L 269.0, -131.0, 4.0, 269.0, -144.0, 4.0, 0, 204, 0
L 256.0, -143.0, 4.0, 255.0, -129.0, 4.0, 0, 204, 0
L 255.0, -129.0, 4.0, 243.0, -129.0, 4.0, 0, 204, 0
L 243.0, -129.0, 4.0, 235.0, -141.0, 4.0, 0, 204, 0
L 235.0, -141.0, 4.0, 216.0, -141.0, 4.0, 0, 204, 0
L 216.0, -141.0, 4.0, 210.0, -130.0, 4.0, 0, 204, 0
L 210.0, -130.0, 4.0, 210.0, -121.0, 4.0, 0, 204, 0
L 210.0, -112.0, 4.0, 210.0, -121.0, 4.0, 0, 204, 0
L 210.0, -112.0, 4.0, 216.0, -102.0, 4.0, 0, 204, 0
L 216.0, -102.0, 4.0, 235.0, -102.0, 4.0, 0, 204, 0
L 235.0, -102.0, 4.0, 244.0, -112.0, 4.0, 0, 204, 0
L 244.0, -112.0, 4.0, 256.0, -112.0, 4.0, 0, 204, 0
L 256.0, -112.0, 4.0, 274.0, -94.0, 4.0, 0, 204, 0
L 274.0, -94.0, 4.0, 286.0, -90.0, 4.0, 0, 204, 0
L 286.0, -90.0, 4.0, 302.0, -82.0, 4.0, 0, 204, 0
L 302.0, -82.0, 4.0, 323.0, -78.0, 4.0, 0, 204, 0
L 323.0, -78.0, 4.0, 350.0, -84.0, 4.0, 0, 204, 0
L 350.0, -84.0, 4.0, 350.0, -74.0, 4.0, 0, 204, 0
L 350.0, -74.0, 4.0, 366.0, -62.0, 4.0, 0, 204, 0
L 366.0, -62.0, 4.0, 376.0, -57.0, 4.0, 0, 204, 0
L 376.0, -57.0, 4.0, 376.0, -44.0, 4.0, 0, 204, 0
L 376.0, -44.0, 4.0, 401.0, -36.0, 4.0, 0, 204, 0
L 401.0, -36.0, 4.0, 415.0, -53.0, 4.0, 0, 204, 0
L 415.0, -53.0, 4.0, 401.0, -73.0, 4.0, 0, 204, 0
L 401.0, -73.0, 4.0, 375.0, -75.0, 4.0, 0, 204, 0
L 375.0, -75.0, 4.0, 365.0, -79.0, 4.0, 0, 204, 0
L 365.0, -79.0, 4.0, 365.0, -92.0, 4.0, 0, 204, 0
L 365.0, -92.0, 4.0, 377.0, -107.0, 4.0, 0, 204, 0
L 377.0, -107.0, 4.0, 383.0, -125.0, 4.0, 0, 204, 0
L 383.0, -125.0, 4.0, 377.0, -137.0, 4.0, 0, 204, 0
L 377.0, -137.0, 4.0, 365.0, -147.0, 4.0, 0, 204, 0
L 365.0, -147.0, 4.0, 337.0, -147.0, 4.0, 0, 204, 0
L 337.0, -147.0, 4.0, 337.0, -163.0, 4.0, 0, 204, 0
L 337.0, -163.0, 4.0, 329.0, -180.0, 4.0, 0, 204, 0
L 329.0, -180.0, 4.0, 327.0, -195.0, 4.0, 0, 204, 0
L 327.0, -195.0, 4.0, 319.0, -209.0, 3.0, 0, 204, 0
L 319.0, -209.0, 3.0, 299.0, -239.0, 3.0, 0, 204, 0
L 299.0, -239.0, 3.0, 289.0, -239.0, 0.0, 0, 204, 0
L 289.0, -239.0, 0.0, 309.0, -210.0, 0.0, 0, 0, 255
L 309.0, -210.0, 0.0, 299.0, -200.0, 0.0, 0, 0, 255
L 289.0, -239.0, 0.0, 283.0, -235.0, 0.0, 0, 204, 0
L 205.0, -286.0, 2.0, 204.0, -290.0, 2.0, 0, 0, 255
L 203.0, -296.0, 1.0, 203.0, -300.0, 1.0, 0, 0, 255
L 203.0, -300.0, 1.0, 219.0, -309.0, 0.0, 0, 0, 255
L 219.0, -309.0, 0.0, 240.0, -309.0, 0.0, 0, 0, 255
L 240.0, -309.0, 0.0, 249.0, -299.0, 1.0, 0, 0, 255
L 249.0, -299.0, 1.0, 249.0, -289.0, 1.0, 0, 0, 255
L 249.0, -289.0, 1.0, 243.0, -279.0, 1.0, 0, 0, 255
L 243.0, -279.0, 1.0, 240.0, -270.0, 0.0, 0, 0, 255
L 240.0, -263.0, 0.0, 240.0, -270.0, 0.0, 0, 0, 255
L 204.0, -290.0, 2.0, 203.0, -296.0, 1.0, 0, 0, 255
L 135.0, -343.0, 0.0, 150.0, -344.0, 6.0, 150, 150, 150
L 150.0, -344.0, 6.0, 147.0, -347.0, 4.0, 0, 204, 0
L 136.0, -341.0, 2.0, 153.0, -340.0, 8.0, 150, 150, 150
L 153.0, -340.0, 8.0, 150.0, -344.0, 6.0, 0, 204, 0
L 137.0, -338.0, 4.0, 155.0, -336.0, 10.0, 150, 150, 150
L 155.0, -336.0, 10.0, 157.0, -332.0, 14.0, 0, 204, 0
L 155.0, -336.0, 10.0, 153.0, -340.0, 8.0, 0, 204, 0
L 157.0, -332.0, 14.0, 140.0, -333.0, 8.0, 150, 150, 150
L 157.0, -328.0, 14.0, 142.0, -328.0, 12.0, 150, 150, 150
L 157.0, -328.0, 14.0, 157.0, -332.0, 14.0, 0, 204, 0
L 430.0, -425.0, 0.0, 419.0, -419.0, 0.0, 0, 0, 0
L 419.0, -419.0, 0.0, 389.0, -409.0, 0.0, 0, 0, 0
L 389.0, -409.0, 0.0, 379.0, -409.0, 0.0, 0, 0, 0
L 379.0, -409.0, 0.0, 369.0, -429.0, 0.0, 0, 0, 0
L 369.0, -429.0, 0.0, 359.0, -459.0, 0.0, 0, 0, 0
L 359.0, -459.0, 0.0, 349.0, -469.0, 0.0, 0, 0, 0
L 349.0, -469.0, 0.0, 308.0, -490.0, 0.0, 0, 0, 0
L 308.0, -490.0, 0.0, 289.0, -509.0, -9.0, 0, 0, 0
L 289.0, -509.0, -9.0, 269.0, -519.0, -10.0, 0, 0, 0
L 269.0, -519.0, -10.0, 259.0, -549.0, -13.0, 0, 0, 0
L 259.0, -549.0, -13.0, 249.0, -559.0, -16.0, 0, 0, 0
L 249.0, -559.0, -16.0, 239.0, -590.0, -26.0, 0, 0, 0
L 249.0, -609.0, -28.0, 239.0, -590.0, -26.0, 0, 0, 0
L 249.0, -620.0, -29.0, 259.0, -640.0, -29.0, 0, 0, 0
L 259.0, -640.0, -29.0, 279.0, -650.0, -24.0, 0, 0, 0
L 329.0, -659.0, -10.0, 329.0, -642.0, -10.0, 0, 0, 255
L 329.0, -642.0, -10.0, 340.0, -619.0, -14.0, 0, 0, 255
L 340.0, -619.0, -14.0, 370.0, -619.0, -14.0, 0, 0, 255
L 370.0, -619.0, -14.0, 379.0, -639.0, -14.0, 0, 0, 255
L 379.0, -639.0, -15.0, 369.0, -659.0, -9.0, 127, 64, 0
L 299.0, -650.0, -17.0, 310.0, -639.0, -10.0, 0, 0, 0
L 310.0, -639.0, -10.0, 330.0, -610.0, -10.0, 0, 0, 0
L 330.0, -610.0, -10.0, 379.0, -610.0, -10.0, 0, 0, 0
L 389.0, -639.0, -10.0, 379.0, -639.0, -14.0, 127, 64, 0
L 379.0, -610.0, -10.0, 389.0, -639.0, -10.0, 0, 0, 0
L 389.0, -639.0, -10.0, 399.0, -660.0, -9.0, 127, 64, 0
L 398.0, -689.0, -9.0, 389.0, -709.0, -9.0, 127, 64, 0
L 389.0, -709.0, -9.0, 379.0, -709.0, -8.0, 127, 64, 0
L 379.0, -709.0, -8.0, 369.0, -688.0, -9.0, 127, 64, 0
L 329.0, -659.0, -10.0, 369.0, -659.0, -9.0, 127, 64, 0
L 329.0, -689.0, -10.0, 332.0, -689.0, -10.0, 0, 0, 255
L 390.0, -664.0, -9.0, 329.0, -663.0, -10.0, 127, 64, 0
L 329.0, -663.0, -10.0, 329.0, -659.0, -10.0, 127, 64, 0
L 329.0, -689.0, -10.0, 329.0, -685.0, -10.0, 127, 64, 0
L 329.0, -685.0, -10.0, 389.0, -685.0, -9.0, 127, 64, 0
L 389.0, -685.0, -9.0, 390.0, -689.0, -9.0, 127, 64, 0
L 449.0, -689.0, -9.0, 460.0, -683.0, -9.0, 0, 0, 0
L 460.0, -683.0, -9.0, 519.0, -683.0, -9.0, 0, 0, 0
L 519.0, -683.0, -9.0, 539.0, -699.0, 0.0, 0, 0, 0
L 390.0, -689.0, -9.0, 398.0, -689.0, -9.0, 0, 0, 0
L 439.0, -689.0, -9.0, 449.0, -689.0, -9.0, 0, 0, 0
L 539.0, -699.0, 0.0, 595.0, -699.0, 0.0, 0, 0, 0
L 595.0, -650.0, 0.0, 539.0, -650.0, 0.0, 0, 0, 0
L 539.0, -650.0, 0.0, 520.0, -665.0, -9.0, 0, 0, 0
L 520.0, -665.0, -9.0, 459.0, -665.0, -9.0, 0, 0, 0
L 459.0, -665.0, -9.0, 449.0, -660.0, -9.0, 0, 0, 0
L 449.0, -660.0, -9.0, 439.0, -660.0, -9.0, 0, 0, 0
L 439.0, -660.0, -9.0, 399.0, -660.0, -9.0, 0, 0, 0
L 390.0, -660.0, -9.0, 390.0, -664.0, -9.0, 127, 64, 0
L 595.0, -650.0, 0.0, 595.0, -659.0, -6.0, 0, 0, 0
L 573.0, -665.0, -9.0, 571.0, -665.0, -9.0, 127, 64, 0
L 563.0, -665.0, -9.0, 561.0, -665.0, -9.0, 127, 64, 0
L 563.0, -665.0, -9.0, 553.0, -665.0, -9.0, 127, 64, 0
L 553.0, -665.0, -9.0, 551.0, -665.0, -9.0, 127, 64, 0
L 553.0, -665.0, -9.0, 543.0, -665.0, -9.0, 127, 64, 0
L 543.0, -665.0, -9.0, 541.0, -665.0, -9.0, 127, 64, 0
L 543.0, -665.0, -9.0, 539.0, -665.0, -9.0, 127, 64, 0
L 571.0, -665.0, -9.0, 563.0, -665.0, -9.0, 127, 64, 0
L 583.0, -665.0, -9.0, 581.0, -665.0, -9.0, 127, 64, 0
L 595.0, -689.0, -6.0, 595.0, -699.0, 0.0, 0, 0, 0
L 589.0, -683.0, -9.0, 629.0, -689.0, 0.0, 0, 0, 0
L 629.0, -689.0, 0.0, 649.0, -669.0, 0.0, 0, 0, 0
L 649.0, -669.0, 0.0, 649.0, -649.0, 0.0, 0, 0, 0
L 649.0, -649.0, 0.0, 651.0, -646.0, 0.0, 0, 0, 0
L 628.0, -646.0, 0.0, 630.0, -649.0, 0.0, 0, 0, 0
L 630.0, -649.0, 0.0, 619.0, -660.0, 0.0, 0, 0, 0
L 619.0, -660.0, 0.0, 595.0, -659.0, -6.0, 0, 0, 0
L 628.0, -646.0, 0.0, 620.0, -629.0, 8.0, 0, 0, 0
L 659.0, -630.0, 8.0, 651.0, -646.0, 0.0, 0, 0, 0
L 659.0, -630.0, 8.0, 659.0, -593.0, 10.0, 0, 0, 0
L 709.0, -587.0, 8.0, 727.0, -577.0, 8.0, 0, 0, 0
L 710.0, -568.0, 8.0, 710.0, -520.0, 8.0, 0, 0, 0
L 710.0, -520.0, 8.0, 759.0, -490.0, 8.0, 0, 0, 0
L 759.0, -490.0, 8.0, 819.0, -490.0, 8.0, 0, 0, 0
L 819.0, -509.0, 8.0, 759.0, -509.0, 8.0, 0, 0, 0
L 759.0, -509.0, 8.0, 727.0, -541.0, 8.0, 0, 0, 0
L 727.0, -541.0, 8.0, 727.0, -577.0, 8.0, 0, 0, 0
L 659.0, -570.0, 10.0, 649.0, -560.0, 10.0, 0, 0, 0
L 649.0, -560.0, 10.0, 629.0, -560.0, 10.0, 0, 0, 0
L 629.0, -560.0, 10.0, 619.0, -570.0, 10.0, 0, 0, 0
L 619.0, -570.0, 10.0, 611.0, -568.0, 8.0, 0, 0, 0
L 611.0, -585.0, 8.0, 570.0, -569.0, 8.0, 0, 0, 0
L 570.0, -569.0, 8.0, 540.0, -558.0, 8.0, 0, 0, 0
L 540.0, -558.0, 8.0, 540.0, -500.0, 8.0, 0, 0, 0
L 540.0, -500.0, 8.0, 575.0, -496.0, 8.0, 0, 0, 0
L 575.0, -496.0, 8.0, 597.0, -496.0, 10.0, 0, 0, 0
L 597.0, -515.0, 10.0, 575.0, -515.0, 8.0, 0, 0, 0
L 575.0, -515.0, 8.0, 559.0, -519.0, 8.0, 0, 0, 0
L 559.0, -519.0, 8.0, 559.0, -550.0, 8.0, 0, 0, 0
L 559.0, -550.0, 8.0, 569.0, -550.0, 8.0, 0, 0, 0
L 611.0, -568.0, 8.0, 569.0, -550.0, 8.0, 0, 0, 0
L 600.0, -492.0, 10.0, 615.0, -484.0, 10.0, 0, 0, 0
L 615.0, -484.0, 10.0, 637.0, -484.0, 10.0, 0, 0, 0
L 637.0, -484.0, 10.0, 638.0, -508.0, 10.0, 0, 0, 0
L 638.0, -508.0, 10.0, 655.0, -508.0, 10.0, 0, 0, 0
L 655.0, -508.0, 10.0, 655.0, -527.0, 10.0, 0, 0, 0
L 655.0, -527.0, 10.0, 615.0, -527.0, 10.0, 0, 0, 0
L 615.0, -527.0, 10.0, 602.0, -521.0, 10.0, 0, 0, 0
L 619.0, -593.0, 10.0, 620.0, -629.0, 8.0, 0, 0, 0
L 637.0, -563.0, 10.0, 633.0, -563.0, 10.0, 150, 150, 150
L 633.0, -563.0, 10.0, 631.0, -567.0, 10.0, 150, 150, 150
L 631.0, -567.0, 10.0, 633.0, -568.0, 10.0, 150, 150, 150
L 646.0, -568.0, 10.0, 648.0, -567.0, 10.0, 150, 150, 150
L 648.0, -567.0, 10.0, 646.0, -563.0, 10.0, 150, 150, 150
L 646.0, -563.0, 10.0, 641.0, -563.0, 10.0, 150, 150, 150
L 641.0, -563.0, 10.0, 637.0, -563.0, 10.0, 150, 150, 150
L 633.0, -568.0, 10.0, 646.0, -568.0, 10.0, 150, 150, 150
L 646.0, -568.0, 10.0, 641.0, -566.0, 10.0, 150, 150, 150
L 641.0, -566.0, 10.0, 637.0, -566.0, 10.0, 150, 150, 150
L 637.0, -566.0, 10.0, 633.0, -568.0, 10.0, 150, 150, 150
L 819.0, -490.0, 8.0, 839.0, -478.0, 2.0, 0, 0, 0
L 839.0, -478.0, 2.0, 839.0, -493.0, 10.0, 255, 0, 0
L 839.0, -513.0, 10.0, 839.0, -537.0, 0.0, 255, 0, 0
L 839.0, -537.0, 0.0, 819.0, -509.0, 8.0, 0, 0, 0
L 839.0, -513.0, 10.0, 849.0, -512.0, 9.0, 255, 0, 0
L 849.0, -512.0, 9.0, 866.0, -514.0, 9.0, 255, 0, 0
L 866.0, -514.0, 9.0, 879.0, -511.0, 10.0, 255, 0, 0
L 879.0, -511.0, 10.0, 879.0, -520.0, 10.0, 255, 0, 0
L 879.0, -520.0, 10.0, 898.0, -530.0, 10.0, 255, 0, 0
L 898.0, -530.0, 10.0, 903.0, -531.0, 11.0, 255, 0, 0
L 903.0, -531.0, 11.0, 911.0, -537.0, 9.0, 255, 0, 0
L 911.0, -537.0, 9.0, 924.0, -533.0, 9.0, 255, 0, 0
L 924.0, -533.0, 9.0, 932.0, -529.0, 10.0, 255, 0, 0
L 932.0, -529.0, 10.0, 949.0, -527.0, 10.0, 255, 0, 0
L 839.0, -493.0, 10.0, 851.0, -493.0, 10.0, 255, 0, 0
L 851.0, -493.0, 10.0, 867.0, -495.0, 9.0, 255, 0, 0
L 867.0, -495.0, 9.0, 879.0, -493.0, 11.0, 255, 0, 0
L 879.0, -493.0, 11.0, 879.0, -485.0, 10.0, 255, 0, 0
L 879.0, -485.0, 10.0, 893.0, -479.0, 10.0, 255, 0, 0
L 893.0, -479.0, 10.0, 903.0, -475.0, 10.0, 255, 0, 0
L 903.0, -475.0, 10.0, 923.0, -471.0, 10.0, 255, 0, 0
L 923.0, -471.0, 10.0, 944.0, -486.0, 10.0, 255, 0, 0
L 944.0, -486.0, 10.0, 949.0, -493.0, 10.0, 255, 0, 0
L 839.0, -478.0, 2.0, 867.0, -471.0, 4.0, 0, 0, 0
L 867.0, -471.0, 4.0, 879.0, -464.0, 4.0, 0, 0, 0
L 879.0, -464.0, 4.0, 904.0, -448.0, 3.0, 0, 0, 0
L 904.0, -448.0, 3.0, 919.0, -440.0, 3.0, 0, 0, 0
L 919.0, -440.0, 3.0, 931.0, -442.0, 3.0, 0, 0, 0
L 931.0, -442.0, 3.0, 949.0, -456.0, 6.0, 0, 0, 0
L 949.0, -456.0, 6.0, 959.0, -487.0, 8.0, 0, 0, 0
L 959.0, -487.0, 8.0, 949.0, -493.0, 10.0, 255, 0, 0
L 959.0, -487.0, 8.0, 975.0, -498.0, 10.0, 0, 0, 0
L 975.0, -498.0, 10.0, 998.0, -493.0, 10.0, 0, 0, 0
L 998.0, -493.0, 10.0, 1000.0, -473.0, 10.0, 0, 0, 0
L 1000.0, -473.0, 10.0, 1010.0, -457.0, 10.0, 0, 0, 0
L 1010.0, -457.0, 10.0, 1002.0, -447.0, 10.0, 0, 0, 0
L 1002.0, -447.0, 10.0, 1002.0, -422.0, 10.0, 0, 0, 0
L 1002.0, -422.0, 10.0, 1009.0, -412.0, 10.0, 0, 0, 0
L 1009.0, -412.0, 10.0, 1029.0, -412.0, 10.0, 0, 0, 0
L 1029.0, -412.0, 10.0, 1039.0, -422.0, 10.0, 0, 0, 0
L 1039.0, -422.0, 10.0, 1039.0, -447.0, 10.0, 0, 0, 0
L 1039.0, -447.0, 10.0, 1027.0, -459.0, 10.0, 0, 0, 0
L 1027.0, -459.0, 10.0, 1017.0, -474.0, 10.0, 0, 0, 0
L 1017.0, -474.0, 10.0, 1017.0, -493.0, 10.0, 0, 0, 0
L 1017.0, -493.0, 10.0, 1015.0, -501.0, 10.0, 0, 0, 0
L 1015.0, -501.0, 10.0, 997.0, -513.0, 10.0, 0, 0, 0
L 997.0, -513.0, 10.0, 987.0, -517.0, 10.0, 0, 0, 0
L 987.0, -517.0, 10.0, 975.0, -519.0, 10.0, 0, 0, 0
L 975.0, -519.0, 10.0, 959.0, -531.0, 9.0, 0, 0, 0
L 959.0, -531.0, 9.0, 949.0, -527.0, 10.0, 255, 0, 0
L 959.0, -531.0, 9.0, 949.0, -551.0, 12.0, 0, 0, 0
L 949.0, -551.0, 12.0, 939.0, -559.0, 13.0, 0, 0, 0
L 939.0, -559.0, 13.0, 903.0, -569.0, 9.0, 0, 0, 0
L 903.0, -569.0, 9.0, 879.0, -559.0, 9.0, 0, 0, 0
L 879.0, -559.0, 9.0, 865.0, -545.0, 8.0, 0, 0, 0
L 865.0, -545.0, 8.0, 839.0, -537.0, 0.0, 0, 0, 0
L 332.0, -689.0, -10.0, 330.0, -709.0, -17.0, 0, 0, 0
L 330.0, -709.0, -17.0, 350.0, -729.0, -18.0, 0, 0, 0
L 350.0, -729.0, -18.0, 369.0, -739.0, -19.0, 0, 0, 0
L 369.0, -739.0, -19.0, 379.0, -729.0, -19.0, 0, 0, 0
L 379.0, -729.0, -19.0, 379.0, -709.0, -8.0, 0, 0, 0
L 279.0, -650.0, -24.0, 299.0, -650.0, -17.0, 0, 0, 0
L 299.0, -650.0, -17.0, 329.0, -659.0, -10.0, 0, 0, 0
L 245.0, -505.0, -9.0, 250.0, -505.0, -9.0, 150, 150, 150
L 250.0, -505.0, -9.0, 250.0, -510.0, -16.0, 150, 150, 150
L 245.0, -505.0, -9.0, 246.0, -514.0, -18.0, 150, 150, 150
L 230.0, -523.0, -9.0, 225.0, -525.0, -9.0, 150, 150, 150
L 225.0, -525.0, -9.0, 225.0, -530.0, -10.0, 150, 150, 150
L 210.0, -530.0, -25.0, 208.0, -527.0, -25.0, 150, 150, 150
L 230.0, -530.0, -25.0, 246.0, -514.0, -18.0, 150, 150, 150
L 246.0, -514.0, -18.0, 250.0, -510.0, -16.0, 150, 150, 150
L 225.0, -530.0, -10.0, 229.0, -530.0, -25.0, 150, 150, 150
L 230.0, -523.0, -9.0, 230.0, -530.0, -25.0, 150, 150, 150
L 194.0, -491.0, -9.0, 189.0, -491.0, -9.0, 150, 150, 150
L 189.0, -491.0, -9.0, 189.0, -496.0, -10.0, 150, 150, 150
L 194.0, -496.0, -9.0, 189.0, -496.0, -10.0, 150, 150, 150
L 194.0, -491.0, -9.0, 194.0, -496.0, -9.0, 150, 150, 150
L 211.0, -523.0, -9.0, 214.0, -525.0, -9.0, 150, 150, 150
L 214.0, -525.0, -9.0, 210.0, -530.0, -25.0, 150, 150, 150
L 211.0, -523.0, -9.0, 208.0, -527.0, -25.0, 150, 150, 150
L 210.0, -530.0, -25.0, 214.0, -530.0, -25.0, 150, 150, 150
L 214.0, -530.0, -25.0, 225.0, -530.0, -10.0, 150, 150, 150
L 510.0, -609.0, -9.0, 510.0, -614.0, -9.0, 127, 64, 0
L 510.0, -614.0, -9.0, 505.0, -614.0, -9.0, 127, 64, 0
L 505.0, -614.0, -9.0, 505.0, -609.0, -9.0, 127, 64, 0
L 505.0, -609.0, -9.0, 509.0, -609.0, -9.0, 127, 64, 0
L 509.0, -609.0, -9.0, 510.0, -609.0, -9.0, 127, 64, 0
L 509.0, -609.0, -9.0, 509.0, -604.0, -9.0, 0, 0, 0
L 509.0, -604.0, -9.0, 506.0, -604.0, -9.0, 0, 0, 0
L 506.0, -604.0, -9.0, 479.0, -590.0, -9.0, 0, 0, 0
L 479.0, -590.0, -9.0, 469.0, -560.0, -9.0, 0, 0, 0
L 469.0, -560.0, -9.0, 459.0, -547.0, -9.0, 0, 0, 0
L 459.0, -547.0, -9.0, 459.0, -507.0, -9.0, 0, 0, 0
L 459.0, -507.0, -9.0, 479.0, -479.0, -9.0, 0, 0, 0
L 479.0, -479.0, -9.0, 479.0, -449.0, -9.0, 0, 0, 0
L 479.0, -449.0, -9.0, 487.0, -425.0, 0.0, 0, 0, 0
L 487.0, -425.0, 0.0, 499.0, -419.0, 0.0, 0, 0, 0
L 499.0, -419.0, 0.0, 520.0, -399.0, 10.0, 0, 0, 0
L 520.0, -399.0, 10.0, 540.0, -399.0, 10.0, 0, 0, 0
L 540.0, -399.0, 10.0, 550.0, -410.0, 10.0, 0, 0, 0
L 550.0, -410.0, 10.0, 550.0, -418.0, 9.0, 0, 0, 0
L 607.0, -452.0, 10.0, 611.0, -437.0, 11.0, 0, 0, 0
L 611.0, -437.0, 11.0, 593.0, -418.0, 8.0, 0, 0, 0
L 593.0, -418.0, 8.0, 583.0, -408.0, 9.0, 0, 0, 0
L 559.0, -390.0, 10.0, 519.0, -370.0, 9.0, 0, 0, 0
L 519.0, -370.0, 9.0, 499.0, -319.0, 0.0, 0, 0, 0
L 499.0, -319.0, 0.0, 509.0, -299.0, 3.0, 0, 0, 0
L 509.0, -299.0, 3.0, 499.0, -289.0, 10.0, 0, 0, 0
L 499.0, -289.0, 10.0, 499.0, -230.0, 10.0, 0, 0, 0
L 499.0, -230.0, 10.0, 488.0, -233.0, 10.0, 0, 0, 0
L 467.0, -178.0, 14.0, 467.0, -154.0, 25.0, 0, 0, 0
L 450.0, -178.0, 14.0, 450.0, -158.0, 23.0, 0, 0, 0
L 450.0, -174.0, 16.0, 467.0, -174.0, 16.0, 150, 150, 150
L 450.0, -170.0, 18.0, 467.0, -170.0, 18.0, 150, 150, 150
L 450.0, -166.0, 20.0, 467.0, -166.0, 20.0, 150, 150, 150
L 467.0, -162.0, 22.0, 450.0, -162.0, 22.0, 150, 150, 150
L 450.0, -158.0, 23.0, 467.0, -158.0, 24.0, 150, 150, 150
L 467.0, -154.0, 25.0, 450.0, -154.0, 25.0, 150, 150, 150
L 467.0, -146.0, 29.0, 450.0, -146.0, 30.0, 150, 150, 150
L 450.0, -150.0, 27.0, 467.0, -150.0, 27.0, 150, 150, 150
L 467.0, -142.0, 31.0, 450.0, -142.0, 32.0, 150, 150, 150
L 467.0, -138.0, 33.0, 450.0, -138.0, 34.0, 150, 150, 150
L 467.0, -134.0, 35.0, 450.0, -134.0, 36.0, 150, 150, 150
L 467.0, -130.0, 37.0, 450.0, -130.0, 38.0, 150, 150, 150
L 420.0, -101.0, 38.0, 420.0, -66.0, 36.0, 0, 0, 0
L 420.0, -66.0, 36.0, 420.0, -50.0, 49.0, 0, 0, 0
L 420.0, -50.0, 49.0, 446.0, -70.0, 47.0, 0, 0, 0
L 497.0, -101.0, 39.0, 497.0, -66.0, 38.0, 0, 0, 0
L 497.0, -66.0, 38.0, 497.0, -50.0, 49.0, 0, 0, 0
L 497.0, -50.0, 49.0, 471.0, -70.0, 47.0, 0, 0, 0
L 471.0, -70.0, 47.0, 471.0, -74.0, 45.0, 0, 0, 0
L 446.0, -70.0, 47.0, 450.0, -70.0, 47.0, 0, 0, 0
L 446.0, -70.0, 47.0, 446.0, -74.0, 45.0, 0, 0, 0
L 471.0, -74.0, 45.0, 471.0, -78.0, 43.0, 0, 0, 0
L 446.0, -74.0, 45.0, 446.0, -78.0, 43.0, 0, 0, 0
L 471.0, -74.0, 45.0, 446.0, -74.0, 45.0, 150, 150, 150
L 471.0, -78.0, 43.0, 471.0, -82.0, 41.0, 0, 0, 0
L 446.0, -78.0, 43.0, 446.0, -82.0, 41.0, 0, 0, 0
L 471.0, -78.0, 43.0, 446.0, -78.0, 43.0, 150, 150, 150
L 446.0, -82.0, 41.0, 446.0, -86.0, 39.0, 0, 0, 0
L 471.0, -82.0, 41.0, 471.0, -86.0, 39.0, 0, 0, 0
L 446.0, -82.0, 41.0, 471.0, -82.0, 41.0, 150, 150, 150
L 467.0, -70.0, 47.0, 467.0, -65.0, 49.0, 0, 0, 0
L 467.0, -65.0, 49.0, 471.0, -65.0, 49.0, 0, 0, 0
L 471.0, -70.0, 47.0, 467.0, -70.0, 47.0, 0, 0, 0
L 471.0, -65.0, 49.0, 497.0, -45.0, 49.0, 0, 0, 0
L 497.0, -45.0, 49.0, 510.0, -45.0, 49.0, 0, 0, 0
L 510.0, -45.0, 49.0, 515.0, -47.0, 49.0, 0, 0, 0
L 515.0, -47.0, 49.0, 523.0, -49.0, 49.0, 0, 0, 0
L 523.0, -34.0, 49.0, 515.0, -30.0, 49.0, 0, 0, 0
L 515.0, -30.0, 49.0, 508.0, -32.0, 49.0, 0, 0, 0
L 508.0, -32.0, 49.0, 497.0, -32.0, 49.0, 0, 0, 0
L 497.0, -32.0, 49.0, 497.0, -16.0, 49.0, 0, 0, 0
L 497.0, -16.0, 49.0, 485.0, 3.0, 49.0, 0, 0, 0
L 485.0, 3.0, 49.0, 445.0, 3.0, 48.0, 0, 0, 0
L 432.0, 3.0, 49.0, 420.0, -16.0, 49.0, 0, 0, 0
L 420.0, -16.0, 49.0, 419.0, -32.0, 49.0, 0, 0, 0
L 419.0, -32.0, 49.0, 414.0, -32.0, 51.0, 0, 0, 0
L 414.0, -47.0, 50.0, 420.0, -45.0, 49.0, 0, 0, 0
L 420.0, -45.0, 49.0, 445.0, -65.0, 49.0, 0, 0, 0
L 445.0, -65.0, 49.0, 450.0, -65.0, 49.0, 0, 0, 0
L 450.0, -70.0, 47.0, 467.0, -70.0, 47.0, 150, 150, 150
L 450.0, -65.0, 49.0, 450.0, -70.0, 47.0, 0, 0, 0
L 432.0, 3.0, 49.0, 445.0, 3.0, 48.0, 0, 0, 0
L 523.0, -49.0, 49.0, 533.0, -51.0, 53.0, 0, 0, 0
L 533.0, -51.0, 53.0, 541.0, -59.0, 53.0, 0, 0, 0
L 541.0, -59.0, 53.0, 551.0, -57.0, 53.0, 0, 0, 0
L 547.0, -36.0, 53.0, 541.0, -38.0, 53.0, 0, 0, 0
L 541.0, -38.0, 53.0, 533.0, -36.0, 53.0, 0, 0, 0
L 533.0, -36.0, 53.0, 523.0, -34.0, 49.0, 0, 0, 0
L 547.0, -36.0, 53.0, 557.0, -28.0, 55.0, 0, 0, 0
L 584.0, -28.0, 55.0, 573.0, -45.0, 57.0, 0, 0, 0
L 573.0, -45.0, 57.0, 551.0, -57.0, 53.0, 0, 0, 0
L 584.0, -28.0, 55.0, 585.0, -20.0, 57.0, 0, 0, 0
L 585.0, -20.0, 57.0, 583.0, -12.0, 59.0, 0, 0, 0
L 583.0, -12.0, 59.0, 579.0, -5.0, 62.0, 0, 0, 0
L 579.0, -5.0, 62.0, 577.0, 1.0, 62.0, 0, 0, 0
L 577.0, 1.0, 62.0, 560.0, 13.0, 63.0, 0, 0, 0
L 560.0, 13.0, 63.0, 556.0, 16.0, 65.0, 0, 0, 0
L 556.0, 16.0, 65.0, 550.0, 19.0, 67.0, 0, 0, 0
L 550.0, 19.0, 67.0, 549.0, 49.0, 69.0, 0, 0, 0
L 549.0, 49.0, 69.0, 509.0, 59.0, 69.0, 0, 0, 0
L 509.0, 59.0, 69.0, 479.0, 69.0, 69.0, 0, 0, 0
L 479.0, 69.0, 69.0, 471.0, 73.0, 71.0, 0, 0, 0
L 471.0, 73.0, 71.0, 465.0, 77.0, 72.0, 0, 0, 0
L 465.0, 77.0, 72.0, 461.0, 81.0, 75.0, 0, 0, 0
L 557.0, -28.0, 55.0, 560.0, -20.0, 57.0, 0, 0, 0
L 560.0, -20.0, 57.0, 560.0, -6.0, 61.0, 0, 0, 0
L 556.0, -1.0, 65.0, 560.0, -6.0, 61.0, 0, 0, 0
L 556.0, -1.0, 65.0, 550.0, 0.0, 67.0, 0, 0, 0
L 550.0, 0.0, 67.0, 519.0, -19.0, 69.0, 0, 0, 0
L 519.0, -19.0, 69.0, 509.0, -17.0, 69.0, 0, 0, 0
L 509.0, -17.0, 69.0, 497.0, -32.0, 49.0, 0, 0, 0
L 472.0, 19.0, 69.0, 485.0, 19.0, 69.0, 0, 0, 0
L 485.0, 19.0, 69.0, 497.0, 15.0, 69.0, 0, 0, 0
L 497.0, 15.0, 69.0, 509.0, 0.0, 69.0, 0, 0, 0
L 509.0, 0.0, 69.0, 520.0, -4.0, 69.0, 0, 0, 0
L 520.0, -4.0, 69.0, 530.0, 10.0, 69.0, 0, 0, 0
L 530.0, 10.0, 69.0, 529.0, 40.0, 69.0, 0, 0, 0
L 529.0, 40.0, 69.0, 508.0, 40.0, 69.0, 0, 0, 0
L 508.0, 40.0, 69.0, 465.0, 26.0, 69.0, 0, 0, 0
L 465.0, 26.0, 69.0, 465.0, 23.0, 69.0, 0, 0, 0
L 465.0, -6.0, 69.0, 469.0, -10.0, 69.0, 139, 69, 19
L 469.0, -10.0, 69.0, 469.0, -23.0, 69.0, 139, 69, 19
L 469.0, -23.0, 69.0, 465.0, -27.0, 69.0, 139, 69, 19
L 465.0, -27.0, 69.0, 451.0, -27.0, 69.0, 139, 69, 19
L 451.0, -27.0, 69.0, 448.0, -23.0, 69.0, 139, 69, 19
L 448.0, -23.0, 69.0, 448.0, -10.0, 69.0, 139, 69, 19
L 448.0, -10.0, 69.0, 452.0, -6.0, 69.0, 139, 69, 19
L 452.0, -6.0, 69.0, 452.0, 23.0, 69.0, 0, 0, 0
L 452.0, 26.0, 69.0, 439.0, 30.0, 69.0, 0, 0, 0
L 439.0, 30.0, 69.0, 399.0, 29.0, 69.0, 0, 0, 0
L 399.0, 29.0, 69.0, 400.0, 8.0, 69.0, 0, 0, 0
L 400.0, 8.0, 69.0, 408.0, 3.0, 69.0, 0, 0, 0
L 408.0, 3.0, 69.0, 420.0, 15.0, 69.0, 0, 0, 0
L 420.0, 15.0, 69.0, 431.0, 19.0, 69.0, 0, 0, 0
L 431.0, 19.0, 69.0, 445.0, 19.0, 69.0, 0, 0, 0
L 445.0, 19.0, 69.0, 445.0, 3.0, 48.0, 0, 0, 0
L 414.0, -32.0, 50.0, 407.0, -19.0, 69.0, 0, 0, 0
L 407.0, -19.0, 69.0, 379.0, 0.0, 69.0, 0, 0, 0
L 379.0, 0.0, 69.0, 371.0, -1.0, 69.0, 0, 0, 0
L 371.0, -1.0, 69.0, 369.0, -8.0, 65.0, 0, 0, 0
L 369.0, -8.0, 65.0, 367.0, -19.0, 63.0, 0, 0, 0
L 367.0, -19.0, 63.0, 367.0, -26.0, 63.0, 0, 0, 0
L 367.0, -26.0, 63.0, 373.0, -32.0, 59.0, 0, 0, 0
L 373.0, -32.0, 59.0, 382.0, -36.0, 57.0, 0, 0, 0
L 382.0, -36.0, 57.0, 397.0, -36.0, 55.0, 0, 0, 0
L 397.0, -36.0, 55.0, 406.0, -38.0, 53.0, 0, 0, 0
L 406.0, -38.0, 53.0, 414.0, -32.0, 51.0, 0, 0, 0
L 414.0, -47.0, 50.0, 409.0, -53.0, 52.0, 0, 0, 0
L 409.0, -53.0, 52.0, 406.0, -51.0, 52.0, 0, 0, 0
L 406.0, -51.0, 52.0, 397.0, -53.0, 54.0, 0, 0, 0
L 397.0, -53.0, 54.0, 390.0, -57.0, 54.0, 0, 0, 0
L 390.0, -57.0, 54.0, 382.0, -57.0, 57.0, 0, 0, 0
L 382.0, -57.0, 57.0, 374.0, -51.0, 57.0, 0, 0, 0
L 374.0, -51.0, 57.0, 367.0, -47.0, 60.0, 0, 0, 0
L 367.0, -47.0, 60.0, 354.0, -41.0, 60.0, 0, 0, 0
L 354.0, -41.0, 60.0, 346.0, -26.0, 61.0, 0, 0, 0
L 346.0, -26.0, 61.0, 348.0, -20.0, 63.0, 0, 0, 0
L 348.0, -20.0, 63.0, 350.0, -8.0, 63.0, 0, 0, 0
L 350.0, -8.0, 63.0, 352.0, -2.0, 65.0, 0, 0, 0
L 352.0, -2.0, 65.0, 358.0, 9.0, 67.0, 0, 0, 0
L 358.0, 9.0, 67.0, 371.0, 19.0, 68.0, 0, 0, 0
L 371.0, 19.0, 68.0, 380.0, 17.0, 69.0, 0, 0, 0
L 380.0, 17.0, 69.0, 380.0, 39.0, 69.0, 0, 0, 0
L 380.0, 39.0, 69.0, 440.0, 69.0, 69.0, 0, 0, 0
L 440.0, 69.0, 69.0, 443.0, 73.0, 71.0, 0, 0, 0
L 444.0, 77.0, 72.0, 443.0, 73.0, 71.0, 0, 0, 0
L 444.0, 77.0, 72.0, 448.0, 81.0, 75.0, 0, 0, 0
L 472.0, 19.0, 69.0, 473.0, 3.0, 49.0, 0, 0, 0
L 0.0, -265.0, 5.0, 0.0, -270.0, -1.0, 0, 0, 0
L 0.0, -289.0, 0.0, 0.0, -294.0, 1.0, 0, 0, 0
L 353.0, -572.0, -9.0, 358.0, -572.0, -9.0, 127, 64, 0
L 384.0, -560.0, -9.0, 379.0, -561.0, -9.0, 127, 64, 0
L 384.0, -555.0, -9.0, 384.0, -560.0, -9.0, 127, 64, 0
L 433.0, -357.0, 0.0, 445.0, -351.0, 0.0, 150, 150, 150
L 445.0, -351.0, 0.0, 450.0, -351.0, 0.0, 150, 150, 150
L 450.0, -351.0, 0.0, 471.0, -351.0, 0.0, 150, 150, 150
L 471.0, -351.0, 0.0, 485.0, -357.5, 0.0, 150, 150, 150
L 485.0, -376.0, 0.0, 471.0, -384.0, 0.0, 150, 150, 150
L 471.0, -384.0, 0.0, 445.0, -384.0, 0.0, 150, 150, 150
L 445.0, -384.0, 0.0, 433.0, -373.0, 0.0, 150, 150, 150
L 433.0, -373.0, 0.0, 433.0, -357.0, 0.0, 150, 150, 150
L 471.0, -86.0, 39.0, 446.0, -86.0, 39.0, 150, 150, 150
L 450.0, -150.0, 27.0, 450.0, -125.0, 39.0, 0, 0, 0
L 467.0, -138.0, 33.0, 467.0, -134.0, 35.0, 0, 0, 0
L 467.0, -134.0, 35.0, 467.0, -130.0, 37.0, 0, 0, 0
L 467.0, -130.0, 37.0, 467.0, -125.0, 39.0, 0, 0, 0
L 467.0, -146.0, 29.0, 467.0, -142.0, 31.0, 0, 0, 0
L 467.0, -142.0, 31.0, 467.0, -138.0, 33.0, 0, 0, 0
L 467.0, -150.0, 27.0, 467.0, -146.0, 29.0, 0, 0, 0
L 467.0, -154.0, 25.0, 467.0, -150.0, 27.0, 0, 0, 0
L 450.0, -154.0, 25.0, 450.0, -150.0, 27.0, 0, 0, 0
L 450.0, -158.0, 23.0, 450.0, -154.0, 25.0, 0, 0, 0
L 59.0, -100.0, 0.0, 71.0, -99.0, 0.0, 0, 0, 0
L 353.0, -572.0, -9.0, 353.0, -567.0, -9.0, 127, 64, 0
L 77.0, -267.0, 3.0, 76.0, -277.0, 4.0, 0, 0, 0
L 581.0, -665.0, -9.0, 571.0, -665.0, -9.0, 127, 64, 0
L 589.0, -665.0, -9.0, 581.0, -665.0, -9.0, 127, 64, 0
L 250.0, -510.0, -16.0, 269.0, -499.0, -10.0, 150, 150, 150
L 208.0, -527.0, -25.0, 190.0, -497.0, -20.0, 150, 150, 150
L 446.0, -240.0, 14.0, 446.0, -182.0, 14.0, 0, 0, 0
L 471.0, -236.0, 14.0, 471.0, -253.0, 14.0, 0, 0, 0
L -29.0, -129.0, -1.0, -9.0, -119.0, 0.0, 0, 0, 255
L -9.0, -119.0, 0.0, 0.0, -109.0, 1.0, 0, 0, 255
L 0.0, -109.0, 1.0, 59.0, -100.0, 0.0, 0, 0, 255
L 89.0, -139.0, 0.0, 80.0, -130.0, 0.0, 0, 0, 255
L 80.0, -130.0, 0.0, 60.0, -120.0, 0.0, 0, 0, 255
L 60.0, -120.0, 0.0, 31.0, -119.0, 0.0, 0, 0, 255
L 31.0, -119.0, 0.0, 9.0, -129.0, -4.0, 0, 0, 255
L 9.0, -129.0, -4.0, 9.0, -139.0, -1.0, 0, 0, 255
L 71.0, -99.0, 0.0, 100.0, -109.0, 0.0, 0, 0, 255
L 100.0, -109.0, 0.0, 122.0, -118.0, -6.0, 0, 0, 255
L 100.0, -50.0, 0.0, 98.0, -56.0, 0.0, 0, 0, 255
L 98.0, -56.0, 0.0, 91.0, -56.0, 0.0, 0, 0, 255
L 91.0, -56.0, 0.0, 89.0, -51.0, 0.0, 0, 0, 255
L 89.0, -51.0, 0.0, 89.0, -47.0, 0.0, 0, 0, 255
L 89.0, -47.0, 0.0, 94.0, -45.0, 0.0, 0, 0, 255
L 94.0, -45.0, 0.0, 97.0, -45.0, 0.0, 0, 0, 255
L 97.0, -45.0, 0.0, 100.0, -50.0, 0.0, 0, 0, 255
L 0.0, -270.0, -1.0, -40.0, -270.0, -1.0, 0, 0, 0
L -40.0, -270.0, -1.0, -60.0, -250.0, -3.0, 0, 0, 0
L -60.0, -250.0, -3.0, -65.0, -239.0, -7.0, 0, 0, 0
L -65.0, -239.0, -7.0, -70.0, -228.0, -9.0, 0, 0, 0
L -70.0, -228.0, -9.0, -72.0, -208.0, -9.0, 0, 0, 0
L -72.0, -208.0, -9.0, -90.0, -190.0, -9.0, 0, 0, 0
L -183.0, -218.0, 2.0, -181.0, -206.0, 2.0, 0, 0, 0
L -181.0, -206.0, 2.0, -166.0, -189.0, 2.0, 0, 0, 0
L -166.0, -189.0, 2.0, -157.0, -180.0, -1.0, 0, 0, 0
L -157.0, -180.0, -1.0, -145.0, -170.0, -2.0, 0, 0, 0
L -145.0, -170.0, -2.0, -122.0, -172.0, -5.0, 0, 0, 0
L -122.0, -172.0, -5.0, -107.0, -183.0, -7.0, 0, 0, 0
L -107.0, -183.0, -7.0, -90.0, -190.0, -9.0, 0, 0, 0
L -183.0, -218.0, 2.0, -183.0, -223.0, 2.0, 0, 0, 0
L -183.0, -223.0, 2.0, -181.0, -233.0, 2.0, 0, 0, 0
L -181.0, -233.0, 2.0, -166.0, -249.0, 2.0, 0, 0, 0
L -166.0, -249.0, 2.0, -153.0, -261.0, 0.0, 0, 0, 0
L -153.0, -261.0, 0.0, -137.0, -265.0, -2.0, 0, 0, 0
L -137.0, -265.0, -2.0, -116.0, -263.0, -5.0, 0, 0, 0
L -116.0, -263.0, -5.0, -101.0, -255.0, -7.0, 0, 0, 0
L -90.0, -249.0, -8.0, -79.0, -249.0, -8.0, 0, 0, 0
L -79.0, -249.0, -8.0, -77.0, -253.0, -5.0, 0, 0, 0
L -77.0, -253.0, -5.0, -78.0, -256.0, -5.0, 0, 0, 0
L -78.0, -256.0, -5.0, -78.0, -258.0, -5.0, 0, 0, 0
L -78.0, -258.0, -5.0, -59.0, -269.0, -2.0, 0, 0, 0
L -59.0, -269.0, -2.0, -43.0, -284.0, -2.0, 0, 0, 0
L -43.0, -284.0, -2.0, -37.0, -288.0, -1.0, 0, 0, 0
L -37.0, -288.0, -1.0, 0.0, -289.0, 0.0, 0, 0, 0
L -141.0, -192.0, -9.0, -146.0, -208.0, -9.0, 0, 0, 0
L -146.0, -207.0, -9.0, -114.0, -208.0, -9.0, 150, 150, 150
L -114.0, -208.0, -9.0, -109.0, -221.0, -9.0, 150, 150, 150
L -109.0, -221.0, -9.0, -115.0, -232.0, -9.0, 150, 150, 150
L -115.0, -232.0, -9.0, -146.0, -232.0, -9.0, 150, 150, 150
L -146.0, -230.0, -9.0, -141.0, -249.0, -9.0, 0, 0, 0
L -141.0, -249.0, -9.0, -130.0, -249.0, -9.0, 150, 150, 150
L -101.0, -255.0, -7.0, -130.0, -253.0, -7.0, 150, 150, 150
L -117.0, -264.0, -4.0, -134.0, -254.0, -5.0, 150, 150, 150
L -135.0, -265.0, -3.0, -137.0, -254.0, -3.0, 150, 150, 150
L -155.0, -261.0, 0.0, -137.0, -254.0, -2.0, 150, 150, 150
L -166.0, -249.0, 2.0, -142.0, -250.0, 0.0, 150, 150, 150
L -166.0, -189.0, 2.0, -142.0, -189.0, 0.0, 150, 150, 150
L -158.0, -182.0, -1.0, -140.0, -182.0, -3.0, 150, 150, 150
L -122.0, -172.0, -5.0, -132.0, -183.0, -5.0, 150, 150, 150
L -110.0, -182.0, -7.0, -132.0, -183.0, -5.0, 150, 150, 150
L -142.0, -189.0, 0.0, -140.0, -182.0, -3.0, 150, 150, 150
L -144.0, -243.0, 1.0, -142.0, -250.0, 0.0, 150, 150, 150
L 248.0, -261.0, -5.0, 240.0, -263.0, 0.0, 0, 0, 255
L 445.0, 3.0, 48.0, 435.0, -6.0, 49.0, 255, 0, 0
L 435.0, -6.0, 49.0, 435.0, -31.0, 49.0, 255, 0, 0
L 435.0, -31.0, 49.0, 445.0, -42.0, 49.0, 255, 0, 0
L 445.0, -42.0, 49.0, 471.0, -42.0, 49.0, 255, 0, 0
L 471.0, -42.0, 49.0, 481.0, -32.0, 49.0, 255, 0, 0
L 481.0, -32.0, 49.0, 482.0, -5.0, 49.0, 255, 0, 0
L 482.0, -5.0, 49.0, 473.0, 3.0, 49.0, 255, 0, 0
L 122.0, -118.0, -6.0, 138.0, -110.0, 0.0, 0, 0, 0
L -142.0, -189.0, 0.0, -148.0, -208.0, 2.0, 150, 150, 150
L -148.0, -232.0, 2.0, -148.0, -208.0, 2.0, 150, 150, 150
L -101.0, -255.0, -7.0, -90.0, -249.0, -8.0, 0, 0, 0
L -90.0, -190.0, -9.0, -129.0, -190.0, -9.0, 150, 150, 150
L -141.0, -190.0, -9.0, -132.0, -183.0, -5.0, 150, 150, 150
L -132.0, -183.0, -5.0, -129.0, -190.0, -9.0, 150, 150, 150
L -142.0, -250.0, 0.0, -137.0, -254.0, -2.0, 150, 150, 150
L -137.0, -254.0, -2.0, -134.0, -254.0, -5.0, 150, 150, 150
L -134.0, -254.0, -5.0, -130.0, -253.0, -7.0, 150, 150, 150
L -130.0, -249.0, -9.0, -88.0, -249.0, -9.0, 150, 150, 150
L -130.0, -253.0, -7.0, -130.0, -249.0, -9.0, 150, 150, 150
L -144.0, -243.0, 1.0, -148.0, -232.0, 2.0, 150, 150, 150
L -140.0, -182.0, -3.0, -141.0, -190.0, -9.0, 150, 150, 150
L -129.0, -190.0, -9.0, -141.0, -192.0, -9.0, 150, 150, 150
L -146.0, -230.0, -9.0, -117.0, -230.0, -9.0, 0, 0, 255
L -146.0, -208.0, -9.0, -146.0, -230.0, -9.0, 0, 0, 0
L -146.0, -208.0, -9.0, -117.0, -208.0, -9.0, 0, 0, 255
L -117.0, -208.0, -9.0, -111.0, -218.0, -9.0, 0, 0, 255
L -111.0, -222.0, -9.0, -111.0, -218.0, -9.0, 0, 0, 255
L -117.0, -230.0, -9.0, -111.0, -222.0, -9.0, 0, 0, 255
L 332.0, -689.0, -10.0, 369.0, -688.0, -9.0, 0, 0, 255
L 398.0, -689.0, -9.0, 439.0, -689.0, -9.0, 0, 0, 0
L 399.0, -660.0, -9.0, 390.0, -660.0, -9.0, 0, 0, 0
L 153.0, -286.0, 9.0, 157.0, -286.0, 9.0, 127, 64, 0
L 180.0, -299.0, 19.0, 160.0, -299.0, 18.0, 150, 150, 150
L 160.0, -299.0, 18.0, 146.0, -317.0, 18.0, 150, 150, 150
L 142.0, -328.0, 12.0, 144.0, -324.0, 16.0, 0, 204, 0
L 140.0, -333.0, 8.0, 142.0, -328.0, 12.0, 0, 204, 0
L 137.0, -338.0, 4.0, 140.0, -333.0, 8.0, 0, 204, 0
L 136.0, -341.0, 2.0, 137.0, -338.0, 4.0, 0, 204, 0
L 146.0, -317.0, 18.0, 144.0, -320.0, 18.0, 150, 150, 150
L 353.0, -577.0, -9.0, 384.0, -569.0, -9.0, 0, 0, 0
L 452.0, -641.0, -13.0, 452.0, -645.0, -13.0, 0, 0, 0
L -40.0, 124.0, 0.0, -40.0, 129.0, 0.0, 0, 0, 0
L -58.0, 124.0, 0.0, -58.0, 129.0, 0.0, 0, 0, 0
L 194.0, -286.0, 8.0, 197.0, -286.0, 8.0, 127, 64, 0
L 194.0, -286.0, 8.0, 194.0, -282.0, 8.0, 127, 64, 0
L 194.0, -282.0, 8.0, 190.0, -282.0, 8.0, 127, 64, 0
L 190.0, -286.0, 9.0, 194.0, -286.0, 8.0, 127, 64, 0
L 190.0, -282.0, 8.0, 190.0, -286.0, 9.0, 127, 64, 0
L 191.0, -252.0, 10.0, 186.0, -253.0, 10.0, 127, 64, 0
L 191.0, -252.0, 10.0, 191.0, -255.0, 10.0, 127, 64, 0
L 191.0, -255.0, 10.0, 187.0, -255.0, 10.0, 127, 64, 0
L 186.0, -253.0, 10.0, 181.0, -254.0, 11.0, 127, 64, 0
L 187.0, -255.0, 10.0, 186.0, -253.0, 10.0, 127, 64, 0
L 157.0, -253.0, 10.0, 157.0, -255.0, 10.0, 127, 64, 0
L 157.0, -255.0, 10.0, 159.0, -255.0, 10.0, 0, 0, 0
L 159.0, -253.0, 10.0, 157.0, -253.0, 10.0, 127, 64, 0
L 159.0, -255.0, 10.0, 159.0, -253.0, 10.0, 127, 64, 0
L 170.0, -253.0, 10.0, 159.0, -253.0, 10.0, 127, 64, 0
L 170.0, -253.0, 10.0, 170.0, -255.0, 10.0, 127, 64, 0
L 170.0, -255.0, 10.0, 173.0, -255.0, 10.0, 127, 64, 0
L 173.0, -253.0, 10.0, 170.0, -253.0, 10.0, 127, 64, 0
L 173.0, -255.0, 10.0, 173.0, -253.0, 10.0, 127, 64, 0
L 157.0, -286.0, 9.0, 173.0, -286.0, 10.0, 127, 64, 0
L 157.0, -286.0, 9.0, 157.0, -283.0, 9.0, 127, 64, 0
L 157.0, -283.0, 9.0, 161.0, -283.0, 9.0, 127, 64, 0
L 161.0, -283.0, 9.0, 161.0, -286.0, 9.0, 127, 64, 0
L 173.0, -286.0, 10.0, 177.0, -287.0, 11.0, 127, 64, 0
L 173.0, -286.0, 10.0, 173.0, -283.0, 10.0, 127, 64, 0
L 173.0, -283.0, 10.0, 168.0, -283.0, 10.0, 127, 64, 0
L 168.0, -283.0, 10.0, 168.0, -286.0, 10.0, 127, 64, 0
L 132.0, -343.0, 0.0, 129.0, -347.0, 0.0, 0, 0, 0
L 227.0, -461.0, -9.0, 226.0, -469.0, -9.0, 0, 0, 0
L 227.0, -471.0, -9.0, 229.0, -472.0, -9.0, 0, 0, 0
L 214.0, -461.0, -9.0, 213.0, -469.0, -9.0, 0, 0, 0
L 216.0, -468.0, -9.0, 222.0, -468.0, -9.0, 205, 133, 63
L 216.0, -471.0, -9.0, 222.0, -471.0, -9.0, 205, 133, 63
L 216.0, -471.0, -9.0, 216.0, -469.0, -9.0, 205, 133, 63
L 222.0, -468.0, -9.0, 222.0, -469.0, -9.0, 205, 133, 63
L 226.0, -469.0, -9.0, 227.0, -471.0, -9.0, 0, 0, 0
L 213.0, -469.0, -9.0, 214.0, -471.0, -9.0, 0, 0, 0
L 226.0, -469.0, -9.0, 222.0, -469.0, -9.0, 205, 133, 63
L 216.0, -469.0, -9.0, 216.0, -468.0, -9.0, 205, 133, 63
L 222.0, -469.0, -9.0, 222.0, -471.0, -9.0, 205, 133, 63
L 216.0, -469.0, -9.0, 213.0, -469.0, -9.0, 205, 133, 63
L 229.0, -375.0, -9.0, 234.0, -375.0, -9.0, 127, 64, 0
L 229.0, -380.0, -9.0, 229.0, -375.0, -9.0, 127, 64, 0
L 205.0, -404.0, -9.0, 205.0, -399.0, -9.0, 127, 64, 0
L 379.0, -523.0, -9.0, 384.0, -523.0, -9.0, 127, 64, 0
L 384.0, -523.0, -9.0, 384.0, -526.0, -9.0, 127, 64, 0
L 379.0, -526.0, -9.0, 384.0, -526.0, -9.0, 127, 64, 0
L 353.0, -518.0, -6.0, 353.0, -522.0, -9.0, 127, 64, 0
L 358.0, -518.0, -9.0, 353.0, -518.0, -6.0, 127, 64, 0
L 539.0, -683.0, -9.0, 589.0, -683.0, -9.0, 127, 64, 0
L 629.0, -583.0, 10.0, 648.0, -583.0, 10.0, 150, 150, 150
L 629.0, -590.0, 10.0, 636.0, -594.0, 10.0, 150, 150, 150
L 643.0, -594.0, 10.0, 650.0, -589.0, 10.0, 150, 150, 150
L 629.0, -583.0, 10.0, 629.0, -590.0, 10.0, 150, 150, 150
L 636.0, -594.0, 10.0, 643.0, -594.0, 10.0, 150, 150, 150
L 650.0, -589.0, 10.0, 648.0, -583.0, 10.0, 150, 150, 150
L 539.0, -683.0, -9.0, 539.0, -685.0, -9.0, 127, 64, 0
L 539.0, -665.0, -9.0, 539.0, -662.0, -9.0, 127, 64, 0
L 539.0, -662.0, -9.0, 591.0, -662.0, -9.0, 127, 64, 0
L 539.0, -685.0, -9.0, 591.0, -685.0, -9.0, 127, 64, 0
L 591.0, -685.0, -9.0, 589.0, -683.0, -9.0, 0, 0, 0
L 591.0, -685.0, -9.0, 595.0, -689.0, -6.0, 0, 0, 0
L 591.0, -662.0, -9.0, 589.0, -665.0, -9.0, 127, 64, 0
L 591.0, -662.0, -9.0, 595.0, -659.0, -6.0, 0, 0, 0
L 597.0, -496.0, 10.0, 597.0, -500.0, 10.0, 0, 0, 0
L 597.0, -500.0, 10.0, 598.0, -500.0, 10.0, 0, 0, 0
L 600.0, -500.0, 10.0, 600.0, -492.0, 10.0, 0, 0, 0
L 602.0, -521.0, 10.0, 600.0, -513.0, 10.0, 0, 0, 0
L 600.0, -513.0, 10.0, 598.0, -513.0, 10.0, 0, 0, 0
L 597.0, -513.0, 10.0, 597.0, -515.0, 10.0, 0, 0, 0
L 600.0, -503.0, 10.0, 600.0, -509.0, 10.0, 205, 133, 63
L 597.0, -503.0, 10.0, 597.0, -509.0, 10.0, 205, 133, 63
L 598.0, -513.0, 10.0, 597.0, -513.0, 10.0, 0, 0, 0
L 598.0, -500.0, 10.0, 600.0, -500.0, 10.0, 0, 0, 0
L 598.0, -513.0, 10.0, 598.0, -509.0, 10.0, 205, 133, 63
L 600.0, -503.0, 10.0, 598.0, -503.0, 10.0, 205, 133, 63
L 598.0, -503.0, 10.0, 598.0, -500.0, 10.0, 205, 133, 63
L 598.0, -503.0, 10.0, 597.0, -503.0, 10.0, 205, 133, 63
L 600.0, -509.0, 10.0, 598.0, -509.0, 10.0, 205, 133, 63
L 598.0, -509.0, 10.0, 597.0, -509.0, 10.0, 205, 133, 63
L 668.0, -568.0, 8.0, 710.0, -568.0, 8.0, 0, 0, 0
L 611.0, -585.0, 8.0, 619.0, -593.0, 10.0, 0, 0, 0
L 659.0, -570.0, 8.0, 665.0, -570.0, 8.0, 0, 0, 0
L 668.0, -568.0, 8.0, 668.0, -570.0, 8.0, 0, 0, 0
L 709.0, -587.0, 8.0, 668.0, -587.0, 8.0, 0, 0, 0
L 668.0, -584.0, 8.0, 668.0, -587.0, 8.0, 0, 0, 0
L 668.0, -584.0, 8.0, 665.0, -584.0, 8.0, 0, 0, 0
L 659.0, -593.0, 10.0, 663.0, -584.0, 8.0, 0, 0, 0
L 668.0, -573.0, 8.0, 668.0, -580.0, 8.0, 205, 133, 63
L 663.0, -580.0, 8.0, 663.0, -573.0, 8.0, 205, 133, 63
L 668.0, -573.0, 8.0, 665.0, -573.0, 8.0, 205, 133, 63
L 668.0, -580.0, 8.0, 665.0, -580.0, 8.0, 205, 133, 63
L 665.0, -570.0, 8.0, 668.0, -570.0, 8.0, 0, 0, 0
L 665.0, -584.0, 8.0, 663.0, -584.0, 8.0, 0, 0, 0
L 665.0, -570.0, 8.0, 665.0, -573.0, 8.0, 205, 133, 63
L 665.0, -573.0, 8.0, 663.0, -573.0, 8.0, 205, 133, 63
L 665.0, -580.0, 8.0, 663.0, -580.0, 8.0, 205, 133, 63
L 665.0, -580.0, 8.0, 665.0, -584.0, 8.0, 205, 133, 63
L 465.0, -283.0, 10.0, 465.0, -284.0, 10.0, 127, 64, 0
L 452.0, -283.0, 10.0, 449.0, -283.0, 10.0, 150, 150, 150
L 465.0, -283.0, 10.0, 468.0, -283.0, 10.0, 150, 150, 150
L 488.0, -267.0, 10.0, 468.0, -267.0, 10.0, 150, 150, 150
L 468.0, -283.0, 10.0, 468.0, -267.0, 10.0, 150, 150, 150
L 449.0, -283.0, 10.0, 449.0, -267.0, 10.0, 150, 150, 150
L 449.0, -267.0, 10.0, 429.0, -267.0, 10.0, 150, 150, 150
L 488.0, -267.0, 10.0, 488.0, -233.0, 10.0, 150, 150, 150
L 488.0, -233.0, 10.0, 487.0, -234.0, 10.0, 0, 0, 0
L 471.0, -236.0, 14.0, 487.0, -234.0, 10.0, 0, 0, 0
L 452.0, -253.0, 14.0, 446.0, -253.0, 14.0, 0, 0, 0
L 452.0, -253.0, 14.0, 452.0, -255.0, 14.0, 0, 0, 0
L 465.0, -253.0, 14.0, 465.0, -255.0, 14.0, 0, 0, 0
L 465.0, -255.0, 14.0, 465.0, -258.0, 14.0, 0, 0, 0
L 452.0, -255.0, 14.0, 452.0, -258.0, 14.0, 0, 0, 0
L 465.0, -255.0, 14.0, 461.0, -255.0, 14.0, 205, 133, 63
L 461.0, -253.0, 14.0, 455.0, -253.0, 14.0, 205, 133, 63
L 461.0, -258.0, 14.0, 455.0, -258.0, 14.0, 205, 133, 63
L 461.0, -253.0, 14.0, 461.0, -255.0, 14.0, 205, 133, 63
L 461.0, -255.0, 14.0, 461.0, -258.0, 14.0, 205, 133, 63
L 455.0, -253.0, 14.0, 455.0, -255.0, 14.0, 205, 133, 63
L 455.0, -255.0, 14.0, 452.0, -255.0, 14.0, 205, 133, 63
L 455.0, -255.0, 14.0, 455.0, -258.0, 14.0, 205, 133, 63
L 452.0, -258.0, 14.0, 445.0, -258.0, 14.0, 0, 0, 0
L 446.0, -253.0, 14.0, 445.0, -258.0, 14.0, 0, 0, 0
L 471.0, -258.0, 14.0, 465.0, -258.0, 14.0, 0, 0, 0
L 471.0, -253.0, 14.0, 471.0, -258.0, 14.0, 0, 0, 0
L 465.0, -253.0, 14.0, 471.0, -253.0, 14.0, 0, 0, 0
L 452.0, -258.0, 14.0, 452.0, -283.0, 10.0, 150, 150, 150
L 465.0, -258.0, 14.0, 465.0, -283.0, 10.0, 150, 150, 150
L 450.0, -125.0, 39.0, 450.0, -123.0, 39.0, 0, 0, 0
L 467.0, -125.0, 39.0, 467.0, -123.0, 39.0, 0, 0, 0
L 454.0, -125.0, 39.0, 462.0, -125.0, 39.0, 205, 133, 63
L 462.0, -121.0, 39.0, 454.0, -121.0, 39.0, 205, 133, 63
L 462.0, -125.0, 39.0, 462.0, -123.0, 39.0, 205, 133, 63
L 467.0, -123.0, 39.0, 467.0, -121.0, 39.0, 0, 0, 0
L 450.0, -123.0, 39.0, 450.0, -121.0, 39.0, 0, 0, 0
L 467.0, -123.0, 39.0, 462.0, -123.0, 39.0, 205, 133, 63
L 462.0, -123.0, 39.0, 462.0, -121.0, 39.0, 205, 133, 63
L 454.0, -125.0, 39.0, 454.0, -123.0, 39.0, 205, 133, 63
L 454.0, -123.0, 39.0, 450.0, -123.0, 39.0, 205, 133, 63
L 454.0, -123.0, 39.0, 454.0, -121.0, 39.0, 205, 133, 63
L 435.0, -121.0, 39.0, 420.0, -101.0, 38.0, 0, 0, 0
L 481.0, -121.0, 39.0, 497.0, -101.0, 39.0, 0, 0, 0
L 461.0, 88.0, 75.0, 478.0, 88.0, 75.0, 0, 0, 0
L 434.0, 94.0, 75.0, 432.0, 94.0, 75.0, 0, 0, 0
L 458.0, 113.0, 75.0, 458.0, 131.0, 75.0, 0, 0, 0
L 416.0, 113.0, 75.0, 423.0, 113.0, 75.0, 0, 0, 0
L 416.0, 88.0, 75.0, 416.0, 100.0, 75.0, 0, 0, 0
L 423.0, 113.0, 75.0, 431.0, 113.0, 75.0, 0, 0, 0
L 434.0, 113.0, 75.0, 458.0, 113.0, 75.0, 0, 0, 0
L 431.0, 88.0, 75.0, 425.0, 88.0, 75.0, 0, 0, 0
L 416.0, 100.0, 75.0, 416.0, 113.0, 75.0, 0, 0, 0
L 425.0, 88.0, 75.0, 416.0, 88.0, 75.0, 0, 0, 0
L 448.0, 88.0, 75.0, 434.0, 88.0, 75.0, 0, 0, 0
L 458.0, 131.0, 75.0, 478.0, 131.0, 75.0, 0, 0, 0
L 431.0, 88.0, 75.0, 431.0, 91.0, 75.0, 0, 0, 0
L 431.0, 91.0, 75.0, 431.0, 94.0, 75.0, 0, 0, 0
L 434.0, 88.0, 75.0, 434.0, 94.0, 75.0, 0, 0, 0
L 431.0, 107.0, 75.0, 431.0, 113.0, 75.0, 0, 0, 0
L 431.0, 107.0, 75.0, 432.0, 107.0, 75.0, 0, 0, 0
L 434.0, 107.0, 75.0, 434.0, 113.0, 75.0, 0, 0, 0
L 431.0, 97.0, 75.0, 431.0, 103.0, 75.0, 205, 133, 63
L 434.0, 97.0, 75.0, 434.0, 103.0, 75.0, 205, 133, 63
L 434.0, 97.0, 75.0, 432.0, 97.0, 75.0, 205, 133, 63
L 434.0, 103.0, 75.0, 432.0, 103.0, 75.0, 205, 133, 63
L 432.0, 107.0, 75.0, 434.0, 107.0, 75.0, 0, 0, 0
L 432.0, 94.0, 75.0, 431.0, 94.0, 75.0, 0, 0, 0
L 432.0, 107.0, 75.0, 432.0, 103.0, 75.0, 205, 133, 63
L 432.0, 97.0, 75.0, 431.0, 97.0, 75.0, 205, 133, 63
L 432.0, 103.0, 75.0, 431.0, 103.0, 75.0, 205, 133, 63
L 432.0, 97.0, 75.0, 432.0, 94.0, 75.0, 205, 133, 63
L 461.0, 81.0, 75.0, 461.0, 82.0, 75.0, 0, 0, 0
L 448.0, 88.0, 75.0, 448.0, 82.0, 75.0, 0, 0, 0
L 461.0, 82.0, 75.0, 461.0, 88.0, 75.0, 0, 0, 0
L 457.0, 81.0, 75.0, 451.0, 81.0, 75.0, 205, 133, 63
L 457.0, 84.0, 75.0, 451.0, 84.0, 75.0, 205, 133, 63
L 457.0, 81.0, 75.0, 457.0, 82.0, 75.0, 205, 133, 63
L 451.0, 81.0, 75.0, 451.0, 82.0, 75.0, 205, 133, 63
L 448.0, 82.0, 75.0, 448.0, 81.0, 75.0, 0, 0, 0
L 448.0, 82.0, 75.0, 451.0, 82.0, 75.0, 205, 133, 63
L 457.0, 82.0, 75.0, 457.0, 84.0, 75.0, 205, 133, 63
L 451.0, 82.0, 75.0, 451.0, 84.0, 75.0, 205, 133, 63
L 457.0, 82.0, 75.0, 461.0, 82.0, 75.0, 205, 133, 63
L 465.0, 23.0, 69.0, 465.0, -6.0, 69.0, 0, 0, 0
L 461.0, 21.0, 69.0, 455.0, 21.0, 69.0, 205, 133, 63
L 461.0, 26.0, 69.0, 455.0, 26.0, 69.0, 205, 133, 63
L 461.0, 21.0, 69.0, 461.0, 23.0, 69.0, 205, 133, 63
L 455.0, 21.0, 69.0, 455.0, 23.0, 69.0, 205, 133, 63
L 452.0, 23.0, 69.0, 452.0, 26.0, 69.0, 0, 0, 0
L 452.0, 23.0, 69.0, 455.0, 23.0, 69.0, 205, 133, 63
L 461.0, 23.0, 69.0, 461.0, 26.0, 69.0, 205, 133, 63
L 455.0, 23.0, 69.0, 455.0, 26.0, 69.0, 205, 133, 63
L 461.0, 23.0, 69.0, 465.0, 23.0, 69.0, 205, 133, 63
L 583.0, -408.0, 9.0, 575.0, -408.0, 9.0, 0, 0, 0
L 568.0, -408.0, 9.0, 559.0, -390.0, 10.0, 0, 0, 0
L 571.0, -423.0, 9.0, 575.0, -423.0, 9.0, 0, 0, 0
L 579.0, -423.0, 9.0, 594.0, -434.0, 8.0, 0, 0, 0
L 575.0, -408.0, 9.0, 568.0, -408.0, 9.0, 0, 0, 0
L 579.0, -419.0, 9.0, 579.0, -411.0, 9.0, 205, 133, 63
L 571.0, -419.0, 9.0, 571.0, -411.0, 9.0, 205, 133, 63
L 575.0, -423.0, 9.0, 579.0, -423.0, 9.0, 0, 0, 0
L 575.0, -423.0, 9.0, 575.0, -419.0, 9.0, 205, 133, 63
L 571.0, -411.0, 9.0, 575.0, -411.0, 9.0, 205, 133, 63
L 575.0, -411.0, 9.0, 575.0, -408.0, 9.0, 205, 133, 63
L 575.0, -411.0, 9.0, 579.0, -411.0, 9.0, 205, 133, 63
L 571.0, -419.0, 9.0, 575.0, -419.0, 9.0, 205, 133, 63
L 575.0, -419.0, 9.0, 579.0, -419.0, 9.0, 205, 133, 63
L 540.0, -469.0, 9.0, 540.0, -450.0, 9.0, 0, 0, 0
L 579.0, -450.0, 9.0, 593.3, -445.0, 9.0, 0, 0, 0
L 563.0, -483.0, 9.0, 569.0, -481.0, 9.0, 0, 0, 0
L 579.0, -471.0, 9.0, 571.0, -475.0, 9.0, 0, 0, 0
L 566.0, -431.0, 9.0, 549.0, -431.0, 9.0, 205, 133, 63
L 594.0, -434.0, 8.0, 593.3, -445.0, 9.0, 0, 0, 0
L 544.0, -475.0, 9.0, 546.0, -481.0, 9.0, 0, 0, 0
L 544.0, -475.0, 9.0, 540.0, -469.0, 9.0, 0, 0, 0
L 549.0, -483.0, 9.0, 563.0, -483.0, 9.0, 0, 0, 0
L 540.0, -447.0, 9.0, 540.0, -450.0, 9.0, 127, 64, 0
L 607.0, -452.0, 10.0, 607.0, -457.0, 9.0, 0, 0, 0
L 607.0, -457.0, 9.0, 593.0, -465.0, 9.0, 0, 0, 0
L 571.0, -475.0, 9.0, 569.0, -481.0, 9.0, 0, 0, 0
L 550.0, -418.0, 9.0, 540.0, -431.0, 9.0, 0, 0, 0
L 593.0, -465.0, 9.0, 579.0, -463.0, 9.0, 0, 0, 0
L 579.0, -463.0, 9.0, 579.0, -471.0, 9.0, 0, 0, 0
L 546.0, -481.0, 9.0, 549.0, -483.0, 9.0, 0, 0, 0
L 571.0, -423.0, 9.0, 571.0, -431.0, 9.0, 0, 0, 0
L 571.0, -446.0, 9.0, 579.0, -450.0, 9.0, 0, 0, 0
L 540.0, -431.0, 9.0, 549.0, -431.0, 9.0, 0, 0, 0
L 549.0, -431.0, 9.0, 549.0, -438.0, 9.0, 0, 0, 0
L 540.0, -438.0, 9.0, 540.0, -447.0, 9.0, 0, 0, 0
L 549.0, -438.0, 9.0, 540.0, -438.0, 9.0, 0, 0, 0
L 566.0, -431.0, 9.0, 566.0, -438.0, 9.0, 0, 0, 0
L 571.0, -438.0, 9.0, 571.0, -446.0, 9.0, 0, 0, 0
L 566.0, -438.0, 9.0, 571.0, -438.0, 9.0, 0, 0, 0
L 566.0, -431.0, 9.0, 571.0, -431.0, 9.0, 0, 0, 0
L 566.0, -438.0, 9.0, 549.0, -438.0, 9.0, 205, 133, 63
L 450.0, -121.0, 39.0, 446.0, -121.0, 39.0, 0, 0, 0
L 467.0, -121.0, 39.0, 471.0, -121.0, 39.0, 0, 0, 0
L 471.0, -86.0, 39.0, 471.0, -121.0, 39.0, 139, 69, 19
L 471.0, -121.0, 39.0, 481.0, -121.0, 39.0, 0, 0, 0
L 446.0, -86.0, 39.0, 446.0, -121.0, 39.0, 139, 69, 19
L 446.0, -121.0, 39.0, 435.0, -121.0, 39.0, 0, 0, 0
L 252.0, -430.0, -10.0, 251.0, -434.0, -10.0, 0, 0, 0
L 192.0, -419.0, -10.0, 193.0, -431.0, -10.0, 0, 0, 0
L 180.0, -376.0, -10.0, 180.0, -379.0, -10.0, 0, 0, 0
L 200.0, -352.0, -10.0, 180.0, -376.0, -10.0, 0, 0, 0
L 213.0, -352.0, -10.0, 200.0, -352.0, -10.0, 0, 0, 0
L 229.0, -356.0, -10.0, 213.0, -352.0, -10.0, 0, 0, 0
L 180.0, -379.0, -10.0, 184.0, -400.0, -10.0, 0, 0, 0
L 241.0, -356.0, -10.0, 229.0, -356.0, -10.0, 0, 0, 0
L 184.0, -400.0, -10.0, 184.0, -403.0, -10.0, 0, 0, 0
L 257.0, -376.0, -10.0, 241.0, -356.0, -10.0, 0, 0, 0
L 184.0, -403.0, -10.0, 192.0, -419.0, -10.0, 0, 0, 0
L 252.0, -430.0, -10.0, 255.0, -419.0, -10.0, 0, 0, 0
L 249.0, -438.0, -10.0, 249.2, -437.6, -10.0, 0, 0, 0
L 200.0, -461.0, -10.0, 200.0, -447.6, -10.0, 0, 0, 0
L 249.0, -445.0, -10.0, 249.0, -438.0, -10.0, 0, 0, 0
L 241.0, -461.0, -10.0, 241.0, -447.5, -10.0, 0, 0, 0
L 200.0, -445.0, -10.0, 195.0, -443.0, -10.0, 0, 0, 0
L 241.0, -445.0, -10.0, 249.0, -445.0, -10.0, 0, 0, 0
L 195.0, -443.0, -10.0, 194.0, -440.0, -10.0, 0, 0, 0
L 194.0, -440.0, -10.0, 193.7, -437.6, -10.0, 0, 0, 0
L 205.8, -423.6, -10.0, 205.7, -437.6, -10.0, 205, 133, 63
L 216.1, -423.6, -10.0, 205.8, -423.6, -10.0, 205, 133, 63
L 244.1, -417.6, -10.0, 226.0, -417.6, -10.0, 205, 133, 63
L 226.0, -417.6, -10.0, 225.7, -447.5, -10.0, 205, 133, 63
L 236.1, -437.6, -10.0, 236.1, -428.1, -10.0, 205, 133, 63
L 244.1, -427.9, -10.0, 244.1, -417.6, -10.0, 205, 133, 63
L 236.1, -428.1, -10.0, 244.1, -427.9, -10.0, 205, 133, 63
L 225.7, -447.5, -10.0, 241.0, -447.5, -10.0, 205, 133, 63
L 241.0, -447.5, -10.0, 241.0, -445.0, -10.0, 0, 0, 0
L 236.1, -437.6, -10.0, 249.2, -437.6, -10.0, 205, 133, 63
L 249.2, -437.6, -10.0, 251.0, -434.0, -10.0, 0, 0, 0
L 216.1, -448.0, -10.0, 200.0, -447.6, -10.0, 205, 133, 63
L 200.0, -447.6, -10.0, 200.0, -445.0, -10.0, 0, 0, 0
L 205.7, -437.6, -10.0, 193.7, -437.6, -10.0, 205, 133, 63
L 193.7, -437.6, -10.0, 193.0, -431.0, -10.0, 0, 0, 0
L 216.1, -448.0, -10.0, 216.1, -423.6, -10.0, 205, 133, 63
L 251.0, -200.0, 0.0, 260.0, -168.0, 4.0, 0, 204, 0
L 260.0, -155.0, 4.0, 260.0, -161.0, 4.0, 0, 204, 0
L 293.0, -161.0, 4.0, 293.0, -152.0, 4.0, 205, 133, 63
L 269.0, -144.0, 4.0, 271.0, -152.0, 4.0, 0, 204, 0
L 260.0, -155.0, 4.0, 256.0, -143.0, 4.0, 0, 204, 0
L 293.0, -161.0, 4.0, 277.0, -161.0, 4.0, 205, 133, 63
L 293.0, -152.0, 4.0, 277.0, -152.0, 4.0, 0, 204, 0
L 271.0, -152.0, 4.0, 277.0, -152.0, 4.0, 0, 204, 0
L 260.0, -161.0, 4.0, 260.0, -168.0, 4.0, 0, 204, 0
L 277.0, -161.0, 4.0, 260.0, -161.0, 4.0, 205, 133, 63
L 293.0, -152.0, 4.0, 299.0, -153.7, 4.0, 0, 204, 0
L 260.0, -168.0, 4.0, 299.0, -168.0, 4.0, 205, 133, 63
L 299.0, -168.0, 4.0, 299.0, -153.7, 4.0, 205, 133, 63
L 299.0, -153.7, 4.0, 300.0, -154.0, 4.0, 0, 204, 0
L 478.0, 88.0, 75.0, 478.0, 131.0, 75.0, 0, 0, 0
L 485.0, -376.0, 0.0, 485.0, -357.5, 0.0, 150, 150, 150
L 479.0, -366.0, 3.0, 479.0, -371.0, 3.0, 127, 64, 0
L 479.0, -366.0, 3.0, 439.0, -366.0, 3.0, 139, 69, 19
L 439.0, -371.0, 3.0, 439.0, -366.0, 3.0, 127, 64, 0
L 479.0, -371.0, 3.0, 439.0, -371.0, 3.0, 139, 69, 19
