L 240.0, -303.0, 0.0, 235.0, -306.0, 0.0, 0, 0, 0
L 235.0, -306.0, 0.0, 235.0, -366.0, 0.0, 0, 0, 0
L 235.0, -366.0, 0.0, 241.0, -370.0, 0.0, 0, 0, 0
L 241.0, -370.0, 0.0, 267.0, -380.0, 0.0, 0, 0, 0
L 267.0, -380.0, 0.0, 267.0, -414.0, 0.0, 0, 0, 0
L 267.0, -414.0, 0.0, 286.0, -416.0, 0.0, 0, 0, 0
L 286.0, -416.0, 0.0, 402.0, -470.0, 0.0, 0, 0, 0
L 402.0, -470.0, 0.0, 482.0, -470.0, 0.0, 0, 0, 0
L 482.0, -470.0, 0.0, 551.0, -524.0, 0.0, 0, 0, 0
L 551.0, -524.0, 0.0, 551.0, -601.0, 0.0, 0, 0, 0
L 551.0, -601.0, 0.0, 482.0, -656.0, 0.0, 0, 0, 0
L 482.0, -656.0, 0.0, 403.0, -656.0, 0.0, 0, 0, 0
L 403.0, -656.0, 0.0, 381.0, -623.0, 0.0, 0, 0, 0
L 381.0, -623.0, 0.0, 359.0, -601.0, 0.0, 0, 0, 0
L 359.0, -601.0, 0.0, 358.0, -521.0, 0.0, 0, 0, 0
L 358.0, -521.0, 0.0, 272.0, -465.0, 0.0, 0, 0, 0
L 272.0, -465.0, 0.0, 241.0, -426.0, 0.0, 0, 0, 0
L 241.0, -426.0, 0.0, 239.0, -410.0, 0.0, 0, 0, 0
L 185.0, -406.0, 0.0, 184.0, -414.0, 0.0, 0, 0, 0
L 184.0, -414.0, 0.0, 206.0, -425.0, 0.0, 0, 0, 0
L 206.0, -425.0, 0.0, 203.0, -436.0, 0.0, 0, 0, 0
L 203.0, -436.0, 0.0, 217.0, -487.0, 0.0, 0, 0, 0
L 217.0, -487.0, 0.0, 159.0, -520.0, 0.0, 0, 0, 0
L 159.0, -520.0, 0.0, 88.0, -541.0, 0.0, 0, 0, 0
L 88.0, -541.0, 0.0, 15.0, -557.0, 0.0, 0, 0, 0
L 15.0, -557.0, 0.0, -64.0, -583.0, 0.0, 0, 0, 0
L -64.0, -583.0, 0.0, -87.0, -583.0, 0.0, 0, 0, 0
L -87.0, -583.0, 0.0, -123.0, -565.0, 0.0, 0, 0, 0
L -123.0, -565.0, 0.0, -127.0, -565.0, 0.0, 0, 0, 0
L -127.0, -565.0, 0.0, -128.0, -580.0, 0.0, 0, 0, 0
L -128.0, -580.0, 0.0, -144.0, -589.0, 0.0, 0, 0, 0
L -144.0, -589.0, 0.0, -148.0, -589.0, 0.0, 0, 0, 0
L -148.0, -589.0, 0.0, -149.0, -626.0, 0.0, 0, 0, 0
L -149.0, -626.0, 0.0, -191.0, -640.0, 0.0, 0, 0, 0
L -191.0, -640.0, 0.0, -200.0, -643.0, 0.0, 0, 0, 0
L -200.0, -643.0, 0.0, -203.0, -651.0, 0.0, 0, 0, 0
L -203.0, -651.0, 0.0, -210.0, -683.0, 0.0, 0, 0, 0
L -210.0, -683.0, 0.0, -252.0, -682.0, 0.0, 0, 0, 0
L -252.0, -682.0, 0.0, -272.0, -669.0, 0.0, 0, 0, 0
L -272.0, -669.0, 0.0, -284.0, -661.0, 3.0, 0, 0, 0
L -185.0, -422.0, 0.0, -160.0, -388.0, 0.0, 0, 0, 0
L -160.0, -388.0, 0.0, -155.0, -388.0, 0.0, 0, 0, 0
L -155.0, -388.0, 0.0, -154.0, -375.0, 0.0, 0, 0, 0
L -154.0, -375.0, 0.0, -273.0, -374.0, 0.0, 0, 0, 0
L -273.0, -374.0, 0.0, -284.0, -366.0, 0.0, 0, 0, 0
L -284.0, -366.0, 0.0, -293.0, -352.0, 0.0, 0, 0, 0
L -293.0, -352.0, 0.0, -293.0, -346.0, 0.0, 0, 0, 0
L -293.0, -346.0, 0.0, -295.0, -340.0, 0.0, 0, 0, 0
L -295.0, -340.0, 0.0, -309.0, -339.0, 0.0, 0, 0, 0
L -309.0, -339.0, 0.0, -329.0, -344.0, 0.0, 0, 0, 0
L -329.0, -344.0, 0.0, -350.0, -354.0, 0.0, 0, 0, 0
L -350.0, -354.0, 0.0, -364.0, -369.0, 0.0, 0, 0, 0
L -364.0, -369.0, 0.0, -377.0, -363.0, 0.0, 0, 0, 0
L -377.0, -363.0, 0.0, -376.0, -350.0, 0.0, 0, 0, 0
L -376.0, -350.0, 0.0, -377.0, -340.0, 0.0, 0, 0, 0
L -377.0, -316.0, 0.0, -377.0, -285.0, 0.0, 0, 0, 0
L -377.0, -285.0, 0.0, -347.0, -297.0, 0.0, 0, 0, 0
L -347.0, -297.0, 0.0, -326.0, -287.0, 0.0, 0, 0, 0
L -326.0, -287.0, 0.0, -319.0, -287.0, 0.0, 0, 0, 0
L -319.0, -287.0, 0.0, -315.0, -281.0, 0.0, 0, 0, 0
L -315.0, -281.0, 0.0, -318.0, -273.0, 0.0, 0, 0, 0
L -318.0, -273.0, 0.0, -318.0, -218.0, 0.0, 0, 0, 0
L -318.0, -218.0, 0.0, -320.0, -211.0, 0.0, 0, 0, 0
L -320.0, -211.0, 0.0, -321.0, -200.0, 0.0, 0, 0, 0
L -321.0, -200.0, 0.0, -334.0, -201.0, 0.0, 0, 0, 0
L -334.0, -201.0, 0.0, -337.0, -208.0, 0.0, 0, 0, 0
L -337.0, -208.0, 0.0, -364.0, -231.0, 0.0, 0, 0, 0
L -431.0, -231.0, 0.0, -445.0, -209.0, 0.0, 0, 0, 0
L -445.0, -209.0, 0.0, -455.0, -177.0, 0.0, 0, 0, 0
L -455.0, -177.0, 0.0, -454.0, -161.0, 0.0, 0, 0, 0
L 172.0, -250.0, 0.0, 172.0, -257.0, 0.0, 0, 0, 0
L 172.0, -257.0, 0.0, 181.0, -251.0, 0.0, 0, 0, 0
L 181.0, -251.0, 0.0, 201.0, -251.0, 0.0, 0, 0, 0
L -214.0, -457.0, 0.0, -208.0, -450.0, 0.0, 0, 0, 0
L -208.0, -450.0, 0.0, -187.0, -437.0, 0.0, 0, 0, 0
L -187.0, -437.0, 0.0, -163.0, -427.0, 0.0, 0, 0, 0
L -163.0, -427.0, 0.0, -156.0, -426.0, 0.0, 0, 0, 0
L -156.0, -426.0, 0.0, -110.0, -402.0, 0.0, 0, 0, 0
L -110.0, -402.0, 0.0, -110.0, -345.0, 0.0, 0, 0, 0
L -110.0, -345.0, 0.0, -117.0, -345.0, 0.0, 0, 0, 0
L -117.0, -345.0, 0.0, -121.0, -350.0, 0.0, 0, 0, 0
L -121.0, -350.0, 0.0, -132.0, -345.0, 0.0, 0, 0, 0
L -132.0, -345.0, 0.0, -202.0, -345.0, 0.0, 0, 0, 0
L -202.0, -345.0, 0.0, -207.0, -350.0, 0.0, 0, 0, 0
L -207.0, -350.0, 0.0, -212.0, -350.0, 0.0, 0, 0, 0
L -212.0, -350.0, 0.0, -217.0, -345.0, 0.0, 0, 0, 0
L -217.0, -345.0, 0.0, -232.0, -344.0, 0.0, 0, 0, 0
L -232.0, -344.0, 0.0, -268.0, -311.0, 0.0, 0, 0, 0
L -268.0, -311.0, 0.0, -268.0, -307.0, 0.0, 0, 0, 0
L -268.0, -307.0, 0.0, -274.0, -299.0, 0.0, 0, 0, 0
L -172.0, -480.0, 0.0, -168.0, -481.0, 0.0, 0, 0, 0
L -208.0, -480.0, 0.0, -172.0, -480.0, 0.0, 0, 0, 0
L -209.0, -477.0, 0.0, -208.0, -480.0, 0.0, 0, 0, 0
L -211.0, -470.0, 0.0, -209.0, -477.0, 0.0, 0, 0, 0
L -212.0, -466.0, 0.0, -211.0, -470.0, 0.0, 0, 0, 0
L -214.0, -457.0, 0.0, -212.0, -466.0, 0.0, 0, 0, 0
L -257.0, -268.0, 0.0, -242.0, -260.0, 0.0, 0, 0, 0
L -257.0, -265.0, 0.0, -257.0, -268.0, 0.0, 0, 0, 0
L -283.0, -264.0, 0.0, -257.0, -265.0, 0.0, 0, 0, 0
L -274.0, -290.0, 0.0, -279.0, -286.0, 0.0, 0, 0, 0
L -266.0, -296.0, 0.0, -274.0, -290.0, 0.0, 0, 0, 0
L -259.0, -305.0, 0.0, -266.0, -296.0, 0.0, 0, 0, 0
L -256.0, -310.0, 0.0, -259.0, -305.0, 0.0, 0, 0, 0
L -225.0, -335.0, 0.0, -256.0, -310.0, 0.0, 0, 0, 0
L -225.0, -335.0, 0.0, -221.0, -335.0, 0.0, 0, 0, 0
L -212.0, -334.0, 0.0, -221.0, -335.0, 0.0, 0, 0, 0
L -221.0, -311.0, 0.0, -212.0, -334.0, 0.0, 0, 0, 0
L -222.0, -266.0, 0.0, -221.0, -311.0, 0.0, 0, 0, 0
L -229.0, -264.0, 0.0, -222.0, -266.0, 0.0, 0, 0, 0
L -278.0, -274.0, 0.0, -279.0, -286.0, 0.0, 0, 0, 0
L -249.0, -269.0, 0.0, -260.0, -274.0, 0.0, 0, 0, 0
L -242.0, -266.0, 0.0, -249.0, -269.0, 0.0, 0, 0, 0
L -229.0, -264.0, 0.0, -229.0, -262.0, 0.0, 0, 0, 0
L -226.0, -260.0, 0.0, -229.0, -260.0, 0.0, 0, 0, 0
L -226.0, -219.0, 0.0, -226.0, -249.0, 0.0, 0, 0, 0
L -234.0, -219.0, 0.0, -226.0, -219.0, 0.0, 0, 0, 0
L -241.0, -219.0, 1.0, -234.0, -219.0, 0.0, 0, 0, 0
L -245.0, -217.0, 1.0, -241.0, -219.0, 1.0, 0, 0, 0
L -257.0, -207.0, 1.0, -245.0, -217.0, 1.0, 0, 0, 0
L -281.0, -229.0, 0.0, -280.0, -206.0, 1.0, 0, 0, 0
L -296.0, -212.0, 1.0, -291.0, -219.0, 0.0, 0, 0, 0
L -296.0, -200.0, 1.0, -296.0, -212.0, 1.0, 0, 0, 0
L -268.0, -200.0, 1.0, -296.0, -200.0, 1.0, 0, 0, 0
L -259.0, -200.0, 1.0, -268.0, -200.0, 1.0, 0, 0, 0
L -256.0, -199.0, 1.0, -259.0, -200.0, 1.0, 0, 0, 0
L -243.0, -212.0, 1.0, -256.0, -199.0, 1.0, 0, 0, 0
L -226.0, -213.0, 1.0, -243.0, -212.0, 1.0, 0, 0, 0
L -222.0, -210.0, 1.0, -226.0, -213.0, 1.0, 0, 0, 0
L -215.0, -210.0, 1.0, -222.0, -210.0, 1.0, 0, 0, 0
L -212.0, -218.0, 1.0, -215.0, -210.0, 1.0, 0, 0, 0
L -215.0, -222.0, 1.0, -212.0, -218.0, 1.0, 0, 0, 0
L -216.0, -309.0, 1.0, -215.0, -222.0, 1.0, 0, 0, 0
L -204.0, -335.0, 1.0, -216.0, -309.0, 1.0, 0, 0, 0
L -132.0, -336.0, 1.0, -204.0, -335.0, 1.0, 0, 0, 0
L -127.0, -332.0, 1.0, -132.0, -336.0, 1.0, 0, 0, 0
L -112.0, -294.0, 1.0, -127.0, -332.0, 1.0, 0, 0, 0
L -109.0, -285.0, 1.0, -112.0, -294.0, 1.0, 0, 0, 0
L -99.0, -258.0, 1.0, -109.0, -285.0, 1.0, 0, 0, 0
L -91.0, -231.0, 1.0, -99.0, -258.0, 1.0, 0, 0, 0
L -91.0, -228.0, 1.0, -91.0, -231.0, 1.0, 0, 0, 0
L -91.0, -219.0, 1.0, -91.0, -228.0, 1.0, 0, 0, 0
L -90.0, -167.0, 1.0, -91.0, -219.0, 1.0, 0, 0, 0
L -93.0, -162.0, 1.0, -90.0, -167.0, 1.0, 0, 0, 0
L -91.0, -155.0, 1.0, -93.0, -162.0, 1.0, 0, 0, 0
L -75.0, -154.0, 1.0, -91.0, -155.0, 1.0, 0, 0, 0
L -31.0, -154.0, 1.0, -77.0, -154.0, 1.0, 0, 0, 0
L -30.0, -98.0, 1.0, -31.0, -154.0, 1.0, 0, 0, 0
L -21.0, -70.0, 1.0, -30.0, -98.0, 1.0, 0, 0, 0
L -19.0, -65.0, 1.0, -21.0, -70.0, 1.0, 0, 0, 0
L -8.0, -65.0, 1.0, -19.0, -65.0, 1.0, 0, 0, 0
L 19.0, -64.0, 1.0, -8.0, -65.0, 1.0, 0, 0, 0
L 21.0, -70.0, 1.0, 19.0, -64.0, 1.0, 0, 0, 0
L 22.0, -73.0, 1.0, 21.0, -70.0, 1.0, 0, 0, 0
L 23.0, -80.0, 1.0, 22.0, -73.0, 1.0, 0, 0, 0
L 24.0, -84.0, 1.0, 23.0, -80.0, 1.0, 0, 0, 0
L 24.0, -86.0, 1.0, 24.0, -84.0, 1.0, 0, 0, 0
L 25.0, -93.0, 1.0, 24.0, -86.0, 1.0, 0, 0, 0
L 26.0, -96.0, 1.0, 25.0, -93.0, 1.0, 0, 0, 0
L 26.0, -101.0, 1.0, 26.0, -96.0, 1.0, 0, 0, 0
L 29.0, -157.0, 1.0, 26.0, -101.0, 1.0, 0, 0, 0
L 93.0, -157.0, 1.0, 29.0, -157.0, 1.0, 0, 0, 0
L 97.0, -154.0, 1.0, 93.0, -157.0, 1.0, 0, 0, 0
L 104.0, -154.0, 1.0, 97.0, -154.0, 1.0, 0, 0, 0
L 107.0, -156.0, 1.0, 104.0, -154.0, 1.0, 0, 0, 0
L 108.0, -161.0, 1.0, 107.0, -156.0, 1.0, 0, 0, 0
L 120.0, -179.0, 1.0, 108.0, -161.0, 1.0, 0, 0, 0
L 201.0, -326.0, 0.0, 211.0, -316.0, 0.0, 0, 0, 0
L 182.0, -327.0, 0.0, 201.0, -326.0, 0.0, 0, 0, 0
L 151.0, -336.0, 0.0, 182.0, -327.0, 0.0, 0, 0, 0
L 161.0, -411.0, 0.0, 169.0, -406.0, 0.0, 0, 0, 0
L 150.0, -412.0, 0.0, 161.0, -411.0, 0.0, 0, 0, 0
L 150.0, -348.0, 0.0, 151.0, -336.0, 0.0, 0, 0, 0
L 150.0, -348.0, 0.0, 150.0, -412.0, 0.0, 0, 0, 0
L 180.0, -443.0, 0.0, 180.0, -445.0, 0.0, 0, 0, 0
L 178.0, -437.0, 0.0, 180.0, -443.0, 0.0, 0, 0, 0
L 169.0, -412.0, 0.0, 169.0, -406.0, 0.0, 0, 0, 0
L 175.0, -423.0, 0.0, 169.0, -412.0, 0.0, 0, 0, 0
L 176.0, -431.0, 0.0, 175.0, -423.0, 0.0, 0, 0, 0
L 178.0, -437.0, 0.0, 176.0, -431.0, 0.0, 0, 0, 0
L 180.0, -445.0, 0.0, 182.0, -455.0, 0.0, 0, 0, 0
L 182.0, -457.0, 0.0, 182.0, -455.0, 0.0, 0, 0, 0
L 183.0, -464.0, 0.0, 182.0, -457.0, 0.0, 0, 0, 0
L 184.0, -468.0, 0.0, 183.0, -464.0, 0.0, 0, 0, 0
L 173.0, -488.0, 0.0, 184.0, -468.0, 0.0, 0, 0, 0
L 147.0, -501.0, 0.0, 173.0, -488.0, 0.0, 0, 0, 0
L 136.0, -507.0, 0.0, 147.0, -501.0, 0.0, 0, 0, 0
L 90.0, -508.0, 0.0, 136.0, -507.0, 0.0, 0, 0, 0
L 53.0, -522.0, 0.0, 90.0, -508.0, 0.0, 0, 0, 0
L 32.0, -532.0, 0.0, 53.0, -522.0, 0.0, 0, 0, 0
L 22.0, -537.0, 0.0, 32.0, -532.0, 0.0, 0, 0, 0
L -3.0, -538.0, 0.0, 22.0, -537.0, 0.0, 0, 0, 0
L -17.0, -538.0, 0.0, -3.0, -538.0, 0.0, 0, 0, 0
L -32.0, -533.0, 0.0, -17.0, -538.0, 0.0, 0, 0, 0
L -52.0, -526.0, 0.0, -32.0, -533.0, 0.0, 0, 0, 0
L -63.0, -523.0, 0.0, -52.0, -526.0, 0.0, 0, 0, 0
L -89.0, -501.0, 0.0, -63.0, -523.0, 0.0, 0, 0, 0
L -96.0, -504.0, 0.0, -89.0, -501.0, 0.0, 0, 0, 0
L -123.0, -522.0, 0.0, -96.0, -504.0, 0.0, 0, 0, 0
L -124.0, -522.0, 0.0, -123.0, -522.0, 0.0, 0, 0, 0
L -125.0, -504.0, 0.0, -124.0, -522.0, 0.0, 0, 0, 0
L -140.0, -492.0, 0.0, -125.0, -504.0, 0.0, 0, 0, 0
L -153.0, -486.0, 0.0, -140.0, -492.0, 0.0, 0, 0, 0
L -158.0, -484.0, 0.0, -153.0, -486.0, 0.0, 0, 0, 0
L -168.0, -481.0, 0.0, -158.0, -484.0, 0.0, 0, 0, 0
L -235.0, -672.0, 0.0, -234.0, -671.0, 0.0, 0, 0, 0
L -294.0, -544.0, 0.0, -296.0, -544.0, 0.0, 0, 0, 0
L -293.0, -548.0, 0.0, -294.0, -544.0, 0.0, 0, 0, 0
L -296.0, -564.0, 0.0, -291.0, -563.0, 0.0, 0, 0, 0
L -102.0, -216.0, 0.0, -103.0, -171.0, 1.0, 0, 0, 0
L -105.0, -233.0, 0.0, -105.0, -222.0, 0.0, 150, 150, 150
L -115.0, -257.0, 0.0, -105.0, -233.0, 0.0, 150, 150, 150
L -122.0, -266.0, 0.0, -115.0, -257.0, 0.0, 150, 150, 150
L -128.0, -272.0, 0.0, -122.0, -266.0, 0.0, 150, 150, 150
L -137.0, -282.0, 0.0, -128.0, -272.0, 0.0, 150, 150, 150
L -145.0, -286.0, 0.0, -137.0, -282.0, 0.0, 150, 150, 150
L -156.0, -294.0, 0.0, -145.0, -286.0, 0.0, 150, 150, 150
L -166.0, -303.0, 0.0, -156.0, -294.0, 0.0, 150, 150, 150
L -178.0, -311.0, 0.0, -166.0, -303.0, 0.0, 150, 150, 150
L -203.0, -281.0, 0.0, -178.0, -311.0, 0.0, 150, 150, 150
L -204.0, -271.0, 0.0, -203.0, -281.0, 0.0, 150, 150, 150
L -188.0, -251.0, 0.0, -204.0, -271.0, 0.0, 150, 150, 150
L -176.0, -238.0, 0.0, -174.0, -238.0, 0.0, 150, 150, 150
L -188.0, -251.0, 0.0, -176.0, -238.0, 0.0, 150, 150, 150
L -156.0, -257.0, 0.0, -174.0, -238.0, 0.0, 150, 150, 150
L -142.0, -257.0, 0.0, -156.0, -257.0, 0.0, 150, 150, 150
L -129.0, -234.0, 0.0, -142.0, -257.0, 0.0, 150, 150, 150
L -128.0, -230.0, 0.0, -129.0, -234.0, 0.0, 150, 150, 150
L -127.0, -226.0, 0.0, -128.0, -230.0, 0.0, 150, 150, 150
L -192.0, -218.0, 0.0, -147.0, -218.0, 0.0, 0, 0, 0
L -194.0, -184.0, 0.0, -192.0, -218.0, 0.0, 0, 0, 0
L -176.0, -307.0, 5.0, -177.0, -307.0, 5.0, 139, 69, 19
L -159.0, -289.0, 5.0, -176.0, -307.0, 5.0, 139, 69, 19
L -158.0, -287.0, 5.0, -159.0, -289.0, 5.0, 139, 69, 19
L -141.0, -280.0, 5.0, -158.0, -287.0, 5.0, 139, 69, 19
L -121.0, -260.0, 5.0, -141.0, -280.0, 5.0, 139, 69, 19
L -107.0, -231.0, 5.0, -121.0, -260.0, 5.0, 139, 69, 19
L -107.0, -229.0, 5.0, -107.0, -231.0, 5.0, 139, 69, 19
L -107.0, -226.0, 5.0, -107.0, -229.0, 5.0, 139, 69, 19
L -109.0, -223.0, 4.0, -107.0, -226.0, 5.0, 139, 69, 19
L -14.0, -18.0, 3.0, -14.0, -30.0, 3.0, 0, 0, 0
L -14.0, -30.0, 3.0, -15.0, -30.0, 3.0, 0, 0, 0
L -15.0, -30.0, 3.0, -38.0, -39.0, 3.0, 0, 0, 0
L -38.0, -39.0, 3.0, -42.0, -48.0, 3.0, 0, 0, 0
L -42.0, -48.0, 3.0, -65.0, -97.0, 3.0, 0, 0, 0
L -65.0, -97.0, 3.0, -66.0, -112.0, 3.0, 0, 0, 0
L -66.0, -112.0, 3.0, -78.0, -113.0, 3.0, 0, 0, 0
L -78.0, -113.0, 3.0, -87.0, -113.0, 3.0, 0, 0, 0
L -87.0, -113.0, 3.0, -92.0, -112.0, 3.0, 0, 0, 0
L -92.0, -112.0, 3.0, -102.0, -111.0, 3.0, 0, 0, 0
L -102.0, -111.0, 3.0, -113.0, -111.0, 3.0, 0, 0, 0
L -113.0, -111.0, 3.0, -185.0, -111.0, 0.0, 0, 0, 0
L -223.0, -435.0, 3.0, -234.0, -459.0, 3.0, 0, 0, 0
L -234.0, -459.0, 3.0, -235.0, -477.0, 3.0, 0, 0, 0
L -235.0, -477.0, 3.0, -241.0, -481.0, 3.0, 0, 0, 0
L -241.0, -481.0, 3.0, -249.0, -480.0, 3.0, 0, 0, 0
L -249.0, -480.0, 3.0, -258.0, -476.0, 3.0, 0, 0, 0
L -258.0, -476.0, 3.0, -269.0, -472.0, 3.0, 0, 0, 0
L -269.0, -472.0, 3.0, -297.0, -444.0, 3.0, 0, 0, 0
L -297.0, -444.0, 3.0, -341.0, -444.0, 3.0, 0, 0, 0
L -341.0, -444.0, 3.0, -348.0, -454.0, 3.0, 0, 0, 0
L -348.0, -454.0, 3.0, -358.0, -470.0, 3.0, 0, 0, 0
L -358.0, -470.0, 3.0, -358.0, -628.0, 3.0, 0, 0, 0
L -358.0, -628.0, 3.0, -353.0, -648.0, 3.0, 0, 0, 0
L -353.0, -648.0, 3.0, -350.0, -654.0, 3.0, 0, 0, 0
L -350.0, -654.0, 3.0, -342.0, -661.0, 3.0, 0, 0, 0
L -342.0, -661.0, 3.0, -284.0, -661.0, 3.0, 0, 0, 0
L 424.0, -179.0, 0.0, 425.0, -135.0, 3.0, 0, 0, 0
L 425.0, -135.0, 3.0, 426.0, -126.0, 3.0, 0, 0, 0
L 426.0, -126.0, 3.0, 426.0, -124.0, 3.0, 0, 0, 0
L 426.0, -124.0, 3.0, 418.0, -101.0, 3.0, 0, 0, 0
L 418.0, -101.0, 3.0, 411.0, -79.0, 3.0, 0, 0, 0
L 411.0, -79.0, 3.0, 404.0, -75.0, 3.0, 0, 0, 0
L 404.0, -75.0, 3.0, 397.0, -74.0, 3.0, 0, 0, 0
L 397.0, -74.0, 3.0, 390.0, -68.0, 3.0, 0, 0, 0
L 390.0, -68.0, 3.0, 380.0, -65.0, 3.0, 0, 0, 0
L 380.0, -65.0, 3.0, 368.0, -65.0, 3.0, 0, 0, 0
L 368.0, -65.0, 3.0, 359.0, -65.0, 3.0, 0, 0, 0
L 359.0, -65.0, 3.0, 338.0, -65.0, 3.0, 0, 0, 0
L 338.0, -65.0, 3.0, 315.0, -59.0, 3.0, 0, 0, 0
L 315.0, -59.0, 3.0, 196.0, -59.0, 3.0, 0, 0, 0
L 196.0, -59.0, 3.0, 169.0, -74.0, 3.0, 0, 0, 0
L 169.0, -74.0, 3.0, 151.0, -84.0, 3.0, 0, 0, 0
L 151.0, -84.0, 3.0, 130.0, -106.0, 3.0, 0, 0, 0
L 130.0, -106.0, 3.0, 122.0, -117.0, 3.0, 0, 0, 0
L 122.0, -117.0, 3.0, 112.0, -122.0, 3.0, 0, 0, 0
L 112.0, -122.0, 3.0, 101.0, -126.0, 3.0, 0, 0, 0
L 101.0, -126.0, 3.0, 54.0, -125.0, 3.0, 0, 0, 0
L 54.0, -125.0, 3.0, 52.0, -102.0, 3.0, 0, 0, 0
L 52.0, -102.0, 3.0, 47.0, -83.0, 3.0, 0, 0, 0
L 47.0, -83.0, 3.0, 38.0, -46.0, 3.0, 0, 0, 0
L 38.0, -46.0, 3.0, 32.0, -38.0, 3.0, 0, 0, 0
L 32.0, -38.0, 3.0, 14.0, -30.0, 3.0, 0, 0, 0
L -14.0, -18.0, 3.0, -15.0, -18.0, 3.0, 0, 0, 0
L -15.0, -18.0, 3.0, -47.0, -29.0, 3.0, 0, 0, 0
L -47.0, -29.0, 3.0, -82.0, -11.0, 3.0, 0, 0, 0
L -82.0, -11.0, 3.0, -82.0, 36.0, 3.0, 0, 0, 0
L -82.0, 36.0, 3.0, -82.0, 45.0, 3.0, 0, 0, 0
L -82.0, 45.0, 3.0, -62.0, 44.0, 3.0, 0, 0, 255
L -62.0, 44.0, 3.0, -52.0, 44.0, 3.0, 0, 0, 255
L -52.0, 44.0, 3.0, -47.0, 41.0, 3.0, 0, 0, 255
L -47.0, 41.0, 3.0, -20.0, 40.0, 5.0, 0, 0, 255
L -2.0, 40.0, 5.0, 25.0, 40.0, 3.0, 0, 0, 255
L 25.0, 40.0, 3.0, 41.0, 45.0, 3.0, 0, 0, 255
L 41.0, 45.0, 3.0, 50.0, 59.0, 3.0, 0, 0, 255
L 70.0, -12.0, 0.0, 70.0, 44.0, 0.0, 0, 0, 0
L 70.0, 44.0, 0.0, 69.0, 46.0, 3.0, 0, 0, 0
L 69.0, 46.0, 3.0, 63.0, 59.0, 2.0, 0, 0, 0
L -47.0, 9.0, 0.0, -48.0, -9.0, 3.0, 0, 0, 0
L -48.0, -9.0, 3.0, -56.0, -15.0, 3.0, 0, 0, 0
L -56.0, -15.0, 3.0, -65.0, -14.0, 3.0, 0, 0, 0
L -65.0, -14.0, 3.0, -74.0, -8.0, 3.0, 0, 0, 0
L -74.0, -8.0, 3.0, -75.0, -5.0, 3.0, 0, 0, 0
L -75.0, -5.0, 3.0, -75.0, -3.0, 3.0, 0, 0, 0
L -75.0, -3.0, 3.0, -79.0, 8.0, 3.0, 0, 0, 0
L -79.0, 8.0, 3.0, -78.0, 23.0, 3.0, 0, 0, 0
L -78.0, 23.0, 3.0, -75.0, 33.0, 3.0, 0, 0, 0
L -75.0, 33.0, 3.0, -72.0, 38.0, 3.0, 0, 0, 0
L -72.0, 38.0, 3.0, -63.0, 43.0, 3.0, 0, 0, 0
L -63.0, 43.0, 3.0, -53.0, 42.0, 3.0, 0, 0, 0
L -53.0, 42.0, 3.0, -47.0, 36.0, 3.0, 0, 0, 0
L -51.0, 9.0, 0.0, -51.0, 2.0, 0.0, 0, 0, 0
L -51.0, 2.0, 0.0, -51.0, -7.0, 0.0, 0, 0, 0
L -51.0, -7.0, 0.0, -55.0, -11.0, 0.0, 0, 0, 0
L -55.0, -11.0, 0.0, -68.0, -8.0, 0.0, 0, 0, 0
L -68.0, -8.0, 0.0, -74.0, 3.0, 0.0, 0, 0, 0
L -74.0, 3.0, 0.0, -74.0, 25.0, 0.0, 0, 0, 0
L -74.0, 25.0, 0.0, -70.0, 34.0, 0.0, 0, 0, 0
L -70.0, 34.0, 0.0, -63.0, 39.0, 0.0, 0, 0, 0
L -63.0, 39.0, 0.0, -55.0, 39.0, 0.0, 0, 0, 0
L -55.0, 39.0, 0.0, -51.0, 35.0, 0.0, 0, 0, 0
L -51.0, 35.0, 0.0, -51.0, 21.0, 0.0, 0, 0, 0
L 50.0, 59.0, 3.0, 63.0, 59.0, 2.0, 0, 0, 255
L 131.0, 60.0, -3.0, 155.0, 84.0, -3.0, 0, 0, 255
L 155.0, 84.0, -3.0, 177.0, 148.0, -3.0, 0, 0, 255
L 177.0, 148.0, -3.0, 176.0, 208.0, -3.0, 0, 0, 255
L 176.0, 208.0, -3.0, 127.0, 368.0, -3.0, 0, 0, 255
L 127.0, 368.0, -3.0, 8.0, 461.0, -3.0, 0, 0, 255
L 8.0, 461.0, -4.0, -25.0, 461.0, -1.0, 0, 0, 255
L -25.0, 461.0, -1.0, -69.0, 429.0, -4.0, 0, 0, 255
L -69.0, 429.0, -4.0, -132.0, 367.0, -3.0, 0, 0, 255
L -132.0, 367.0, -3.0, -163.0, 293.0, -3.0, 0, 0, 255
L -163.0, 293.0, -3.0, -188.0, 206.0, -3.0, 0, 0, 255
L -188.0, 206.0, -3.0, -188.0, 145.0, -3.0, 0, 0, 255
L -188.0, 145.0, -3.0, -164.0, 83.0, -3.0, 0, 0, 255
L -164.0, 83.0, -3.0, -127.0, 60.0, -3.0, 0, 0, 255
L -127.0, 60.0, -3.0, -82.0, 45.0, 3.0, 0, 0, 255
L -20.0, 40.0, 5.0, -20.0, 78.0, 5.0, 139, 69, 19
L -2.0, 40.0, 5.0, -2.0, 78.0, 5.0, 139, 69, 19
L -2.0, 78.0, 5.0, -20.0, 78.0, 5.0, 139, 69, 19
L 8.0, 461.0, -3.0, 50.0, 516.0, -1.0, 0, 0, 0
L 50.0, 516.0, -1.0, -20.0, 551.0, 0.0, 0, 0, 0
L -20.0, 551.0, 0.0, -20.0, 599.0, 0.0, 0, 0, 0
L -20.0, 599.0, 0.0, 50.0, 600.0, 0.0, 0, 0, 0
L 50.0, 600.0, 0.0, 100.0, 644.0, 0.0, 0, 0, 0
L 100.0, 644.0, 0.0, 100.0, 725.0, 0.0, 0, 0, 0
L 51.0, 758.0, 0.0, 51.0, 725.0, 0.0, 0, 0, 0
L 51.0, 644.0, 0.0, -19.0, 643.0, 0.0, 0, 0, 0
L -19.0, 643.0, 0.0, -56.0, 599.0, 0.0, 0, 0, 0
L -56.0, 599.0, 0.0, -56.0, 551.0, 0.0, 0, 0, 0
L -56.0, 551.0, 0.0, -69.0, 517.0, 0.0, 0, 0, 0
L -69.0, 517.0, 0.0, -25.0, 461.0, -1.0, 0, 0, 0
L 70.0, -12.0, 0.0, 47.0, -37.0, 0.0, 0, 0, 0
L 47.0, -37.0, 0.0, 14.0, -20.0, 0.0, 0, 0, 0
L 14.0, -20.0, 0.0, 14.0, -30.0, 3.0, 0, 0, 0
L -177.0, -174.0, 2.0, -194.0, -174.0, 0.0, 0, 0, 0
L -194.0, -174.0, 0.0, -194.0, -184.0, 0.0, 0, 0, 0
L -125.0, -233.0, 5.0, -140.0, -259.0, 5.0, 139, 69, 19
L -140.0, -259.0, 5.0, -159.0, -264.0, 5.0, 139, 69, 19
L -159.0, -264.0, 5.0, -177.0, -242.0, 5.0, 139, 69, 19
L -177.0, -242.0, 5.0, -201.0, -275.0, 5.0, 139, 69, 19
L -201.0, -275.0, 5.0, -177.0, -307.0, 5.0, 139, 69, 19
L -185.0, -111.0, 0.0, -192.0, -113.0, 0.0, 0, 0, 0
L -192.0, -113.0, 0.0, -200.0, -113.0, 0.0, 0, 0, 0
L -200.0, -113.0, 0.0, -207.0, -106.0, 0.0, 0, 0, 0
L -207.0, -106.0, 0.0, -299.0, -106.0, 0.0, 0, 0, 0
L -299.0, -106.0, 0.0, -314.0, -114.0, 0.0, 0, 0, 0
L -314.0, -114.0, 0.0, -322.0, -122.0, 0.0, 0, 0, 0
L -322.0, -122.0, 0.0, -328.0, -129.0, 0.0, 0, 0, 0
L -328.0, -129.0, 0.0, -332.0, -120.0, 0.0, 0, 0, 0
L -332.0, -120.0, 0.0, -320.0, -103.0, 0.0, 0, 0, 0
L -320.0, -103.0, 0.0, -389.0, -103.0, 0.0, 0, 0, 0
L -389.0, -103.0, 0.0, -392.0, -105.0, 0.0, 0, 0, 0
L -417.0, -204.0, 0.0, -417.0, -179.0, 0.0, 0, 0, 0
L -417.0, -125.0, 0.0, -414.0, -122.0, 0.0, 0, 0, 0
L -414.0, -122.0, 0.0, -378.0, -122.0, 0.0, 0, 0, 0
L -378.0, -122.0, 0.0, -378.0, -145.0, 0.0, 0, 0, 0
L -378.0, -145.0, 0.0, -400.0, -145.0, 0.0, 0, 0, 0
L -367.0, -152.0, 0.0, -367.0, -157.0, 0.0, 0, 0, 0
L -185.0, -422.0, 0.0, -210.0, -419.0, 0.0, 0, 0, 0
L -210.0, -419.0, 0.0, -220.0, -428.0, 0.0, 0, 0, 0
L -220.0, -428.0, 0.0, -223.0, -435.0, 3.0, 0, 0, 0
L -275.0, -483.0, 0.0, -294.0, -471.0, 0.0, 0, 0, 0
L -294.0, -471.0, 0.0, -297.0, -471.0, 0.0, 0, 0, 0
L -297.0, -471.0, 0.0, -313.0, -485.0, 0.0, 0, 0, 0
L -313.0, -485.0, 0.0, -314.0, -500.0, 0.0, 0, 0, 0
L -314.0, -500.0, 0.0, -298.0, -515.0, 0.0, 0, 0, 0
L -298.0, -515.0, 0.0, -295.0, -515.0, 0.0, 0, 0, 0
L -295.0, -515.0, 0.0, -275.0, -503.0, 0.0, 0, 0, 0
L -275.0, -503.0, 0.0, -271.0, -503.0, 0.0, 0, 0, 0
L -271.0, -503.0, 0.0, -273.0, -500.0, 0.0, 0, 0, 0
L -277.0, -500.0, 0.0, -295.0, -512.0, 0.0, 0, 0, 0
L -295.0, -512.0, 0.0, -308.0, -502.0, 0.0, 0, 0, 0
L -308.0, -502.0, 0.0, -311.0, -487.0, 0.0, 0, 0, 0
L -311.0, -487.0, 0.0, -297.0, -473.0, 0.0, 0, 0, 0
L -297.0, -473.0, 0.0, -294.0, -473.0, 0.0, 0, 0, 0
L -294.0, -473.0, 0.0, -276.0, -487.0, 0.0, 0, 0, 0
L -276.0, -487.0, 0.0, -273.0, -487.0, 0.0, 0, 0, 0
L -271.0, -487.0, 0.0, -271.0, -483.0, 0.0, 0, 0, 0
L -271.0, -483.0, 0.0, -275.0, -483.0, 0.0, 0, 0, 0
L 240.0, -303.0, 0.0, 240.0, -291.0, 0.0, 0, 0, 0
L 240.0, -291.0, 0.0, 246.0, -291.0, 0.0, 0, 0, 0
L 242.0, -309.0, 0.0, 242.0, -330.0, 0.0, 0, 0, 0
L 269.0, -373.0, 0.0, 277.0, -376.0, 0.0, 0, 0, 0
L 277.0, -376.0, 0.0, 344.0, -376.0, 0.0, 0, 0, 0
L 344.0, -376.0, 0.0, 347.0, -365.0, 0.0, 0, 0, 0
L 347.0, -365.0, 0.0, 350.0, -349.0, 0.0, 0, 0, 0
L 350.0, -349.0, 0.0, 350.0, -329.0, 0.0, 0, 0, 0
L 350.0, -329.0, 0.0, 343.0, -309.0, 0.0, 0, 0, 0
L 273.0, -306.0, 0.0, 323.0, -306.0, 0.0, 0, 0, 0
L 323.0, -306.0, 0.0, 343.0, -305.0, 5.0, 0, 0, 0
L 343.0, -305.0, 5.0, 350.0, -291.0, 0.0, 0, 0, 0
L 350.0, -291.0, 0.0, 357.0, -260.0, 0.0, 0, 0, 0
L 357.0, -260.0, 0.0, 356.0, -232.0, 0.0, 0, 0, 0
L 356.0, -232.0, 0.0, 359.0, -225.0, 0.0, 0, 0, 0
L 359.0, -225.0, 0.0, 359.0, -219.0, 0.0, 0, 0, 0
L 359.0, -219.0, 0.0, 373.0, -185.0, 0.0, 0, 0, 0
L 373.0, -185.0, 0.0, 373.0, -179.0, 0.0, 0, 0, 0
L 373.0, -179.0, 0.0, 424.0, -179.0, 0.0, 0, 0, 0
L 400.0, -607.0, 0.0, 379.0, -607.0, 0.0, 0, 0, 0
L 379.0, -607.0, 0.0, 374.0, -602.0, 0.0, 0, 0, 0
L 374.0, -602.0, 0.0, 374.0, -522.0, 0.0, 0, 0, 0
L 374.0, -522.0, 0.0, 379.0, -516.0, 0.0, 0, 0, 0
L 379.0, -516.0, 0.0, 400.0, -516.0, 0.0, 0, 0, 0
L 400.0, -516.0, 0.0, 406.0, -510.0, 0.0, 0, 0, 0
L 406.0, -510.0, 0.0, 421.0, -498.0, 0.0, 0, 0, 0
L 421.0, -498.0, 0.0, 439.0, -498.0, 0.0, 0, 0, 0
L 484.0, -498.0, 0.0, 499.0, -511.0, 0.0, 0, 0, 0
L 499.0, -511.0, 0.0, 506.0, -516.0, 0.0, 0, 0, 0
L 506.0, -516.0, 0.0, 527.0, -516.0, 0.0, 0, 0, 0
L 527.0, -516.0, 0.0, 534.0, -522.0, 0.0, 0, 0, 0
L 534.0, -522.0, 0.0, 534.0, -602.0, 0.0, 0, 0, 0
L 534.0, -602.0, 0.0, 527.0, -607.0, 0.0, 0, 0, 0
L 527.0, -607.0, 0.0, 504.0, -607.0, 0.0, 0, 0, 0
L 504.0, -607.0, 0.0, 484.0, -625.0, 0.0, 0, 0, 0
L 484.0, -625.0, 0.0, 457.0, -625.0, 0.0, 0, 0, 0
L 420.0, -626.0, 0.0, 400.0, -607.0, 0.0, 0, 0, 0
L 462.0, -611.0, -21.0, 457.0, -625.0, 0.0, 0, 0, 0
L 437.0, -626.0, 0.0, 441.0, -611.0, -21.0, 0, 0, 0
L 445.0, -598.0, -29.0, 441.0, -611.0, -21.0, 150, 150, 150
L 462.0, -611.0, -21.0, 458.0, -597.0, -30.0, 150, 150, 150
L 458.0, -597.0, -30.0, 483.0, -577.0, -30.0, 150, 150, 150
L 483.0, -577.0, -30.0, 483.0, -550.0, -30.0, 150, 150, 150
L 483.0, -550.0, -30.0, 458.0, -525.0, -30.0, 150, 150, 150
L 458.0, -525.0, -30.0, 462.0, -513.0, -21.0, 150, 150, 150
L 462.0, -513.0, -21.0, 456.0, -498.0, 0.0, 0, 0, 0
L 439.0, -498.0, 0.0, 442.0, -512.0, -21.0, 0, 0, 0
L 442.0, -512.0, -21.0, 446.0, -525.0, -30.0, 150, 150, 150
L 446.0, -525.0, -30.0, 420.0, -550.0, -30.0, 150, 150, 150
L 420.0, -550.0, -30.0, 420.0, -577.0, -30.0, 150, 150, 150
L 420.0, -577.0, -30.0, 445.0, -598.0, -29.0, 150, 150, 150
L 442.0, -512.0, -21.0, 420.0, -513.0, -21.0, 0, 0, 0
L 420.0, -513.0, -21.0, 407.0, -516.0, -21.0, 0, 0, 0
L 407.0, -516.0, -21.0, 408.0, -606.0, -21.0, 150, 150, 150
L 419.0, -611.0, -21.0, 441.0, -611.0, -21.0, 0, 0, 0
L 483.0, -611.0, -21.0, 498.0, -606.0, -21.0, 0, 0, 0
L 498.0, -606.0, -21.0, 498.0, -516.0, -21.0, 150, 150, 150
L 498.0, -516.0, -21.0, 462.0, -513.0, -21.0, 0, 0, 0
L 530.0, -522.0, -3.0, 530.0, -602.0, -3.0, 0, 0, 0
L 377.0, -522.0, -3.0, 377.0, -602.0, -3.0, 0, 0, 0
L 377.0, -602.0, -3.0, 380.0, -604.0, -5.0, 0, 0, 0
L 377.0, -522.0, -3.0, 380.0, -519.0, -3.0, 0, 0, 0
L 380.0, -604.0, -5.0, 380.0, -519.0, -5.0, 150, 150, 150
L 383.0, -519.0, -7.0, 383.0, -604.0, -7.0, 150, 150, 150
L 387.0, -604.0, -9.0, 387.0, -519.0, -9.0, 150, 150, 150
L 391.0, -519.0, -12.0, 391.0, -604.0, -12.0, 150, 150, 150
L 394.0, -604.0, -15.0, 394.0, -519.0, -15.0, 150, 150, 150
L 398.0, -519.0, -17.0, 398.0, -604.0, -17.0, 150, 150, 150
L 401.0, -604.0, -19.0, 401.0, -519.0, -19.0, 150, 150, 150
L 401.0, -519.0, -19.0, 407.0, -516.0, -21.0, 0, 0, 0
L 380.0, -604.0, -5.0, 401.0, -604.0, -19.0, 0, 0, 0
L 408.0, -606.0, -21.0, 419.0, -611.0, -21.0, 0, 0, 0
L 401.0, -604.0, -19.0, 408.0, -606.0, -21.0, 0, 0, 0
L 530.0, -602.0, -3.0, 527.0, -604.0, -5.0, 0, 0, 0
L 527.0, -604.0, -5.0, 504.0, -604.0, -19.0, 0, 0, 0
L 504.0, -604.0, -19.0, 498.0, -606.0, -21.0, 0, 0, 0
L 530.0, -522.0, -3.0, 527.0, -519.0, -5.0, 0, 0, 0
L 527.0, -519.0, -5.0, 504.0, -519.0, -19.0, 0, 0, 0
L 504.0, -519.0, -19.0, 498.0, -516.0, -21.0, 0, 0, 0
L 527.0, -604.0, -5.0, 527.0, -519.0, -5.0, 150, 150, 150
L 524.0, -519.0, -7.0, 524.0, -604.0, -7.0, 150, 150, 150
L 520.0, -604.0, -9.0, 520.0, -519.0, -9.0, 150, 150, 150
L 516.0, -519.0, -12.0, 516.0, -604.0, -12.0, 150, 150, 150
L 512.0, -604.0, -15.0, 512.0, -519.0, -15.0, 150, 150, 150
L 508.0, -519.0, -17.0, 508.0, -604.0, -17.0, 150, 150, 150
L 504.0, -604.0, -19.0, 504.0, -519.0, -19.0, 150, 150, 150
L 483.0, -611.0, -21.0, 462.0, -611.0, -21.0, 0, 0, 0
L 215.0, -197.0, 0.0, 208.0, -198.0, 0.0, 0, 0, 255
L 208.0, -198.0, 0.0, 200.0, -189.0, 0.0, 0, 0, 255
L 200.0, -189.0, 0.0, 208.0, -179.0, 0.0, 0, 0, 255
L 208.0, -179.0, 0.0, 215.0, -179.0, 0.0, 0, 0, 255
L 215.0, -179.0, 0.0, 224.0, -188.0, 0.0, 0, 0, 255
L 224.0, -188.0, 0.0, 221.0, -192.0, 0.0, 0, 0, 255
L 221.0, -192.0, 0.0, 215.0, -197.0, 0.0, 0, 0, 255
L 208.0, -193.0, -131.0, 215.0, -193.0, -131.0, 0, 0, 255
L 215.0, -193.0, -131.0, 216.0, -192.0, -131.0, 0, 0, 255
L 216.0, -192.0, -131.0, 216.0, -185.0, -131.0, 0, 0, 255
L 216.0, -185.0, -131.0, 206.0, -186.0, -131.0, 0, 0, 255
L 206.0, -186.0, -131.0, 208.0, -193.0, -131.0, 0, 0, 255
L -12.0, 453.0, -1.0, -16.0, 447.0, -1.0, 255, 250, 250
L 172.0, -185.0, 0.0, 162.0, -176.0, 3.0, 0, 0, 0
L 63.0, 59.0, 2.0, 131.0, 60.0, -3.0, 0, 0, 255
L -364.0, -231.0, 0.0, -431.0, -231.0, 0.0, 0, 0, 0
L 199.0, -410.0, 0.0, 185.0, -406.0, 0.0, 0, 0, 0
L 239.0, -410.0, 0.0, 199.0, -410.0, 0.0, 0, 0, 0
L 437.0, -626.0, 0.0, 420.0, -626.0, 0.0, 0, 0, 0
L 456.0, -498.0, 0.0, 484.0, -498.0, 0.0, 0, 0, 0
L 172.0, -185.0, 0.0, 172.0, -191.0, 0.0, 0, 0, 0
L 172.0, -208.0, 0.0, 177.0, -216.0, 0.0, 0, 0, 0
L -191.0, -215.0, 4.0, -146.0, -215.0, 2.0, 0, 0, 0
L -106.0, -215.0, 2.0, -106.0, -179.0, 2.0, 0, 0, 0
L -106.0, -179.0, 2.0, -121.0, -179.0, 2.0, 0, 0, 0
L -146.0, -215.0, 2.0, -141.0, -215.0, 2.0, 0, 0, 0
L -141.0, -215.0, 2.0, -122.0, -216.0, 4.0, 0, 0, 0
L -106.0, -215.0, 2.0, -109.0, -216.0, 4.0, 0, 0, 0
L -16.0, 447.0, -1.0, -12.0, 447.0, -1.0, 255, 250, 250
L -12.0, 453.0, -1.0, -8.0, 447.0, -1.0, 255, 250, 250
L -12.0, 447.0, -1.0, -8.0, 447.0, -1.0, 255, 250, 250
L -12.0, 447.0, -1.0, -12.0, 98.0, -1.0, 255, 250, 250
L -8.0, 98.0, -1.0, -12.0, 98.0, -1.0, 255, 250, 250
L -12.0, 98.0, -1.0, -16.0, 98.0, -1.0, 255, 250, 250
L -8.0, 98.0, -1.0, -12.0, 91.0, -1.0, 255, 250, 250
L -16.0, 98.0, -1.0, -12.0, 91.0, -1.0, 255, 250, 250
L 181.0, -222.0, 0.0, 179.0, -222.0, 0.0, 0, 0, 0
L 177.0, -216.0, 0.0, 177.0, -222.0, 0.0, 0, 0, 0
L 182.0, -233.0, 0.0, 182.0, -242.0, 0.0, 0, 0, 0
L 172.0, -250.0, 0.0, 182.0, -242.0, 0.0, 0, 0, 0
L 177.0, -224.0, 0.0, 177.0, -230.0, 0.0, 205, 133, 63
L 182.0, -224.0, 0.0, 182.0, -230.0, 0.0, 205, 133, 63
L 178.0, -233.0, 0.0, 179.0, -233.0, 0.0, 0, 0, 0
L 179.0, -222.0, 0.0, 177.0, -222.0, 0.0, 0, 0, 0
L 179.0, -222.0, 0.0, 179.0, -224.0, 0.0, 205, 133, 63
L 177.0, -230.0, 0.0, 179.0, -230.0, 0.0, 205, 133, 63
L 177.0, -224.0, 0.0, 182.0, -224.0, 0.0, 205, 133, 63
L 179.0, -230.0, 0.0, 182.0, -230.0, 0.0, 205, 133, 63
L 179.0, -233.0, 0.0, 182.0, -233.0, 0.0, 0, 0, 0
L 179.0, -230.0, 0.0, 179.0, -233.0, 0.0, 205, 133, 63
L 150.0, -206.0, 0.0, 145.0, -206.0, 0.0, 205, 133, 63
L 172.0, -185.0, 0.0, 145.0, -185.0, 0.0, 205, 133, 63
L 145.0, -185.0, 0.0, 145.0, -206.0, 0.0, 205, 133, 63
L 150.0, -206.0, 0.0, 151.0, -191.0, 0.0, 205, 133, 63
L 172.0, -191.0, 0.0, 172.0, -208.0, 0.0, 0, 0, 0
L 172.0, -191.0, 0.0, 151.0, -191.0, 0.0, 205, 133, 63
L 267.0, -291.0, 0.0, 271.0, -291.0, 0.0, 0, 0, 0
L 267.0, -291.0, 0.0, 267.0, -294.0, 0.0, 0, 0, 0
L 343.0, -309.0, 0.0, 271.0, -309.0, 0.0, 0, 0, 0
L 271.0, -309.0, 0.0, 268.0, -309.0, 0.0, 0, 0, 0
L 273.0, -306.0, 0.0, 271.0, -291.0, 0.0, 0, 0, 0
L 249.0, -291.0, 0.0, 249.0, -294.0, 0.0, 0, 0, 0
L 249.0, -306.0, 0.0, 242.0, -309.0, 0.0, 0, 0, 0
L 246.0, -291.0, 0.0, 249.0, -291.0, 0.0, 0, 0, 0
L 267.0, -294.0, 0.0, 267.0, -308.0, 0.0, 0, 0, 0
L 249.0, -294.0, 0.0, 249.0, -306.0, 0.0, 0, 0, 0
L 262.0, -297.0, 0.0, 253.0, -297.0, 0.0, 205, 133, 63
L 262.0, -291.0, 0.0, 253.0, -291.0, 0.0, 205, 133, 63
L 267.0, -294.0, 0.0, 262.0, -294.0, 0.0, 205, 133, 63
L 253.0, -297.0, 0.0, 253.0, -294.0, 0.0, 205, 133, 63
L 253.0, -294.0, 0.0, 249.0, -294.0, 0.0, 205, 133, 63
L 253.0, -294.0, 0.0, 253.0, -291.0, 0.0, 205, 133, 63
L 262.0, -297.0, 0.0, 262.0, -294.0, 0.0, 205, 133, 63
L 262.0, -294.0, 0.0, 262.0, -291.0, 0.0, 205, 133, 63
L 336.0, -351.0, 21.0, 336.0, -373.0, 21.0, 0, 204, 0
L 277.0, -323.0, 21.0, 277.0, -312.0, 21.0, 0, 204, 0
L 337.0, -330.0, 21.0, 336.0, -351.0, 21.0, 0, 204, 0
L 276.0, -355.0, 21.0, 277.0, -323.0, 21.0, 0, 204, 0
L 318.0, -329.0, 21.0, 318.0, -312.0, 21.0, 0, 204, 0
L 276.0, -355.0, 21.0, 269.0, -355.0, 21.0, 0, 204, 0
L 296.0, -353.0, 21.0, 296.0, -373.0, 21.0, 0, 204, 0
L 268.0, -373.0, 21.0, 296.0, -373.0, 21.0, 0, 204, 0
L 269.0, -330.0, 0.0, 269.0, -373.0, 0.0, 0, 0, 0
L 268.0, -373.0, 21.0, 242.0, -364.0, 21.0, 0, 204, 0
L 242.0, -364.0, 21.0, 242.0, -355.0, 21.0, 0, 204, 0
L 269.0, -330.0, 0.0, 242.0, -330.0, 0.0, 150, 150, 150
L 269.0, -355.0, 21.0, 242.0, -355.0, 21.0, 0, 204, 0
L 242.0, -330.0, 0.0, 242.0, -333.0, 2.0, 0, 204, 0
L 269.0, -355.0, 21.0, 269.0, -351.0, 18.0, 0, 204, 0
L 269.0, -342.0, 10.0, 269.0, -339.0, 7.0, 0, 204, 0
L 242.0, -342.0, 10.0, 242.0, -345.0, 13.0, 0, 204, 0
L 269.0, -342.0, 10.0, 242.0, -342.0, 10.0, 150, 150, 150
L 269.0, -336.0, 5.0, 269.0, -333.0, 2.0, 0, 204, 0
L 242.0, -336.0, 5.0, 242.0, -339.0, 7.0, 0, 204, 0
L 269.0, -336.0, 5.0, 242.0, -336.0, 5.0, 150, 150, 150
L 269.0, -333.0, 2.0, 269.0, -330.0, 0.0, 0, 204, 0
L 242.0, -333.0, 2.0, 242.0, -336.0, 5.0, 0, 204, 0
L 269.0, -333.0, 2.0, 242.0, -333.0, 2.0, 150, 150, 150
L 269.0, -339.0, 7.0, 269.0, -336.0, 5.0, 0, 204, 0
L 242.0, -339.0, 7.0, 242.0, -342.0, 10.0, 0, 204, 0
L 269.0, -339.0, 7.0, 242.0, -339.0, 7.0, 150, 150, 150
L 269.0, -348.0, 15.0, 269.0, -345.0, 13.0, 0, 204, 0
L 242.0, -348.0, 15.0, 242.0, -351.0, 18.0, 0, 204, 0
L 269.0, -348.0, 15.0, 242.0, -348.0, 15.0, 150, 150, 150
L 269.0, -345.0, 13.0, 269.0, -342.0, 10.0, 0, 204, 0
L 242.0, -345.0, 13.0, 242.0, -348.0, 15.0, 0, 204, 0
L 269.0, -345.0, 13.0, 242.0, -345.0, 13.0, 150, 150, 150
L 269.0, -351.0, 18.0, 269.0, -348.0, 15.0, 0, 204, 0
L 242.0, -351.0, 18.0, 242.0, -355.0, 21.0, 0, 204, 0
L 269.0, -351.0, 18.0, 242.0, -351.0, 18.0, 150, 150, 150
L 336.0, -312.0, 21.0, 337.0, -330.0, 21.0, 0, 204, 0
L 336.0, -312.0, 21.0, 318.0, -312.0, 21.0, 0, 204, 0
L 316.0, -312.0, 21.0, 316.0, -329.0, 21.0, 0, 204, 0
L 296.0, -312.0, 21.0, 296.0, -329.0, 21.0, 0, 204, 0
L 316.0, -312.0, 21.0, 298.0, -312.0, 21.0, 0, 204, 0
L 296.0, -312.0, 21.0, 277.0, -312.0, 21.0, 0, 204, 0
L 298.0, -373.0, 21.0, 316.0, -373.0, 21.0, 0, 204, 0
L 318.0, -373.0, 21.0, 336.0, -373.0, 21.0, 0, 204, 0
L -422.0, -125.0, 0.0, -412.0, -118.0, 0.0, 0, 0, 0
L -360.0, -150.0, 0.0, -373.0, -144.0, 0.0, 0, 0, 0
L -442.0, -139.0, 0.0, -422.0, -125.0, 0.0, 0, 0, 0
L -454.0, -161.0, 0.0, -442.0, -139.0, 0.0, 0, 0, 0
L -412.0, -118.0, 0.0, -389.0, -103.0, 0.0, 0, 0, 0
L -369.0, -168.0, 0.0, -363.0, -168.0, 0.0, 0, 0, 0
L -381.0, -147.0, 0.0, -402.0, -147.0, 0.0, 0, 0, 0
L -402.0, -133.0, 0.0, -402.0, -147.0, 0.0, 0, 0, 0
L -412.0, -118.0, 0.0, -373.0, -118.0, 0.0, 0, 0, 0
L -373.0, -144.0, 0.0, -373.0, -118.0, 0.0, 0, 0, 0
L -417.0, -204.0, 0.0, -380.0, -204.0, 0.0, 0, 0, 0
L -422.0, -125.0, 0.0, -422.0, -161.0, 0.0, 0, 0, 0
L -373.0, -212.0, 0.0, -422.0, -212.0, 0.0, 0, 0, 0
L -380.0, -204.0, 0.0, -380.0, -178.0, 0.0, 0, 0, 0
L -360.0, -184.0, 0.0, -373.0, -184.0, 0.0, 0, 0, 0
L -373.0, -212.0, 0.0, -373.0, -184.0, 0.0, 0, 0, 0
L -360.0, -184.0, 0.0, -360.0, -168.0, 0.0, 0, 0, 0
L -367.0, -152.0, 0.0, -381.0, -152.0, 0.0, 0, 0, 0
L -381.0, -147.0, 0.0, -381.0, -152.0, 0.0, 0, 0, 0
L -367.0, -157.0, 0.0, -363.0, -157.0, 0.0, 0, 0, 0
L -360.0, -157.0, 0.0, -360.0, -150.0, 0.0, 0, 0, 0
L -160.0, -195.0, 2.0, -160.0, -190.0, 2.0, 205, 133, 63
L -141.0, -215.0, 2.0, -141.0, -190.0, 2.0, 205, 133, 63
L -160.0, -190.0, 2.0, -141.0, -190.0, 2.0, 205, 133, 63
L -143.0, -215.0, 25.0, -143.0, -179.0, 25.0, 0, 204, 0
L -182.0, -215.0, 25.0, -143.0, -215.0, 25.0, 0, 204, 0
L -191.0, -215.0, 4.0, -191.0, -203.0, 4.0, 0, 0, 0
L -182.0, -187.0, 25.0, -182.0, -215.0, 25.0, 0, 204, 0
L -191.0, -179.0, 25.0, -191.0, -187.0, 25.0, 0, 204, 0
L -191.0, -203.0, 4.0, -182.0, -203.0, 4.0, 150, 150, 150
L -191.0, -187.0, 25.0, -182.0, -187.0, 25.0, 150, 150, 150
L -182.0, -187.0, 25.0, -182.0, -189.0, 22.0, 0, 204, 0
L -191.0, -187.0, 25.0, -191.0, -189.0, 22.0, 0, 204, 0
L -182.0, -195.0, 14.0, -182.0, -199.0, 9.0, 0, 204, 0
L -191.0, -195.0, 14.0, -191.0, -199.0, 9.0, 0, 204, 0
L -182.0, -195.0, 14.0, -191.0, -195.0, 14.0, 150, 150, 150
L -182.0, -191.0, 19.0, -191.0, -191.0, 19.0, 150, 150, 150
L -182.0, -189.0, 22.0, -182.0, -193.0, 17.0, 0, 204, 0
L -191.0, -189.0, 22.0, -191.0, -193.0, 17.0, 0, 204, 0
L -182.0, -189.0, 22.0, -191.0, -189.0, 22.0, 150, 150, 150
L -182.0, -193.0, 17.0, -182.0, -195.0, 14.0, 0, 204, 0
L -191.0, -193.0, 17.0, -191.0, -195.0, 14.0, 0, 204, 0
L -182.0, -193.0, 17.0, -191.0, -193.0, 17.0, 150, 150, 150
L -182.0, -199.0, 9.0, -182.0, -203.0, 4.0, 0, 204, 0
L -191.0, -199.0, 9.0, -191.0, -203.0, 4.0, 0, 204, 0
L -182.0, -199.0, 9.0, -191.0, -199.0, 9.0, 150, 150, 150
L -182.0, -197.0, 11.0, -191.0, -197.0, 11.0, 150, 150, 150
L -182.0, -201.0, 6.0, -191.0, -201.0, 6.0, 150, 150, 150
L -182.0, -203.0, 4.0, -182.0, -176.0, 4.0, 0, 0, 0
L -122.0, -219.0, 4.0, -122.0, -218.0, 4.0, 0, 0, 0
L -147.0, -218.0, 0.0, -124.0, -218.0, 3.0, 0, 0, 0
L -127.0, -226.0, 0.0, -124.0, -218.0, 3.0, 150, 150, 150
L -109.0, -216.0, 4.0, -109.0, -218.0, 4.0, 0, 0, 0
L -109.0, -218.0, 4.0, -109.0, -223.0, 4.0, 139, 69, 19
L -102.0, -216.0, 0.0, -109.0, -218.0, 4.0, 0, 0, 0
L -105.0, -222.0, 0.0, -102.0, -216.0, 0.0, 150, 150, 150
L -283.0, -264.0, 0.0, -283.0, -256.0, 0.0, 0, 0, 0
L -274.0, -299.0, 0.0, -288.0, -289.0, 0.0, 0, 0, 0
L -288.0, -289.0, 0.0, -295.0, -284.0, 0.0, 0, 0, 0
L -291.0, -219.0, 0.0, -291.0, -229.0, 0.0, 0, 0, 0
L -291.0, -229.0, 0.0, -286.0, -229.0, 0.0, 0, 0, 0
L -302.0, -275.0, 0.0, -297.0, -263.0, 0.0, 0, 0, 0
L -292.0, -253.0, 0.0, -291.0, -241.0, 0.0, 0, 0, 0
L -295.0, -284.0, 0.0, -302.0, -275.0, 0.0, 0, 0, 0
L -297.0, -262.0, 0.0, -292.0, -253.0, 0.0, 0, 0, 0
L -297.0, -263.0, 0.0, -297.0, -262.0, 0.0, 0, 0, 0
L -260.0, -274.0, 0.0, -278.0, -274.0, 0.0, 0, 0, 0
L -283.0, -237.0, 0.0, -286.0, -237.0, 0.0, 0, 0, 0
L -291.0, -241.0, 0.0, -290.0, -237.0, 0.0, 0, 0, 0
L -257.0, -207.0, 1.0, -280.0, -206.0, 1.0, 0, 0, 0
L -273.0, -500.0, 0.0, -277.0, -500.0, 0.0, 0, 0, 0
L -276.0, -490.0, 0.0, -276.0, -496.0, 0.0, 205, 133, 63
L -271.0, -490.0, 0.0, -271.0, -496.0, 0.0, 205, 133, 63
L -276.0, -496.0, 0.0, -273.0, -496.0, 0.0, 205, 133, 63
L -276.0, -490.0, 0.0, -273.0, -490.0, 0.0, 205, 133, 63
L -273.0, -487.0, 0.0, -271.0, -487.0, 0.0, 0, 0, 0
L -273.0, -490.0, 0.0, -271.0, -490.0, 0.0, 205, 133, 63
L -273.0, -487.0, 0.0, -273.0, -490.0, 0.0, 205, 133, 63
L -273.0, -496.0, 0.0, -271.0, -496.0, 0.0, 205, 133, 63
L -273.0, -496.0, 0.0, -273.0, -500.0, 0.0, 205, 133, 63
L -295.0, -561.0, 0.0, -291.0, -563.0, 0.0, 0, 0, 0
L -295.0, -561.0, 0.0, -298.0, -562.0, 0.0, 0, 0, 0
L -293.0, -548.0, 0.0, -299.0, -547.0, 0.0, 0, 0, 0
L -232.0, -545.0, 1.0, -216.0, -555.0, 1.0, 0, 0, 0
L -194.0, -513.0, 1.0, -195.0, -512.0, 1.0, 0, 0, 0
L -205.0, -553.0, 1.0, -195.0, -547.0, 1.0, 0, 0, 0
L -216.0, -555.0, 1.0, -205.0, -553.0, 1.0, 0, 0, 0
L -163.0, -555.0, 1.0, -152.0, -552.0, 1.0, 0, 0, 0
L -218.0, -507.0, 1.0, -225.0, -513.0, 1.0, 0, 0, 0
L -211.0, -506.0, 1.0, -218.0, -507.0, 1.0, 0, 0, 0
L -176.0, -547.0, 1.0, -163.0, -555.0, 1.0, 0, 0, 0
L -195.0, -547.0, 1.0, -176.0, -547.0, 1.0, 0, 0, 0
L -203.0, -509.0, 1.0, -211.0, -506.0, 1.0, 0, 0, 0
L -235.0, -522.0, 1.0, -232.0, -545.0, 1.0, 0, 0, 0
L -225.0, -513.0, 1.0, -235.0, -522.0, 1.0, 0, 0, 0
L -201.0, -516.0, 1.0, -194.0, -518.0, 1.0, 0, 0, 0
L -232.0, -534.0, 1.0, -231.0, -527.0, 1.0, 0, 0, 0
L -231.0, -543.0, 1.0, -218.0, -552.0, 1.0, 0, 0, 0
L -209.0, -553.0, 1.0, -218.0, -552.0, 1.0, 0, 0, 0
L -216.0, -509.0, 1.0, -208.0, -509.0, 1.0, 0, 0, 0
L -230.0, -521.0, 1.0, -216.0, -509.0, 1.0, 0, 0, 0
L -200.0, -545.0, 1.0, -209.0, -553.0, 1.0, 0, 0, 0
L -231.0, -527.0, 1.0, -230.0, -521.0, 1.0, 0, 0, 0
L -208.0, -509.0, 1.0, -201.0, -516.0, 1.0, 0, 0, 0
L -232.0, -534.0, 1.0, -231.0, -543.0, 1.0, 0, 0, 0
L -195.0, -512.0, 1.0, -203.0, -509.0, 1.0, 0, 0, 0
L -175.0, -517.0, 1.0, -162.0, -509.0, 1.0, 0, 0, 0
L -163.0, -506.0, 1.0, -165.0, -507.0, 1.0, 0, 0, 0
L -139.0, -521.0, 1.0, -146.0, -515.0, 1.0, 0, 0, 0
L -175.0, -545.0, 1.0, -186.0, -545.0, 1.0, 0, 0, 0
L -141.0, -541.0, 1.0, -156.0, -553.0, 1.0, 0, 0, 0
L -236.0, -674.0, 1.0, -235.0, -672.0, 1.0, 0, 0, 0
L -210.0, -611.0, 1.0, -196.0, -616.0, 1.0, 0, 0, 0
L -163.0, -552.0, 1.0, -175.0, -545.0, 1.0, 0, 0, 0
L -162.0, -506.0, 1.0, -163.0, -506.0, 1.0, 0, 0, 0
L -146.0, -515.0, 1.0, -155.0, -506.0, 1.0, 0, 0, 0
L -139.0, -543.0, 1.0, -139.0, -521.0, 1.0, 0, 0, 0
L -152.0, -552.0, 1.0, -139.0, -543.0, 1.0, 0, 0, 0
L -141.0, -522.0, 1.0, -141.0, -541.0, 1.0, 0, 0, 0
L -162.0, -509.0, 1.0, -154.0, -510.0, 1.0, 0, 0, 0
L -155.0, -506.0, 1.0, -162.0, -506.0, 1.0, 0, 0, 0
L -253.0, -674.0, 1.0, -236.0, -674.0, 1.0, 0, 0, 0
L -178.0, -513.0, 1.0, -182.0, -515.0, 1.0, 0, 0, 0
L -263.0, -652.0, 1.0, -253.0, -674.0, 1.0, 0, 0, 0
L -186.0, -545.0, 1.0, -200.0, -545.0, 1.0, 0, 0, 0
L -156.0, -553.0, 1.0, -163.0, -552.0, 1.0, 0, 0, 0
L -165.0, -507.0, 1.0, -178.0, -513.0, 1.0, 0, 0, 0
L -264.0, -645.0, 1.0, -263.0, -652.0, 1.0, 0, 0, 0
L -154.0, -510.0, 1.0, -141.0, -522.0, 1.0, 0, 0, 0
L -206.0, -611.0, 1.0, -211.0, -608.0, 1.0, 0, 0, 0
L -183.0, -609.0, 1.0, -197.0, -615.0, 1.0, 0, 0, 0
L -164.0, -595.0, 1.0, -183.0, -609.0, 1.0, 0, 0, 0
L -252.0, -672.0, 1.0, -262.0, -649.0, 1.0, 0, 0, 0
L -253.0, -623.0, 1.0, -254.0, -625.0, 1.0, 0, 0, 0
L -222.0, -603.0, 1.0, -210.0, -611.0, 1.0, 0, 0, 0
L -228.0, -593.0, 1.0, -231.0, -593.0, 1.0, 0, 0, 0
L -254.0, -625.0, 1.0, -264.0, -645.0, 1.0, 0, 0, 0
L -210.0, -562.0, 1.0, -181.0, -563.0, 1.0, 0, 0, 0
L -211.0, -608.0, 1.0, -228.0, -593.0, 1.0, 0, 0, 0
L -232.0, -597.0, 1.0, -222.0, -603.0, 1.0, 0, 0, 0
L -181.0, -563.0, 1.0, -164.0, -576.0, 1.0, 0, 0, 0
L -227.0, -578.0, 1.0, -210.0, -562.0, 1.0, 0, 0, 0
L -261.0, -644.0, 1.0, -252.0, -628.0, 1.0, 0, 0, 0
L -197.0, -615.0, 1.0, -206.0, -611.0, 1.0, 0, 0, 0
L -262.0, -649.0, 1.0, -261.0, -644.0, 1.0, 0, 0, 0
L -235.0, -595.0, 1.0, -232.0, -597.0, 1.0, 0, 0, 0
L -218.0, -645.0, 1.0, -219.0, -650.0, 1.0, 0, 0, 0
L -219.0, -650.0, 1.0, -237.0, -673.0, 1.0, 0, 0, 0
L -157.0, -595.0, 1.0, -158.0, -576.0, 1.0, 0, 0, 0
L -196.0, -616.0, 1.0, -180.0, -609.0, 1.0, 0, 0, 0
L -180.0, -609.0, 1.0, -157.0, -595.0, 1.0, 0, 0, 0
L -183.0, -560.0, 1.0, -213.0, -561.0, 1.0, 0, 0, 0
L -158.0, -576.0, 1.0, -182.0, -560.0, 1.0, 0, 0, 0
L -213.0, -561.0, 1.0, -230.0, -575.0, 1.0, 0, 0, 0
L -236.0, -629.0, 1.0, -218.0, -645.0, 1.0, 0, 0, 0
L -237.0, -673.0, 1.0, -252.0, -672.0, 1.0, 0, 0, 0
L -182.0, -560.0, 1.0, -183.0, -560.0, 1.0, 0, 0, 0
L -217.0, -644.0, 1.0, -224.0, -637.0, 1.0, 0, 0, 0
L -234.0, -671.0, 1.0, -216.0, -649.0, 1.0, 0, 0, 0
L -224.0, -637.0, 1.0, -235.0, -622.0, 1.0, 0, 0, 0
L -216.0, -649.0, 1.0, -217.0, -644.0, 1.0, 0, 0, 0
L -164.0, -576.0, 1.0, -164.0, -595.0, 1.0, 0, 0, 0
L -230.0, -575.0, 1.0, -231.0, -580.0, 1.0, 0, 0, 0
L -231.0, -593.0, 1.0, -235.0, -595.0, 1.0, 0, 0, 0
L -231.0, -580.0, 1.0, -227.0, -578.0, 1.0, 0, 0, 0
L -252.0, -623.0, 1.0, -253.0, -623.0, 1.0, 0, 0, 0
L -252.0, -628.0, 1.0, -252.0, -623.0, 1.0, 0, 0, 0
L -236.0, -629.0, 1.0, -235.0, -622.0, 1.0, 0, 0, 0
L -194.0, -518.0, 1.0, -194.0, -513.0, 1.0, 0, 0, 0
L -175.0, -517.0, 1.0, -182.0, -518.0, 1.0, 0, 0, 0
L -182.0, -515.0, 1.0, -182.0, -518.0, 1.0, 0, 0, 0
L -191.0, -179.0, 25.0, -143.0, -179.0, 25.0, 0, 204, 0
L -51.0, 21.0, 0.0, -49.0, 21.0, 0.0, 0, 0, 0
L -47.0, 21.0, 0.0, -47.0, 36.0, 3.0, 0, 0, 0
L -47.0, 9.0, 0.0, -49.0, 9.0, 0.0, 0, 0, 0
L -348.0, -563.0, 0.0, -348.0, -546.0, 0.0, 0, 0, 0
L -313.0, -592.0, 0.0, -309.0, -589.0, 0.0, 0, 0, 0
L -314.0, -519.0, 0.0, -331.0, -520.0, 0.0, 0, 0, 0
L -331.0, -591.0, 0.0, -313.0, -592.0, 0.0, 0, 0, 0
L -329.0, -588.0, 0.0, -348.0, -563.0, 0.0, 0, 0, 0
L -311.0, -586.0, 0.0, -329.0, -588.0, 0.0, 0, 0, 0
L -331.0, -520.0, 0.0, -348.0, -546.0, 0.0, 0, 0, 0
L -298.0, -562.0, 0.0, -311.0, -586.0, 0.0, 0, 0, 0
L -309.0, -588.0, 0.0, -296.0, -564.0, 0.0, 0, 0, 0
L -349.0, -564.0, 0.0, -331.0, -591.0, 0.0, 0, 0, 0
L -351.0, -547.0, 0.0, -349.0, -564.0, 0.0, 0, 0, 0
L -332.0, -518.0, 0.0, -351.0, -547.0, 0.0, 0, 0, 0
L -299.0, -547.0, 0.0, -314.0, -519.0, 0.0, 0, 0, 0
L -309.0, -589.0, 0.0, -309.0, -588.0, 0.0, 0, 0, 0
L -312.0, -516.0, 0.0, -323.0, -516.0, 0.0, 0, 0, 0
L -323.0, -516.0, 0.0, -332.0, -518.0, 0.0, 0, 0, 0
L -296.0, -544.0, 0.0, -312.0, -516.0, 0.0, 0, 0, 0
L 211.0, -291.0, 0.0, 214.0, -285.0, 0.0, 0, 0, 0
L 211.0, -316.0, 0.0, 211.0, -291.0, 0.0, 0, 0, 0
L 173.0, -281.0, 0.0, 177.0, -286.0, 0.0, 0, 0, 0
L 188.0, -290.0, 0.0, 196.0, -290.0, 0.0, 0, 0, 0
L 177.0, -286.0, 0.0, 176.0, -293.0, 0.0, 0, 0, 0
L 207.0, -314.0, 0.0, 206.0, -301.0, 0.0, 0, 0, 0
L 192.0, -295.0, 0.0, 192.0, -307.0, 0.0, 0, 0, 0
L 177.0, -262.0, 0.0, 170.0, -267.0, 0.0, 0, 0, 0
L 167.0, -272.0, 0.0, 169.0, -279.0, 0.0, 0, 0, 0
L 205.0, -264.0, 0.0, 199.0, -264.0, 0.0, 0, 0, 0
L 188.0, -313.0, 0.0, 188.0, -290.0, 0.0, 0, 0, 0
L 176.0, -293.0, 0.0, 175.0, -308.0, 0.0, 0, 0, 0
L 201.0, -295.0, 0.0, 192.0, -295.0, 0.0, 0, 0, 0
L 176.0, -314.0, 0.0, 184.0, -321.0, 0.0, 0, 0, 0
L 192.0, -307.0, 0.0, 189.0, -313.0, 0.0, 0, 0, 0
L 189.0, -313.0, 0.0, 188.0, -313.0, 0.0, 0, 0, 0
L 199.0, -264.0, 0.0, 190.0, -263.0, 0.0, 0, 0, 0
L 196.0, -290.0, 0.0, 210.0, -287.0, 0.0, 0, 0, 0
L 170.0, -267.0, 0.0, 167.0, -272.0, 0.0, 0, 0, 0
L 169.0, -279.0, 0.0, 173.0, -281.0, 0.0, 0, 0, 0
L 175.0, -308.0, 0.0, 176.0, -314.0, 0.0, 0, 0, 0
L 206.0, -301.0, 0.0, 201.0, -295.0, 0.0, 0, 0, 0
L 190.0, -263.0, 0.0, 177.0, -262.0, 0.0, 0, 0, 0
L 184.0, -321.0, 0.0, 185.0, -321.0, 0.0, 0, 0, 0
L 185.0, -321.0, 0.0, 191.0, -322.0, 0.0, 0, 0, 0
L 191.0, -322.0, 0.0, 199.0, -320.0, 0.0, 0, 0, 0
L 199.0, -320.0, 0.0, 207.0, -314.0, 0.0, 0, 0, 0
L 201.0, -251.0, 0.0, 214.0, -265.0, 0.0, 0, 0, 0
L 214.0, -272.0, 0.0, 214.0, -265.0, 0.0, 0, 0, 0
L 380.0, -519.0, -3.0, 401.0, -519.0, -19.0, 0, 0, 0
L -491.0, -337.0, -23.0, -491.0, -327.0, -23.0, 0, 0, 0
L -491.0, -327.0, -23.0, -485.0, -322.0, -23.0, 0, 0, 0
L -485.0, -322.0, -23.0, -476.0, -322.0, -23.0, 0, 0, 0
L -476.0, -322.0, -23.0, -467.0, -327.0, -23.0, 0, 0, 0
L -455.0, -315.0, -23.0, -455.0, -311.0, -23.0, 0, 0, 0
L -455.0, -311.0, -23.0, -449.0, -299.0, -23.0, 0, 0, 0
L -446.0, -299.0, -23.0, -439.0, -311.0, -23.0, 0, 0, 0
L -439.0, -311.0, -23.0, -439.0, -315.0, -23.0, 0, 0, 0
L -439.0, -315.0, -23.0, -442.0, -319.0, -23.0, 0, 0, 0
L -442.0, -319.0, -23.0, -442.0, -327.0, -23.0, 0, 0, 0
L -414.0, -315.0, -23.0, -418.0, -319.0, -23.0, 0, 0, 0
L -418.0, -319.0, -23.0, -418.0, -327.0, -23.0, 0, 0, 0
L -418.0, -327.0, -23.0, -403.0, -327.0, -23.0, 0, 0, 0
L -403.0, -327.0, -23.0, -392.0, -321.0, -12.0, 0, 0, 0
L -392.0, -321.0, -12.0, -381.0, -326.0, 0.0, 0, 0, 0
L -381.0, -326.0, 0.0, -376.0, -326.0, 0.0, 0, 0, 0
L -377.0, -340.0, 0.0, -380.0, -340.0, 0.0, 0, 0, 0
L -380.0, -340.0, 0.0, -392.0, -346.0, -12.0, 0, 0, 0
L -392.0, -346.0, -12.0, -402.0, -336.0, -23.0, 0, 0, 0
L -418.0, -346.0, -23.0, -414.0, -350.0, -23.0, 0, 0, 0
L -414.0, -350.0, -23.0, -414.0, -353.0, -23.0, 0, 0, 0
L -414.0, -353.0, -23.0, -422.0, -365.0, -23.0, 0, 0, 0
L -422.0, -365.0, -23.0, -425.0, -365.0, -23.0, 0, 0, 0
L -425.0, -365.0, -23.0, -433.0, -353.0, -23.0, 0, 0, 0
L -428.0, -336.0, -23.0, -442.0, -336.0, -23.0, 0, 0, 0
L -442.0, -336.0, -23.0, -442.0, -346.0, -23.0, 0, 0, 0
L -442.0, -346.0, -23.0, -439.0, -350.0, -23.0, 0, 0, 0
L -439.0, -350.0, -23.0, -439.0, -353.0, -23.0, 0, 0, 0
L -439.0, -353.0, -23.0, -446.0, -365.0, -23.0, 0, 0, 0
L -446.0, -365.0, -23.0, -449.0, -365.0, -23.0, 0, 0, 0
L -449.0, -365.0, -23.0, -455.0, -353.0, -23.0, 0, 0, 0
L -455.0, -353.0, -23.0, -455.0, -350.0, -23.0, 0, 0, 0
L -455.0, -350.0, -23.0, -452.0, -346.0, -23.0, 0, 0, 0
L -452.0, -346.0, -23.0, -452.0, -336.0, -23.0, 0, 0, 0
L -467.0, -336.0, -23.0, -476.0, -341.0, -23.0, 0, 0, 0
L -476.0, -341.0, -23.0, -485.0, -341.0, -23.0, 0, 0, 0
L -485.0, -341.0, -23.0, -491.0, -337.0, -23.0, 0, 0, 0
L -51.0, 18.0, 0.0, -51.0, 12.0, 0.0, 205, 133, 63
L -47.0, 12.0, 0.0, -47.0, 18.0, 0.0, 205, 133, 63
L -47.0, 12.0, 0.0, -49.0, 12.0, 0.0, 205, 133, 63
L -51.0, 18.0, 0.0, -49.0, 18.0, 0.0, 205, 133, 63
L -49.0, 21.0, 0.0, -47.0, 21.0, 0.0, 0, 0, 0
L -49.0, 9.0, 0.0, -51.0, 9.0, 0.0, 0, 0, 0
L -49.0, 21.0, 0.0, -49.0, 18.0, 0.0, 205, 133, 63
L -49.0, 12.0, 0.0, -51.0, 12.0, 0.0, 205, 133, 63
L -49.0, 18.0, 0.0, -47.0, 18.0, 0.0, 205, 133, 63
L -49.0, 12.0, 0.0, -49.0, 9.0, 0.0, 205, 133, 63
L -400.0, -145.0, 0.0, -400.0, -133.0, 0.0, 0, 0, 0
L -402.0, -133.0, 0.0, -400.0, -133.0, 0.0, 0, 0, 0
L -367.0, -159.0, 0.0, -367.0, -165.0, 0.0, 205, 133, 63
L -360.0, -165.0, 0.0, -360.0, -159.0, 0.0, 205, 133, 63
L -363.0, -168.0, 0.0, -360.0, -168.0, 0.0, 0, 0, 0
L -363.0, -157.0, 0.0, -360.0, -157.0, 0.0, 0, 0, 0
L -363.0, -168.0, 0.0, -363.0, -165.0, 0.0, 205, 133, 63
L -360.0, -159.0, 0.0, -363.0, -159.0, 0.0, 205, 133, 63
L -363.0, -159.0, 0.0, -363.0, -157.0, 0.0, 205, 133, 63
L -363.0, -159.0, 0.0, -367.0, -159.0, 0.0, 205, 133, 63
L -360.0, -165.0, 0.0, -363.0, -165.0, 0.0, 205, 133, 63
L -363.0, -165.0, 0.0, -367.0, -165.0, 0.0, 205, 133, 63
L -369.0, -168.0, 0.0, -369.0, -178.0, 0.0, 0, 0, 0
L -380.0, -178.0, 0.0, -369.0, -178.0, 0.0, 0, 0, 0
L -286.0, -229.0, 0.0, -281.0, -229.0, 0.0, 0, 0, 0
L -290.0, -235.0, 0.0, -290.0, -231.0, 0.0, 205, 133, 63
L -283.0, -235.0, 0.0, -283.0, -231.0, 0.0, 205, 133, 63
L -286.0, -237.0, 0.0, -290.0, -237.0, 0.0, 0, 0, 0
L -286.0, -237.0, 0.0, -286.0, -235.0, 0.0, 205, 133, 63
L -290.0, -231.0, 0.0, -286.0, -231.0, 0.0, 205, 133, 63
L -286.0, -231.0, 0.0, -286.0, -229.0, 0.0, 205, 133, 63
L -286.0, -231.0, 0.0, -283.0, -231.0, 0.0, 205, 133, 63
L -290.0, -235.0, 0.0, -286.0, -235.0, 0.0, 205, 133, 63
L -286.0, -235.0, 0.0, -283.0, -235.0, 0.0, 205, 133, 63
L -241.0, -249.0, 0.0, -241.0, -231.0, 0.0, 0, 0, 0
L -241.0, -231.0, 0.0, -243.0, -231.0, 0.0, 0, 0, 0
L -243.0, -231.0, 0.0, -243.0, -251.0, 0.0, 0, 0, 0
L -241.0, -249.0, 0.0, -226.0, -249.0, 0.0, 0, 0, 0
L -243.0, -251.0, 0.0, -226.0, -251.0, 0.0, 0, 0, 0
L -226.0, -260.0, 0.0, -226.0, -251.0, 0.0, 0, 0, 0
L -242.0, -260.0, 0.0, -242.0, -262.0, 0.0, 0, 0, 0
L -242.0, -262.0, 0.0, -242.0, -266.0, 0.0, 0, 0, 0
L -232.0, -264.0, 0.0, -238.0, -264.0, 0.0, 205, 133, 63
L -232.0, -260.0, 0.0, -238.0, -260.0, 0.0, 205, 133, 63
L -229.0, -262.0, 0.0, -229.0, -260.0, 0.0, 0, 0, 0
L -229.0, -262.0, 0.0, -232.0, -262.0, 0.0, 205, 133, 63
L -238.0, -264.0, 0.0, -238.0, -262.0, 0.0, 205, 133, 63
L -238.0, -262.0, 0.0, -242.0, -262.0, 0.0, 205, 133, 63
L -238.0, -262.0, 0.0, -238.0, -260.0, 0.0, 205, 133, 63
L -232.0, -264.0, 0.0, -232.0, -262.0, 0.0, 205, 133, 63
L -232.0, -262.0, 0.0, -232.0, -260.0, 0.0, 205, 133, 63
L 214.0, -272.0, 0.0, 212.0, -272.0, 0.0, 0, 0, 0
L 210.0, -272.0, 0.0, 210.0, -267.0, 0.0, 0, 0, 0
L 210.0, -267.0, 0.0, 205.0, -264.0, 0.0, 0, 0, 0
L 214.0, -285.0, 0.0, 212.0, -285.0, 0.0, 0, 0, 0
L 210.0, -285.0, 0.0, 210.0, -287.0, 0.0, 0, 0, 0
L 210.0, -281.0, 0.0, 210.0, -275.0, 0.0, 205, 133, 63
L 214.0, -275.0, 0.0, 214.0, -281.0, 0.0, 205, 133, 63
L 210.0, -281.0, 0.0, 212.0, -281.0, 0.0, 205, 133, 63
L 210.0, -275.0, 0.0, 212.0, -275.0, 0.0, 205, 133, 63
L 212.0, -272.0, 0.0, 210.0, -272.0, 0.0, 0, 0, 0
L 212.0, -285.0, 0.0, 210.0, -285.0, 0.0, 0, 0, 0
L 212.0, -272.0, 0.0, 212.0, -275.0, 0.0, 205, 133, 63
L 212.0, -281.0, 0.0, 214.0, -281.0, 0.0, 205, 133, 63
L 212.0, -275.0, 0.0, 214.0, -275.0, 0.0, 205, 133, 63
L 212.0, -281.0, 0.0, 212.0, -285.0, 0.0, 205, 133, 63
L 267.0, -308.0, 0.0, 268.0, -309.0, 0.0, 0, 0, 0
L 267.0, -308.0, 0.0, 267.0, -309.0, 0.0, 0, 0, 0
L 316.0, -329.0, 21.0, 318.0, -329.0, 21.0, 0, 204, 0
L 298.0, -312.0, 21.0, 298.0, -329.0, 21.0, 0, 204, 0
L 298.0, -329.0, 21.0, 296.0, -329.0, 21.0, 0, 204, 0
L 296.0, -353.0, 21.0, 298.0, -353.0, 21.0, 0, 204, 0
L 316.0, -353.0, 21.0, 316.0, -373.0, 21.0, 0, 204, 0
L 316.0, -353.0, 21.0, 318.0, -353.0, 21.0, 0, 204, 0
L 318.0, -353.0, 21.0, 318.0, -373.0, 21.0, 0, 204, 0
L 298.0, -353.0, 21.0, 298.0, -373.0, 21.0, 0, 204, 0
L -121.0, -179.0, 2.0, -142.0, -174.0, 2.0, 0, 0, 0
L -165.0, -175.0, 2.0, -160.0, -174.0, 2.0, 0, 0, 0
L -174.0, -176.0, 2.0, -182.0, -176.0, 2.0, 0, 0, 0
L -170.0, -176.0, 2.0, -165.0, -175.0, 2.0, 0, 0, 0
L -174.0, -176.0, 2.0, -170.0, -176.0, 2.0, 0, 0, 0
L -103.0, -171.0, 1.0, -109.0, -171.0, 1.0, 0, 0, 0
L -109.0, -171.0, 1.0, -118.0, -171.0, 2.0, 0, 0, 0
L -155.0, -171.0, 2.0, -155.0, -167.0, 2.0, 0, 0, 0
L -118.0, -171.0, 2.0, -129.0, -171.0, 2.0, 0, 0, 0
L -168.0, -171.0, 2.0, -177.0, -174.0, 2.0, 0, 0, 0
L -155.0, -174.0, 2.0, -160.0, -174.0, 2.0, 0, 0, 0
L -142.0, -171.0, 2.0, -142.0, -174.0, 2.0, 0, 0, 0
L -142.0, -167.0, 2.0, -135.0, -169.0, 2.0, 0, 0, 0
L -155.0, -167.0, 2.0, -161.0, -169.0, 2.0, 0, 0, 0
L -145.0, -174.0, 2.0, -151.0, -174.0, 2.0, 205, 133, 63
L -145.0, -167.0, 2.0, -151.0, -167.0, 2.0, 205, 133, 63
L -145.0, -167.0, 2.0, -145.0, -171.0, 2.0, 205, 133, 63
L -151.0, -174.0, 2.0, -151.0, -171.0, 2.0, 205, 133, 63
L -145.0, -171.0, 2.0, -145.0, -174.0, 2.0, 205, 133, 63
L -145.0, -171.0, 2.0, -142.0, -171.0, 2.0, 205, 133, 63
L -155.0, -171.0, 2.0, -155.0, -174.0, 2.0, 0, 0, 0
L -151.0, -171.0, 2.0, -151.0, -167.0, 2.0, 205, 133, 63
L -155.0, -171.0, 2.0, -151.0, -171.0, 2.0, 205, 133, 63
L -167.0, -151.0, 0.0, -155.0, -151.0, 0.0, 150, 150, 150
L -135.0, -169.0, 2.0, -129.0, -171.0, 2.0, 0, 0, 0
L -135.0, -169.0, 2.0, -128.0, -151.0, 0.0, 150, 150, 150
L -141.0, -151.0, 0.0, -128.0, -151.0, 0.0, 150, 150, 150
L -142.0, -167.0, 2.0, -141.0, -151.0, 0.0, 150, 150, 150
L -142.0, -171.0, 2.0, -142.0, -167.0, 2.0, 0, 0, 0
L -155.0, -167.0, 2.0, -155.0, -151.0, 0.0, 150, 150, 150
L -161.0, -169.0, 2.0, -168.0, -171.0, 2.0, 0, 0, 0
L -167.0, -151.0, 0.0, -161.0, -169.0, 2.0, 150, 150, 150
L -160.0, -195.0, 2.0, -146.0, -195.0, 2.0, 205, 133, 63
L -146.0, -215.0, 2.0, -146.0, -195.0, 2.0, 205, 133, 63
L -122.0, -218.0, 4.0, -122.0, -216.0, 4.0, 0, 0, 0
L -109.0, -218.0, 4.0, -112.0, -218.0, 4.0, 205, 133, 63
L -122.0, -219.0, 4.0, -122.0, -223.0, 4.0, 139, 69, 19
L -125.0, -227.0, 4.0, -125.0, -233.0, 5.0, 139, 69, 19
L -122.0, -223.0, 4.0, -125.0, -227.0, 4.0, 139, 69, 19
L -112.0, -220.0, 4.0, -118.0, -220.0, 4.0, 205, 133, 63
L -112.0, -216.0, 4.0, -118.0, -216.0, 4.0, 205, 133, 63
L -112.0, -220.0, 4.0, -112.0, -218.0, 4.0, 205, 133, 63
L -112.0, -218.0, 4.0, -112.0, -216.0, 4.0, 205, 133, 63
L -118.0, -220.0, 4.0, -118.0, -218.0, 4.0, 205, 133, 63
L -118.0, -218.0, 4.0, -122.0, -218.0, 4.0, 205, 133, 63
L -118.0, -218.0, 4.0, -118.0, -216.0, 4.0, 205, 133, 63
L -124.0, -218.0, 3.0, -122.0, -219.0, 4.0, 0, 0, 0
L -377.0, -316.0, 0.0, -376.0, -326.0, 0.0, 0, 0, 0
L -449.0, -299.0, -23.0, -446.0, -299.0, -23.0, 0, 0, 0
L -425.0, -299.0, -23.0, -422.0, -299.0, -23.0, 0, 0, 0
L -414.0, -311.0, -23.0, -422.0, -299.0, -23.0, 0, 0, 0
L -414.0, -311.0, -23.0, -414.0, -315.0, -23.0, 0, 0, 0
L -428.0, -327.0, -23.0, -428.0, -319.0, -23.0, 0, 0, 0
L -442.0, -327.0, -23.0, -428.0, -327.0, -23.0, 0, 0, 0
L -467.0, -327.0, -23.0, -462.0, -327.0, -23.0, 0, 0, 0
L -452.0, -327.0, -23.0, -452.0, -319.0, -23.0, 0, 0, 0
L -452.0, -319.0, -23.0, -455.0, -315.0, -23.0, 0, 0, 0
L -452.0, -336.0, -23.0, -460.0, -336.0, -23.0, 0, 0, 0
L -418.0, -346.0, -23.0, -418.0, -336.0, -23.0, 0, 0, 0
L -418.0, -336.0, -23.0, -402.0, -336.0, -23.0, 0, 0, 0
L -428.0, -336.0, -23.0, -428.0, -345.0, -23.0, 0, 0, 0
L -428.0, -345.0, -23.0, -428.0, -346.0, -23.0, 0, 0, 0
L -433.0, -350.0, -23.0, -428.0, -346.0, -23.0, 0, 0, 0
L -433.0, -353.0, -23.0, -433.0, -350.0, -23.0, 0, 0, 0
L -433.0, -315.0, -23.0, -433.0, -311.0, -23.0, 0, 0, 0
L -433.0, -311.0, -23.0, -425.0, -299.0, -23.0, 0, 0, 0
L -433.0, -315.0, -23.0, -428.0, -319.0, -23.0, 0, 0, 0
L -462.0, -317.0, -23.0, -460.0, -317.0, -23.0, 0, 0, 0
L -460.0, -317.0, -23.0, -460.0, -327.0, -23.0, 0, 0, 0
L -460.0, -327.0, -23.0, -452.0, -327.0, -23.0, 0, 0, 0
L -460.0, -336.0, -23.0, -460.0, -346.0, -23.0, 0, 0, 0
L -460.0, -346.0, -23.0, -462.0, -346.0, -23.0, 0, 0, 0
L -462.0, -336.0, -23.0, -467.0, -336.0, -23.0, 0, 0, 0
L -462.0, -346.0, -23.0, -462.0, -339.0, -23.0, 0, 0, 0
L -462.0, -339.0, -23.0, -462.0, -337.0, -23.0, 0, 0, 0
L -462.0, -337.0, -23.0, -462.0, -336.0, -23.0, 0, 0, 0
L -462.0, -326.0, -23.0, -462.0, -317.0, -23.0, 0, 0, 0
L -462.0, -327.0, -23.0, -462.0, -326.0, -23.0, 0, 0, 0
L -252.0, -249.0, 0.0, -252.0, -256.0, 0.0, 205, 133, 63
L -396.0, -152.0, 0.0, -396.0, -179.0, 0.0, 205, 133, 63
L -396.0, -179.0, 0.0, -417.0, -179.0, 0.0, 205, 133, 63
L -396.0, -152.0, 0.0, -402.0, -152.0, 0.0, 205, 133, 63
L -402.0, -152.0, 0.0, -402.0, -173.0, 0.0, 205, 133, 63
L -402.0, -173.0, 0.0, -417.0, -173.0, 0.0, 205, 133, 63
L -412.0, -194.0, 0.0, -396.0, -194.0, 0.0, 205, 133, 63
L -396.0, -194.0, 0.0, -396.0, -187.0, 0.0, 205, 133, 63
L -396.0, -187.0, 0.0, -412.0, -187.0, 0.0, 205, 133, 63
L -412.0, -187.0, 0.0, -412.0, -194.0, 0.0, 205, 133, 63
L -417.0, -161.0, 0.0, -417.0, -125.0, 0.0, 0, 0, 0
L -422.0, -161.0, 0.0, -419.0, -161.0, 0.0, 0, 0, 0
L -417.0, -178.0, 0.0, -417.0, -173.0, 0.0, 0, 0, 0
L -422.0, -172.0, 0.0, -422.0, -212.0, 0.0, 0, 0, 0
L -417.0, -172.0, 0.0, -419.0, -172.0, 0.0, 0, 0, 0
L -419.0, -161.0, 0.0, -417.0, -161.0, 0.0, 0, 0, 0
L -419.0, -172.0, 0.0, -422.0, -172.0, 0.0, 0, 0, 0
L -419.0, -161.0, 0.0, -419.0, -164.0, 0.0, 205, 133, 63
L -422.0, -164.0, 0.0, -422.0, -169.0, 0.0, 205, 133, 63
L -417.0, -169.0, 0.0, -417.0, -164.0, 0.0, 205, 133, 63
L -422.0, -164.0, 0.0, -419.0, -164.0, 0.0, 205, 133, 63
L -419.0, -164.0, 0.0, -417.0, -164.0, 0.0, 205, 133, 63
L -422.0, -169.0, 0.0, -419.0, -169.0, 0.0, 205, 133, 63
L -419.0, -169.0, 0.0, -419.0, -172.0, 0.0, 205, 133, 63
L -419.0, -169.0, 0.0, -417.0, -169.0, 0.0, 205, 133, 63
L -417.0, -179.0, 0.0, -417.0, -178.0, 0.0, 0, 0, 0
L -417.0, -173.0, 0.0, -417.0, -172.0, 0.0, 0, 0, 0
L -283.0, -256.0, 0.0, -283.0, -249.0, 0.0, 0, 0, 0
L 181.0, -222.0, 0.0, 181.0, -215.0, 0.0, 0, 0, 0
L 176.0, -209.0, 0.0, 181.0, -215.0, 0.0, 0, 0, 0
L 176.0, -209.0, 0.0, 176.0, -179.0, 0.0, 0, 0, 0
L 176.0, -179.0, 0.0, 164.0, -173.0, 0.0, 0, 0, 0
L 164.0, -173.0, 0.0, 152.0, -173.0, 0.0, 0, 0, 0
L 152.0, -173.0, 0.0, 134.0, -179.0, 0.0, 0, 0, 0
L 134.0, -179.0, 0.0, 120.0, -179.0, 0.0, 0, 0, 0
L 300.0, -136.0, 0.0, 300.0, -139.0, 0.0, 0, 0, 0
L 300.0, -139.0, 0.0, 303.0, -141.0, 0.0, 0, 0, 0
L 303.0, -141.0, 0.0, 306.0, -143.0, 0.0, 0, 0, 0
L 306.0, -143.0, 0.0, 316.0, -153.0, 0.0, 0, 0, 0
L 316.0, -153.0, 0.0, 339.0, -146.0, 0.0, 0, 0, 0
L 339.0, -146.0, 0.0, 371.0, -162.0, 0.0, 0, 0, 0
L 371.0, -162.0, 0.0, 382.0, -159.0, 0.0, 0, 0, 0
L 382.0, -87.0, 0.0, 371.0, -84.0, 0.0, 0, 0, 0
L 371.0, -84.0, 0.0, 339.0, -101.0, 0.0, 0, 0, 0
L 339.0, -101.0, 0.0, 316.0, -94.0, 0.0, 0, 0, 0
L 316.0, -94.0, 0.0, 300.0, -111.0, 0.0, 0, 0, 0
L 308.0, -116.0, 0.0, 308.0, -112.0, 0.0, 0, 0, 0
L 308.0, -112.0, 0.0, 315.0, -103.0, 0.0, 0, 0, 0
L 315.0, -103.0, 0.0, 340.0, -103.0, 0.0, 0, 0, 0
L 340.0, -103.0, 0.0, 357.0, -95.0, 0.0, 0, 0, 0
L 357.0, -95.0, 0.0, 360.0, -95.0, 0.0, 0, 0, 0
L 371.0, -87.0, 0.0, 360.0, -95.0, 0.0, 0, 0, 0
L 372.0, -87.0, 0.0, 380.0, -89.0, 0.0, 0, 0, 0
L 380.0, -89.0, 0.0, 382.0, -95.0, 0.0, 0, 0, 0
L 360.0, -152.0, 0.0, 357.0, -152.0, 0.0, 0, 0, 0
L 357.0, -152.0, 0.0, 340.0, -144.0, 0.0, 0, 0, 0
L 340.0, -144.0, 0.0, 315.0, -144.0, 0.0, 0, 0, 0
L 315.0, -144.0, 0.0, 308.0, -137.0, 0.0, 0, 0, 0
L 308.0, -137.0, 0.0, 308.0, -131.0, 0.0, 0, 0, 0
L 258.0, -179.0, 0.0, 262.0, -175.0, 0.0, 0, 0, 0
L 266.0, -175.0, 0.0, 262.0, -175.0, 0.0, 0, 0, 0
L 266.0, -175.0, 0.0, 286.0, -164.0, 0.0, 0, 0, 0
L 286.0, -164.0, 0.0, 302.0, -164.0, 0.0, 0, 0, 0
L 302.0, -164.0, 0.0, 341.0, -179.0, 0.0, 0, 0, 0
L 341.0, -179.0, 0.0, 341.0, -220.0, 0.0, 0, 0, 0
L 341.0, -220.0, 0.0, 303.0, -233.0, 0.0, 0, 0, 0
L 303.0, -233.0, 0.0, 286.0, -233.0, 0.0, 0, 0, 0
L 286.0, -233.0, 0.0, 266.0, -223.0, 0.0, 0, 0, 0
L 266.0, -223.0, 0.0, 262.0, -223.0, 0.0, 0, 0, 0
L 262.0, -223.0, 0.0, 258.0, -219.0, 0.0, 0, 0, 0
L 270.0, -217.0, 0.0, 294.0, -228.0, 0.0, 0, 0, 0
L 294.0, -228.0, 0.0, 302.0, -228.0, 0.0, 0, 0, 0
L 302.0, -228.0, 0.0, 304.0, -227.0, 0.0, 0, 0, 0
L 304.0, -227.0, 0.0, 332.0, -218.0, 0.0, 0, 0, 0
L 332.0, -218.0, 0.0, 332.0, -181.0, 0.0, 0, 0, 0
L 332.0, -181.0, 0.0, 302.0, -169.0, 0.0, 0, 0, 0
L 302.0, -169.0, 0.0, 294.0, -169.0, 0.0, 0, 0, 0
L 294.0, -169.0, 0.0, 270.0, -182.0, 0.0, 0, 0, 0
L 136.0, -181.0, 0.0, 153.0, -176.0, 0.0, 0, 0, 0
L 153.0, -176.0, 0.0, 162.0, -176.0, 3.0, 0, 0, 0
L 136.0, -181.0, 0.0, 136.0, -209.0, 0.0, 0, 0, 0
L 135.0, -215.0, 0.0, 136.0, -209.0, 0.0, 0, 0, 0
L 135.0, -215.0, 0.0, 135.0, -240.0, 0.0, 0, 0, 0
L 135.0, -240.0, 0.0, 147.0, -244.0, 2.0, 0, 0, 0
L 147.0, -246.0, 2.0, 147.0, -244.0, 2.0, 0, 0, 0
L 147.0, -246.0, 2.0, 165.0, -246.0, 2.0, 0, 0, 0
L 165.0, -246.0, 2.0, 165.0, -244.0, 2.0, 0, 0, 0
L 178.0, -240.0, 0.0, 165.0, -244.0, 2.0, 0, 0, 0
L 178.0, -233.0, 0.0, 178.0, -240.0, 0.0, 0, 0, 0
L 51.0, 725.0, 0.0, 51.0, 644.0, 0.0, 0, 0, 0
L 100.0, 725.0, 0.0, 100.0, 758.0, 0.0, 0, 0, 0
L 51.0, 725.0, 0.0, 100.0, 725.0, 0.0, 199, 21, 133
L 303.0, -131.0, 0.0, 300.0, -136.0, 0.0, 0, 0, 0
L 300.0, -111.0, 0.0, 300.0, -116.0, 0.0, 0, 0, 0
L 303.0, -131.0, 0.0, 306.0, -131.0, 0.0, 0, 0, 0
L 306.0, -131.0, 0.0, 308.0, -131.0, 0.0, 0, 0, 0
L 304.0, -127.0, 0.0, 304.0, -119.0, 0.0, 205, 133, 63
L 300.0, -116.0, 0.0, 306.0, -116.0, 0.0, 0, 0, 0
L 308.0, -119.0, 0.0, 308.0, -127.0, 0.0, 205, 133, 63
L 306.0, -116.0, 0.0, 308.0, -116.0, 0.0, 0, 0, 0
L 306.0, -131.0, 0.0, 306.0, -127.0, 0.0, 205, 133, 63
L 304.0, -119.0, 0.0, 306.0, -119.0, 0.0, 205, 133, 63
L 306.0, -119.0, 0.0, 308.0, -119.0, 0.0, 205, 133, 63
L 306.0, -119.0, 0.0, 306.0, -116.0, 0.0, 205, 133, 63
L 304.0, -127.0, 0.0, 308.0, -127.0, 0.0, 205, 133, 63
L 265.0, -198.0, 0.0, 265.0, -195.0, 0.0, 205, 133, 63
L 268.0, -207.0, 0.0, 270.0, -217.0, 0.0, 0, 0, 0
L 269.0, -198.0, 0.0, 269.0, -204.0, 0.0, 205, 133, 63
L 270.0, -182.0, 0.0, 268.0, -195.0, 0.0, 0, 0, 0
L 261.0, -204.0, 0.0, 265.0, -204.0, 0.0, 205, 133, 63
L 268.0, -207.0, 0.0, 265.0, -207.0, 0.0, 0, 0, 0
L 258.0, -219.0, 0.0, 262.0, -207.0, 0.0, 0, 0, 0
L 262.0, -195.0, 0.0, 258.0, -179.0, 0.0, 0, 0, 0
L 269.0, -198.0, 0.0, 261.0, -198.0, 0.0, 205, 133, 63
L 262.0, -195.0, 0.0, 268.0, -195.0, 0.0, 0, 0, 0
L 265.0, -207.0, 0.0, 262.0, -207.0, 0.0, 0, 0, 0
L 265.0, -204.0, 0.0, 269.0, -204.0, 0.0, 205, 133, 63
L 265.0, -207.0, 0.0, 265.0, -204.0, 0.0, 205, 133, 63
L 261.0, -198.0, 0.0, 261.0, -204.0, 0.0, 205, 133, 63
L 200.0, -80.0, 0.0, 261.0, -80.0, 0.0, 0, 0, 0
L 261.0, -80.0, 0.0, 263.0, -76.0, 0.0, 0, 0, 0
L 263.0, -76.0, 0.0, 266.0, -76.0, 0.0, 0, 0, 0
L 266.0, -76.0, 0.0, 275.0, -96.0, 0.0, 0, 0, 0
L 275.0, -108.0, 0.0, 270.0, -129.0, 0.0, 0, 0, 0
L 275.0, -96.0, 0.0, 275.0, -108.0, 0.0, 0, 0, 0
L 186.0, -120.0, 0.0, 182.0, -109.0, 0.0, 0, 0, 0
L 193.0, -131.0, 0.0, 188.0, -130.0, 0.0, 0, 0, 0
L 198.0, -76.0, 0.0, 200.0, -80.0, 0.0, 0, 0, 0
L 272.0, -109.0, 0.0, 270.0, -119.0, 0.0, 0, 0, 0
L 185.0, -109.0, 0.0, 185.0, -101.0, 0.0, 0, 0, 0
L 191.0, -119.0, 0.0, 188.0, -119.0, 0.0, 0, 0, 0
L 182.0, -104.0, 0.0, 184.0, -96.0, 0.0, 0, 0, 0
L 188.0, -119.0, 0.0, 185.0, -109.0, 0.0, 0, 0, 0
L 270.0, -129.0, 0.0, 270.0, -130.0, 0.0, 0, 0, 0
L 182.0, -109.0, 0.0, 182.0, -104.0, 0.0, 0, 0, 0
L 265.0, -132.0, 0.0, 270.0, -130.0, 0.0, 0, 0, 0
L 184.0, -96.0, 0.0, 193.0, -81.0, 0.0, 0, 0, 0
L 189.0, -95.0, 0.0, 195.0, -84.0, 0.0, 0, 0, 0
L 267.0, -119.0, 0.0, 267.0, -127.0, 0.0, 0, 0, 0
L 191.0, -127.0, 0.0, 191.0, -119.0, 0.0, 0, 0, 0
L 224.0, -101.0, 0.0, 224.0, -95.0, 0.0, 205, 133, 63
L 270.0, -119.0, 0.0, 267.0, -119.0, 0.0, 0, 0, 0
L 265.0, -84.0, 0.0, 272.0, -101.0, 0.0, 0, 0, 0
L 185.0, -101.0, 0.0, 189.0, -95.0, 0.0, 0, 0, 0
L 224.0, -95.0, 0.0, 189.0, -95.0, 0.0, 205, 133, 63
L 272.0, -101.0, 0.0, 272.0, -109.0, 0.0, 0, 0, 0
L 195.0, -76.0, 0.0, 198.0, -76.0, 0.0, 0, 0, 0
L 224.0, -131.0, 0.0, 193.0, -131.0, 0.0, 0, 0, 0
L 188.0, -130.0, 0.0, 186.0, -120.0, 0.0, 0, 0, 0
L 193.0, -81.0, 0.0, 195.0, -76.0, 0.0, 0, 0, 0
L 185.0, -101.0, 0.0, 224.0, -101.0, 0.0, 205, 133, 63
L 224.0, -129.0, 0.0, 224.0, -127.0, 0.0, 0, 0, 0
L 237.0, -129.0, 0.0, 233.0, -129.0, 0.0, 255, 140, 0
L 227.0, -132.0, 0.0, 227.0, -129.0, 0.0, 255, 140, 0
L 227.0, -129.0, 0.0, 224.0, -129.0, 0.0, 255, 140, 0
L 227.0, -129.0, 0.0, 227.0, -127.0, 0.0, 255, 140, 0
L 233.0, -132.0, 0.0, 233.0, -127.0, 0.0, 255, 140, 0
L 224.0, -131.0, 0.0, 224.0, -129.0, 0.0, 0, 0, 0
L 224.0, -127.0, 0.0, 212.0, -127.0, 0.0, 0, 0, 0
L 195.0, -84.0, 0.0, 265.0, -84.0, 0.0, 0, 0, 0
L 267.0, -127.0, 0.0, 237.0, -127.0, 0.0, 0, 0, 0
L 237.0, -132.0, 0.0, 246.0, -132.0, 0.0, 0, 0, 0
L 246.0, -132.0, 0.0, 265.0, -132.0, 0.0, 0, 0, 0
L 212.0, -127.0, 0.0, 191.0, -127.0, 0.0, 0, 0, 0
L 233.0, -132.0, 0.0, 227.0, -132.0, 0.0, 255, 140, 0
L 233.0, -127.0, 0.0, 227.0, -127.0, 0.0, 255, 140, 0
L 237.0, -132.0, 0.0, 237.0, -127.0, 0.0, 0, 0, 0
L 389.0, -108.0, 0.0, 391.0, -113.0, 0.0, 0, 0, 0
L 394.0, -113.0, 0.0, 397.0, -116.0, 0.0, 0, 0, 0
L 394.0, -113.0, 0.0, 391.0, -113.0, 0.0, 0, 0, 0
L 371.0, -158.0, 0.0, 360.0, -152.0, 0.0, 0, 0, 0
L 382.0, -159.0, 0.0, 392.0, -138.0, 0.0, 0, 0, 0
L 400.0, -114.0, 0.0, 392.0, -107.0, 0.0, 0, 0, 0
L 397.0, -130.0, 0.0, 394.0, -133.0, 0.0, 0, 0, 0
L 394.0, -133.0, 0.0, 391.0, -133.0, 0.0, 0, 0, 0
L 392.0, -107.0, 0.0, 382.0, -87.0, 0.0, 0, 0, 0
L 397.0, -116.0, 0.0, 397.0, -130.0, 0.0, 0, 0, 0
L 391.0, -133.0, 0.0, 389.0, -139.0, 0.0, 0, 0, 0
L 389.0, -139.0, 0.0, 382.0, -152.0, 0.0, 0, 0, 0
L 382.0, -152.0, 0.0, 380.0, -157.0, 0.0, 0, 0, 0
L 380.0, -157.0, 0.0, 371.0, -158.0, 0.0, 0, 0, 0
L 400.0, -132.0, 0.0, 400.0, -114.0, 0.0, 0, 0, 0
L 382.0, -95.0, 0.0, 389.0, -108.0, 0.0, 0, 0, 0
L 392.0, -138.0, 0.0, 400.0, -132.0, 0.0, 0, 0, 0
L -283.0, -249.0, 0.0, -283.0, -237.0, 0.0, 0, 0, 0
L -252.0, -249.0, 0.0, -283.0, -249.0, 0.0, 205, 133, 63
L -252.0, -256.0, 0.0, -283.0, -256.0, 0.0, 205, 133, 63
