P 315.0000, 110.0000, -26.0000,  255, 0, 0,  3,  to_High_Keep
P -198.0000, 1361.0000, -114.5187,  255, 0, 0,  3,  to_Kithicor_Forest
P 204.0000, -1049.0000, -195.0000,  255, 0, 0,  3,  to_Blightfire_Moors
P -93.0000, -1325.0000, -206.0000,  255, 0, 0,  3,  to_The_Eastern_Plains_of_Karana
P 219.0000, 148.0000, -26.5493,  240, 0, 0,  2,  Succor
P -585.3970, 266.5890, -17.4750,  0, 0, 240,  1,  GS:_a_Rod
P -602.9130, -233.6557, 44.8324,  0, 0, 240,  1,  GS:_Irresistable_Lure
P 370.2575, 629.2262, -16.4478,  128, 0, 128,  2,  Forge
P -574.0000, 108.0000, -18.0000,  128, 0, 128,  2,  Brew_Barrel
P -578.0000, 136.0000, -18.0000,  128, 0, 128,  2,  Oven
P -635.0000, -206.0000, 37.0000,  128, 0, 128,  2,  Kiln
P 190.6395, 487.8369, 15.3530,  128, 0, 128,  2,  Oven
P 235.2490, 478.6310, 12.3531,  128, 0, 128,  2,  Brew_Barrel
P 27.0000, 490.0000, -40.0000,  128, 0, 128,  2,  Forge
P -598.2748, -198.3377, 39.0318,  128, 0, 128,  2,  Pottery_Wheel
P 252.3340, 401.4217, -16.7242,  128, 0, 128,  2,  Brew_Barrel
P -15.8365, 455.2622, -39.0595,  128, 0, 128,  2,  Kiln
P -14.7397, 493.0150, -39.0824,  128, 0, 128,  2,  Pottery_Wheel
P -341.9860, -133.1981, 40.2696,  128, 0, 128,  2,  Brew_Barrel
P -321.7780, -104.1153, 40.2830,  128, 0, 128,  2,  Oven
P -94.9428, -26.3861, 40.2689,  128, 0, 128,  2,  Oven
P -81.9253, -109.8950, 40.2177,  128, 0, 128,  2,  Kiln
P -33.5808, -18.2814, 40.2889,  128, 0, 128,  2,  Pottery_Wheel
P -353.9431, 199.8736, -43.7711,  240, 240, 240,  2,  Underwater_Tunnel
P 429.2198, 591.4741, -7.8962,  240, 240, 240,  2,  The_Overlook
P -346.9099, -1007.8568, -138.9095,  240, 240, 240,  2,  Dead_End
P 499.0000, -467.0000, 11.0000,  255, 255, 255,  2,  Golden_Roosters
P 407.0000, 628.0000, -17.0000,  255, 255, 255,  2,  Greenbane`s_Weapons
P -509.2908, 71.8717, -22.6659,  255, 255, 255,  2,  Tiger`s_Roar
P -644.0000, -181.0000, 37.0000,  255, 255, 255,  2,  Top_of_the_world
P 256.0000, 587.0000, -27.0000,  255, 255, 255,  2,  "The_Lumberyard"
P -283.4510, -594.4830, -139.0000,  0, 0, 0,  2,  Volunteer_Renlor_(Roam)
P 344.5870, 672.2000, -1.0910,  0, 127, 0,  2,  Winn_Greenbane_(Weapons)
P 354.7920, 679.0120, -13.5560,  0, 127, 0,  2,  Dovik_Greenbane_(Weapons)
P 370.8820, 677.1400, -16.3810,  0, 127, 0,  2,  Mardon_Smith_(Smithing)
P 564.9850, -479.2940, 18.9134,  0, 127, 0,  2,  Bartender_(Bar)
P 263.3630, 390.8870, -16.0370,  0, 0, 0,  2,  Jovan
P 227.7290, 430.2100, -16.1060,  0, 0, 0,  2,  Gublink_Furnhorn
P 220.5720, 446.8460, -13.9770,  0, 0, 0,  2,  Scar
P 226.8440, 459.1500, -14.5190,  0, 0, 0,  2,  Bartholemew
P -673.8400, 257.2550, 3.7420,  0, 0, 0,  2,  Dyn_Tarburner
P -609.6280, 161.2950, -17.0840,  0, 0, 0,  2,  Lyn_Tarburner
P -639.8190, 103.4850, -17.4850,  0, 0, 0,  2,  Alhareen_the_Just
P -166.9960, 100.2010, 31.2570,  0, 0, 0,  2,  Dalishea
P -174.5040, 82.8320, 31.0540,  0, 0, 0,  2,  Greth_Truksorn
P -192.8980, 100.1710, 36.4390,  0, 0, 0,  2,  Brenon
P 583.6150, -443.5230, 19.3970,  0, 0, 0,  2,  Kaden_Gron
P 607.7419, -426.4790, 18.6410,  0, 0, 0,  2,  Prak
P 634.7905, -450.0751, 18.9145,  0, 0, 0,  2,  Breck_Damison
P 575.3920, -459.6560, 18.6930,  0, 0, 0,  2,  Crenn_Salbet
P 573.0640, -458.7420, 40.2030,  0, 0, 0,  2,  Malik_Zaren
P 543.4800, -423.7070, 40.2820,  0, 0, 0,  2,  Vranol_Blackguard
P 588.7410, -416.3260, 18.9710,  0, 127, 0,  2,  Lyla_Whistlewood_(Room_Keys)
P 575.5870, -421.0340, 19.6000,  0, 127, 0,  2,  Tami_Whistlewood_(Room_Keys)
P -586.3040, -206.5280, 37.5350,  0, 0, 0,  2,  Gaigin_Greyeagle
P -581.1479, -231.2760, 40.1260,  0, 0, 0,  2,  Min_Greyeagle
P -619.8080, -239.7620, 37.7130,  0, 0, 0,  2,  Burgek
P -630.0550, -235.2240, 37.8020,  0, 0, 0,  2,  Falyn_Farreach
P -29.3020, 791.4280, 8.9870,  0, 0, 0,  2,  Captain_Ashlan
P -101.7960, 419.1370, -36.8220,  0, 0, 0,  2,  Wres_Corber
P -4.9290, 480.4840, -39.9150,  0, 0, 0,  2,  Dyona_Rossook
P 7.4740, 481.2990, -36.9750,  0, 0, 0,  2,  Sernn_Rossook
P -145.0000, 88.0000, 31.0000,  0, 0, 0,  2,  Greth_Dalishea
P 261.0370, 131.8890, -25.9360,  0, 0, 0,  2,  Commander_Tehafer
P 174.7299, 530.0828, -16.7239,  0, 0, 0,  2,  Jovan
P -201.7651, -912.0781, -101.3345,  0, 0, 0,  2,  Captain_Orben
P 638.4255, -458.1584, 40.2895,  0, 0, 0,  2,  Cytodl_K`rish
P 568.5706, -428.7734, 40.2895,  0, 0, 0,  2,  Gornolin
P 132.1538, 487.5700, 15.3530,  0, 0, 0,  2,  Beef
P 279.5235, 470.9651, 12.3531,  0, 0, 0,  2,  Paulina
P 156.4246, 481.0866, 14.7761,  0, 0, 0,  2,  Bryan_McGee
P -321.4274, -32.5688, 42.0964,  0, 0, 0,  2,  Anson_McBale
P -316.6432, -145.9798, 40.1720,  0, 0, 0,  2,  Cyrla_Shadowstepper
P -51.9698, -16.6628, 40.1720,  0, 0, 0,  2,  Dyllin_Starsine
P 98.1521, 93.6091, -26.6867,  0, 0, 0,  2,  Shumpi_Wimahnn
P 31.3916, 201.7381, 12.6273,  0, 0, 0,  2,  Creq_Trinkem
P -103.0000, -818.0000, -102.0000,  127, 64, 0,  2,  Grenix_Mucktail_(Hunter)
P -103.0000, -818.0000, -102.0000,  127, 64, 0,  2,  Vexven_Mucktail_(Hunter)
P -143.0000, 967.0000, -30.0000,  127, 64, 0,  2,  Vopuk_Shralok_(Hunter)
P -77.0000, 1005.0000, -29.0000,  127, 64, 0,  2,  Recfek_Shralok_(Hunter)
P -140.0000, 1000.0000, -30.0000,  127, 64, 0,  2,  Hagnis_Shralok_(Hunter)