P -10558.0381, 4499.6895, 554.0779, 255, 0, 0, 3, to_Eastern_Wastes
P 21429.0000, -4623.0000, 0.0000, 255, 0, 0, 2, to_North_Desert_of_Ro
P -2861.0513, -1717.0088, 116.9965, 255, 0, 0, 3, to_The_Tower_of_Frozen_Shadow
P -4878.3711, 602.7899, 106.8749, 255, 0, 0, 2, Dragon_Circle
P -340.0000, -5330.0000, 0.0000, 255, 0, 0, 2, Succor
P -1287.0000, -4540.0000, 65.7556, 0, 128, 0, 2, Adinel_Jailbar_(Merchant)
P -1269.0000, -4539.0000, 65.0942, 0, 128, 0, 2, Sojan_the_Sleepless_(Merchant)
P -1313.0000, -4637.0000, 70.8994, 0, 128, 0, 2, Xorbinasticalus_(Spells)
P -8993.0000, 3396.0000, 0.0000, 0, 0, 0, 2, Shawl_8_:_start_point
P -7542.0000, 3529.0000, 0.0000, 0, 0, 0, 2, Shawl_8_:_1st_wave
P -7252.0000, 2208.0000, 0.0000, 0, 0, 0, 2, Shawl_8_:_2nd_wave
P -5940.0000, 1089.0000, 0.0000, 0, 0, 0, 2, Shawl_8_:_3rd_wave
P -2248.0000, -1502.0000, 0.0000, 0, 0, 0, 2, Shawl_8_:_4th_wave
P -2653.0000, -3698.0000, 0.0000, 0, 0, 0, 2, Shawl_8_:_last_wave
P -399.0000, -5395.0000, 0.0000, 255, 255, 255, 2, Dock
P 19346.0000, -4089.0000, 0.0000, 255, 255, 255, 2, Dock
P -5443.8477, -1737.5353, -34.8926, 240, 240, 240, 2, Wreckage_of_the_Greysong
P -682.8971, -5801.3252, 128.5460, 0, 0, 0, 2, Stormfeather_(Roam)
P -2803.2522, -2785.4712, 155.3941, 0, 0, 0, 2, Garou_(Roam)
P -6072.9214, 475.6529, 193.4884, 0, 0, 0, 2, Graktar_Bluehammer
P -3229.8887, -2911.3594, 211.3690, 0, 0, 0, 2, Balix_Misteyes
P -3272.5215, -2582.9185, 201.8674, 0, 0, 0, 2, Sir_Jevik_Isqual
P -2271.0000, -1412.0000, -13.0000, 240, 127, 0, 2, Lodizal_(Raid)
P -6779.7427, 2198.3743, 145.8488, 127, 64, 0, 2, dire_wolf_stalker_(Hunter,Roam)
P -2252.2974, -1234.6825, 48.0869, 127, 64, 0, 2, elder_spearguard_(Hunter,Roam)
P -2871.3750, -2677.4048, 155.6635, 127, 64, 0, 2, Midnight_(Hunter,Roam,HS)
P -2864.4209, -1518.6426, 103.4631, 127, 64, 0, 2, pulslating_icestorm_(Hunter,Roam)
P -7186.7393, 2401.7996, 140.8872, 0, 0, 240, 1, GS:_Frozen_Pestle
P -394.5609, -5316.5059, -18.3552, 0, 0, 0, 2, Nelet_Durzit
P -351.3833, -5338.9595, -18.3549, 240, 0, 0, 3, to_North_Ro_(Translocator_Kurione)
P 20003.0391, -3944.8987, 46.0318, 0, 0, 0, 2, Frazzle_Thumpkin
P 20265.1016, -3947.9590, -7.0501, 0, 0, 0, 2, Joshel_the_Large
P -390.0326, -5349.6514, -18.2169, 0, 0, 0, 2, Soulbinder_Cubnitskin
P -480.9089, -5332.0439, -18.4881, 0, 0, 0, 2, Masurt_Dok
P -1274.1050, -4528.8101, 66.8814, 0, 0, 0, 2, Madan_Eflik
P -1327.2029, -4623.9893, 72.4116, 0, 0, 0, 2, Tsilos_the_Swabby
P -1327.9130, -4641.4780, 73.1759, 0, 0, 0, 2, Captain_Nalot
P -1332.4805, -4510.9189, 73.1726, 0, 0, 0, 2, Ami
P -1347.6991, -4554.6323, 73.7700, 0, 0, 0, 2, Traboh
P -1371.9628, -4548.6943, 74.3125, 0, 0, 0, 2, Nilham_the_Chef
P -1361.2986, -4566.7461, 74.5481, 0, 0, 0, 2, Relit
P -1276.8633, -4541.3398, 85.5808, 0, 0, 0, 2, Novyak_the_Lookout
P -1213.5581, -4390.4629, 47.3270, 0, 0, 0, 2, Lookout_Larithim
P -748.9724, -5713.1558, 132.7750, 0, 0, 0, 2, Feld
P -758.6648, -5716.4424, 135.7616, 0, 0, 0, 2, Bilf
P -757.1578, -5704.4346, 133.3124, 0, 0, 0, 2, Blik
P -3231.9307, -2931.6768, 213.0735, 0, 0, 240, 1, GS:_Pouch_of_Frozen_Roots
P -3241.3152, -2939.1746, 213.9129, 0, 0, 240, 1, GS:_Skin_of_Slush_Water
P -5216.6860, -1061.1830, 256.2074, 0, 0, 240, 1, GS:_Frozen_Pestle
P 2992.2727, -1203.9691, 36.0212, 0, 0, 0, 2, Gilligatabbus_Igglebix_(Roam)
P -5931.5039, 5715.9653, -64.5963, 0, 0, 0, 2, Corudoth_(under_water)
P -8638.5010, 5612.4438, 147.8331, 0, 0, 0, 2, Vas_Thorel
P -8826.3682, 3413.8450, 290.1048, 0, 0, 0, 2, General_Bragmur
