P -1578.8649, 1204.0134, 15.4107, 255, 0, 0, 3, to_The_Feerott
P -1152.0861, -2536.3318, 11.4546, 255, 0, 0, 3, to_South_Desert_of_Ro
P 1123.9865, 7.0794, 24.4663, 255, 0, 0, 3, to_The_City_of_Guk
P 1135.7395, 2392.5818, -4.2823, 255, 0, 0, 3, to_Grobb
P 360.8114, 445.6257, 3.8430, 255, 0, 0, 3, to_The_Plane_of_Knowledge_(Click_Book)
P 1029.0000, 1778.0000, 15.8750, 255, 0, 0, 2, Succor
P -573.3298, -938.9178, 15.8917, 255, 255, 0, 2, LDON_Instance_(Hollow_Log)
P -1083.2052, 2152.9363, 20.0155, 0, 0, 0, 2, Dark_Deathsinger
P -763.1221, 1384.0083, 1.6803, 0, 0, 0, 2, Brenengro_Farshore
P -746.1917, 1379.3152, 2.0110, 0, 0, 0, 2, Clorka_Swampera
P 650.8025, 2096.7920, 0.8823, 0, 0, 0, 2, Basher_Sklama
P 729.7932, 2178.5386, -0.3327, 0, 0, 0, 2, Basher_Dreg
P 757.5073, 2163.4966, -1.1945, 0, 0, 0, 2, Zimbittle
P 934.7779, 2170.0337, -1.1744, 0, 0, 0, 2, Basher_Smag
P 940.4619, 2138.1277, -1.1744, 0, 0, 0, 2, Basher_Trak
P 239.7711, -879.8968, 21.4317, 0, 0, 0, 2, Clork
P 244.1449, -874.0690, 22.0759, 0, 0, 0, 2, Stragak
P 248.5098, -869.6567, 24.7106, 0, 0, 0, 2, Sithgok
P 253.9330, -866.9922, 25.8920, 0, 0, 0, 2, Murak
P 26.7167, -2036.8657, 14.4389, 0, 0, 0, 2, Kippidora_Landhopper
P 558.8275, -1679.4883, 30.8705, 255, 255, 255, 2, Undead_Tower
P 690.3545, -710.9802, 0.9092, 255, 255, 255, 2, Troll_Raiders
P 962.7947, -508.2959, 1.5658, 0, 0, 0, 2, Selgoon_Swampskimmer
P -1115.6104, 925.5516, 20.3925, 0, 0, 0, 2, Zazbaba_Helsoth
P 536.0326, -1598.4188, 1.3894, 255, 255, 255, 2, Sunken_Ferry
P 672.1899, 521.6946, 0.9870, 0, 0, 240, 1, GS_(Vial_of_Swamp_Water)
P -527.2867, 325.1737, 10.5741, 0, 0, 0, 2, Igok
P -634.0336, 1441.5487, 1.1206, 0, 0, 0, 2, Deblik_Grumblok
P -352.8566, 513.2641, 3.7082, 240, 240, 240, 2, Swamp_Boat
P -533.2803, 329.8886, -7.9351, 240, 240, 240, 2, Giant_Hand
