L -343.0, -125.0, 4.0, -343.0, -119.0, 3.0, 0, 0, 0
L -343.0, -102.0, 4.0, -343.0, -108.0, 3.0, 0, 0, 0
L -422.0, -69.0, 11.0, -431.0, -69.0, 11.0, 150, 150, 150
L -431.0, -67.0, 10.0, -422.0, -67.0, 10.0, 150, 150, 150
L -422.0, -65.0, 9.0, -431.0, -65.0, 9.0, 150, 150, 150
L -431.0, -63.0, 8.0, -422.0, -63.0, 8.0, 150, 150, 150
L -422.0, -61.0, 7.0, -431.0, -61.0, 7.0, 150, 150, 150
L -431.0, -59.0, 6.0, -422.0, -59.0, 6.0, 150, 150, 150
L 348.0, -46.0, 7.0, 371.0, -46.0, 7.0, 150, 150, 150
L 373.0, -50.0, 6.0, 346.0, -50.0, 6.0, 150, 150, 150
L 346.0, -54.0, 5.0, 373.0, -54.0, 5.0, 150, 150, 150
L 373.0, -58.0, 4.0, 346.0, -58.0, 4.0, 150, 150, 150
L 346.0, -62.0, 3.0, 373.0, -62.0, 3.0, 150, 150, 150
L 373.0, -66.0, 2.0, 346.0, -66.0, 2.0, 150, 150, 150
L 346.0, -70.0, 1.0, 373.0, -70.0, 1.0, 150, 150, 150
L 369.0, 111.0, 11.0, 376.0, 117.0, 11.0, 150, 150, 150
L 349.0, 111.0, 11.0, 369.0, 111.0, 11.0, 150, 150, 150
L 376.0, 117.0, 11.0, 376.0, 125.0, 11.0, 150, 150, 150
L 343.0, 118.0, 11.0, 349.0, 111.0, 11.0, 150, 150, 150
L 343.0, 125.0, 11.0, 343.0, 118.0, 11.0, 150, 150, 150
L 341.0, 117.0, 10.0, 341.0, 125.0, 10.0, 150, 150, 150
L 349.0, 109.0, 10.0, 341.0, 117.0, 10.0, 150, 150, 150
L 369.0, 109.0, 10.0, 349.0, 109.0, 10.0, 150, 150, 150
L 378.0, 117.0, 10.0, 369.0, 109.0, 10.0, 150, 150, 150
L 378.0, 125.0, 10.0, 378.0, 117.0, 10.0, 150, 150, 150
L 339.0, 117.0, 9.0, 339.0, 125.0, 9.0, 150, 150, 150
L 349.0, 107.0, 9.0, 339.0, 117.0, 9.0, 150, 150, 150
L 369.0, 107.0, 9.0, 349.0, 107.0, 9.0, 150, 150, 150
L 380.0, 117.0, 9.0, 369.0, 107.0, 9.0, 150, 150, 150
L 380.0, 125.0, 9.0, 380.0, 117.0, 9.0, 150, 150, 150
L 338.0, 117.0, 8.0, 337.0, 118.0, 8.0, 150, 150, 150
L 349.0, 105.0, 8.0, 338.0, 117.0, 8.0, 150, 150, 150
L 370.0, 105.0, 8.0, 349.0, 105.0, 8.0, 150, 150, 150
L 381.0, 117.0, 8.0, 370.0, 105.0, 8.0, 150, 150, 150
L 349.0, 34.0, 8.0, 370.0, 34.0, 8.0, 0, 0, 0
L 349.0, 11.0, 8.0, 349.0, 34.0, 8.0, 0, 0, 0
L 370.0, 11.0, 8.0, 349.0, 11.0, 8.0, 0, 0, 0
L 370.0, 34.0, 8.0, 370.0, 11.0, 8.0, 0, 0, 0
L -38.0, -156.0, 0.0, -38.0, -159.0, 0.0, 0, 0, 0
L -39.0, -156.0, 0.0, -38.0, -156.0, 0.0, 0, 0, 0
L -327.0, -421.0, -20.0, -341.0, -418.0, -20.0, 199, 21, 133
L 270.0, -389.0, 0.0, 255.0, -391.0, 0.0, 199, 21, 133
L 336.0, -10.0, 26.0, 333.0, -10.0, 24.0, 0, 204, 0
L 344.0, -10.0, 26.0, 337.0, -10.0, 26.0, 0, 204, 0
L 345.0, -26.0, 28.0, 344.0, -26.0, 28.0, 0, 204, 0
L 345.0, -28.0, 28.0, 345.0, -26.0, 28.0, 0, 204, 0
L 349.0, -32.0, 28.0, 345.0, -28.0, 28.0, 0, 204, 0
L 349.0, -41.0, 28.0, 349.0, -32.0, 28.0, 0, 204, 0
L 345.0, -45.0, 28.0, 349.0, -41.0, 28.0, 0, 204, 0
L 336.0, -45.0, 28.0, 345.0, -45.0, 28.0, 0, 204, 0
L 332.0, -41.0, 28.0, 336.0, -45.0, 28.0, 0, 204, 0
L 332.0, -32.0, 28.0, 332.0, -41.0, 28.0, 0, 204, 0
L 336.0, -28.0, 28.0, 332.0, -32.0, 28.0, 0, 204, 0
L 336.0, -26.0, 28.0, 336.0, -28.0, 28.0, 0, 204, 0
L 337.0, -26.0, 28.0, 336.0, -26.0, 28.0, 0, 204, 0
L 337.0, -25.0, 28.0, 337.0, -26.0, 28.0, 0, 204, 0
L 337.0, -17.0, 26.0, 337.0, -25.0, 28.0, 0, 204, 0
L 336.0, -17.0, 26.0, 337.0, -17.0, 26.0, 0, 204, 0
L 319.0, -17.0, 17.0, 321.0, -17.0, 18.0, 0, 204, 0
L 312.0, -17.0, 17.0, 319.0, -17.0, 17.0, 0, 204, 0
L 312.0, 5.0, 17.0, 312.0, -17.0, 17.0, 0, 204, 0
L 340.0, 41.0, 8.0, 340.0, 5.0, 8.0, 0, 0, 0
L 298.0, 42.0, 8.0, 337.0, 42.0, 8.0, 0, 0, 0
L 298.0, 117.0, 8.0, 298.0, 42.0, 8.0, 0, 0, 0
L 299.0, 117.0, 8.0, 298.0, 117.0, 8.0, 0, 0, 0
L 300.0, 117.0, 8.0, 299.0, 117.0, 8.0, 0, 0, 0
L 300.0, 120.0, 8.0, 300.0, 118.0, 8.0, 0, 0, 0
L 292.0, 128.0, 8.0, 300.0, 120.0, 8.0, 0, 0, 0
L 292.0, 149.0, 8.0, 292.0, 128.0, 8.0, 0, 0, 0
L 315.0, 149.0, 8.0, 292.0, 149.0, 8.0, 0, 0, 0
L 315.0, 128.0, 8.0, 315.0, 149.0, 8.0, 0, 0, 0
L 307.0, 120.0, 8.0, 315.0, 128.0, 8.0, 0, 0, 0
L 309.0, 117.0, 8.0, 307.0, 117.0, 8.0, 0, 0, 0
L 309.0, 49.0, 8.0, 309.0, 117.0, 8.0, 0, 0, 0
L 340.0, 53.0, 8.0, 340.0, 49.0, 8.0, 100, 50, 0
L 353.0, 53.0, 8.0, 340.0, 53.0, 8.0, 0, 0, 0
L 354.0, 53.0, 8.0, 353.0, 53.0, 8.0, 0, 0, 0
L 354.0, 61.0, 8.0, 354.0, 53.0, 8.0, 0, 0, 0
L 353.0, 62.0, 8.0, 354.0, 61.0, 8.0, 0, 0, 0
L 344.0, 62.0, 8.0, 353.0, 62.0, 8.0, 0, 0, 0
L 344.0, 68.0, 8.0, 344.0, 62.0, 8.0, 0, 0, 0
L 343.0, 68.0, 8.0, 344.0, 68.0, 8.0, 0, 0, 0
L 338.0, 68.0, 8.0, 343.0, 68.0, 8.0, 0, 0, 0
L 338.0, 106.0, 8.0, 338.0, 68.0, 8.0, 0, 0, 0
L 337.0, 118.0, 8.0, 338.0, 106.0, 8.0, 0, 0, 0
L 328.0, 118.0, 8.0, 337.0, 118.0, 8.0, 0, 0, 0
L 320.0, 126.0, 8.0, 328.0, 118.0, 8.0, 0, 0, 0
L 320.0, 163.0, 8.0, 320.0, 126.0, 8.0, 0, 0, 0
L 335.0, 163.0, 8.0, 320.0, 163.0, 8.0, 0, 0, 0
L 336.0, 164.0, 8.0, 335.0, 163.0, 8.0, 0, 0, 0
L 336.0, 167.0, 8.0, 336.0, 164.0, 8.0, 0, 0, 0
L 342.0, 173.0, 8.0, 336.0, 167.0, 8.0, 0, 0, 0
L 355.0, 173.0, 8.0, 342.0, 173.0, 8.0, 0, 0, 0
L 356.0, 173.0, 8.0, 355.0, 173.0, 8.0, 0, 0, 0
L 356.0, 185.0, 8.0, 356.0, 174.0, 8.0, 0, 0, 0
L 355.0, 186.0, 8.0, 356.0, 185.0, 8.0, 0, 0, 0
L 342.0, 186.0, 8.0, 355.0, 186.0, 8.0, 0, 0, 0
L 342.0, 209.0, 8.0, 342.0, 186.0, 8.0, 0, 0, 0
L 377.0, 209.0, 8.0, 342.0, 209.0, 8.0, 0, 0, 0
L 377.0, 186.0, 8.0, 377.0, 209.0, 8.0, 0, 0, 0
L 363.0, 186.0, 8.0, 377.0, 186.0, 8.0, 0, 0, 0
L 363.0, 173.0, 8.0, 363.0, 174.0, 8.0, 0, 0, 0
L 377.0, 173.0, 8.0, 363.0, 173.0, 8.0, 0, 0, 0
L 383.0, 167.0, 8.0, 377.0, 173.0, 8.0, 0, 0, 0
L 383.0, 163.0, 8.0, 383.0, 167.0, 8.0, 0, 0, 0
L 399.0, 163.0, 8.0, 383.0, 163.0, 8.0, 0, 0, 0
L 399.0, 126.0, 8.0, 399.0, 163.0, 8.0, 0, 0, 0
L 391.0, 118.0, 8.0, 399.0, 126.0, 8.0, 0, 0, 0
L 382.0, 118.0, 8.0, 391.0, 118.0, 8.0, 0, 0, 0
L 381.0, 117.0, 8.0, 382.0, 118.0, 8.0, 0, 0, 0
L 381.0, 106.0, 8.0, 381.0, 117.0, 8.0, 0, 0, 0
L 381.0, 68.0, 8.0, 381.0, 99.0, 8.0, 0, 0, 0
L 376.0, 68.0, 8.0, 381.0, 68.0, 8.0, 0, 0, 0
L 375.0, 67.0, 8.0, 376.0, 68.0, 8.0, 0, 0, 0
L 375.0, 62.0, 8.0, 375.0, 67.0, 8.0, 0, 0, 0
L 366.0, 62.0, 8.0, 375.0, 62.0, 8.0, 0, 0, 0
L 365.0, 62.0, 8.0, 366.0, 62.0, 8.0, 0, 0, 0
L 365.0, 54.0, 8.0, 365.0, 62.0, 8.0, 0, 0, 0
L 365.0, 53.0, 8.0, 365.0, 54.0, 8.0, 0, 0, 0
L 379.0, 53.0, 8.0, 365.0, 53.0, 8.0, 0, 0, 0
L 379.0, 49.0, 8.0, 379.0, 53.0, 8.0, 0, 0, 0
L 409.0, 49.0, 8.0, 380.0, 49.0, 8.0, 0, 0, 0
L 410.0, 49.0, 8.0, 409.0, 49.0, 8.0, 0, 0, 0
L 410.0, 117.0, 8.0, 410.0, 49.0, 8.0, 0, 0, 0
L 411.0, 117.0, 8.0, 410.0, 117.0, 8.0, 0, 0, 0
L 412.0, 117.0, 8.0, 411.0, 117.0, 8.0, 0, 0, 0
L 412.0, 120.0, 8.0, 412.0, 118.0, 8.0, 0, 0, 0
L 404.0, 128.0, 8.0, 412.0, 120.0, 8.0, 0, 0, 0
L 404.0, 149.0, 8.0, 404.0, 128.0, 8.0, 0, 0, 0
L 427.0, 149.0, 8.0, 404.0, 149.0, 8.0, 0, 0, 0
L 427.0, 128.0, 8.0, 427.0, 149.0, 8.0, 0, 0, 0
L 419.0, 120.0, 8.0, 427.0, 128.0, 8.0, 0, 0, 0
L 419.0, 117.0, 8.0, 419.0, 118.0, 8.0, 0, 0, 0
L 421.0, 117.0, 8.0, 419.0, 117.0, 8.0, 0, 0, 0
L 421.0, 42.0, 8.0, 421.0, 117.0, 8.0, 0, 0, 0
L 379.0, 42.0, 8.0, 380.0, 42.0, 8.0, 0, 0, 0
L 379.0, 5.0, 8.0, 379.0, 42.0, 8.0, 0, 0, 0
L 407.0, -17.0, 17.0, 407.0, 5.0, 17.0, 0, 204, 0
L 382.0, -25.0, 28.0, 382.0, -17.0, 26.0, 0, 204, 0
L 383.0, -26.0, 28.0, 382.0, -25.0, 28.0, 0, 204, 0
L 387.0, -32.0, 28.0, 383.0, -26.0, 28.0, 0, 204, 0
L 387.0, -41.0, 28.0, 387.0, -32.0, 28.0, 0, 204, 0
L 383.0, -45.0, 28.0, 387.0, -41.0, 28.0, 0, 204, 0
L 374.0, -45.0, 28.0, 383.0, -45.0, 28.0, 0, 204, 0
L 370.0, -41.0, 28.0, 374.0, -45.0, 28.0, 0, 204, 0
L 370.0, -32.0, 28.0, 370.0, -41.0, 28.0, 0, 204, 0
L 375.0, -25.0, 28.0, 370.0, -32.0, 28.0, 0, 204, 0
L 375.0, -19.0, 26.0, 375.0, -25.0, 28.0, 0, 204, 0
L 375.0, -10.0, 26.0, 375.0, -19.0, 26.0, 0, 204, 0
L 400.0, -2.0, 17.0, 400.0, -10.0, 17.0, 0, 204, 0
L 383.0, -1.0, 8.0, 385.0, -1.0, 9.0, 0, 204, 0
L 379.0, -3.0, 8.0, 379.0, -1.0, 8.0, 0, 0, 0
L 228.0, -284.0, 0.0, 228.0, -282.0, 0.0, 0, 0, 0
L 231.0, -282.0, 0.0, 228.0, -282.0, 0.0, 0, 0, 0
L 231.0, -291.0, 0.0, 231.0, -282.0, 0.0, 0, 0, 0
L 228.0, -291.0, 0.0, 231.0, -291.0, 0.0, 0, 0, 0
L 228.0, -289.0, 0.0, 228.0, -291.0, 0.0, 0, 0, 0
L 245.0, -290.0, 0.0, 245.0, -289.0, 0.0, 0, 0, 0
L 244.0, -291.0, 0.0, 245.0, -290.0, 0.0, 0, 0, 0
L 243.0, -291.0, 0.0, 244.0, -291.0, 0.0, 0, 0, 0
L 242.0, -290.0, 0.0, 243.0, -291.0, 0.0, 0, 0, 0
L 242.0, -282.0, 0.0, 242.0, -290.0, 0.0, 0, 0, 0
L 245.0, -282.0, 0.0, 242.0, -282.0, 0.0, 0, 0, 0
L 245.0, -284.0, 0.0, 245.0, -282.0, 0.0, 0, 0, 0
L 365.0, -3.0, 8.0, 379.0, -3.0, 8.0, 0, 0, 0
L 365.0, -41.0, 8.0, 365.0, -3.0, 8.0, 0, 0, 0
L 365.0, -42.0, 8.0, 365.0, -41.0, 8.0, 0, 0, 0
L 367.0, -42.0, 8.0, 365.0, -42.0, 8.0, 0, 0, 0
L 373.0, -48.0, 7.0, 367.0, -42.0, 8.0, 0, 0, 0
L 373.0, -75.0, 1.0, 373.0, -48.0, 7.0, 0, 0, 0
L 373.0, -94.0, 0.0, 373.0, -75.0, 1.0, 0, 0, 0
L 384.0, -94.0, 1.0, 373.0, -94.0, 0.0, 0, 0, 0
L 384.0, -50.0, 4.0, 384.0, -94.0, 1.0, 0, 0, 0
L 392.0, -41.0, 4.0, 384.0, -50.0, 4.0, 0, 0, 0
L 392.0, -32.0, 4.0, 392.0, -41.0, 4.0, 0, 0, 0
L 353.0, -3.0, 8.0, 340.0, -3.0, 8.0, 0, 0, 0
L 354.0, -3.0, 8.0, 353.0, -3.0, 8.0, 0, 0, 0
L 354.0, -40.0, 8.0, 354.0, -3.0, 8.0, 0, 0, 0
L 353.0, -42.0, 8.0, 354.0, -40.0, 8.0, 0, 0, 0
L 352.0, -42.0, 8.0, 353.0, -42.0, 8.0, 0, 0, 0
L 346.0, -48.0, 7.0, 352.0, -42.0, 8.0, 0, 0, 0
L 346.0, -76.0, 0.0, 346.0, -48.0, 7.0, 0, 0, 0
L 346.0, -94.0, 0.0, 346.0, -76.0, 0.0, 0, 0, 0
L 335.0, -52.0, 0.0, 335.0, -93.0, 0.0, 0, 0, 0
L 325.0, -42.0, 0.0, 335.0, -52.0, 0.0, 0, 0, 0
L 325.0, -32.0, 0.0, 325.0, -42.0, 0.0, 0, 0, 0
L 321.0, -30.0, 0.0, 325.0, -32.0, 0.0, 0, 0, 0
L 309.0, -28.0, 4.0, 321.0, -30.0, 0.0, 0, 0, 0
L 303.0, -24.0, 6.0, 309.0, -28.0, 4.0, 0, 0, 0
L 298.0, -26.0, 6.0, 303.0, -24.0, 6.0, 0, 0, 0
L 286.0, -44.0, 4.0, 298.0, -26.0, 6.0, 0, 0, 0
L 288.0, -49.0, 4.0, 286.0, -44.0, 4.0, 0, 0, 0
L 294.0, -47.0, 4.0, 288.0, -49.0, 4.0, 0, 0, 255
L 298.0, -50.0, 6.0, 294.0, -47.0, 4.0, 0, 0, 255
L 304.0, -60.0, 6.0, 298.0, -50.0, 6.0, 0, 0, 255
L 310.0, -63.0, 4.0, 304.0, -60.0, 6.0, 0, 0, 255
L 322.0, -62.0, 0.0, 310.0, -63.0, 4.0, 0, 0, 255
L 326.0, -64.0, 0.0, 322.0, -62.0, 0.0, 0, 0, 255
L 328.0, -75.0, 0.0, 326.0, -64.0, 0.0, 0, 0, 255
L 326.0, -94.0, 0.0, 328.0, -75.0, 0.0, 0, 0, 255
L 321.0, -107.0, 0.0, 326.0, -94.0, 0.0, 0, 0, 255
L 309.0, -132.0, 4.0, 321.0, -107.0, 0.0, 0, 0, 255
L 304.0, -136.0, 6.0, 309.0, -132.0, 4.0, 0, 0, 255
L 296.0, -134.0, 6.0, 304.0, -136.0, 6.0, 0, 0, 255
L 298.0, -143.0, 6.0, 296.0, -134.0, 6.0, 0, 0, 0
L 304.0, -147.0, 6.0, 298.0, -143.0, 6.0, 0, 0, 0
L 315.0, -159.0, 2.0, 304.0, -147.0, 6.0, 0, 0, 0
L 321.0, -156.0, 0.0, 315.0, -159.0, 2.0, 0, 0, 0
L 326.0, -141.0, 0.0, 321.0, -156.0, 0.0, 0, 0, 0
L 336.0, -143.0, 0.0, 326.0, -141.0, 0.0, 0, 0, 0
L 342.0, -157.0, 0.0, 336.0, -143.0, 0.0, 0, 0, 0
L 345.0, -168.0, 0.0, 342.0, -157.0, 0.0, 0, 0, 0
L 344.0, -177.0, 0.0, 345.0, -168.0, 0.0, 0, 0, 0
L 344.0, -179.0, 0.0, 344.0, -177.0, 0.0, 0, 0, 0
L 345.0, -179.0, 0.0, 344.0, -179.0, 0.0, 0, 0, 0
L 402.0, -35.0, 12.0, 392.0, -32.0, 4.0, 0, 0, 0
L 401.0, -46.0, 11.0, 402.0, -35.0, 12.0, 0, 0, 0
L 399.0, -56.0, 12.0, 401.0, -46.0, 11.0, 0, 0, 0
L 403.0, -70.0, 13.0, 399.0, -56.0, 12.0, 0, 0, 0
L 403.0, -84.0, 13.0, 403.0, -70.0, 13.0, 0, 0, 0
L 399.0, -99.0, 11.0, 403.0, -84.0, 13.0, 0, 0, 0
L 383.0, -112.0, 0.0, 399.0, -99.0, 11.0, 0, 0, 0
L 373.0, -126.0, 0.0, 383.0, -112.0, 0.0, 0, 0, 0
L 373.0, -143.0, 0.0, 373.0, -126.0, 0.0, 0, 0, 0
L 375.0, -151.0, 0.0, 373.0, -143.0, 0.0, 0, 0, 0
L 371.0, -163.0, 0.0, 375.0, -151.0, 0.0, 0, 0, 0
L 366.0, -168.0, 0.0, 371.0, -163.0, 0.0, 0, 0, 0
L 363.0, -179.0, 0.0, 366.0, -168.0, 0.0, 0, 0, 0
L 362.0, -179.0, 0.0, 363.0, -179.0, 0.0, 0, 0, 0
L 345.0, -178.0, 0.0, 345.0, -179.0, 0.0, 0, 0, 0
L 345.0, -177.0, 0.0, 345.0, -178.0, 0.0, 0, 0, 0
L 348.0, -177.0, 0.0, 345.0, -177.0, 0.0, 0, 0, 0
L 348.0, -186.0, 0.0, 348.0, -177.0, 0.0, 0, 0, 0
L 345.0, -186.0, 0.0, 348.0, -186.0, 0.0, 0, 0, 0
L 345.0, -184.0, 0.0, 345.0, -186.0, 0.0, 0, 0, 0
L 362.0, -177.0, 0.0, 362.0, -179.0, 0.0, 0, 0, 0
L 359.0, -177.0, 0.0, 362.0, -177.0, 0.0, 0, 0, 0
L 359.0, -186.0, 0.0, 359.0, -177.0, 0.0, 0, 0, 0
L 362.0, -186.0, 0.0, 359.0, -186.0, 0.0, 0, 0, 0
L 362.0, -184.0, 0.0, 362.0, -186.0, 0.0, 0, 0, 0
L 211.0, -216.0, 0.0, 211.0, -213.0, 0.0, 0, 0, 0
L 215.0, -216.0, 0.0, 213.0, -216.0, 0.0, 0, 0, 0
L 259.0, -235.0, 11.0, 259.0, -204.0, 11.0, 0, 204, 0
L 242.0, -213.0, 0.0, 241.0, -214.0, 0.0, 0, 0, 0
L 242.0, -204.0, 0.0, 242.0, -213.0, 0.0, 0, 0, 0
L 250.0, -204.0, 0.0, 242.0, -204.0, 0.0, 0, 0, 0
L 248.0, -189.0, -5.0, 250.0, -189.0, -5.0, 0, 0, 0
L 261.0, -241.0, -11.0, 261.0, -204.0, -11.0, 178, 102, 255
L 246.0, -241.0, -11.0, 261.0, -241.0, -11.0, 178, 102, 255
L 245.0, -241.0, -11.0, 246.0, -241.0, -11.0, 178, 102, 255
L 245.0, -251.0, -11.0, 245.0, -241.0, -11.0, 178, 102, 255
L 236.0, -251.0, -11.0, 245.0, -251.0, -11.0, 178, 102, 255
L 236.0, -228.0, -11.0, 236.0, -251.0, -11.0, 178, 102, 255
L 253.0, -228.0, -11.0, 236.0, -228.0, -11.0, 178, 102, 255
L 254.0, -228.0, -11.0, 253.0, -228.0, -11.0, 178, 102, 255
L 254.0, -225.0, -11.0, 254.0, -228.0, -11.0, 178, 102, 255
L 233.0, -225.0, -11.0, 254.0, -225.0, -11.0, 178, 102, 255
L 233.0, -235.0, -11.0, 233.0, -225.0, -11.0, 178, 102, 255
L 214.0, -235.0, -11.0, 233.0, -235.0, -11.0, 178, 102, 255
L 214.0, -216.0, -11.0, 214.0, -235.0, -11.0, 178, 102, 255
L 233.0, -216.0, -11.0, 214.0, -216.0, -11.0, 178, 102, 255
L 233.0, -217.0, -11.0, 233.0, -216.0, -11.0, 178, 102, 255
L 236.0, -217.0, -11.0, 233.0, -217.0, -11.0, 178, 102, 255
L 236.0, -211.0, -11.0, 236.0, -217.0, -11.0, 178, 102, 255
L 233.0, -211.0, -11.0, 236.0, -211.0, -11.0, 178, 102, 255
L 233.0, -213.0, -11.0, 233.0, -211.0, -11.0, 178, 102, 255
L 214.0, -213.0, -11.0, 233.0, -213.0, -11.0, 178, 102, 255
L 214.0, -212.0, -11.0, 214.0, -213.0, -11.0, 178, 102, 255
L 214.0, -194.0, -11.0, 214.0, -212.0, -11.0, 178, 102, 255
L 233.0, -194.0, -11.0, 214.0, -194.0, -11.0, 178, 102, 255
L 233.0, -203.0, -11.0, 233.0, -194.0, -11.0, 178, 102, 255
L 233.0, -204.0, -11.0, 233.0, -203.0, -11.0, 178, 102, 255
L 240.0, -180.0, -5.0, 240.0, -189.0, -5.0, 0, 0, 0
L 259.0, -235.0, 0.0, 259.0, -204.0, 0.0, 0, 0, 0
L 216.0, -235.0, 0.0, 259.0, -235.0, 0.0, 0, 0, 0
L 216.0, -224.0, 0.0, 216.0, -235.0, 0.0, 0, 0, 0
L 215.0, -223.0, 0.0, 216.0, -224.0, 0.0, 0, 0, 0
L 211.0, -223.0, 0.0, 213.0, -223.0, 0.0, 0, 0, 0
L 211.0, -225.0, 0.0, 211.0, -223.0, 0.0, 0, 0, 0
L 211.0, -226.0, 0.0, 211.0, -225.0, 0.0, 0, 0, 0
L 213.0, -226.0, 0.0, 211.0, -226.0, 0.0, 0, 0, 0
L 213.0, -237.0, 0.0, 213.0, -226.0, 0.0, 0, 0, 0
L 213.0, -238.0, 0.0, 213.0, -237.0, 0.0, 0, 0, 0
L 262.0, -238.0, 0.0, 213.0, -238.0, 0.0, 0, 0, 0
L 262.0, -179.0, 2.0, 262.0, -238.0, 0.0, 0, 0, 0
L 261.0, -177.0, 0.0, 262.0, -179.0, 2.0, 0, 0, 0
L 238.0, -177.0, 0.0, 261.0, -177.0, 0.0, 0, 0, 0
L 237.0, -177.0, 0.0, 238.0, -177.0, 0.0, 0, 0, 0
L 237.0, -201.0, 0.0, 237.0, -177.0, 0.0, 0, 0, 0
L 189.0, -235.0, 0.0, 189.0, -237.0, 0.0, 0, 0, 0
L 192.0, -235.0, 0.0, 189.0, -235.0, 0.0, 0, 0, 0
L 192.0, -239.0, 0.0, 192.0, -236.0, 0.0, 0, 0, 0
L 192.0, -240.0, 0.0, 192.0, -239.0, 0.0, 0, 0, 0
L 180.0, -240.0, 0.0, 192.0, -240.0, 0.0, 0, 0, 0
L 180.0, -259.0, 0.0, 180.0, -240.0, 0.0, 0, 0, 0
L 199.0, -259.0, 0.0, 180.0, -259.0, 0.0, 0, 0, 0
L 199.0, -235.0, 0.0, 199.0, -236.0, 0.0, 0, 0, 0
L 202.0, -235.0, 0.0, 199.0, -235.0, 0.0, 0, 0, 0
L 202.0, -262.0, 0.0, 202.0, -235.0, 0.0, 0, 0, 0
L 177.0, -262.0, 0.0, 202.0, -262.0, 0.0, 0, 0, 0
L 177.0, -237.0, 0.0, 177.0, -262.0, 0.0, 0, 0, 0
L 189.0, -237.0, 0.0, 177.0, -237.0, 0.0, 0, 0, 0
L 199.0, -198.0, 3.0, 199.0, -190.2, 1.8, 139, 69, 19
L 199.0, -218.0, 0.0, 199.0, -204.0, 2.1, 139, 69, 19
L 188.0, -206.0, 3.0, 188.0, -218.0, 0.0, 139, 69, 19
L 188.0, -189.0, 2.0, 188.0, -192.2, 2.2, 139, 69, 19
L 188.0, -179.0, 0.0, 188.0, -189.0, 2.0, 139, 69, 19
L 123.0, -213.0, 0.0, 103.0, -207.0, 0.0, 0, 0, 255
L 129.0, -209.0, 0.0, 123.0, -213.0, 0.0, 0, 0, 255
L 219.0, -189.0, 0.0, 236.0, -162.0, 0.0, 0, 0, 255
L 201.0, -202.0, 0.0, 219.0, -189.0, 0.0, 0, 0, 255
L 172.0, -221.0, 0.0, 178.0, -210.0, 0.0, 0, 0, 255
L 166.0, -225.0, 0.0, 172.0, -221.0, 0.0, 0, 0, 255
L 164.0, -232.0, 0.0, 166.0, -225.0, 0.0, 0, 0, 255
L 168.0, -238.0, 0.0, 164.0, -232.0, 0.0, 0, 0, 255
L 172.0, -248.0, 0.0, 168.0, -238.0, 0.0, 0, 0, 255
L 170.0, -257.0, 0.0, 172.0, -248.0, 0.0, 0, 0, 255
L 167.0, -259.0, 0.0, 170.0, -257.0, 0.0, 0, 0, 255
L 162.0, -266.0, 0.0, 167.0, -259.0, 0.0, 0, 0, 255
L 165.0, -209.0, 0.0, 129.0, -209.0, 0.0, 0, 0, 255
L 177.0, -197.0, 0.0, 165.0, -209.0, 0.0, 0, 0, 255
L 181.0, -194.0, 0.0, 177.0, -197.0, 0.0, 0, 0, 255
L 213.0, -177.0, 0.0, 202.0, -188.0, 0.0, 0, 0, 255
L 217.0, -167.0, 0.0, 213.0, -177.0, 0.0, 0, 0, 255
L 11.0, 47.0, 0.0, 11.0, 11.0, 0.0, 0, 0, 0
L 11.0, 11.0, 0.0, 25.0, -12.0, 0.0, 0, 0, 0
L 25.0, -12.0, 0.0, 53.0, -20.0, 0.0, 0, 0, 0
L 53.0, -20.0, 0.0, 57.0, -36.0, 0.0, 0, 0, 0
L 57.0, -36.0, 0.0, 57.0, -47.0, 0.0, 0, 0, 0
L 57.0, -47.0, 0.0, 53.0, -55.0, 0.0, 0, 0, 0
L 53.0, -55.0, 0.0, 51.0, -63.0, 0.0, 0, 0, 0
L 51.0, -63.0, 0.0, 40.0, -63.0, 0.0, 0, 0, 0
L -11.0, 47.0, 0.0, -11.0, 11.0, 0.0, 0, 0, 0
L -11.0, 11.0, 0.0, -25.0, -12.0, 0.0, 0, 0, 0
L -25.0, -12.0, 0.0, -53.0, -20.0, 0.0, 0, 0, 0
L -53.0, -20.0, 0.0, -57.0, -36.0, 0.0, 0, 0, 0
L -57.0, -36.0, 0.0, -57.0, -47.0, 0.0, 0, 0, 0
L -57.0, -47.0, 0.0, -53.0, -56.0, 0.0, 0, 0, 0
L -53.0, -56.0, 0.0, -51.0, -63.0, 0.0, 0, 0, 0
L -51.0, -63.0, 0.0, -40.0, -63.0, 0.0, 0, 0, 0
L 31.0, -78.0, 0.0, 33.0, -80.0, 0.0, 0, 0, 0
L 33.0, -80.0, 0.0, 21.0, -95.0, 0.0, 0, 0, 0
L 21.0, -95.0, 0.0, 21.0, -103.0, 0.0, 0, 0, 0
L 21.0, -103.0, 0.0, 19.0, -106.0, 0.0, 0, 0, 0
L -31.0, -78.0, 0.0, -33.0, -80.0, 0.0, 0, 0, 0
L -33.0, -80.0, 0.0, -21.0, -95.0, 0.0, 0, 0, 0
L -21.0, -95.0, 0.0, -21.0, -103.0, 0.0, 0, 0, 0
L -21.0, -103.0, 0.0, -19.0, -106.0, 0.0, 0, 0, 0
L -39.0, -156.0, 0.0, -49.0, -168.0, 0.0, 0, 0, 0
L -49.0, -168.0, 0.0, -62.0, -164.0, 0.0, 0, 0, 0
L -62.0, -164.0, 0.0, -68.0, -158.0, 0.0, 0, 0, 0
L -68.0, -158.0, 0.0, -73.0, -157.0, 0.0, 0, 0, 0
L -73.0, -157.0, 0.0, -84.0, -134.0, 0.0, 0, 0, 0
L -84.0, -134.0, 0.0, -95.0, -127.0, 0.0, 0, 0, 0
L -95.0, -127.0, 0.0, -110.0, -128.0, 0.0, 0, 0, 0
L -110.0, -128.0, 0.0, -132.0, -106.0, 0.0, 0, 0, 0
L -132.0, -106.0, 0.0, -140.4, -103.6, 0.0, 0, 0, 0
L -38.0, -176.0, 0.0, -38.0, -179.0, 0.0, 0, 0, 0
L -38.0, -179.0, 0.0, -40.0, -179.0, 0.0, 0, 0, 0
L -40.0, -179.0, 0.0, -50.0, -183.0, 0.0, 0, 0, 0
L -50.0, -183.0, 0.0, -61.0, -183.0, 0.0, 0, 0, 0
L -61.0, -183.0, 0.0, -73.0, -174.0, 0.0, 0, 0, 0
L -73.0, -174.0, 0.0, -84.0, -158.0, 0.0, 0, 0, 0
L -84.0, -158.0, 0.0, -96.0, -148.0, 0.0, 0, 0, 0
L -96.0, -148.0, 0.0, -110.0, -147.0, 0.0, 0, 0, 0
L -110.0, -147.0, 0.0, -119.0, -143.0, 0.0, 0, 0, 0
L -119.0, -143.0, 0.0, -125.0, -133.0, 0.0, 0, 0, 0
L -125.0, -133.0, 0.0, -139.0, -123.0, 0.0, 0, 0, 0
L -139.0, -123.0, 0.0, -156.0, -135.0, 8.0, 0, 0, 0
L -156.0, -135.0, 8.0, -182.0, -143.0, 13.0, 0, 0, 0
L 40.0, -63.0, 0.0, 34.0, -57.0, 0.0, 0, 0, 0
L 34.0, -57.0, 0.0, 25.0, -57.0, 0.0, 0, 0, 0
L 25.0, -57.0, 0.0, 19.0, -63.0, 0.0, 0, 0, 0
L 19.0, -63.0, 0.0, 17.0, -63.0, 0.0, 0, 0, 0
L 17.0, -63.0, 0.0, 17.0, -71.0, 0.0, 0, 0, 0
L 17.0, -71.0, 0.0, 19.0, -72.0, 0.0, 0, 0, 0
L 19.0, -72.0, 0.0, 25.0, -78.0, 0.0, 0, 0, 0
L 25.0, -78.0, 0.0, 31.0, -78.0, 0.0, 0, 0, 0
L -40.0, -63.0, 0.0, -33.0, -57.0, 0.0, 0, 0, 0
L -33.0, -57.0, 0.0, -25.0, -57.0, 0.0, 0, 0, 0
L -25.0, -57.0, 0.0, -19.0, -63.0, 0.0, 0, 0, 0
L -19.0, -63.0, 0.0, -17.0, -63.0, 0.0, 0, 0, 0
L -17.0, -63.0, 0.0, -17.0, -71.0, 0.0, 0, 0, 0
L -17.0, -71.0, 0.0, -19.0, -72.0, 0.0, 0, 0, 0
L -19.0, -72.0, 0.0, -25.0, -78.0, 0.0, 0, 0, 0
L -25.0, -78.0, 0.0, -31.0, -78.0, 0.0, 0, 0, 0
L -19.0, -106.0, 0.0, -19.0, -103.0, 0.0, 0, 0, 0
L -19.0, -103.0, 0.0, -14.0, -103.0, 0.0, 0, 0, 0
L -14.0, -103.0, 0.0, -14.0, -108.0, 0.0, 0, 0, 0
L -14.0, -108.0, 0.0, -17.0, -108.0, 0.0, 0, 0, 0
L -17.0, -108.0, 0.0, -17.0, -110.0, 0.0, 0, 0, 0
L -17.0, -110.0, 0.0, -18.0, -110.0, 0.0, 0, 0, 0
L -18.0, -110.0, 0.0, -25.0, -110.0, 0.0, 0, 0, 0
L -25.0, -119.0, 0.0, -17.0, -119.0, 0.0, 0, 0, 0
L -17.0, -119.0, 0.0, -17.0, -121.0, 0.0, 0, 0, 0
L -17.0, -121.0, 0.0, -15.0, -121.0, 0.0, 0, 0, 0
L -15.0, -121.0, 0.0, -15.0, -124.0, 0.0, 0, 0, 0
L -15.0, -124.0, 0.0, -17.0, -124.0, 0.0, 0, 0, 0
L -17.0, -124.0, 0.0, -17.0, -143.0, 0.0, 0, 0, 0
L -17.0, -143.0, 0.0, -15.0, -143.0, 0.0, 0, 0, 0
L -15.0, -143.0, 0.0, -15.0, -146.0, 0.0, 0, 0, 0
L -15.0, -146.0, 0.0, -17.0, -146.0, 0.0, 0, 0, 0
L -17.0, -146.0, 0.0, -17.0, -147.0, 0.0, 0, 0, 0
L -17.0, -147.0, 0.0, -31.0, -156.0, 0.0, 0, 0, 0
L -31.0, -156.0, 0.0, -33.0, -156.0, 0.0, 0, 0, 0
L -33.0, -156.0, 0.0, -33.0, -159.0, 0.0, 0, 0, 0
L -33.0, -159.0, 0.0, -31.0, -159.0, 0.0, 0, 0, 0
L -31.0, -159.0, 0.0, -31.0, -160.0, 0.0, 0, 0, 0
L -31.0, -160.0, 0.0, -31.0, -161.0, 0.0, 0, 0, 0
L -31.0, -161.0, 0.0, -31.0, -162.0, 0.0, 0, 0, 0
L -31.0, -162.0, 0.0, -39.0, -162.0, 0.0, 0, 0, 0
L -39.0, -162.0, 0.0, -40.0, -162.0, 0.0, 0, 0, 0
L -40.0, -162.0, 0.0, -40.0, -159.0, 0.0, 0, 0, 0
L -40.0, -159.0, 0.0, -39.0, -159.0, 0.0, 0, 0, 0
L -39.0, -159.0, 0.0, -38.0, -159.0, 0.0, 0, 0, 0
L -38.0, -176.0, 0.0, -40.0, -176.0, 0.0, 0, 0, 0
L -40.0, -176.0, 0.0, -40.0, -173.0, 0.0, 0, 0, 0
L -40.0, -173.0, 0.0, -39.0, -173.0, 0.0, 0, 0, 0
L -39.0, -173.0, 0.0, -31.0, -173.0, 0.0, 0, 0, 0
L -31.0, -173.0, 0.0, -31.0, -176.0, 0.0, 0, 0, 0
L -31.0, -176.0, 0.0, -33.0, -176.0, 0.0, 0, 0, 0
L -33.0, -176.0, 0.0, -33.0, -179.0, 0.0, 0, 0, 0
L -33.0, -179.0, 0.0, -32.0, -179.0, 0.0, 0, 0, 0
L -32.0, -179.0, 0.0, -17.0, -175.0, 0.0, 0, 0, 0
L -17.0, -175.0, 0.0, 17.0, -175.0, 0.0, 0, 0, 0
L 17.0, -175.0, 0.0, 31.0, -171.0, 0.0, 0, 0, 0
L 31.0, -171.0, 0.0, 33.0, -171.0, 0.0, 0, 0, 0
L 33.0, -171.0, 0.0, 33.0, -168.0, 0.0, 0, 0, 0
L 33.0, -168.0, 0.0, 31.0, -168.0, 0.0, 0, 0, 0
L 31.0, -168.0, 0.0, 31.0, -165.0, 0.0, 0, 0, 0
L 31.0, -165.0, 0.0, 39.0, -165.0, 0.0, 0, 0, 0
L 39.0, -165.0, 0.0, 40.0, -165.0, 0.0, 0, 0, 0
L 40.0, -165.0, 0.0, 40.0, -167.0, 0.0, 0, 0, 0
L 40.0, -167.0, 0.0, 39.0, -168.0, 0.0, 0, 0, 0
L 39.0, -168.0, 0.0, 38.0, -168.0, 0.0, 0, 0, 0
L 38.0, -151.0, 0.0, 40.0, -151.0, 0.0, 0, 0, 0
L 40.0, -151.0, 0.0, 40.0, -152.0, 0.0, 0, 0, 0
L 40.0, -152.0, 0.0, 40.0, -154.0, 0.0, 0, 0, 0
L 40.0, -154.0, 0.0, 39.0, -154.0, 0.0, 0, 0, 0
L 39.0, -154.0, 0.0, 31.0, -154.0, 0.0, 0, 0, 0
L 31.0, -154.0, 0.0, 31.0, -151.0, 0.0, 0, 0, 0
L 31.0, -151.0, 0.0, 32.0, -151.0, 0.0, 0, 0, 0
L 32.0, -151.0, 0.0, 33.0, -151.0, 0.0, 0, 0, 0
L 33.0, -151.0, 0.0, 33.0, -148.0, 0.0, 0, 0, 0
L 33.0, -148.0, 0.0, 17.0, -150.0, 0.0, 0, 0, 0
L 17.0, -150.0, 0.0, 17.0, -146.0, 0.0, 0, 0, 0
L 17.0, -146.0, 0.0, 15.0, -146.0, 0.0, 0, 0, 0
L 15.0, -146.0, 0.0, 15.0, -143.0, 0.0, 0, 0, 0
L 15.0, -143.0, 0.0, 17.0, -143.0, 0.0, 0, 0, 0
L 17.0, -143.0, 0.0, 17.0, -124.0, 0.0, 0, 0, 0
L 17.0, -124.0, 0.0, 15.0, -124.0, 0.0, 0, 0, 0
L 15.0, -124.0, 0.0, 15.0, -121.0, 0.0, 0, 0, 0
L 15.0, -121.0, 0.0, 17.0, -121.0, 0.0, 0, 0, 0
L 17.0, -121.0, 0.0, 17.0, -119.0, 0.0, 0, 0, 0
L 17.0, -119.0, 0.0, 25.0, -119.0, 0.0, 0, 204, 0
L 25.0, -110.0, 0.0, 18.0, -110.0, 0.0, 0, 204, 0
L 18.0, -110.0, 0.0, 17.0, -109.0, 0.0, 0, 0, 0
L 17.0, -109.0, 0.0, 17.0, -108.0, 0.0, 0, 0, 0
L 17.0, -108.0, 0.0, 14.0, -108.0, 0.0, 0, 0, 0
L 14.0, -108.0, 0.0, 14.0, -107.0, 0.0, 0, 0, 0
L 14.0, -107.0, 0.0, 14.0, -103.0, 0.0, 0, 0, 0
L 14.0, -103.0, 0.0, 15.0, -103.0, 0.0, 0, 0, 0
L 15.0, -103.0, 0.0, 19.0, -103.0, 0.0, 0, 0, 0
L 19.0, -103.0, 0.0, 19.0, -106.0, 0.0, 0, 0, 0
L -206.0, -74.0, 0.0, -249.0, -74.0, 0.0, 0, 0, 0
L -252.0, -71.0, 0.0, -182.0, -71.0, 0.0, 0, 0, 0
L -172.0, -24.0, 0.0, -203.0, -24.0, 0.0, 0, 0, 0
L -203.0, -24.0, 0.0, -203.0, -48.0, 0.0, 0, 0, 0
L -203.0, -48.0, 0.0, -217.0, -50.0, 0.0, 0, 0, 0
L -217.0, -50.0, 0.0, -227.0, -58.0, 0.0, 0, 0, 0
L -227.0, -58.0, 0.0, -239.0, -54.0, 0.0, 0, 0, 0
L -239.0, -54.0, 0.0, -251.0, -60.0, 0.0, 0, 0, 0
L -251.0, -60.0, 0.0, -264.0, -62.0, 0.0, 0, 0, 0
L -264.0, -62.0, 0.0, -275.0, -56.0, 0.0, 0, 0, 0
L -275.0, -56.0, 0.0, -283.0, -56.0, 0.0, 0, 0, 0
L -283.0, -56.0, 0.0, -293.0, -60.0, 0.0, 0, 0, 0
L -293.0, -60.0, 0.0, -318.0, -60.0, 0.0, 0, 0, 0
L -318.0, -60.0, 0.0, -323.0, -58.0, 0.0, 0, 0, 0
L -323.0, -58.0, 0.0, -328.0, -50.0, 0.0, 0, 0, 0
L -328.0, -50.0, 0.0, -335.0, -52.0, 0.0, 0, 0, 0
L -335.0, -52.0, 0.0, -341.0, -48.0, 0.0, 0, 0, 0
L -341.0, -48.0, 0.0, -348.0, -36.0, 0.0, 0, 0, 0
L -348.0, -36.0, 0.0, -351.0, -36.0, 0.0, 0, 0, 0
L -172.0, -39.0, 0.0, -196.0, -39.0, 0.0, 0, 0, 0
L -196.0, -39.0, 0.0, -196.0, -48.0, 0.0, 0, 0, 0
L -196.0, -48.0, 0.0, -180.0, -64.0, 0.0, 0, 0, 0
L -180.0, -64.0, 0.0, -182.0, -71.0, 0.0, 0, 0, 0
L -407.0, -92.0, 0.0, -407.0, -97.0, 0.0, 0, 0, 0
L -407.0, -97.0, 0.0, -413.0, -106.0, 2.0, 0, 0, 0
L -413.0, -106.0, 2.0, -421.0, -127.0, 4.0, 0, 0, 0
L -421.0, -127.0, 4.0, -419.0, -143.0, 4.0, 0, 0, 0
L -419.0, -143.0, 4.0, -407.0, -156.0, 3.0, 0, 0, 0
L -407.0, -156.0, 3.0, -407.0, -179.0, 3.0, 0, 0, 0
L -359.0, -191.0, 0.0, -335.0, -215.0, 0.0, 0, 0, 0
L -335.0, -215.0, 0.0, -287.0, -227.0, 0.0, 0, 0, 0
L -287.0, -227.0, 0.0, -273.0, -245.0, 0.0, 0, 0, 0
L -273.0, -245.0, 0.0, -270.0, -248.0, 0.0, 0, 0, 0
L -270.0, -248.0, 0.0, -269.0, -248.0, 0.0, 0, 0, 0
L -252.0, -248.0, 0.0, -251.0, -248.0, 0.0, 0, 0, 0
L -251.0, -248.0, 0.0, -250.0, -241.0, 0.0, 0, 0, 0
L -250.0, -241.0, 0.0, -254.0, -213.0, 0.0, 0, 0, 0
L -254.0, -213.0, 0.0, -264.0, -204.0, 0.0, 0, 0, 0
L -264.0, -204.0, 0.0, -269.0, -195.0, 0.0, 0, 0, 0
L -269.0, -195.0, 0.0, -272.0, -191.0, 0.0, 0, 0, 0
L -272.0, -191.0, 0.0, -268.0, -188.0, 0.0, 0, 0, 0
L -268.0, -188.0, 0.0, -266.0, -179.0, 0.0, 0, 0, 0
L -266.0, -179.0, 0.0, -258.0, -173.0, 0.0, 0, 0, 0
L -258.0, -173.0, 0.0, -251.0, -179.0, 0.0, 0, 0, 0
L -251.0, -179.0, 0.0, -251.0, -203.0, 0.0, 0, 0, 0
L -251.0, -203.0, 0.0, -227.0, -203.0, 0.0, 0, 0, 0
L -227.0, -203.0, 0.0, -227.0, -215.0, 0.0, 0, 0, 0
L -227.0, -215.0, 0.0, -206.0, -215.0, 0.0, 0, 0, 0
L -206.0, -215.0, 0.0, -206.0, -188.0, 0.0, 0, 0, 0
L -206.0, -188.0, 0.0, -244.0, -188.0, 0.0, 0, 0, 0
L -244.0, -188.0, 0.0, -244.0, -179.0, 0.0, 0, 0, 0
L -244.0, -179.0, 0.0, -222.0, -169.0, 0.0, 0, 0, 0
L -222.0, -169.0, 0.0, -204.0, -156.0, 0.0, 0, 0, 0
L -319.0, -436.0, -25.0, -328.0, -430.0, -21.0, 0, 0, 0
L -328.0, -430.0, -21.0, -328.0, -426.0, -21.0, 0, 0, 0
L -328.0, -426.0, -21.0, -325.0, -415.0, -19.0, 0, 0, 0
L -325.0, -415.0, -19.0, -306.0, -413.0, -15.0, 0, 0, 0
L -306.0, -413.0, -15.0, -284.0, -409.0, -14.0, 0, 0, 0
L -284.0, -409.0, -14.0, -274.0, -394.0, -12.0, 0, 0, 0
L -274.0, -394.0, -12.0, -264.0, -383.0, -9.0, 0, 0, 0
L -264.0, -383.0, -9.0, -260.0, -376.0, -7.0, 0, 0, 0
L -260.0, -376.0, -7.0, -240.0, -359.0, -2.0, 0, 0, 0
L -240.0, -359.0, -2.0, -234.0, -345.0, 1.0, 0, 0, 0
L -234.0, -345.0, 1.0, -234.0, -326.0, 2.0, 0, 0, 0
L -234.0, -326.0, 2.0, -226.0, -317.0, 1.0, 0, 0, 0
L -226.0, -317.0, 1.0, -224.0, -305.0, 0.0, 0, 0, 0
L -224.0, -305.0, 0.0, -226.0, -281.0, 0.0, 0, 0, 0
L -226.0, -281.0, 0.0, -250.0, -258.0, 0.0, 0, 0, 0
L -250.0, -258.0, 0.0, -250.0, -255.0, 0.0, 0, 0, 0
L -250.0, -255.0, 0.0, -251.0, -253.0, 0.0, 0, 0, 0
L -251.0, -253.0, 0.0, -252.0, -253.0, 0.0, 0, 0, 0
L -269.0, -253.0, 0.0, -270.0, -253.0, 0.0, 0, 0, 0
L -270.0, -253.0, 0.0, -272.0, -255.0, 0.0, 0, 0, 0
L -272.0, -255.0, 0.0, -273.0, -257.0, 0.0, 0, 0, 0
L -273.0, -257.0, 0.0, -261.0, -280.0, 0.0, 0, 0, 0
L -261.0, -280.0, 0.0, -250.0, -280.0, 0.0, 0, 0, 0
L -250.0, -280.0, 0.0, -237.0, -306.0, 0.0, 0, 0, 0
L -237.0, -306.0, 0.0, -249.0, -326.0, 1.0, 0, 0, 0
L -249.0, -326.0, 1.0, -251.0, -333.0, 0.0, 0, 0, 0
L -251.0, -333.0, 0.0, -247.0, -343.0, 1.0, 0, 0, 0
L -247.0, -343.0, 1.0, -258.0, -360.0, -3.0, 0, 0, 0
L -258.0, -360.0, -3.0, -273.0, -366.0, -4.0, 0, 0, 0
L -273.0, -366.0, -4.0, -292.0, -395.0, -12.0, 0, 0, 0
L -292.0, -395.0, -12.0, -305.0, -398.0, -12.0, 0, 0, 0
L -305.0, -398.0, -12.0, -316.0, -396.0, -17.0, 0, 0, 0
L -316.0, -396.0, -17.0, -324.0, -399.0, -19.0, 0, 0, 0
L -324.0, -399.0, -19.0, -339.0, -409.0, -20.0, 0, 0, 0
L -339.0, -409.0, -20.0, -343.0, -426.0, -21.0, 0, 0, 0
L -343.0, -426.0, -21.0, -339.0, -443.0, -24.0, 0, 0, 0
L -396.0, -179.0, 0.0, -396.0, -156.0, 0.0, 0, 0, 0
L -396.0, -156.0, 0.0, -395.0, -155.0, 0.0, 0, 0, 0
L -395.0, -155.0, 0.0, -359.0, -155.0, 0.0, 0, 0, 0
L -359.0, -155.0, 0.0, -359.0, -167.0, 0.0, 0, 0, 0
L -359.0, -167.0, 0.0, -357.0, -167.0, 0.0, 0, 0, 0
L -357.0, -167.0, 0.0, -357.0, -168.0, 0.0, 0, 0, 0
L -357.0, -168.0, 0.0, -357.0, -170.0, 0.0, 0, 0, 0
L -357.0, -170.0, 0.0, -358.0, -170.0, 0.0, 0, 0, 0
L -362.0, -170.0, 0.0, -362.0, -158.0, 0.0, 0, 0, 0
L -362.0, -158.0, 0.0, -391.0, -158.0, 0.0, 0, 0, 0
L -391.0, -158.0, 0.0, -391.0, -177.0, 0.0, 0, 0, 0
L -386.0, -177.0, 0.0, -386.0, -161.0, 0.0, 205, 133, 63
L -386.0, -161.0, 0.0, -381.0, -161.0, 0.0, 205, 133, 63
L -381.0, -161.0, 0.0, -381.0, -177.0, 0.0, 205, 133, 63
L -357.0, -180.0, 0.0, -359.0, -191.0, 0.0, 0, 0, 0
L -216.0, -131.0, 0.0, -251.0, -131.0, 0.0, 0, 0, 0
L -251.0, -156.0, 0.0, -204.0, -156.0, 0.0, 0, 0, 0
L -216.0, -131.0, 0.0, -216.0, -129.0, 0.0, 0, 0, 0
L -216.0, -129.0, 0.0, -215.0, -129.0, 0.0, 0, 0, 0
L -215.0, -129.0, 0.0, -213.0, -129.0, 0.0, 0, 0, 0
L -213.0, -129.0, 0.0, -213.0, -130.0, 0.0, 0, 0, 0
L -213.0, -130.0, 0.0, -213.0, -134.0, 0.0, 0, 0, 0
L -213.0, -144.0, 0.0, -234.0, -144.0, 0.0, 205, 133, 63
L -218.0, -139.0, 0.0, -218.0, -134.0, 0.0, 205, 133, 63
L -218.0, -134.0, 0.0, -245.0, -134.0, 0.0, 0, 0, 0
L -245.0, -134.0, 0.0, -245.0, -153.0, 0.0, 0, 0, 0
L -245.0, -153.0, 0.0, -206.0, -153.0, 0.0, 0, 0, 0
L -206.0, -153.0, 0.0, -206.0, -130.0, 0.0, 0, 0, 0
L -206.0, -129.0, 0.0, -204.0, -129.0, 0.0, 0, 0, 0
L -372.0, -119.0, 0.0, -408.0, -119.0, 0.0, 0, 0, 0
L -408.0, -119.0, 0.0, -408.0, -120.0, 0.0, 0, 0, 0
L -408.0, -120.0, 0.0, -408.0, -144.0, 0.0, 0, 0, 0
L -362.0, -117.0, 0.0, -362.0, -118.0, 0.0, 0, 0, 0
L -362.0, -141.0, 0.0, -401.0, -141.0, 0.0, 0, 0, 0
L -401.0, -141.0, 0.0, -401.0, -122.0, 0.0, 0, 0, 0
L -401.0, -122.0, 0.0, -369.0, -122.0, 0.0, 0, 0, 0
L -369.0, -122.0, 0.0, -369.0, -118.0, 0.0, 0, 0, 0
L -372.0, -117.0, 0.0, -372.0, -119.0, 0.0, 0, 0, 0
L -348.0, -124.0, 0.0, -348.0, -125.0, 0.0, 0, 0, 0
L -348.0, -130.0, 0.0, -344.0, -130.0, 0.0, 0, 0, 0
L -344.0, -130.0, 0.0, -322.0, -152.0, 0.0, 0, 0, 0
L -322.0, -152.0, 0.0, -322.0, -155.0, 0.0, 0, 0, 0
L -322.0, -155.0, 0.0, -321.0, -156.0, 0.0, 0, 0, 0
L -321.0, -156.0, 0.0, -289.0, -156.0, 0.0, 0, 0, 0
L -289.0, -156.0, 0.0, -289.0, -155.0, 0.0, 0, 0, 0
L -289.0, -155.0, 0.0, -289.0, -152.0, 0.0, 0, 0, 0
L -289.0, -152.0, 0.0, -267.0, -130.0, 0.0, 0, 0, 0
L -267.0, -130.0, 0.0, -264.0, -130.0, 0.0, 0, 0, 0
L -264.0, -130.0, 0.0, -263.0, -129.0, 0.0, 0, 0, 0
L -263.0, -129.0, 0.0, -263.0, -97.0, 0.0, 0, 0, 0
L -263.0, -97.0, 0.0, -264.0, -97.0, 0.0, 0, 0, 0
L -264.0, -97.0, 0.0, -267.0, -97.0, 0.0, 0, 0, 0
L -267.0, -97.0, 0.0, -289.0, -75.0, 0.0, 0, 0, 0
L -289.0, -75.0, 0.0, -289.0, -72.0, 0.0, 0, 0, 0
L -289.0, -72.0, 0.0, -289.0, -71.0, 0.0, 0, 0, 0
L -289.0, -71.0, 0.0, -321.0, -71.0, 0.0, 0, 0, 0
L -321.0, -71.0, 0.0, -322.0, -72.0, 0.0, 0, 0, 0
L -322.0, -72.0, 0.0, -322.0, -75.0, 0.0, 0, 0, 0
L -322.0, -75.0, 0.0, -344.0, -97.0, 0.0, 0, 0, 0
L -344.0, -97.0, 0.0, -347.0, -97.0, 0.0, 0, 0, 0
L -347.0, -97.0, 0.0, -348.0, -98.0, 0.0, 0, 0, 0
L -348.0, -98.0, 0.0, -348.0, -102.0, 0.0, 0, 0, 0
L -407.0, -92.0, 0.0, -403.0, -92.0, 0.0, 0, 0, 0
L -403.0, -92.0, 0.0, -395.0, -84.0, 0.0, 0, 0, 0
L -395.0, -84.0, 0.0, -395.0, -68.0, 0.0, 0, 0, 0
L -375.0, -48.0, 0.0, -359.0, -48.0, 0.0, 0, 0, 0
L -359.0, -48.0, 0.0, -351.0, -40.0, 0.0, 0, 0, 0
L -351.0, -40.0, 0.0, -351.0, -36.0, 0.0, 0, 0, 0
L -288.0, -125.0, -9.0, -288.0, -102.0, -9.0, 178, 102, 255
L -288.0, -102.0, -9.0, -294.0, -96.0, -9.0, 178, 102, 255
L -294.0, -96.0, -9.0, -302.0, -96.0, -9.0, 178, 102, 255
L -309.0, -96.0, -9.0, -310.0, -96.0, -9.0, 178, 102, 255
L -317.0, -96.0, -9.0, -323.0, -102.0, -9.0, 178, 102, 255
L -323.0, -102.0, -9.0, -323.0, -125.0, -9.0, 178, 102, 255
L -323.0, -125.0, -9.0, -317.0, -131.0, -9.0, 178, 102, 255
L -317.0, -131.0, -9.0, -310.0, -131.0, -9.0, 178, 102, 255
L -301.0, -131.0, -9.0, -294.0, -131.0, -9.0, 178, 102, 255
L -294.0, -131.0, -9.0, -288.0, -125.0, -9.0, 178, 102, 255
L -331.0, -102.0, -1.0, -317.0, -88.0, -1.0, 0, 0, 0
L -317.0, -88.0, -1.0, -294.0, -88.0, -1.0, 0, 0, 0
L -294.0, -88.0, -1.0, -280.0, -102.0, -1.0, 0, 0, 0
L -280.0, -102.0, -1.0, -280.0, -125.0, -1.0, 0, 0, 0
L -280.0, -125.0, -1.0, -294.0, -139.0, -1.0, 0, 0, 0
L -294.0, -139.0, -1.0, -317.0, -139.0, -1.0, 0, 0, 0
L -317.0, -139.0, -1.0, -331.0, -125.0, -1.0, 0, 0, 0
L -331.0, -125.0, -1.0, -331.0, -119.0, -1.0, 0, 0, 0
L -331.0, -102.0, -1.0, -331.0, -108.0, -1.0, 0, 0, 0
L -343.0, -125.0, 4.0, -317.0, -151.0, 4.0, 0, 0, 0
L -317.0, -151.0, 4.0, -294.0, -151.0, 4.0, 0, 0, 0
L -294.0, -151.0, 4.0, -268.0, -125.0, 4.0, 0, 0, 0
L -268.0, -125.0, 4.0, -268.0, -102.0, 4.0, 0, 0, 0
L -268.0, -102.0, 4.0, -293.0, -76.0, 4.0, 0, 0, 0
L -293.0, -76.0, 4.0, -299.0, -81.0, 4.0, 0, 0, 0
L -343.0, -102.0, 4.0, -317.0, -76.0, 4.0, 0, 0, 0
L -317.0, -76.0, 4.0, -312.0, -81.0, 4.0, 0, 0, 0
L -301.0, -131.0, -9.0, -302.0, -131.0, -9.0, 178, 102, 255
L -302.0, -131.0, -9.0, -302.0, -156.0, -10.0, 178, 102, 255
L -302.0, -156.0, -10.0, -263.0, -156.0, -11.0, 178, 102, 255
L -263.0, -156.0, -11.0, -263.0, -67.0, -11.0, 178, 102, 255
L -263.0, -67.0, -11.0, -301.0, -67.0, -11.0, 178, 102, 255
L -309.0, -67.0, -11.0, -309.0, -58.0, -11.0, 178, 102, 255
L -309.0, -58.0, -11.0, -263.0, -58.0, -11.0, 178, 102, 255
L -263.0, -58.0, -11.0, -263.0, -21.0, -11.0, 178, 102, 255
L -254.0, -12.0, -11.0, -254.0, -165.0, -11.0, 178, 102, 255
L -254.0, -165.0, -11.0, -309.0, -165.0, -10.0, 178, 102, 255
L -309.0, -165.0, -10.0, -309.0, -131.0, -9.0, 178, 102, 255
L -310.0, -131.0, -9.0, -309.0, -131.0, -9.0, 178, 102, 255
L -301.0, -67.0, -11.0, -302.0, -68.0, -10.0, 178, 102, 255
L -302.0, -68.0, -10.0, -302.0, -96.0, -9.0, 178, 102, 255
L -310.0, -96.0, -9.0, -317.0, -96.0, -9.0, 178, 102, 255
L -309.0, -96.0, -9.0, -309.0, -67.0, -11.0, 178, 102, 255
L -386.0, -33.0, 6.0, -395.0, -33.0, 6.0, 0, 0, 0
L -395.0, -33.0, 6.0, -396.0, -33.0, 6.0, 0, 0, 0
L -396.0, -33.0, 6.0, -396.0, -35.0, 6.0, 0, 0, 0
L -396.0, -35.0, 6.0, -390.0, -42.0, 6.0, 0, 0, 0
L -390.0, -42.0, 6.0, -390.0, -46.0, 6.0, 0, 0, 0
L -390.0, -46.0, 6.0, -387.0, -49.0, 6.0, 0, 0, 0
L -387.0, -49.0, 6.0, -384.0, -48.0, 4.0, 0, 0, 0
L -395.0, -68.0, 0.0, -394.0, -65.0, 1.0, 0, 0, 0
L -394.0, -56.0, 6.0, -397.0, -53.0, 6.0, 0, 0, 0
L -397.0, -53.0, 6.0, -401.0, -53.0, 6.0, 0, 0, 0
L -401.0, -53.0, 6.0, -407.0, -47.0, 6.0, 0, 0, 0
L -407.0, -47.0, 6.0, -410.0, -47.0, 6.0, 0, 0, 0
L -410.0, -47.0, 6.0, -410.0, -57.0, 6.0, 0, 0, 0
L -422.0, -59.0, 6.0, -422.0, -71.0, 12.0, 0, 0, 0
L -419.0, -72.0, 12.0, -419.0, -70.0, 12.0, 0, 0, 0
L -419.0, -70.0, 12.0, -410.0, -70.0, 12.0, 0, 0, 0
L -410.0, -70.0, 12.0, -410.0, -75.0, 12.0, 0, 0, 0
L -410.0, -75.0, 12.0, -410.0, -76.0, 12.0, 0, 0, 0
L -410.0, -76.0, 12.0, -407.0, -76.0, 12.0, 0, 0, 0
L -407.0, -76.0, 12.0, -407.0, -69.0, 12.0, 0, 0, 0
L -407.0, -69.0, 12.0, -404.0, -69.0, 12.0, 0, 0, 0
L -404.0, -69.0, 12.0, -398.0, -76.0, 12.0, 0, 0, 0
L -398.0, -76.0, 12.0, -398.0, -81.0, 12.0, 0, 0, 0
L -398.0, -81.0, 12.0, -404.0, -88.0, 12.0, 0, 0, 0
L -404.0, -88.0, 12.0, -407.0, -88.0, 12.0, 0, 0, 0
L -407.0, -88.0, 12.0, -407.0, -84.0, 12.0, 0, 0, 0
L -407.0, -84.0, 12.0, -407.0, -83.0, 12.0, 0, 0, 0
L -407.0, -83.0, 12.0, -419.0, -83.0, 12.0, 0, 0, 0
L -419.0, -83.0, 12.0, -419.0, -81.0, 12.0, 0, 0, 0
L -419.0, -81.0, 12.0, -431.0, -81.0, 12.0, 0, 0, 0
L -431.0, -81.0, 12.0, -431.0, -71.0, 12.0, 0, 0, 0
L -431.0, -71.0, 12.0, -431.0, -59.0, 6.0, 0, 0, 0
L -431.0, -59.0, 6.0, -431.0, -57.0, 6.0, 0, 0, 0
L -453.0, -31.0, 0.0, -453.0, -29.0, 0.0, 0, 0, 0
L -518.0, 46.0, 0.0, -519.0, 46.0, 0.0, 0, 0, 0
L -520.0, 42.0, 0.0, -519.0, 41.0, 0.0, 0, 0, 0
L -513.0, 72.0, 0.0, -513.0, 85.0, 0.0, 0, 0, 0
L -422.0, 3.0, 0.0, -421.0, 3.0, 0.0, 0, 0, 0
L -421.0, 3.0, 0.0, -420.0, 3.0, 0.0, 0, 0, 0
L -420.0, -5.0, 0.0, -422.0, -5.0, 0.0, 0, 0, 0
L -443.0, -29.0, 0.0, -444.0, -29.0, 0.0, 0, 0, 0
L -444.0, -48.0, 6.0, -419.0, -48.0, 6.0, 0, 0, 0
L -419.0, -48.0, 6.0, -419.0, -34.0, 6.0, 0, 0, 0
L -419.0, -34.0, 6.0, -409.0, -24.0, 6.0, 0, 0, 0
L -409.0, -24.0, 6.0, -395.0, -24.0, 6.0, 0, 0, 0
L -395.0, -24.0, 6.0, -395.0, -23.0, 6.0, 0, 0, 0
L -395.0, -23.0, 6.0, -395.0, -22.0, 6.0, 0, 0, 0
L -395.0, -22.0, 6.0, -395.0, -21.0, 6.0, 0, 0, 0
L -395.0, -21.0, 6.0, -405.0, -21.0, 6.0, 0, 0, 0
L -405.0, -6.0, 6.0, -405.0, -5.0, 6.0, 0, 0, 0
L -405.0, -5.0, 6.0, -406.0, -5.0, 5.0, 0, 0, 0
L -396.0, 3.0, 6.0, -396.0, -11.0, 6.0, 0, 0, 0
L -396.0, -11.0, 6.0, -395.0, -12.0, 6.0, 0, 0, 0
L -395.0, -12.0, 6.0, -386.0, -12.0, 6.0, 0, 0, 0
L -252.0, -248.0, 0.0, -252.0, -246.0, 0.0, 0, 0, 0
L -252.0, -246.0, 0.0, -253.0, -246.0, 0.0, 0, 0, 0
L -253.0, -246.0, 0.0, -254.0, -246.0, 0.0, 0, 0, 0
L -254.0, -246.0, 0.0, -255.0, -247.0, 0.0, 0, 0, 0
L -255.0, -247.0, 0.0, -255.0, -254.0, 0.0, 0, 0, 0
L -255.0, -254.0, 0.0, -254.0, -255.0, 0.0, 0, 0, 0
L -254.0, -255.0, 0.0, -253.0, -255.0, 0.0, 0, 0, 0
L -253.0, -255.0, 0.0, -252.0, -254.0, 0.0, 0, 0, 0
L -252.0, -254.0, 0.0, -252.0, -253.0, 0.0, 0, 0, 0
L -269.0, -253.0, 0.0, -269.0, -255.0, 0.0, 0, 0, 0
L -269.0, -255.0, 0.0, -268.0, -255.0, 0.0, 0, 0, 0
L -268.0, -255.0, 0.0, -266.0, -255.0, 0.0, 0, 0, 0
L -266.0, -255.0, 0.0, -266.0, -254.0, 0.0, 0, 0, 0
L -266.0, -254.0, 0.0, -266.0, -246.0, 0.0, 0, 0, 0
L -266.0, -246.0, 0.0, -267.0, -246.0, 0.0, 0, 0, 0
L -267.0, -246.0, 0.0, -269.0, -246.0, 0.0, 0, 0, 0
L -269.0, -246.0, 0.0, -269.0, -247.0, 0.0, 0, 0, 0
L -269.0, -247.0, 0.0, -269.0, -248.0, 0.0, 0, 0, 0
L -336.0, -192.0, 0.0, -336.0, -204.0, 0.0, 0, 0, 0
L -336.0, -204.0, 0.0, -335.0, -204.0, 0.0, 0, 0, 0
L -335.0, -204.0, 0.0, -287.0, -204.0, 0.0, 0, 0, 0
L -287.0, -204.0, 0.0, -287.0, -203.0, 0.0, 0, 0, 0
L -287.0, -203.0, 0.0, -287.0, -168.0, 0.0, 0, 0, 0
L -287.0, -168.0, 0.0, -288.0, -167.0, 0.0, 0, 0, 0
L -288.0, -167.0, 0.0, -335.0, -167.0, 0.0, 0, 0, 0
L -335.0, -167.0, 0.0, -336.0, -168.0, 0.0, 0, 0, 0
L -336.0, -168.0, 0.0, -336.0, -179.0, 0.0, 0, 0, 0
L -336.0, -179.0, 0.0, -337.0, -179.0, 0.0, 0, 0, 0
L -337.0, -179.0, 0.0, -338.0, -179.0, 0.0, 0, 0, 0
L -333.0, -182.0, 0.0, -333.0, -181.0, 0.0, 0, 0, 0
L -333.0, -181.0, 0.0, -333.0, -171.0, 0.0, 0, 0, 0
L -333.0, -171.0, 0.0, -294.0, -171.0, 0.0, 0, 0, 0
L -294.0, -171.0, 0.0, -294.0, -200.0, 0.0, 0, 0, 0
L -294.0, -200.0, 0.0, -333.0, -200.0, 0.0, 0, 0, 0
L -333.0, -200.0, 0.0, -333.0, -190.0, 0.0, 0, 0, 0
L -333.0, -190.0, 0.0, -333.0, -189.0, 0.0, 0, 0, 0
L -333.0, -189.0, 0.0, -335.0, -189.0, 0.0, 0, 0, 0
L -348.0, -102.0, 0.0, -348.0, -103.0, 0.0, 0, 0, 0
L -348.0, -102.0, 0.0, -348.0, -108.0, 0.0, 0, 0, 0
L -348.0, -125.0, 0.0, -348.0, -130.0, 0.0, 0, 0, 0
L -348.0, -125.0, 0.0, -348.0, -119.0, 0.0, 0, 0, 0
L -348.0, -119.0, 0.0, -331.0, -119.0, -1.0, 0, 0, 0
L 38.0, -151.0, 0.0, 38.0, -148.0, 0.0, 0, 0, 0
L 38.0, -148.0, 0.0, 40.0, -148.0, 0.0, 0, 0, 0
L 40.0, -148.0, 0.0, 49.0, -154.0, 0.0, 0, 0, 0
L 49.0, -154.0, 0.0, 61.0, -164.0, 0.0, 0, 0, 0
L 61.0, -164.0, 0.0, 69.0, -178.0, 0.0, 0, 0, 0
L 69.0, -178.0, 0.0, 81.0, -186.0, 0.0, 0, 0, 0
L 81.0, -186.0, 0.0, 90.0, -184.0, 0.0, 0, 0, 0
L 90.0, -184.0, 0.0, 103.0, -194.0, 0.0, 0, 0, 0
L 103.0, -194.0, 0.0, 129.0, -153.0, 5.0, 0, 0, 0
L 129.0, -153.0, 5.0, 143.0, -144.0, 13.0, 0, 0, 0
L 143.0, -144.0, 13.0, 165.0, -142.0, 13.0, 0, 0, 0
L 165.0, -142.0, 13.0, 177.0, -150.0, 8.0, 0, 0, 0
L 177.0, -150.0, 8.0, 200.0, -154.0, 5.0, 0, 0, 0
L 200.0, -154.0, 5.0, 214.0, -163.0, 0.0, 0, 0, 0
L 214.0, -163.0, 0.0, 217.0, -167.0, 0.0, 0, 0, 0
L 38.0, -168.0, 0.0, 38.0, -171.0, 0.0, 0, 0, 0
L 38.0, -171.0, 0.0, 50.0, -170.0, 0.0, 0, 0, 0
L 50.0, -170.0, 0.0, 54.0, -177.0, 0.0, 0, 0, 0
L 54.0, -177.0, 0.0, 62.0, -179.0, 0.0, 0, 0, 0
L 62.0, -179.0, 0.0, 70.0, -191.0, 0.0, 0, 0, 0
L 70.0, -191.0, 0.0, 79.0, -199.0, 0.0, 0, 0, 0
L 79.0, -199.0, 0.0, 96.0, -199.0, 0.0, 0, 0, 0
L 96.0, -199.0, 0.0, 103.0, -207.0, 0.0, 0, 0, 0
L 103.0, -207.0, 0.0, 116.0, -229.0, 15.0, 0, 0, 0
L 116.0, -229.0, 15.0, 123.0, -233.0, 16.0, 0, 0, 0
L 123.0, -233.0, 16.0, 126.0, -232.0, 12.0, 0, 0, 0
L 162.0, -265.0, 0.0, 170.0, -272.0, 0.0, 0, 0, 0
L 170.0, -272.0, 0.0, 178.0, -281.0, 0.0, 0, 0, 0
L 178.0, -281.0, 0.0, 183.0, -281.0, 0.0, 0, 0, 0
L 183.0, -281.0, 0.0, 190.0, -277.0, 0.0, 0, 0, 0
L 190.0, -277.0, 0.0, 194.0, -283.0, 0.0, 0, 0, 0
L 194.0, -283.0, 0.0, 202.0, -283.0, 0.0, 0, 0, 0
L 202.0, -283.0, 0.0, 209.0, -277.0, 0.0, 0, 0, 0
L 209.0, -277.0, 0.0, 213.0, -267.0, 0.0, 0, 0, 0
L 213.0, -267.0, 0.0, 224.0, -273.0, 0.0, 0, 0, 0
L 224.0, -273.0, 0.0, 227.0, -284.0, 0.0, 0, 0, 0
L 227.0, -284.0, 0.0, 228.0, -284.0, 0.0, 0, 0, 0
L 236.0, -162.0, 0.0, 249.0, -166.0, 0.0, 0, 0, 0
L 249.0, -166.0, 0.0, 261.0, -172.0, 0.0, 0, 0, 0
L 261.0, -172.0, 0.0, 280.0, -184.0, 10.0, 0, 0, 0
L 280.0, -184.0, 10.0, 283.0, -193.0, 11.0, 0, 0, 0
L 283.0, -193.0, 11.0, 271.0, -214.0, 5.0, 0, 0, 0
L 271.0, -214.0, 5.0, 277.0, -218.0, 7.0, 0, 0, 0
L 277.0, -218.0, 7.0, 277.0, -226.0, 7.0, 0, 0, 0
L 277.0, -226.0, 7.0, 284.0, -238.0, 0.0, 0, 0, 0
L 284.0, -238.0, 0.0, 308.0, -231.0, 0.0, 0, 0, 0
L 308.0, -231.0, 0.0, 338.0, -217.0, 0.0, 0, 0, 0
L 338.0, -217.0, 0.0, 346.0, -192.0, 0.0, 0, 0, 0
L 346.0, -192.0, 0.0, 344.0, -185.0, 0.0, 0, 0, 0
L 344.0, -185.0, 0.0, 344.0, -184.0, 0.0, 0, 0, 0
L 344.0, -184.0, 0.0, 345.0, -184.0, 0.0, 0, 0, 0
L 362.0, -184.0, 0.0, 363.0, -184.0, 0.0, 0, 0, 0
L 363.0, -184.0, 0.0, 361.0, -192.0, 0.0, 0, 0, 0
L 361.0, -192.0, 0.0, 359.0, -207.0, 0.0, 0, 0, 0
L 359.0, -207.0, 0.0, 353.0, -225.0, 0.0, 0, 0, 0
L 353.0, -225.0, 0.0, 337.0, -233.0, 0.0, 0, 0, 0
L 337.0, -233.0, 0.0, 329.0, -241.0, 0.0, 0, 0, 0
L 329.0, -241.0, 0.0, 307.0, -247.0, 0.0, 0, 0, 0
L 307.0, -247.0, 0.0, 297.0, -251.0, 0.0, 0, 0, 0
L 297.0, -251.0, 0.0, 283.0, -249.0, 0.0, 0, 0, 0
L 283.0, -249.0, 0.0, 261.0, -253.0, 0.0, 0, 0, 0
L 261.0, -253.0, 0.0, 257.0, -265.0, 0.0, 0, 0, 0
L 257.0, -265.0, 0.0, 247.0, -279.0, 0.0, 0, 0, 0
L 247.0, -279.0, 0.0, 246.0, -284.0, 0.0, 0, 0, 0
L 246.0, -284.0, 0.0, 245.0, -284.0, 0.0, 0, 0, 0
L 245.0, -289.0, 0.0, 246.0, -289.0, 0.0, 0, 0, 0
L 246.0, -289.0, 0.0, 245.0, -296.0, 0.0, 0, 0, 0
L 245.0, -296.0, 0.0, 243.0, -311.0, 0.0, 0, 0, 0
L 243.0, -311.0, 0.0, 239.0, -320.0, 0.0, 0, 0, 0
L 239.0, -320.0, 0.0, 231.0, -325.0, 0.0, 0, 0, 0
L 231.0, -325.0, 0.0, 227.0, -339.0, 0.0, 0, 0, 0
L 227.0, -339.0, 0.0, 231.0, -348.0, 0.0, 0, 0, 0
L 231.0, -348.0, 0.0, 235.0, -352.0, 0.0, 0, 0, 0
L 235.0, -352.0, 0.0, 239.0, -359.0, 0.0, 0, 0, 0
L 239.0, -359.0, 0.0, 263.0, -375.0, 0.0, 0, 0, 0
L 263.0, -375.0, 0.0, 269.0, -386.0, 0.0, 0, 0, 0
L 269.0, -386.0, 0.0, 271.0, -392.0, 0.0, 0, 0, 0
L 271.0, -392.0, 0.0, 271.0, -397.0, 0.0, 0, 0, 0
L 271.0, -397.0, 0.0, 261.0, -415.0, 0.0, 0, 0, 0
L 246.0, -407.0, 0.0, 255.0, -398.0, 0.0, 0, 0, 0
L 255.0, -398.0, 0.0, 256.0, -393.0, 0.0, 0, 0, 0
L 256.0, -393.0, 0.0, 250.0, -382.0, 0.0, 0, 0, 0
L 250.0, -382.0, 0.0, 240.0, -375.0, 0.0, 0, 0, 0
L 240.0, -375.0, 0.0, 232.0, -363.0, 0.0, 0, 0, 0
L 232.0, -363.0, 0.0, 223.0, -361.0, 0.0, 0, 0, 0
L 223.0, -361.0, 0.0, 216.0, -353.0, 0.0, 0, 0, 0
L 216.0, -353.0, 0.0, 214.0, -339.0, 0.0, 0, 0, 0
L 214.0, -339.0, 0.0, 216.0, -331.0, 0.0, 0, 0, 0
L 216.0, -331.0, 0.0, 220.0, -326.0, 0.0, 0, 0, 0
L 220.0, -326.0, 0.0, 228.0, -312.0, 0.0, 0, 0, 0
L 228.0, -312.0, 0.0, 226.0, -303.0, 0.0, 0, 0, 0
L 226.0, -303.0, 0.0, 228.0, -296.0, 0.0, 0, 0, 0
L 228.0, -296.0, 0.0, 227.0, -292.0, 0.0, 0, 0, 0
L 227.0, -292.0, 0.0, 227.0, -289.0, 0.0, 0, 0, 0
L 227.0, -289.0, 0.0, 228.0, -289.0, 0.0, 0, 0, 0
L -35.0, 59.0, 0.0, 0.0, 59.0, 0.0, 0, 0, 0
L 0.0, 59.0, 0.0, 11.0, 47.0, 0.0, 0, 0, 0
L -47.0, 48.0, 0.0, -11.0, 47.0, 0.0, 0, 0, 0
L -362.0, -118.0, 0.0, -362.0, -141.0, 0.0, 0, 0, 0
L -338.0, -182.0, 0.0, -335.0, -182.0, 0.0, 0, 0, 0
L -363.0, -84.0, 0.0, -369.0, -90.0, 0.0, 150, 150, 150
L -369.0, -90.0, 0.0, -375.0, -89.0, 0.0, 150, 150, 150
L -375.0, -89.0, 0.0, -381.0, -82.0, 0.0, 150, 150, 150
L -381.0, -82.0, 0.0, -381.0, -77.0, 0.0, 150, 150, 150
L -381.0, -77.0, 0.0, -376.0, -71.0, 0.0, 150, 150, 150
L -376.0, -71.0, 0.0, -380.0, -67.0, 0.0, 150, 150, 150
L -380.0, -67.0, 0.0, -375.0, -63.0, 0.0, 150, 150, 150
L -375.0, -63.0, 0.0, -371.0, -67.0, 0.0, 150, 150, 150
L -371.0, -67.0, 0.0, -366.0, -61.0, 0.0, 150, 150, 150
L -366.0, -61.0, 0.0, -361.0, -61.0, 0.0, 150, 150, 150
L -361.0, -61.0, 0.0, -354.0, -69.0, 0.0, 150, 150, 150
L -354.0, -69.0, 0.0, -353.0, -74.0, 0.0, 150, 150, 150
L -353.0, -74.0, 0.0, -359.0, -79.0, 0.0, 150, 150, 150
L -359.0, -79.0, 0.0, -355.0, -84.0, 0.0, 150, 150, 150
L -355.0, -84.0, 0.0, -359.0, -88.0, 0.0, 150, 150, 150
L -359.0, -88.0, 0.0, -363.0, -84.0, 0.0, 150, 150, 150
L -367.0, -85.0, 0.0, -356.0, -73.0, -1.0, 0, 0, 255
L -356.0, -73.0, -1.0, -356.0, -69.0, -2.0, 0, 0, 255
L -356.0, -69.0, -2.0, -361.0, -64.0, -3.0, 0, 0, 255
L -361.0, -64.0, -3.0, -365.0, -64.0, -3.0, 0, 0, 255
L -365.0, -64.0, -3.0, -379.0, -78.0, -4.0, 0, 0, 255
L -379.0, -78.0, -4.0, -379.0, -81.0, -3.0, 0, 0, 255
L -379.0, -81.0, -3.0, -373.0, -87.0, 1.0, 0, 0, 255
L -373.0, -87.0, 1.0, -369.0, -87.0, 1.0, 0, 0, 255
L -369.0, -87.0, 1.0, -367.0, -85.0, 0.0, 0, 0, 255
L 363.0, 174.0, 8.0, 363.0, 186.0, 8.0, 0, 0, 0
L 337.0, 125.0, 8.0, 329.0, 125.0, 8.0, 0, 0, 0
L 329.0, 125.0, 8.0, 329.0, 126.0, 8.0, 0, 0, 0
L 329.0, 126.0, 8.0, 329.0, 154.0, 8.0, 0, 0, 0
L 329.0, 154.0, 8.0, 330.0, 154.0, 8.0, 0, 0, 0
L 330.0, 154.0, 8.0, 336.0, 154.0, 8.0, 0, 0, 0
L 336.0, 154.0, 8.0, 336.0, 150.0, 8.0, 0, 0, 0
L 336.0, 150.0, 8.0, 342.0, 144.0, 8.0, 0, 0, 0
L 342.0, 144.0, 8.0, 377.0, 144.0, 8.0, 0, 0, 0
L 377.0, 144.0, 8.0, 383.0, 150.0, 8.0, 0, 0, 0
L 383.0, 150.0, 8.0, 383.0, 154.0, 8.0, 0, 0, 0
L 383.0, 154.0, 8.0, 384.0, 154.0, 8.0, 0, 0, 0
L 384.0, 154.0, 8.0, 389.0, 154.0, 8.0, 0, 0, 0
L 389.0, 154.0, 8.0, 390.0, 153.0, 8.0, 0, 0, 0
L 390.0, 153.0, 8.0, 390.0, 126.0, 8.0, 0, 0, 0
L 390.0, 126.0, 8.0, 389.0, 125.0, 8.0, 0, 0, 0
L 389.0, 125.0, 8.0, 382.0, 125.0, 8.0, 0, 0, 0
L 382.0, 125.0, 8.0, 337.0, 125.0, 8.0, 0, 0, 0
L 381.0, 99.0, 8.0, 381.0, 106.0, 8.0, 0, 0, 0
L 162.0, -266.0, 0.0, 126.0, -232.0, 12.0, 0, 0, 0
L 217.0, -167.0, 0.0, 236.0, -162.0, 0.0, 0, 0, 0
L 296.0, -134.0, 6.0, 288.0, -49.0, 4.0, 0, 0, 0
L -172.0, -24.0, 0.0, -172.0, -39.0, 0.0, 0, 0, 0
L -367.0, -35.0, 12.0, -367.0, -24.0, 12.0, 0, 204, 0
L -367.0, -24.0, 12.0, -333.0, -24.0, 12.0, 0, 204, 0
L -333.0, -24.0, 12.0, -333.0, -21.0, 12.0, 0, 204, 0
L -295.0, -48.0, 12.0, -294.0, -49.0, 12.0, 0, 204, 0
L -294.0, -59.0, 12.0, -296.0, -59.0, 12.0, 0, 204, 0
L -324.0, -23.0, 12.0, -323.0, -24.0, 12.0, 0, 204, 0
L -374.0, -39.0, 12.0, -374.0, -36.0, 12.0, 0, 204, 0
L -311.0, -34.0, 12.0, -312.2, -32.8, 12.0, 0, 204, 0
L -360.0, -36.0, 12.0, -355.0, -36.0, 12.0, 0, 204, 0
L -311.0, -35.0, 12.0, -311.0, -34.0, 12.0, 0, 204, 0
L -361.0, -45.0, 12.0, -367.0, -45.0, 12.0, 0, 204, 0
L -355.0, -36.0, 12.0, -355.0, -39.0, 12.0, 0, 204, 0
L -315.0, -59.0, 12.0, -317.0, -59.0, 12.0, 0, 204, 0
L -317.0, -49.0, 12.0, -315.0, -48.0, 12.0, 0, 204, 0
L -294.0, -49.0, 12.0, -294.0, -59.0, 12.0, 0, 204, 0
L -311.0, -79.0, 12.0, -315.0, -75.0, 12.0, 0, 204, 0
L -315.0, -60.0, 12.0, -315.0, -59.0, 12.0, 0, 204, 0
L -367.0, -45.0, 12.0, -374.0, -39.0, 12.0, 0, 204, 0
L -296.0, -75.0, 12.0, -300.0, -79.0, 12.0, 0, 204, 0
L -300.0, -24.0, 12.0, -300.0, -35.0, 12.0, 0, 204, 0
L -296.0, -59.0, 12.0, -296.0, -75.0, 12.0, 0, 204, 0
L -355.0, -39.0, 12.0, -361.0, -45.0, 12.0, 0, 204, 0
L -374.0, -36.0, 12.0, -367.0, -36.0, 12.0, 0, 204, 0
L -323.0, -24.0, 12.0, -300.0, -24.0, 12.0, 0, 204, 0
L -317.0, -59.0, 12.0, -317.0, -49.0, 12.0, 0, 204, 0
L -360.0, -32.8, 12.0, -360.0, -36.0, 12.0, 0, 204, 0
L -300.0, -35.0, 12.0, -295.0, -48.0, 12.0, 0, 204, 0
L -300.0, -79.0, 12.0, -311.0, -79.0, 12.0, 0, 204, 0
L -315.0, -48.0, 12.0, -311.0, -35.0, 12.0, 0, 204, 0
L -324.0, -21.0, 12.0, -324.0, -23.0, 12.0, 0, 204, 0
L -315.0, -75.0, 12.0, -315.0, -60.0, 12.0, 0, 204, 0
L -367.0, -36.0, 12.0, -367.0, -35.0, 12.0, 0, 204, 0
L -386.0, -33.0, 6.0, -386.0, -21.0, 6.0, 0, 0, 0
L -263.0, -21.0, -11.0, -266.0, -21.0, -9.0, 178, 102, 255
L -324.0, -12.0, 12.0, -333.0, -12.0, 12.0, 0, 204, 0
L -333.0, -21.0, 12.0, -336.0, -21.0, 11.0, 0, 204, 0
L -386.0, -12.0, 6.0, -382.0, -12.0, 6.0, 0, 204, 0
L -254.0, -12.0, -11.0, -263.0, -12.0, -11.0, 178, 102, 255
L -263.0, -12.0, -11.0, -266.0, -12.0, -9.0, 178, 102, 255
L -405.0, -21.0, 6.0, -405.0, -6.0, 6.0, 0, 0, 0
L -396.0, 3.0, 6.0, -405.0, 3.0, 6.0, 0, 0, 0
L -405.0, 3.0, 6.0, -406.0, 3.0, 5.0, 0, 0, 0
L -453.0, -57.0, 6.0, -453.0, -48.0, 6.0, 0, 0, 0
L -453.0, -48.0, 6.0, -453.0, -45.0, 5.0, 0, 0, 0
L -389.0, 32.0, 0.0, -407.0, 32.0, 0.0, 0, 0, 0
L -469.0, 69.0, 0.0, -469.0, 70.0, 0.0, 0, 0, 0
L -389.0, 31.0, 0.0, -389.0, 32.0, 0.0, 0, 0, 0
L -389.0, 22.0, 0.0, -389.0, 31.0, 0.0, 0, 0, 0
L -380.0, 22.0, 0.0, -389.0, 22.0, 0.0, 0, 0, 0
L -380.0, 51.0, 0.0, -380.0, 22.0, 0.0, 0, 0, 0
L -490.0, 97.0, 0.0, -490.0, 70.0, 0.0, 0, 0, 0
L -525.0, 97.0, 0.0, -490.0, 97.0, 0.0, 0, 0, 0
L -525.0, 86.0, 0.0, -525.0, 97.0, 0.0, 0, 0, 0
L -514.0, 86.0, 0.0, -525.0, 86.0, 0.0, 0, 0, 0
L -513.0, 85.0, 0.0, -514.0, 86.0, 0.0, 0, 0, 0
L -365.0, 77.0, 0.0, -364.0, 77.0, 0.0, 0, 0, 0
L -497.0, 70.0, 0.0, -497.0, 72.0, 0.0, 0, 0, 0
L -366.0, 77.0, 0.0, -365.0, 77.0, 0.0, 0, 0, 0
L -497.0, 69.0, 0.0, -497.0, 70.0, 0.0, 0, 0, 0
L -533.0, 69.0, 0.0, -497.0, 69.0, 0.0, 0, 0, 0
L -533.0, 46.0, 0.0, -533.0, 69.0, 0.0, 0, 0, 0
L -356.0, 113.0, 0.0, -356.0, 82.0, 0.0, 0, 0, 0
L -532.0, 46.0, 0.0, -533.0, 46.0, 0.0, 0, 0, 0
L -364.0, 77.0, 0.0, -364.0, 54.0, 0.0, 0, 0, 0
L -387.0, 113.0, 0.0, -356.0, 113.0, 0.0, 0, 0, 0
L -497.0, 72.0, 0.0, -513.0, 72.0, 0.0, 0, 0, 0
L -531.0, 46.0, 0.0, -532.0, 46.0, 0.0, 0, 0, 0
L -387.0, 82.0, 0.0, -387.0, 113.0, 0.0, 0, 0, 0
L -531.0, 42.0, 0.0, -531.0, 46.0, 0.0, 0, 0, 0
L -377.0, 82.0, 0.0, -387.0, 82.0, 0.0, 0, 0, 0
L -531.0, 41.0, 0.0, -531.0, 42.0, 0.0, 0, 0, 0
L -377.0, 77.0, 0.0, -377.0, 82.0, 0.0, 0, 0, 0
L -545.0, 41.0, 0.0, -531.0, 41.0, 0.0, 0, 0, 0
L -379.0, 77.0, 0.0, -377.0, 77.0, 0.0, 0, 0, 0
L -545.0, 4.0, 0.0, -545.0, 41.0, 0.0, 0, 0, 0
L -379.0, 69.0, 0.0, -379.0, 77.0, 0.0, 0, 0, 0
L -506.0, 4.0, 0.0, -545.0, 4.0, 0.0, 0, 0, 0
L -380.0, 69.0, 0.0, -379.0, 69.0, 0.0, 0, 0, 0
L -506.0, 41.0, 0.0, -506.0, 4.0, 0.0, 0, 0, 0
L -427.0, 69.0, 0.0, -380.0, 69.0, 0.0, 0, 0, 0
L -520.0, 46.0, 0.0, -520.0, 42.0, 0.0, 0, 0, 0
L -428.0, 69.0, 0.0, -427.0, 69.0, 0.0, 0, 0, 0
L -518.0, 53.0, 0.0, -518.0, 46.0, 0.0, 0, 0, 0
L -428.0, 72.0, 0.0, -428.0, 70.0, 0.0, 0, 0, 0
L -518.0, 54.0, 0.0, -518.0, 53.0, 0.0, 0, 0, 0
L -410.0, 93.0, 0.0, -410.0, 82.0, 0.0, 0, 0, 0
L -447.0, 93.0, 0.0, -410.0, 93.0, 0.0, 0, 0, 0
L -453.0, 49.0, 0.0, -453.0, 50.0, 0.0, 0, 0, 0
L -447.0, 72.0, 0.0, -447.0, 93.0, 0.0, 0, 0, 0
L -475.0, -29.0, 0.0, -475.0, 49.0, 0.0, 0, 0, 0
L -435.0, 72.0, 0.0, -447.0, 72.0, 0.0, 0, 0, 0
L -435.0, 70.0, 0.0, -435.0, 72.0, 0.0, 0, 0, 0
L -435.0, 69.0, 0.0, -435.0, 70.0, 0.0, 0, 0, 0
L -461.0, 69.0, 0.0, -435.0, 69.0, 0.0, 0, 0, 0
L -462.0, 69.0, 0.0, -461.0, 69.0, 0.0, 0, 0, 0
L -462.0, 70.0, 0.0, -462.0, 69.0, 0.0, 0, 0, 0
L -462.0, 72.0, 0.0, -462.0, 70.0, 0.0, 0, 0, 0
L -461.0, 72.0, 0.0, -462.0, 72.0, 0.0, 0, 0, 0
L -450.0, 72.0, 0.0, -461.0, 72.0, 0.0, 0, 0, 0
L -450.0, 93.0, 0.0, -450.0, 72.0, 0.0, 0, 0, 0
L -477.0, 93.0, 0.0, -450.0, 93.0, 0.0, 0, 0, 0
L -477.0, 83.0, 0.0, -477.0, 93.0, 0.0, 0, 0, 0
L -487.0, 83.0, 0.0, -477.0, 83.0, 0.0, 0, 0, 0
L -487.0, 72.0, 0.0, -487.0, 83.0, 0.0, 0, 0, 0
L -469.0, 72.0, 0.0, -487.0, 72.0, 0.0, 0, 0, 0
L -453.0, 54.0, 0.0, -518.0, 54.0, 0.0, 0, 0, 0
L -453.0, 50.0, 0.0, -453.0, 54.0, 0.0, 0, 0, 0
L -475.0, 49.0, 0.0, -453.0, 49.0, 0.0, 0, 0, 0
L -453.0, -29.0, 0.0, -475.0, -29.0, 0.0, 0, 0, 0
L -519.0, 41.0, 0.0, -506.0, 41.0, 0.0, 0, 0, 0
L -519.0, 46.0, 0.0, -520.0, 46.0, 0.0, 0, 0, 0
L -422.0, -29.0, 0.0, -443.0, -29.0, 0.0, 0, 0, 0
L -420.0, 72.0, 0.0, -428.0, 72.0, 0.0, 0, 0, 0
L -407.0, 32.0, 0.0, -407.0, 53.0, 0.0, 0, 0, 0
L -444.0, 50.0, 0.0, -443.0, 49.0, 0.0, 0, 0, 0
L -443.0, 49.0, 0.0, -422.0, 49.0, 0.0, 0, 0, 0
L -407.0, 54.0, 0.0, -443.0, 54.0, 0.0, 0, 0, 0
L -443.0, 54.0, 0.0, -444.0, 54.0, 0.0, 0, 0, 0
L -444.0, 54.0, 0.0, -444.0, 50.0, 0.0, 0, 0, 0
L 168.0, -175.0, 0.0, 166.0, -175.0, 0.0, 0, 0, 0
L 167.0, -178.0, 0.0, 168.0, -178.0, 0.0, 0, 0, 0
L 166.0, -178.0, 0.0, 167.0, -178.0, 0.0, 0, 0, 0
L 129.0, -190.0, 0.0, 129.0, -165.0, 0.0, 0, 0, 0
L 164.0, -175.0, 0.0, 163.0, -175.0, 0.0, 0, 0, 0
L 166.0, -190.0, 0.0, 129.0, -190.0, 0.0, 0, 0, 0
L 166.0, -178.0, 0.0, 166.0, -190.0, 0.0, 0, 0, 0
L 134.0, -187.0, 0.0, 134.0, -168.0, 0.0, 0, 0, 0
L 140.0, -187.0, 0.0, 134.0, -187.0, 0.0, 0, 0, 0
L 140.0, -177.0, 0.0, 140.0, -187.0, 0.0, 205, 133, 63
L 144.0, -177.0, 0.0, 140.0, -177.0, 0.0, 205, 133, 63
L 144.0, -187.0, 0.0, 144.0, -177.0, 0.0, 205, 133, 63
L 163.0, -187.0, 0.0, 144.0, -187.0, 0.0, 0, 0, 0
L 163.0, -175.0, 0.0, 163.0, -187.0, 0.0, 0, 0, 0
L 134.0, -168.0, 0.0, 166.0, -168.0, 0.0, 0, 0, 0
L 166.0, -175.0, 0.0, 164.0, -175.0, 0.0, 0, 0, 0
L -203.0, -98.0, 0.0, -204.0, -98.0, 0.0, 0, 0, 0
L -204.0, -98.0, 0.0, -206.0, -98.0, 0.0, 0, 0, 0
L -206.0, -98.0, 0.0, -206.0, -97.0, 0.0, 0, 0, 0
L -249.0, -74.0, 0.0, -249.0, -117.0, 0.0, 0, 0, 0
L -249.0, -117.0, 0.0, -230.0, -117.0, 0.0, 0, 0, 0
L -230.0, -117.0, 0.0, -230.0, -93.0, 0.0, 0, 0, 0
L -230.0, -93.0, 0.0, -229.0, -93.0, 0.0, 0, 0, 0
L -229.0, -93.0, 0.0, -226.0, -93.0, 0.0, 0, 0, 0
L -226.0, -93.0, 0.0, -226.0, -88.0, 0.0, 205, 133, 63
L -226.0, -88.0, 0.0, -236.0, -88.0, 0.0, 205, 133, 63
L -236.0, -88.0, 0.0, -236.0, -112.0, 0.0, 205, 133, 63
L -236.0, -112.0, 0.0, -237.0, -112.0, 0.0, 205, 133, 63
L -237.0, -112.0, 0.0, -240.0, -112.0, 0.0, 205, 133, 63
L -240.0, -112.0, 0.0, -240.0, -84.0, 0.0, 205, 133, 63
L -240.0, -84.0, 0.0, -222.0, -84.0, 0.0, 205, 133, 63
L -222.0, -84.0, 0.0, -222.0, -85.0, 0.0, 205, 133, 63
L -222.0, -85.0, 0.0, -222.0, -93.0, 0.0, 205, 133, 63
L -222.0, -93.0, 0.0, -213.0, -93.0, 0.0, 0, 0, 0
L -213.0, -93.0, 0.0, -213.0, -97.0, 0.0, 0, 0, 0
L -213.0, -98.0, 0.0, -216.0, -98.0, 0.0, 0, 0, 0
L -216.0, -98.0, 0.0, -216.0, -96.0, 0.0, 0, 0, 0
L -216.0, -96.0, 0.0, -227.0, -96.0, 0.0, 0, 0, 0
L -227.0, -96.0, 0.0, -227.0, -121.0, 0.0, 0, 0, 0
L -252.0, -121.0, 0.0, -252.0, -71.0, 0.0, 0, 0, 0
L -213.0, -97.0, 0.0, -213.0, -98.0, 0.0, 0, 0, 0
L -206.0, -97.0, 0.0, -206.0, -74.0, 0.0, 0, 0, 0
L -213.0, -97.0, 0.0, -211.0, -97.0, 0.0, 205, 133, 63
L -207.0, -96.0, 0.0, -211.0, -96.0, 0.0, 205, 133, 63
L -207.0, -98.0, 0.0, -211.0, -98.0, 0.0, 205, 133, 63
L -211.0, -96.0, 0.0, -211.0, -97.0, 0.0, 205, 133, 63
L -211.0, -97.0, 0.0, -211.0, -98.0, 0.0, 205, 133, 63
L -207.0, -96.0, 0.0, -207.0, -97.0, 0.0, 205, 133, 63
L -207.0, -97.0, 0.0, -206.0, -97.0, 0.0, 205, 133, 63
L -207.0, -97.0, 0.0, -207.0, -98.0, 0.0, 205, 133, 63
L -218.0, -139.0, 0.0, -234.0, -139.0, 0.0, 205, 133, 63
L -234.0, -144.0, 0.0, -234.0, -139.0, 0.0, 205, 133, 63
L -251.0, -156.0, 0.0, -251.0, -131.0, 0.0, 0, 0, 0
L -204.0, -156.0, 0.0, -204.0, -129.0, 0.0, 0, 0, 0
L -206.0, -130.0, 0.0, -206.0, -129.0, 0.0, 0, 0, 0
L -213.0, -130.0, 0.0, -211.0, -130.0, 0.0, 205, 133, 63
L -211.0, -129.0, 0.0, -207.0, -129.0, 0.0, 205, 133, 63
L -211.0, -131.0, 0.0, -207.0, -131.0, 0.0, 205, 133, 63
L -211.0, -129.0, 0.0, -211.0, -130.0, 0.0, 205, 133, 63
L -211.0, -130.0, 0.0, -211.0, -131.0, 0.0, 205, 133, 63
L -207.0, -129.0, 0.0, -207.0, -130.0, 0.0, 205, 133, 63
L -207.0, -130.0, 0.0, -206.0, -130.0, 0.0, 205, 133, 63
L -207.0, -130.0, 0.0, -207.0, -131.0, 0.0, 205, 133, 63
L -336.0, -192.0, 0.0, -338.0, -192.0, 0.0, 0, 0, 0
L -338.0, -179.0, 0.0, -338.0, -182.0, 0.0, 0, 0, 0
L -338.0, -189.0, 0.0, -338.0, -192.0, 0.0, 0, 0, 0
L -335.0, -182.0, 0.0, -333.0, -182.0, 0.0, 0, 0, 0
L -335.0, -189.0, 0.0, -338.0, -189.0, 0.0, 0, 0, 0
L -335.0, -182.0, 0.0, -335.0, -183.0, 0.0, 205, 133, 63
L -338.0, -183.0, 0.0, -338.0, -187.0, 0.0, 205, 133, 63
L -333.0, -183.0, 0.0, -333.0, -187.0, 0.0, 205, 133, 63
L -338.0, -183.0, 0.0, -335.0, -183.0, 0.0, 205, 133, 63
L -335.0, -183.0, 0.0, -333.0, -183.0, 0.0, 205, 133, 63
L -338.0, -187.0, 0.0, -335.0, -187.0, 0.0, 205, 133, 63
L -335.0, -187.0, 0.0, -335.0, -189.0, 0.0, 205, 133, 63
L -335.0, -187.0, 0.0, -333.0, -187.0, 0.0, 205, 133, 63
L -490.0, 69.0, 0.0, -490.0, 68.0, 0.0, 0, 0, 0
L -469.0, 69.0, 0.0, -490.0, 69.0, 0.0, 0, 0, 0
L -491.0, 71.0, 0.0, -495.0, 71.0, 0.0, 205, 133, 63
L -495.0, 69.0, 0.0, -491.0, 69.0, 0.0, 205, 133, 63
L -491.0, 71.0, 0.0, -491.0, 70.0, 0.0, 205, 133, 63
L -495.0, 71.0, 0.0, -495.0, 70.0, 0.0, 205, 133, 63
L -490.0, 70.0, 0.0, -490.0, 69.0, 0.0, 0, 0, 0
L -497.0, 70.0, 0.0, -495.0, 70.0, 0.0, 205, 133, 63
L -491.0, 70.0, 0.0, -491.0, 69.0, 0.0, 205, 133, 63
L -495.0, 70.0, 0.0, -495.0, 69.0, 0.0, 205, 133, 63
L -491.0, 70.0, 0.0, -490.0, 70.0, 0.0, 205, 133, 63
L -469.0, 70.0, 0.0, -469.0, 72.0, 0.0, 0, 0, 0
L -462.0, 70.0, 0.0, -463.0, 70.0, 0.0, 205, 133, 63
L -463.0, 71.0, 0.0, -467.0, 71.0, 0.0, 205, 133, 63
L -463.0, 69.0, 0.0, -467.0, 69.0, 0.0, 205, 133, 63
L -463.0, 71.0, 0.0, -463.0, 70.0, 0.0, 205, 133, 63
L -463.0, 70.0, 0.0, -463.0, 69.0, 0.0, 205, 133, 63
L -467.0, 71.0, 0.0, -467.0, 70.0, 0.0, 205, 133, 63
L -467.0, 70.0, 0.0, -469.0, 70.0, 0.0, 205, 133, 63
L -467.0, 70.0, 0.0, -467.0, 69.0, 0.0, 205, 133, 63
L -420.0, 72.0, 0.0, -420.0, 82.0, 0.0, 0, 0, 0
L -410.0, 82.0, 0.0, -420.0, 82.0, 0.0, 0, 0, 0
L -428.0, 70.0, 0.0, -428.0, 69.0, 0.0, 0, 0, 0
L -435.0, 70.0, 0.0, -433.0, 70.0, 0.0, 205, 133, 63
L -433.0, 69.0, 0.0, -429.0, 69.0, 0.0, 205, 133, 63
L -429.0, 71.0, 0.0, -433.0, 71.0, 0.0, 205, 133, 63
L -429.0, 69.0, 0.0, -429.0, 70.0, 0.0, 205, 133, 63
L -429.0, 70.0, 0.0, -428.0, 70.0, 0.0, 205, 133, 63
L -429.0, 70.0, 0.0, -429.0, 71.0, 0.0, 205, 133, 63
L -433.0, 69.0, 0.0, -433.0, 70.0, 0.0, 205, 133, 63
L -433.0, 70.0, 0.0, -433.0, 71.0, 0.0, 205, 133, 63
L -366.0, 77.0, 0.0, -366.0, 82.0, 0.0, 0, 0, 0
L -356.0, 82.0, 0.0, -366.0, 82.0, 0.0, 0, 0, 0
L -400.0, 51.0, 0.0, -400.0, 53.0, 0.0, 0, 0, 0
L -364.0, 54.0, 0.0, -400.0, 54.0, 0.0, 0, 0, 0
L -380.0, 51.0, 0.0, -400.0, 51.0, 0.0, 0, 0, 0
L -405.0, 52.0, 0.0, -401.0, 52.0, 0.0, 205, 133, 63
L -401.0, 54.0, 0.0, -405.0, 54.0, 0.0, 205, 133, 63
L -401.0, 52.0, 0.0, -401.0, 53.0, 0.0, 205, 133, 63
L -405.0, 52.0, 0.0, -405.0, 53.0, 0.0, 205, 133, 63
L -407.0, 53.0, 0.0, -407.0, 54.0, 0.0, 0, 0, 0
L -400.0, 53.0, 0.0, -400.0, 54.0, 0.0, 0, 0, 0
L -407.0, 53.0, 0.0, -405.0, 53.0, 0.0, 205, 133, 63
L -401.0, 53.0, 0.0, -401.0, 54.0, 0.0, 205, 133, 63
L -405.0, 53.0, 0.0, -405.0, 54.0, 0.0, 205, 133, 63
L -401.0, 53.0, 0.0, -400.0, 53.0, 0.0, 205, 133, 63
L -408.0, -144.0, 0.0, -359.0, -144.0, 0.0, 0, 0, 0
L -359.0, -117.0, 0.0, -359.0, -144.0, 0.0, 0, 0, 0
L -372.0, -117.0, 0.0, -371.0, -117.0, 0.0, 0, 0, 0
L -362.0, -117.0, 0.0, -359.0, -117.0, 0.0, 0, 0, 0
L -371.0, -117.0, 0.0, -369.0, -117.0, 0.0, 0, 0, 0
L -369.0, -118.0, 0.0, -369.0, -117.0, 0.0, 0, 0, 0
L -369.0, -118.0, 0.0, -367.0, -118.0, 0.0, 205, 133, 63
L -367.0, -119.0, 0.0, -363.0, -119.0, 0.0, 205, 133, 63
L -363.0, -117.0, 0.0, -367.0, -117.0, 0.0, 205, 133, 63
L -363.0, -119.0, 0.0, -363.0, -118.0, 0.0, 205, 133, 63
L -363.0, -118.0, 0.0, -362.0, -118.0, 0.0, 205, 133, 63
L -363.0, -118.0, 0.0, -363.0, -117.0, 0.0, 205, 133, 63
L -367.0, -119.0, 0.0, -367.0, -118.0, 0.0, 205, 133, 63
L -367.0, -118.0, 0.0, -367.0, -117.0, 0.0, 205, 133, 63
L -391.0, -177.0, 0.0, -386.0, -177.0, 0.0, 0, 0, 0
L -386.0, -177.0, 0.0, -381.0, -177.0, 0.0, 0, 0, 0
L -381.0, -177.0, 0.0, -358.0, -177.0, 0.0, 0, 0, 0
L -357.0, -180.0, 0.0, -357.0, -179.0, 0.0, 0, 0, 0
L -357.0, -179.0, 0.0, -357.0, -177.0, 0.0, 0, 0, 0
L -357.0, -179.0, 0.0, -396.0, -179.0, 0.0, 0, 0, 0
L -396.0, -179.0, 0.0, -407.0, -179.0, 3.0, 0, 0, 0
L -358.0, -170.0, 0.0, -362.0, -170.0, 0.0, 0, 0, 0
L -358.0, -177.0, 0.0, -357.0, -177.0, 0.0, 0, 0, 0
L -358.0, -177.0, 0.0, -358.0, -175.0, 0.0, 205, 133, 63
L -357.0, -175.0, 0.0, -357.0, -171.0, 0.0, 205, 133, 63
L -360.0, -171.0, 0.0, -360.0, -175.0, 0.0, 205, 133, 63
L -357.0, -175.0, 0.0, -358.0, -175.0, 0.0, 205, 133, 63
L -358.0, -175.0, 0.0, -360.0, -175.0, 0.0, 205, 133, 63
L -357.0, -171.0, 0.0, -358.0, -171.0, 0.0, 205, 133, 63
L -358.0, -171.0, 0.0, -358.0, -170.0, 0.0, 205, 133, 63
L -358.0, -171.0, 0.0, -360.0, -171.0, 0.0, 205, 133, 63
L 129.0, -165.0, 0.0, 168.0, -165.0, 0.0, 0, 0, 0
L 168.0, -178.0, 0.0, 168.0, -175.0, 0.0, 0, 0, 0
L 168.0, -168.0, 0.0, 168.0, -165.0, 0.0, 0, 0, 0
L 166.0, -168.0, 0.0, 168.0, -168.0, 0.0, 0, 0, 0
L 166.0, -175.0, 0.0, 166.0, -173.0, 0.0, 205, 133, 63
L 168.0, -173.0, 0.0, 168.0, -169.0, 0.0, 205, 133, 63
L 165.0, -169.0, 0.0, 165.0, -173.0, 0.0, 205, 133, 63
L 168.0, -173.0, 0.0, 166.0, -173.0, 0.0, 205, 133, 63
L 166.0, -173.0, 0.0, 165.0, -173.0, 0.0, 205, 133, 63
L 168.0, -169.0, 0.0, 166.0, -169.0, 0.0, 205, 133, 63
L 166.0, -169.0, 0.0, 166.0, -168.0, 0.0, 205, 133, 63
L 166.0, -169.0, 0.0, 165.0, -169.0, 0.0, 205, 133, 63
L 199.0, -236.0, 0.0, 199.0, -259.0, 0.0, 0, 0, 0
L 192.0, -236.0, 0.0, 192.0, -235.0, 0.0, 0, 0, 0
L 192.0, -236.0, 0.0, 193.0, -236.0, 0.0, 205, 133, 63
L 193.0, -235.0, 0.0, 197.0, -235.0, 0.0, 205, 133, 63
L 197.0, -238.0, 0.0, 193.0, -238.0, 0.0, 205, 133, 63
L 197.0, -235.0, 0.0, 197.0, -236.0, 0.0, 205, 133, 63
L 197.0, -236.0, 0.0, 199.0, -236.0, 0.0, 205, 133, 63
L 197.0, -236.0, 0.0, 197.0, -238.0, 0.0, 205, 133, 63
L 193.0, -235.0, 0.0, 193.0, -236.0, 0.0, 205, 133, 63
L 193.0, -236.0, 0.0, 193.0, -238.0, 0.0, 205, 133, 63
L 380.0, 42.0, 8.0, 421.0, 42.0, 8.0, 0, 0, 0
L 380.0, 49.0, 8.0, 379.0, 49.0, 8.0, 0, 0, 0
L 380.0, 49.0, 8.0, 380.0, 47.0, 8.0, 205, 133, 63
L 337.0, 49.0, 8.0, 309.0, 49.0, 8.0, 0, 0, 0
L 339.0, 42.0, 8.0, 340.0, 42.0, 8.0, 0, 0, 0
L 340.0, 41.0, 8.0, 340.0, 42.0, 8.0, 0, 0, 0
L 337.0, 49.0, 8.0, 340.0, 49.0, 8.0, 0, 0, 0
L 337.0, 42.0, 8.0, 339.0, 42.0, 8.0, 0, 0, 0
L 337.0, 49.0, 8.0, 337.0, 47.0, 8.0, 205, 133, 63
L 340.0, 47.0, 8.0, 340.0, 43.0, 8.0, 205, 133, 63
L 335.0, 47.0, 8.0, 335.0, 43.0, 8.0, 205, 133, 63
L 340.0, 43.0, 8.0, 337.0, 43.0, 8.0, 205, 133, 63
L 337.0, 43.0, 8.0, 337.0, 42.0, 8.0, 205, 133, 63
L 337.0, 43.0, 8.0, 335.0, 43.0, 8.0, 205, 133, 63
L 340.0, 47.0, 8.0, 337.0, 47.0, 8.0, 205, 133, 63
L 337.0, 47.0, 8.0, 335.0, 47.0, 8.0, 205, 133, 63
L 382.0, 47.0, 8.0, 382.0, 43.0, 8.0, 205, 133, 63
L 379.0, 43.0, 8.0, 379.0, 47.0, 8.0, 205, 133, 63
L 382.0, 43.0, 8.0, 380.0, 43.0, 8.0, 205, 133, 63
L 380.0, 43.0, 8.0, 380.0, 42.0, 8.0, 205, 133, 63
L 380.0, 43.0, 8.0, 379.0, 43.0, 8.0, 205, 133, 63
L 382.0, 47.0, 8.0, 380.0, 47.0, 8.0, 205, 133, 63
L 380.0, 47.0, 8.0, 379.0, 47.0, 8.0, 205, 133, 63
L 356.0, 174.0, 8.0, 356.0, 173.0, 8.0, 0, 0, 0
L 363.0, 174.0, 8.0, 361.0, 174.0, 8.0, 205, 133, 63
L 361.0, 173.0, 8.0, 357.0, 173.0, 8.0, 205, 133, 63
L 361.0, 176.0, 8.0, 357.0, 176.0, 8.0, 205, 133, 63
L 361.0, 173.0, 8.0, 361.0, 174.0, 8.0, 205, 133, 63
L 361.0, 174.0, 8.0, 361.0, 176.0, 8.0, 205, 133, 63
L 357.0, 173.0, 8.0, 357.0, 174.0, 8.0, 205, 133, 63
L 357.0, 174.0, 8.0, 356.0, 174.0, 8.0, 205, 133, 63
L 357.0, 174.0, 8.0, 357.0, 176.0, 8.0, 205, 133, 63
L 340.0, -3.0, 8.0, 340.0, -1.0, 8.0, 0, 0, 0
L 379.0, 5.0, 8.0, 380.0, 5.0, 8.0, 0, 0, 0
L 407.0, 5.0, 17.0, 400.0, 4.0, 17.0, 0, 204, 0
L 400.0, 4.0, 17.0, 397.0, 4.0, 15.0, 0, 204, 0
L 380.0, 5.0, 8.0, 382.0, 5.0, 8.0, 0, 0, 0
L 380.0, 5.0, 8.0, 380.0, 3.0, 8.0, 205, 133, 63
L 379.0, 3.0, 8.0, 379.0, 0.0, 8.0, 205, 133, 63
L 382.0, 3.0, 8.0, 382.0, 0.0, 8.0, 205, 133, 63
L 379.0, 0.0, 8.0, 380.5, 0.0, 8.0, 205, 133, 63
L 379.0, 3.0, 8.0, 380.0, 3.0, 8.0, 205, 133, 63
L 380.0, 3.0, 8.0, 382.0, 3.0, 8.0, 205, 133, 63
L 312.0, 5.0, 17.0, 319.0, 5.0, 17.0, 0, 204, 0
L 319.0, -10.0, 17.0, 319.0, -1.0, 17.0, 0, 204, 0
L 319.0, 5.0, 17.0, 320.0, 5.0, 15.0, 0, 204, 0
L 344.0, -10.0, 26.0, 344.0, -17.0, 26.0, 0, 204, 0
L 344.0, -26.0, 28.0, 344.0, -17.0, 26.0, 0, 204, 0
L 375.0, -10.0, 26.0, 382.0, -10.0, 26.0, 0, 204, 0
L 382.0, -10.0, 26.0, 384.0, -10.0, 24.0, 0, 204, 0
L 407.0, -17.0, 17.0, 400.0, -17.0, 17.0, 0, 204, 0
L 382.0, -17.0, 26.0, 384.0, -17.0, 24.0, 0, 204, 0
L 335.0, -93.0, 0.0, 346.0, -94.0, 0.0, 0, 0, 0
L 213.0, -216.0, 0.0, 211.0, -216.0, 0.0, 0, 0, 0
L 213.0, -223.0, 0.0, 215.0, -223.0, 0.0, 0, 0, 0
L 213.0, -216.0, 0.0, 213.0, -217.0, 0.0, 205, 133, 63
L 211.0, -217.0, 0.0, 211.0, -221.0, 0.0, 205, 133, 63
L 215.0, -221.0, 0.0, 215.0, -217.0, 0.0, 205, 133, 63
L 211.0, -221.0, 0.0, 213.0, -221.0, 0.0, 205, 133, 63
L 213.0, -221.0, 0.0, 213.0, -223.0, 0.0, 205, 133, 63
L 213.0, -221.0, 0.0, 215.0, -221.0, 0.0, 205, 133, 63
L 211.0, -217.0, 0.0, 213.0, -217.0, 0.0, 205, 133, 63
L 213.0, -217.0, 0.0, 215.0, -217.0, 0.0, 205, 133, 63
L 238.0, -235.0, 11.0, 259.0, -235.0, 11.0, 0, 204, 0
L 238.0, -235.0, 11.0, 238.0, -214.0, 11.0, 0, 204, 0
L 241.0, -214.0, 0.0, 225.0, -214.0, 0.0, 0, 0, 0
L 225.0, -204.0, 0.0, 216.0, -204.0, 0.0, 0, 0, 0
L 216.0, -204.0, 0.0, 216.0, -215.0, 0.0, 0, 0, 0
L 216.0, -215.0, 0.0, 215.0, -216.0, 0.0, 0, 0, 0
L 225.0, -204.0, 0.0, 225.0, -214.0, 0.0, 150, 150, 150
L 241.0, -204.0, 11.0, 259.0, -204.0, 11.0, 0, 204, 0
L 238.0, -204.0, 11.0, 241.0, -204.0, 11.0, 0, 204, 0
L 238.0, -214.0, 11.0, 238.0, -204.0, 11.0, 150, 150, 150
L 238.0, -214.0, 11.0, 236.0, -214.0, 9.0, 0, 204, 0
L 238.0, -204.0, 11.0, 236.0, -204.0, 9.0, 0, 204, 0
L 231.0, -214.0, 5.0, 229.0, -214.0, 4.0, 0, 204, 0
L 231.0, -204.0, 5.0, 229.0, -204.0, 4.0, 0, 204, 0
L 231.0, -214.0, 5.0, 231.0, -204.0, 5.0, 150, 150, 150
L 234.0, -214.0, 8.0, 233.0, -214.0, 6.0, 0, 204, 0
L 234.0, -204.0, 8.0, 233.0, -204.0, 6.0, 0, 204, 0
L 234.0, -214.0, 8.0, 234.0, -204.0, 8.0, 150, 150, 150
L 228.0, -214.0, 2.0, 226.0, -214.0, 1.0, 0, 204, 0
L 228.0, -204.0, 2.0, 226.0, -204.0, 1.0, 0, 204, 0
L 228.0, -214.0, 2.0, 228.0, -204.0, 2.0, 150, 150, 150
L 229.0, -214.0, 4.0, 228.0, -214.0, 2.0, 0, 204, 0
L 229.0, -204.0, 4.0, 228.0, -204.0, 2.0, 0, 204, 0
L 229.0, -214.0, 4.0, 229.0, -204.0, 4.0, 150, 150, 150
L 226.0, -214.0, 1.0, 225.0, -214.0, 0.0, 0, 204, 0
L 226.0, -204.0, 1.0, 225.0, -204.0, 0.0, 0, 204, 0
L 226.0, -214.0, 1.0, 226.0, -204.0, 1.0, 150, 150, 150
L 233.0, -214.0, 6.0, 231.0, -214.0, 5.0, 0, 204, 0
L 233.0, -204.0, 6.0, 231.0, -204.0, 5.0, 0, 204, 0
L 233.0, -214.0, 6.0, 233.0, -204.0, 6.0, 150, 150, 150
L 236.0, -214.0, 9.0, 234.0, -214.0, 8.0, 0, 204, 0
L 236.0, -204.0, 9.0, 234.0, -204.0, 8.0, 0, 204, 0
L 236.0, -214.0, 9.0, 236.0, -204.0, 9.0, 150, 150, 150
L 211.0, -213.0, 0.0, 213.0, -213.0, 0.0, 0, 0, 0
L 237.0, -201.0, 0.0, 214.0, -201.0, 0.0, 0, 0, 0
L 214.0, -201.0, 0.0, 213.0, -201.0, 0.0, 0, 0, 0
L 213.0, -213.0, 0.0, 213.0, -202.0, 0.0, 0, 0, 0
L 213.0, -202.0, 0.0, 213.0, -201.0, 0.0, 0, 0, 0
L 240.0, -180.0, -5.0, 259.0, -180.0, -5.0, 0, 0, 0
L 250.0, -204.0, 0.0, 259.0, -204.0, 0.0, 150, 150, 150
L 259.0, -189.0, -5.0, 259.0, -180.0, -5.0, 0, 0, 0
L 250.0, -189.0, -5.0, 259.0, -189.0, -5.0, 150, 150, 150
L 259.0, -204.0, 0.0, 259.0, -202.0, 0.0, 0, 0, 0
L 250.0, -204.0, 0.0, 250.0, -202.0, 0.0, 0, 0, 0
L 250.0, -196.0, -2.0, 250.0, -194.0, -3.0, 0, 0, 0
L 259.0, -196.0, -2.0, 259.0, -194.0, -3.0, 0, 0, 0
L 250.0, -196.0, -2.0, 259.0, -196.0, -2.0, 150, 150, 150
L 250.0, -200.0, -1.0, 250.0, -198.0, -1.0, 0, 0, 0
L 259.0, -200.0, -1.0, 259.0, -198.0, -1.0, 0, 0, 0
L 250.0, -200.0, -1.0, 259.0, -200.0, -1.0, 150, 150, 150
L 250.0, -192.0, -3.0, 250.0, -190.0, -4.0, 0, 0, 0
L 259.0, -192.0, -3.0, 259.0, -190.0, -4.0, 0, 0, 0
L 250.0, -192.0, -3.0, 259.0, -192.0, -3.0, 150, 150, 150
L 250.0, -190.0, -4.0, 250.0, -189.0, -5.0, 0, 0, 0
L 259.0, -190.0, -4.0, 259.0, -189.0, -5.0, 0, 0, 0
L 250.0, -190.0, -4.0, 259.0, -190.0, -4.0, 150, 150, 150
L 250.0, -194.0, -3.0, 250.0, -192.0, -3.0, 0, 0, 0
L 259.0, -194.0, -3.0, 259.0, -192.0, -3.0, 0, 0, 0
L 250.0, -194.0, -3.0, 259.0, -194.0, -3.0, 150, 150, 150
L 250.0, -198.0, -1.0, 250.0, -196.0, -2.0, 0, 0, 0
L 259.0, -198.0, -1.0, 259.0, -196.0, -2.0, 0, 0, 0
L 250.0, -198.0, -1.0, 259.0, -198.0, -1.0, 150, 150, 150
L 250.0, -202.0, 0.0, 250.0, -200.0, -1.0, 0, 0, 0
L 259.0, -202.0, 0.0, 259.0, -200.0, -1.0, 0, 0, 0
L 250.0, -202.0, 0.0, 259.0, -202.0, 0.0, 150, 150, 150
L 248.0, -189.0, -5.0, 240.0, -189.0, -5.0, 150, 150, 150
L 248.0, -203.0, -11.0, 248.0, -204.0, -11.0, 178, 102, 255
L 261.0, -204.0, -11.0, 248.0, -204.0, -11.0, 178, 102, 255
L 240.0, -204.0, -11.0, 233.0, -204.0, -11.0, 178, 102, 255
L 248.0, -201.0, -11.0, 248.0, -203.0, -11.0, 178, 102, 255
L 240.0, -201.0, -11.0, 240.0, -204.0, -11.0, 178, 102, 255
L 248.0, -201.0, -11.0, 240.0, -201.0, -11.0, 150, 150, 150
L 248.0, -189.0, -5.0, 248.0, -190.0, -5.0, 178, 102, 255
L 240.0, -201.0, -11.0, 240.0, -199.0, -10.0, 178, 102, 255
L 248.0, -195.0, -8.0, 248.0, -196.0, -8.0, 178, 102, 255
L 240.0, -195.0, -8.0, 240.0, -193.0, -7.0, 178, 102, 255
L 248.0, -195.0, -8.0, 240.0, -195.0, -8.0, 150, 150, 150
L 248.0, -192.0, -6.0, 248.0, -193.0, -7.0, 178, 102, 255
L 240.0, -192.0, -6.0, 240.0, -190.0, -5.0, 178, 102, 255
L 248.0, -192.0, -6.0, 240.0, -192.0, -6.0, 150, 150, 150
L 248.0, -190.0, -5.0, 248.0, -192.0, -6.0, 178, 102, 255
L 240.0, -190.0, -5.0, 240.0, -189.0, -5.0, 178, 102, 255
L 248.0, -190.0, -5.0, 240.0, -190.0, -5.0, 150, 150, 150
L 248.0, -193.0, -7.0, 248.0, -195.0, -8.0, 178, 102, 255
L 240.0, -193.0, -7.0, 240.0, -192.0, -6.0, 178, 102, 255
L 248.0, -193.0, -7.0, 240.0, -193.0, -7.0, 150, 150, 150
L 248.0, -198.0, -9.0, 248.0, -199.0, -10.0, 178, 102, 255
L 240.0, -198.0, -9.0, 240.0, -196.0, -8.0, 178, 102, 255
L 248.0, -198.0, -9.0, 240.0, -198.0, -9.0, 150, 150, 150
L 248.0, -196.0, -8.0, 248.0, -198.0, -9.0, 178, 102, 255
L 240.0, -196.0, -8.0, 240.0, -195.0, -8.0, 178, 102, 255
L 248.0, -196.0, -8.0, 240.0, -196.0, -8.0, 150, 150, 150
L 248.0, -199.0, -10.0, 248.0, -201.0, -11.0, 178, 102, 255
L 240.0, -199.0, -10.0, 240.0, -198.0, -9.0, 178, 102, 255
L 248.0, -199.0, -10.0, 240.0, -199.0, -10.0, 150, 150, 150
L -333.0, -21.0, 12.0, -333.0, -12.0, 12.0, 155, 155, 155
L -324.0, -21.0, 12.0, -324.0, -12.0, 12.0, 155, 155, 155
L -386.0, -21.0, 6.0, -386.0, -12.0, 6.0, 150, 150, 150
L -263.0, -21.0, -11.0, -263.0, -12.0, -11.0, 155, 155, 155
L -293.0, -21.0, 0.0, -297.0, -21.0, 1.0, 178, 102, 255
L -293.0, -12.0, 0.0, -297.0, -12.0, 1.0, 178, 102, 255
L -293.0, -21.0, 0.0, -293.0, -12.0, 0.0, 155, 155, 155
L -359.0, -21.0, 9.0, -362.0, -21.0, 8.0, 0, 204, 0
L -359.0, -12.0, 9.0, -356.0, -12.0, 9.0, 0, 204, 0
L -359.0, -21.0, 9.0, -359.0, -12.0, 9.0, 155, 155, 155
L -372.0, -21.0, 7.0, -376.0, -21.0, 7.0, 0, 204, 0
L -372.0, -12.0, 7.0, -369.0, -12.0, 7.0, 0, 204, 0
L -372.0, -21.0, 7.0, -372.0, -12.0, 7.0, 155, 155, 155
L -346.0, -21.0, 10.0, -349.0, -21.0, 10.0, 0, 204, 0
L -346.0, -12.0, 10.0, -342.0, -12.0, 10.0, 0, 204, 0
L -346.0, -21.0, 10.0, -346.0, -12.0, 10.0, 155, 155, 155
L -308.0, -21.0, 6.0, -312.0, -21.0, 7.0, 178, 102, 255
L -308.0, -12.0, 6.0, -312.0, -12.0, 7.0, 178, 102, 255
L -308.0, -21.0, 6.0, -308.0, -12.0, 6.0, 155, 155, 155
L -301.0, -21.0, 3.0, -304.0, -21.0, 4.0, 178, 102, 255
L -301.0, -12.0, 3.0, -304.0, -12.0, 4.0, 178, 102, 255
L -301.0, -21.0, 3.0, -301.0, -12.0, 3.0, 155, 155, 155
L -278.0, -21.0, -5.0, -282.0, -21.0, -3.0, 178, 102, 255
L -278.0, -12.0, -5.0, -282.0, -12.0, -3.0, 178, 102, 255
L -278.0, -21.0, -5.0, -278.0, -12.0, -5.0, 155, 155, 155
L -270.0, -21.0, -8.0, -274.0, -21.0, -6.0, 178, 102, 255
L -270.0, -12.0, -8.0, -274.0, -12.0, -6.0, 178, 102, 255
L -270.0, -21.0, -8.0, -270.0, -12.0, -8.0, 155, 155, 155
L -285.0, -21.0, -2.0, -289.0, -21.0, 0.0, 178, 102, 255
L -285.0, -12.0, -2.0, -289.0, -12.0, 0.0, 178, 102, 255
L -285.0, -21.0, -2.0, -285.0, -12.0, -2.0, 155, 155, 155
L -316.0, -21.0, 9.0, -320.0, -21.0, 10.0, 178, 102, 255
L -316.0, -12.0, 9.0, -320.0, -12.0, 10.0, 178, 102, 255
L -316.0, -21.0, 9.0, -316.0, -12.0, 9.0, 155, 155, 155
L -339.0, -21.0, 11.0, -342.0, -21.0, 10.0, 0, 204, 0
L -339.0, -12.0, 11.0, -336.0, -12.0, 11.0, 0, 204, 0
L -339.0, -21.0, 11.0, -339.0, -12.0, 11.0, 155, 155, 155
L -352.0, -21.0, 9.0, -356.0, -21.0, 9.0, 0, 204, 0
L -352.0, -12.0, 9.0, -349.0, -12.0, 10.0, 0, 204, 0
L -352.0, -21.0, 9.0, -352.0, -12.0, 9.0, 155, 155, 155
L -366.0, -21.0, 8.0, -369.0, -21.0, 7.0, 0, 204, 0
L -366.0, -12.0, 8.0, -362.0, -12.0, 8.0, 0, 204, 0
L -366.0, -21.0, 8.0, -366.0, -12.0, 8.0, 155, 155, 155
L -379.0, -21.0, 6.0, -382.0, -21.0, 6.0, 0, 204, 0
L -379.0, -12.0, 6.0, -376.0, -12.0, 7.0, 0, 204, 0
L -379.0, -21.0, 6.0, -379.0, -12.0, 6.0, 155, 155, 155
L -382.0, -21.0, 6.0, -386.0, -21.0, 6.0, 0, 204, 0
L -382.0, -12.0, 6.0, -379.0, -12.0, 6.0, 0, 204, 0
L -382.0, -21.0, 6.0, -382.0, -12.0, 6.0, 155, 155, 155
L -376.0, -21.0, 7.0, -379.0, -21.0, 6.0, 0, 204, 0
L -376.0, -12.0, 7.0, -372.0, -12.0, 7.0, 0, 204, 0
L -376.0, -21.0, 7.0, -376.0, -12.0, 7.0, 155, 155, 155
L -369.0, -21.0, 7.0, -372.0, -21.0, 7.0, 0, 204, 0
L -369.0, -12.0, 7.0, -366.0, -12.0, 8.0, 0, 204, 0
L -369.0, -21.0, 7.0, -369.0, -12.0, 7.0, 155, 155, 155
L -362.0, -21.0, 8.0, -366.0, -21.0, 8.0, 0, 204, 0
L -362.0, -12.0, 8.0, -359.0, -12.0, 9.0, 0, 204, 0
L -362.0, -21.0, 8.0, -362.0, -12.0, 8.0, 155, 155, 155
L -356.0, -21.0, 9.0, -359.0, -21.0, 9.0, 0, 204, 0
L -356.0, -12.0, 9.0, -352.0, -12.0, 9.0, 0, 204, 0
L -356.0, -21.0, 9.0, -356.0, -12.0, 9.0, 155, 155, 155
L -349.0, -21.0, 10.0, -352.0, -21.0, 9.0, 0, 204, 0
L -349.0, -12.0, 10.0, -346.0, -12.0, 10.0, 0, 204, 0
L -349.0, -21.0, 10.0, -349.0, -12.0, 10.0, 155, 155, 155
L -342.0, -21.0, 10.0, -346.0, -21.0, 10.0, 0, 204, 0
L -342.0, -12.0, 10.0, -339.0, -12.0, 11.0, 0, 204, 0
L -342.0, -21.0, 10.0, -342.0, -12.0, 10.0, 155, 155, 155
L -336.0, -21.0, 11.0, -339.0, -21.0, 11.0, 0, 204, 0
L -336.0, -12.0, 11.0, -333.0, -12.0, 12.0, 0, 204, 0
L -336.0, -21.0, 11.0, -336.0, -12.0, 11.0, 155, 155, 155
L -320.0, -21.0, 10.0, -324.0, -21.0, 12.0, 178, 102, 255
L -320.0, -12.0, 10.0, -324.0, -12.0, 12.0, 178, 102, 255
L -320.0, -21.0, 10.0, -320.0, -12.0, 10.0, 155, 155, 155
L -312.0, -21.0, 7.0, -316.0, -21.0, 9.0, 178, 102, 255
L -312.0, -12.0, 7.0, -316.0, -12.0, 9.0, 178, 102, 255
L -312.0, -21.0, 7.0, -312.0, -12.0, 7.0, 155, 155, 155
L -304.0, -21.0, 4.0, -308.0, -21.0, 6.0, 178, 102, 255
L -304.0, -12.0, 4.0, -308.0, -12.0, 6.0, 178, 102, 255
L -304.0, -21.0, 4.0, -304.0, -12.0, 4.0, 155, 155, 155
L -297.0, -21.0, 1.0, -301.0, -21.0, 3.0, 178, 102, 255
L -297.0, -12.0, 1.0, -301.0, -12.0, 3.0, 178, 102, 255
L -297.0, -21.0, 1.0, -297.0, -12.0, 1.0, 155, 155, 155
L -289.0, -21.0, 0.0, -293.0, -21.0, 0.0, 178, 102, 255
L -289.0, -12.0, 0.0, -293.0, -12.0, 0.0, 178, 102, 255
L -289.0, -21.0, 0.0, -289.0, -12.0, 0.0, 155, 155, 155
L -282.0, -21.0, -3.0, -285.0, -21.0, -2.0, 178, 102, 255
L -282.0, -12.0, -3.0, -285.0, -12.0, -2.0, 178, 102, 255
L -282.0, -21.0, -3.0, -282.0, -12.0, -3.0, 155, 155, 155
L -274.0, -21.0, -6.0, -278.0, -21.0, -5.0, 178, 102, 255
L -274.0, -12.0, -6.0, -278.0, -12.0, -5.0, 178, 102, 255
L -274.0, -21.0, -6.0, -274.0, -12.0, -6.0, 155, 155, 155
L -266.0, -21.0, -9.0, -270.0, -21.0, -8.0, 178, 102, 255
L -266.0, -12.0, -9.0, -270.0, -12.0, -8.0, 178, 102, 255
L -266.0, -21.0, -9.0, -266.0, -12.0, -9.0, 155, 155, 155
L -419.0, -72.0, 12.0, -422.0, -72.0, 12.0, 0, 0, 0
L -422.0, -71.0, 12.0, -422.0, -72.0, 12.0, 0, 0, 0
L -422.0, -59.0, 6.0, -422.0, -57.0, 6.0, 0, 0, 0
L -453.0, -57.0, 6.0, -432.0, -57.0, 6.0, 0, 0, 0
L -422.0, -57.0, 6.0, -410.0, -57.0, 6.0, 0, 0, 0
L -432.0, -57.0, 6.0, -431.0, -57.0, 6.0, 0, 0, 0
L -395.0, -68.0, 0.0, -375.0, -48.0, 0.0, 150, 150, 150
L -394.0, -56.0, 6.0, -387.0, -49.0, 6.0, 150, 150, 150
L -394.0, -62.0, 3.0, -394.0, -59.0, 4.0, 0, 0, 0
L -381.0, -48.0, 3.0, -378.0, -48.0, 1.0, 0, 0, 0
L -394.0, -62.0, 3.0, -381.0, -48.0, 3.0, 150, 150, 150
L -384.0, -48.0, 4.0, -381.0, -48.0, 3.0, 0, 0, 0
L -394.0, -59.0, 4.0, -394.0, -56.0, 6.0, 0, 0, 0
L -384.0, -48.0, 4.0, -394.0, -59.0, 4.0, 150, 150, 150
L -378.0, -48.0, 1.0, -375.0, -48.0, 0.0, 0, 0, 0
L -394.0, -65.0, 1.0, -394.0, -62.0, 3.0, 0, 0, 0
L -378.0, -48.0, 1.0, -394.0, -65.0, 1.0, 150, 150, 150
L -422.0, 49.0, 0.0, -422.0, 3.0, 0.0, 0, 0, 0
L -422.0, -5.0, 0.0, -422.0, -29.0, 0.0, 0, 0, 0
L -420.0, -5.0, 0.0, -420.0, 3.0, 0.0, 150, 150, 150
L -405.0, -5.0, 6.0, -405.0, 3.0, 6.0, 150, 150, 150
L -412.0, -5.0, 3.0, -414.0, -5.0, 2.0, 0, 0, 0
L -412.0, 3.0, 3.0, -414.0, 3.0, 2.0, 0, 0, 0
L -412.0, -5.0, 3.0, -412.0, 3.0, 3.0, 150, 150, 150
L -408.0, -5.0, 4.0, -410.0, -5.0, 3.0, 0, 0, 0
L -408.0, 3.0, 4.0, -410.0, 3.0, 3.0, 0, 0, 0
L -408.0, -5.0, 4.0, -408.0, 3.0, 4.0, 150, 150, 150
L -416.0, -5.0, 1.0, -418.0, -5.0, 0.0, 0, 0, 0
L -416.0, 3.0, 1.0, -418.0, 3.0, 0.0, 0, 0, 0
L -416.0, -5.0, 1.0, -416.0, 3.0, 1.0, 150, 150, 150
L -414.0, -5.0, 2.0, -416.0, -5.0, 1.0, 0, 0, 0
L -414.0, 3.0, 2.0, -416.0, 3.0, 1.0, 0, 0, 0
L -414.0, -5.0, 2.0, -414.0, 3.0, 2.0, 150, 150, 150
L -406.0, -5.0, 5.0, -408.0, -5.0, 4.0, 0, 0, 0
L -406.0, 3.0, 5.0, -408.0, 3.0, 4.0, 0, 0, 0
L -406.0, -5.0, 5.0, -406.0, 3.0, 5.0, 150, 150, 150
L -410.0, -5.0, 3.0, -412.0, -5.0, 3.0, 0, 0, 0
L -410.0, 3.0, 3.0, -412.0, 3.0, 3.0, 0, 0, 0
L -410.0, -5.0, 3.0, -410.0, 3.0, 3.0, 150, 150, 150
L -418.0, -5.0, 0.0, -420.0, -5.0, 0.0, 0, 0, 0
L -418.0, 3.0, 0.0, -420.0, 3.0, 0.0, 0, 0, 0
L -418.0, -5.0, 0.0, -418.0, 3.0, 0.0, 150, 150, 150
L -453.0, -31.0, 0.0, -444.0, -31.0, 0.0, 150, 150, 150
L -444.0, -29.0, 0.0, -444.0, -31.0, 0.0, 0, 0, 0
L -444.0, -31.0, 0.0, -444.0, -33.0, 0.0, 0, 0, 0
L -444.0, -48.0, 6.0, -453.0, -48.0, 6.0, 150, 150, 150
L -444.0, -39.0, 3.0, -444.0, -41.0, 3.0, 0, 0, 0
L -453.0, -39.0, 3.0, -453.0, -37.0, 2.0, 0, 0, 0
L -444.0, -39.0, 3.0, -453.0, -39.0, 3.0, 150, 150, 150
L -444.0, -35.0, 1.0, -444.0, -37.0, 2.0, 0, 0, 0
L -453.0, -35.0, 1.0, -453.0, -33.0, 0.0, 0, 0, 0
L -444.0, -35.0, 1.0, -453.0, -35.0, 1.0, 150, 150, 150
L -444.0, -33.0, 0.0, -444.0, -35.0, 1.0, 0, 0, 0
L -453.0, -33.0, 0.0, -453.0, -31.0, 0.0, 0, 0, 0
L -444.0, -33.0, 0.0, -453.0, -33.0, 0.0, 150, 150, 150
L -444.0, -37.0, 2.0, -444.0, -39.0, 3.0, 0, 0, 0
L -453.0, -37.0, 2.0, -453.0, -35.0, 1.0, 0, 0, 0
L -444.0, -37.0, 2.0, -453.0, -37.0, 2.0, 150, 150, 150
L -444.0, -43.0, 4.0, -444.0, -45.0, 5.0, 0, 0, 0
L -453.0, -43.0, 4.0, -453.0, -41.0, 3.0, 0, 0, 0
L -444.0, -43.0, 4.0, -453.0, -43.0, 4.0, 150, 150, 150
L -444.0, -41.0, 3.0, -444.0, -43.0, 4.0, 0, 0, 0
L -453.0, -41.0, 3.0, -453.0, -39.0, 3.0, 0, 0, 0
L -444.0, -41.0, 3.0, -453.0, -41.0, 3.0, 150, 150, 150
L -444.0, -45.0, 5.0, -444.0, -48.0, 6.0, 0, 0, 0
L -453.0, -45.0, 5.0, -453.0, -43.0, 4.0, 0, 0, 0
L -444.0, -45.0, 5.0, -453.0, -45.0, 5.0, 150, 150, 150
L -299.0, -81.0, 4.0, -312.0, -81.0, 4.0, 0, 0, 0
L -343.0, -108.0, 3.0, -341.0, -108.0, 3.0, 0, 0, 0
L -343.0, -119.0, 3.0, -341.0, -119.0, 3.0, 0, 0, 0
L -335.0, -108.0, 3.0, -336.0, -108.0, 3.0, 0, 0, 0
L -335.0, -108.0, 3.0, -333.0, -108.0, 1.0, 0, 0, 0
L -335.0, -119.0, 3.0, -333.0, -119.0, 1.0, 0, 0, 0
L -343.0, -119.0, 3.0, -345.0, -119.0, 1.0, 0, 0, 0
L -343.0, -108.0, 3.0, -345.0, -108.0, 1.0, 0, 0, 0
L -343.0, -119.0, 3.0, -343.0, -108.0, 3.0, 150, 150, 150
L -335.0, -119.0, 3.0, -335.0, -108.0, 3.0, 150, 150, 150
L -331.0, -119.0, -1.0, -331.0, -108.0, -1.0, 150, 150, 150
L -348.0, -119.0, 0.0, -348.0, -108.0, 0.0, 150, 150, 150
L -345.0, -119.0, 1.0, -348.0, -119.0, 0.0, 0, 0, 0
L -345.0, -108.0, 1.0, -348.0, -108.0, 0.0, 0, 0, 0
L -345.0, -119.0, 1.0, -345.0, -108.0, 1.0, 150, 150, 150
L -333.0, -119.0, 1.0, -331.0, -119.0, -1.0, 0, 0, 0
L -333.0, -108.0, 1.0, -331.0, -108.0, -1.0, 0, 0, 0
L -333.0, -119.0, 1.0, -333.0, -108.0, 1.0, 150, 150, 150
L -339.0, -119.0, 3.0, -336.0, -119.0, 3.0, 0, 0, 0
L -339.0, -108.0, 3.0, -338.0, -108.0, 3.0, 0, 0, 0
L -339.0, -119.0, 3.0, -339.0, -108.0, 3.0, 150, 150, 150
L -336.0, -108.0, 3.0, -338.0, -108.0, 3.0, 0, 0, 0
L -336.0, -119.0, 3.0, -335.0, -119.0, 3.0, 0, 0, 0
L -336.0, -108.0, 3.0, -336.0, -119.0, 3.0, 150, 150, 150
L -341.0, -119.0, 3.0, -339.0, -119.0, 3.0, 0, 0, 0
L -341.0, -108.0, 3.0, -339.0, -108.0, 3.0, 0, 0, 0
L -341.0, -119.0, 3.0, -341.0, -108.0, 3.0, 150, 150, 150
L -348.0, -108.0, 0.0, -331.0, -108.0, -1.0, 0, 0, 0
L -182.0, -143.0, 13.0, -204.0, -156.0, 0.0, 0, 0, 0
L -35.0, 59.0, 0.0, -35.0, 66.0, 0.0, 0, 0, 0
L -47.0, 48.0, 0.0, -47.0, 66.0, 0.0, 0, 0, 0
L -35.0, 66.0, 0.0, -35.0, 81.0, 0.0, 0, 0, 0
L -47.0, 66.0, 0.0, -47.0, 81.0, 0.0, 0, 0, 0
L -35.0, 66.0, 0.0, -47.0, 66.0, 0.0, 199, 21, 133
L 382.0, -17.0, 26.0, 382.0, -10.0, 26.0, 150, 150, 150
L 400.0, -17.0, 17.0, 400.0, -10.0, 17.0, 150, 150, 150
L 391.0, -17.0, 21.0, 393.0, -17.0, 20.0, 0, 204, 0
L 391.0, -10.0, 21.0, 393.0, -10.0, 20.0, 0, 204, 0
L 391.0, -17.0, 21.0, 391.0, -10.0, 21.0, 150, 150, 150
L 395.0, -17.0, 19.0, 397.0, -17.0, 18.0, 0, 204, 0
L 395.0, -10.0, 19.0, 397.0, -10.0, 18.0, 0, 204, 0
L 395.0, -17.0, 19.0, 395.0, -10.0, 19.0, 150, 150, 150
L 386.0, -17.0, 23.0, 388.0, -17.0, 22.0, 0, 204, 0
L 386.0, -10.0, 23.0, 388.0, -10.0, 22.0, 0, 204, 0
L 386.0, -17.0, 23.0, 386.0, -10.0, 23.0, 150, 150, 150
L 384.0, -17.0, 24.0, 386.0, -17.0, 23.0, 0, 204, 0
L 384.0, -10.0, 24.0, 386.0, -10.0, 23.0, 0, 204, 0
L 384.0, -17.0, 24.0, 384.0, -10.0, 24.0, 150, 150, 150
L 388.0, -17.0, 22.0, 391.0, -17.0, 21.0, 0, 204, 0
L 388.0, -10.0, 22.0, 391.0, -10.0, 21.0, 0, 204, 0
L 388.0, -17.0, 22.0, 388.0, -10.0, 22.0, 150, 150, 150
L 393.0, -17.0, 20.0, 395.0, -17.0, 19.0, 0, 204, 0
L 393.0, -10.0, 20.0, 395.0, -10.0, 19.0, 0, 204, 0
L 393.0, -17.0, 20.0, 393.0, -10.0, 20.0, 150, 150, 150
L 397.0, -17.0, 18.0, 400.0, -17.0, 17.0, 0, 204, 0
L 397.0, -10.0, 18.0, 400.0, -10.0, 17.0, 0, 204, 0
L 397.0, -17.0, 18.0, 397.0, -10.0, 18.0, 150, 150, 150
L 400.0, -2.0, 17.0, 400.0, 4.0, 17.0, 150, 150, 150
L 383.0, 4.0, 8.0, 382.0, 5.0, 8.0, 0, 0, 0
L 383.0, -1.0, 8.0, 383.0, 4.0, 8.0, 150, 150, 150
L 391.0, -1.0, 12.0, 393.0, -1.0, 13.0, 0, 204, 0
L 391.0, 4.0, 12.0, 389.0, 4.0, 11.0, 0, 204, 0
L 391.0, -1.0, 12.0, 391.0, 4.0, 12.0, 150, 150, 150
L 395.0, -1.0, 14.0, 397.0, -1.0, 15.0, 0, 204, 0
L 395.0, 4.0, 14.0, 393.0, 4.0, 13.0, 0, 204, 0
L 395.0, -1.0, 14.0, 395.0, 4.0, 14.0, 150, 150, 150
L 387.0, -1.0, 10.0, 389.0, -1.0, 11.0, 0, 204, 0
L 387.0, 4.0, 10.0, 385.0, 4.0, 9.0, 0, 204, 0
L 387.0, -1.0, 10.0, 387.0, 4.0, 10.0, 150, 150, 150
L 385.0, -1.0, 9.0, 387.0, -1.0, 10.0, 0, 204, 0
L 385.0, 4.0, 9.0, 383.0, 4.0, 8.0, 0, 204, 0
L 385.0, -1.0, 9.0, 385.0, 4.0, 9.0, 150, 150, 150
L 389.0, -1.0, 11.0, 391.0, -1.0, 12.0, 0, 204, 0
L 389.0, 4.0, 11.0, 387.0, 4.0, 10.0, 0, 204, 0
L 389.0, -1.0, 11.0, 389.0, 4.0, 11.0, 150, 150, 150
L 393.0, -1.0, 13.0, 395.0, -1.0, 14.0, 0, 204, 0
L 393.0, 4.0, 13.0, 391.0, 4.0, 12.0, 0, 204, 0
L 393.0, -1.0, 13.0, 393.0, 4.0, 13.0, 150, 150, 150
L 397.0, -1.0, 15.0, 400.0, -2.0, 17.0, 0, 204, 0
L 397.0, 4.0, 15.0, 395.0, 4.0, 14.0, 0, 204, 0
L 397.0, -1.0, 15.0, 397.0, 4.0, 15.0, 150, 150, 150
L 337.0, -10.0, 26.0, 336.0, -10.0, 26.0, 0, 204, 0
L 337.0, -17.0, 26.0, 337.0, -10.0, 26.0, 150, 150, 150
L 319.0, -17.0, 17.0, 319.0, -10.0, 17.0, 150, 150, 150
L 327.0, -17.0, 21.0, 329.0, -17.0, 22.0, 0, 204, 0
L 327.0, -10.0, 21.0, 325.0, -10.0, 20.0, 0, 204, 0
L 327.0, -17.0, 21.0, 327.0, -10.0, 21.0, 150, 150, 150
L 331.0, -17.0, 23.0, 333.0, -17.0, 24.0, 0, 204, 0
L 331.0, -10.0, 23.0, 329.0, -10.0, 22.0, 0, 204, 0
L 331.0, -17.0, 23.0, 331.0, -10.0, 23.0, 150, 150, 150
L 323.0, -17.0, 19.0, 325.0, -17.0, 20.0, 0, 204, 0
L 323.0, -10.0, 19.0, 321.0, -10.0, 18.0, 0, 204, 0
L 323.0, -17.0, 19.0, 323.0, -10.0, 19.0, 150, 150, 150
L 333.0, -17.0, 24.0, 336.0, -17.0, 26.0, 0, 204, 0
L 333.0, -10.0, 24.0, 331.0, -10.0, 23.0, 0, 204, 0
L 333.0, -17.0, 24.0, 333.0, -10.0, 24.0, 150, 150, 150
L 329.0, -17.0, 22.0, 331.0, -17.0, 23.0, 0, 204, 0
L 329.0, -10.0, 22.0, 327.0, -10.0, 21.0, 0, 204, 0
L 329.0, -17.0, 22.0, 329.0, -10.0, 22.0, 150, 150, 150
L 325.0, -10.0, 20.0, 323.0, -10.0, 19.0, 0, 204, 0
L 325.0, -17.0, 20.0, 327.0, -17.0, 21.0, 0, 204, 0
L 325.0, -10.0, 20.0, 325.0, -17.0, 20.0, 150, 150, 150
L 321.0, -10.0, 18.0, 319.0, -10.0, 17.0, 0, 204, 0
L 321.0, -17.0, 18.0, 323.0, -17.0, 19.0, 0, 204, 0
L 321.0, -10.0, 18.0, 321.0, -17.0, 18.0, 150, 150, 150
L 319.0, -1.0, 17.0, 319.0, 5.0, 17.0, 150, 150, 150
L 333.0, 5.0, 8.0, 338.2, 5.0, 8.0, 0, 0, 0
L 333.0, 0.0, 8.0, 331.0, 0.0, 9.0, 0, 204, 0
L 333.0, 5.0, 8.0, 333.0, 0.0, 8.0, 150, 150, 150
L 326.0, 5.0, 12.0, 327.0, 5.0, 11.0, 0, 204, 0
L 326.0, 0.0, 12.0, 324.0, 0.0, 13.0, 0, 204, 0
L 326.0, 5.0, 12.0, 326.0, 0.0, 12.0, 150, 150, 150
L 329.0, 0.0, 10.0, 327.0, 0.0, 11.0, 0, 204, 0
L 329.0, 5.0, 10.0, 331.0, 5.0, 9.0, 0, 204, 0
L 329.0, 0.0, 10.0, 329.0, 5.0, 10.0, 150, 150, 150
L 322.0, 5.0, 14.0, 324.0, 5.0, 13.0, 0, 204, 0
L 322.0, 0.0, 14.0, 320.0, 0.0, 15.0, 0, 204, 0
L 322.0, 5.0, 14.0, 322.0, 0.0, 14.0, 150, 150, 150
L 324.0, 0.0, 13.0, 322.0, 0.0, 14.0, 0, 204, 0
L 324.0, 5.0, 13.0, 326.0, 5.0, 12.0, 0, 204, 0
L 324.0, 0.0, 13.0, 324.0, 5.0, 13.0, 150, 150, 150
L 320.0, 5.0, 15.0, 322.0, 5.0, 14.0, 0, 204, 0
L 320.0, 0.0, 15.0, 319.0, -1.0, 17.0, 0, 204, 0
L 320.0, 5.0, 15.0, 320.0, 0.0, 15.0, 150, 150, 150
L 327.0, 0.0, 11.0, 326.0, 0.0, 12.0, 0, 204, 0
L 327.0, 5.0, 11.0, 329.0, 5.0, 10.0, 0, 204, 0
L 327.0, 0.0, 11.0, 327.0, 5.0, 11.0, 150, 150, 150
L 331.0, 5.0, 9.0, 333.0, 5.0, 8.0, 0, 204, 0
L 331.0, 0.0, 9.0, 329.0, 0.0, 10.0, 0, 204, 0
L 331.0, 5.0, 9.0, 331.0, 0.0, 9.0, 150, 150, 150
L -252.0, -121.0, 0.0, -227.0, -121.0, 0.0, 0, 0, 0
L 144.0, -187.0, 0.0, 140.0, -187.0, 0.0, 0, 0, 0
L 417.0, 117.0, 8.0, 413.0, 117.0, 8.0, 205, 133, 63
L 417.0, 120.0, 8.0, 413.0, 120.0, 8.0, 205, 133, 63
L 419.0, 118.0, 8.0, 419.0, 120.0, 8.0, 0, 0, 0
L 412.0, 118.0, 8.0, 412.0, 117.0, 8.0, 0, 0, 0
L 419.0, 118.0, 8.0, 417.0, 118.0, 8.0, 205, 133, 63
L 413.0, 117.0, 8.0, 413.0, 118.0, 8.0, 205, 133, 63
L 413.0, 118.0, 8.0, 412.0, 118.0, 8.0, 205, 133, 63
L 413.0, 118.0, 8.0, 413.0, 120.0, 8.0, 205, 133, 63
L 417.0, 117.0, 8.0, 417.0, 118.0, 8.0, 205, 133, 63
L 417.0, 118.0, 8.0, 417.0, 120.0, 8.0, 205, 133, 63
L 305.0, 117.0, 8.0, 301.0, 117.0, 8.0, 205, 133, 63
L 305.0, 120.0, 8.0, 301.0, 120.0, 8.0, 205, 133, 63
L 301.0, 117.0, 8.0, 301.0, 118.0, 8.0, 205, 133, 63
L 305.0, 117.0, 8.0, 305.0, 118.0, 8.0, 205, 133, 63
L 307.0, 120.0, 8.0, 307.0, 118.0, 8.0, 0, 0, 0
L 307.0, 118.0, 8.0, 307.0, 117.0, 8.0, 0, 0, 0
L 300.0, 118.0, 8.0, 300.0, 117.0, 8.0, 0, 0, 0
L 307.0, 118.0, 8.0, 305.0, 118.0, 8.0, 205, 133, 63
L 301.0, 118.0, 8.0, 301.0, 120.0, 8.0, 205, 133, 63
L 305.0, 118.0, 8.0, 305.0, 120.0, 8.0, 205, 133, 63
L 301.0, 118.0, 8.0, 300.0, 118.0, 8.0, 205, 133, 63
L -222.0, -93.0, 0.0, -226.0, -93.0, 0.0, 0, 0, 0
L -213.0, -134.0, 0.0, -213.0, -144.0, 0.0, 205, 133, 63
L -218.0, -134.0, 0.0, -213.0, -134.0, 0.0, 0, 0, 0
L 333.0, 0.0, 8.0, 338.2, -0.0, 8.0, 0, 0, 0
L 340.0, -1.0, 8.0, 340.0, -0.0, 8.0, 0, 0, 0
L 336.5, 3.3, 8.0, 336.5, 1.7, 8.0, 205, 133, 63
L 338.2, 5.0, 8.0, 340.0, 5.0, 8.0, 0, 0, 0
L 338.2, 5.0, 8.0, 338.2, 3.3, 8.0, 205, 133, 63
L 336.5, 3.3, 8.0, 340.0, 3.3, 8.0, 205, 133, 63
L 336.5, 1.7, 8.0, 338.2, 1.7, 8.0, 205, 133, 63
L 338.2, 1.7, 8.0, 340.0, 1.7, 8.0, 205, 133, 63
L 338.2, -0.0, 8.0, 340.0, -0.0, 8.0, 0, 0, 0
L 338.2, 1.7, 8.0, 338.2, -0.0, 8.0, 205, 133, 63
L 340.0, 3.3, 8.0, 340.0, 1.7, 8.0, 205, 133, 63
L 379.0, -1.0, 8.0, 380.5, -1.0, 8.0, 0, 0, 0
L 380.5, 0.0, 8.0, 382.0, 0.0, 8.0, 205, 133, 63
L 380.5, -1.0, 8.0, 383.0, -1.0, 8.0, 0, 0, 0
L 380.5, 0.0, 8.0, 380.5, -1.0, 8.0, 205, 133, 63
L 25.0, -110.0, 0.0, 25.0, -119.0, 0.0, 150, 150, 150
L 25.0, -119.0, 0.0, 26.8, -119.0, 1.0, 0, 204, 0
L 47.0, -119.0, 8.0, 49.0, -117.0, 8.0, 0, 204, 0
L 49.0, -117.0, 8.0, 49.0, -108.0, 8.0, 0, 204, 0
L 49.0, -108.0, 8.0, 49.0, -105.1, 9.5, 0, 204, 0
L 39.1, -85.0, 20.0, 39.2, -87.9, 18.5, 0, 204, 0
L 40.0, -108.0, 8.0, 39.0, -110.0, 8.0, 0, 204, 0
L 39.0, -110.0, 8.0, 37.2, -110.0, 7.0, 0, 204, 0
L 39.0, -119.0, 8.0, 47.0, -119.0, 8.0, 0, 204, 0
L 39.0, -110.0, 8.0, 39.0, -119.0, 8.0, 150, 150, 150
L 40.0, -108.0, 8.0, 49.0, -108.0, 8.0, 150, 150, 150
L 32.0, -110.0, 4.0, 30.2, -110.0, 3.0, 0, 204, 0
L 32.0, -119.0, 4.0, 33.8, -119.0, 5.0, 0, 204, 0
L 32.0, -110.0, 4.0, 32.0, -119.0, 4.0, 150, 150, 150
L 28.5, -110.0, 2.0, 26.8, -110.0, 1.0, 0, 204, 0
L 28.5, -119.0, 2.0, 30.2, -119.0, 3.0, 0, 204, 0
L 28.5, -110.0, 2.0, 28.5, -119.0, 2.0, 150, 150, 150
L 35.5, -110.0, 6.0, 33.8, -110.0, 5.0, 0, 204, 0
L 35.5, -119.0, 6.0, 37.2, -119.0, 7.0, 0, 204, 0
L 35.5, -110.0, 6.0, 35.5, -119.0, 6.0, 150, 150, 150
L 33.8, -110.0, 5.0, 32.0, -110.0, 4.0, 0, 204, 0
L 33.8, -119.0, 5.0, 35.5, -119.0, 6.0, 0, 204, 0
L 33.8, -110.0, 5.0, 33.8, -119.0, 5.0, 150, 150, 150
L 37.2, -110.0, 7.0, 35.5, -110.0, 6.0, 0, 204, 0
L 37.2, -119.0, 7.0, 39.0, -119.0, 8.0, 0, 204, 0
L 37.2, -110.0, 7.0, 37.2, -119.0, 7.0, 150, 150, 150
L 30.2, -110.0, 3.0, 28.5, -110.0, 2.0, 0, 204, 0
L 30.2, -119.0, 3.0, 32.0, -119.0, 4.0, 0, 204, 0
L 30.2, -110.0, 3.0, 30.2, -119.0, 3.0, 150, 150, 150
L 26.8, -110.0, 1.0, 25.0, -110.0, 0.0, 0, 204, 0
L 26.8, -119.0, 1.0, 28.5, -119.0, 2.0, 0, 204, 0
L 26.8, -110.0, 1.0, 26.8, -119.0, 1.0, 150, 150, 150
L -40.0, -119.0, 8.0, -38.1, -119.0, 7.0, 0, 204, 0
L -49.0, -117.0, 8.0, -47.0, -119.0, 8.0, 0, 204, 0
L -47.0, -119.0, 8.0, -40.0, -119.0, 8.0, 0, 204, 0
L -25.0, -110.0, 0.0, -26.9, -110.0, 1.0, 0, 204, 0
L -40.0, -110.0, 8.0, -40.0, -119.0, 8.0, 150, 150, 150
L -49.0, -110.0, 8.0, -49.0, -117.0, 8.0, 0, 204, 0
L -40.0, -110.0, 8.0, -49.0, -110.0, 8.0, 150, 150, 150
L -25.0, -110.0, 0.0, -25.0, -119.0, 0.0, 150, 150, 150
L -32.5, -110.0, 4.0, -34.4, -110.0, 5.0, 0, 204, 0
L -32.5, -119.0, 4.0, -30.6, -119.0, 3.0, 0, 204, 0
L -32.5, -110.0, 4.0, -32.5, -119.0, 4.0, 150, 150, 150
L -36.2, -110.0, 6.0, -38.1, -110.0, 7.0, 0, 204, 0
L -36.2, -119.0, 6.0, -34.4, -119.0, 5.0, 0, 204, 0
L -36.2, -110.0, 6.0, -36.2, -119.0, 6.0, 150, 150, 150
L -28.8, -110.0, 2.0, -30.6, -110.0, 3.0, 0, 204, 0
L -28.8, -119.0, 2.0, -26.9, -119.0, 1.0, 0, 204, 0
L -28.8, -110.0, 2.0, -28.8, -119.0, 2.0, 150, 150, 150
L -26.9, -110.0, 1.0, -28.8, -110.0, 2.0, 0, 204, 0
L -26.9, -119.0, 1.0, -25.0, -119.0, 0.0, 0, 204, 0
L -26.9, -110.0, 1.0, -26.9, -119.0, 1.0, 150, 150, 150
L -30.6, -110.0, 3.0, -32.5, -110.0, 4.0, 0, 204, 0
L -30.6, -119.0, 3.0, -28.8, -119.0, 2.0, 0, 204, 0
L -30.6, -110.0, 3.0, -30.6, -119.0, 3.0, 150, 150, 150
L -34.4, -110.0, 5.0, -36.2, -110.0, 6.0, 0, 204, 0
L -34.4, -119.0, 5.0, -32.5, -119.0, 4.0, 0, 204, 0
L -34.4, -110.0, 5.0, -34.4, -119.0, 5.0, 150, 150, 150
L -38.1, -110.0, 7.0, -40.0, -110.0, 8.0, 0, 204, 0
L -38.1, -119.0, 7.0, -36.2, -119.0, 6.0, 0, 204, 0
L -38.1, -110.0, 7.0, -38.1, -119.0, 7.0, 150, 150, 150
L -33.0, -60.0, 20.0, -37.0, -64.0, 20.0, 0, 204, 0
L 39.0, -64.0, 20.0, 38.0, -64.0, 20.0, 0, 204, 0
L -32.0, -77.0, 20.0, -32.0, -75.0, 20.0, 0, 204, 0
L -39.0, -64.0, 20.0, -39.0, -69.0, 20.0, 0, 204, 0
L -38.0, -64.0, 20.0, -39.0, -64.0, 20.0, 0, 204, 0
L 49.0, -85.0, 20.0, 47.0, -78.0, 20.0, 0, 204, 0
L 47.0, -78.0, 20.0, 39.0, -70.0, 20.0, 0, 204, 0
L -34.0, -79.0, 20.0, -34.0, -77.0, 20.0, 0, 204, 0
L -22.0, -64.0, 20.0, -26.0, -60.0, 20.0, 0, 204, 0
L -26.0, -60.0, 20.0, -33.0, -60.0, 20.0, 0, 204, 0
L -34.0, -77.0, 20.0, -32.0, -77.0, 20.0, 0, 204, 0
L 39.0, -70.0, 20.0, 39.0, -64.0, 20.0, 0, 204, 0
L -31.0, -75.0, 20.0, -26.0, -75.0, 20.0, 0, 204, 0
L -26.0, -75.0, 20.0, -22.0, -71.0, 20.0, 0, 204, 0
L -39.0, -69.0, 20.0, -47.0, -78.0, 20.0, 0, 204, 0
L -37.0, -64.0, 20.0, -38.0, -64.0, 20.0, 0, 204, 0
L -32.0, -75.0, 20.0, -31.0, -75.0, 20.0, 0, 204, 0
L -47.0, -78.0, 20.0, -49.0, -85.0, 20.0, 0, 204, 0
L -22.0, -71.0, 20.0, -22.0, -64.0, 20.0, 0, 204, 0
L 38.0, -64.0, 20.0, 33.0, -60.0, 20.0, 0, 204, 0
L 25.0, -75.0, 20.0, 32.0, -75.0, 20.0, 0, 204, 0
L 22.0, -64.0, 20.0, 22.0, -71.0, 20.0, 0, 204, 0
L 34.0, -79.0, 20.0, 39.1, -85.0, 20.0, 0, 204, 0
L 26.0, -60.0, 20.0, 22.0, -64.0, 20.0, 0, 204, 0
L 22.0, -71.0, 20.0, 25.0, -75.0, 20.0, 0, 204, 0
L 32.0, -75.0, 20.0, 32.0, -77.0, 20.0, 0, 204, 0
L 32.0, -77.0, 20.0, 34.0, -77.0, 20.0, 0, 204, 0
L 33.0, -60.0, 20.0, 26.0, -60.0, 20.0, 0, 204, 0
L 34.0, -77.0, 20.0, 34.0, -79.0, 20.0, 0, 204, 0
L -49.0, -85.0, 20.0, -39.1, -85.0, 20.0, 150, 150, 150
L -39.1, -85.0, 20.0, -34.0, -79.0, 20.0, 0, 204, 0
L -49.0, -85.0, 20.0, -49.0, -88.1, 18.5, 0, 204, 0
L -40.0, -110.0, 8.0, -39.9, -106.9, 9.5, 0, 204, 0
L -39.6, -97.5, 14.0, -39.5, -94.4, 15.5, 0, 204, 0
L -49.0, -97.5, 14.0, -49.0, -100.6, 12.5, 0, 204, 0
L -39.6, -97.5, 14.0, -49.0, -97.5, 14.0, 150, 150, 150
L -39.8, -103.8, 11.0, -39.7, -100.6, 12.5, 0, 204, 0
L -49.0, -103.8, 11.0, -49.0, -106.9, 9.5, 0, 204, 0
L -39.8, -103.8, 11.0, -49.0, -103.8, 11.0, 150, 150, 150
L -39.4, -91.2, 17.0, -39.2, -88.1, 18.5, 0, 204, 0
L -49.0, -91.2, 17.0, -49.0, -94.4, 15.5, 0, 204, 0
L -39.4, -91.2, 17.0, -49.0, -91.2, 17.0, 150, 150, 150
L -39.2, -88.1, 18.5, -39.1, -85.0, 20.0, 0, 204, 0
L -49.0, -88.1, 18.5, -49.0, -91.2, 17.0, 0, 204, 0
L -39.2, -88.1, 18.5, -49.0, -88.1, 18.5, 150, 150, 150
L -39.5, -94.4, 15.5, -39.4, -91.2, 17.0, 0, 204, 0
L -49.0, -94.4, 15.5, -49.0, -97.5, 14.0, 0, 204, 0
L -39.5, -94.4, 15.5, -49.0, -94.4, 15.5, 150, 150, 150
L -39.7, -100.6, 12.5, -39.6, -97.5, 14.0, 0, 204, 0
L -49.0, -100.6, 12.5, -49.0, -103.8, 11.0, 0, 204, 0
L -39.7, -100.6, 12.5, -49.0, -100.6, 12.5, 150, 150, 150
L -39.9, -106.9, 9.5, -39.8, -103.8, 11.0, 0, 204, 0
L -49.0, -106.9, 9.5, -49.0, -110.0, 8.0, 0, 204, 0
L -39.9, -106.9, 9.5, -49.0, -106.9, 9.5, 150, 150, 150
L 39.1, -85.0, 20.0, 49.0, -85.0, 20.0, 150, 150, 150
L 49.0, -96.5, 14.0, 49.0, -93.6, 15.5, 0, 204, 0
L 39.6, -96.5, 14.0, 39.8, -102.2, 11.0, 0, 204, 0
L 49.0, -96.5, 14.0, 39.6, -96.5, 14.0, 150, 150, 150
L 49.0, -90.8, 17.0, 49.0, -87.9, 18.5, 0, 204, 0
L 39.4, -90.8, 17.0, 39.5, -93.6, 15.5, 0, 204, 0
L 49.0, -90.8, 17.0, 39.4, -90.8, 17.0, 150, 150, 150
L 49.0, -87.9, 18.5, 49.0, -85.0, 20.0, 0, 204, 0
L 39.2, -87.9, 18.5, 39.4, -90.8, 17.0, 0, 204, 0
L 49.0, -87.9, 18.5, 39.2, -87.9, 18.5, 150, 150, 150
L 49.0, -93.6, 15.5, 49.0, -90.8, 17.0, 0, 204, 0
L 39.5, -93.6, 15.5, 39.6, -96.5, 14.0, 0, 204, 0
L 49.0, -93.6, 15.5, 39.5, -93.6, 15.5, 150, 150, 150
L 49.0, -102.2, 11.0, 49.0, -99.4, 12.5, 0, 204, 0
L 39.8, -102.2, 11.0, 39.9, -105.1, 9.5, 0, 204, 0
L 49.0, -102.2, 11.0, 39.8, -102.2, 11.0, 150, 150, 150
L 49.0, -99.4, 12.5, 49.0, -96.5, 14.0, 0, 204, 0
L 49.0, -99.4, 12.5, 39.8, -99.4, 12.5, 150, 150, 150
L 49.0, -105.1, 9.5, 49.0, -102.2, 11.0, 0, 204, 0
L 39.9, -105.1, 9.5, 40.0, -108.0, 8.0, 0, 204, 0
L 49.0, -105.1, 9.5, 39.9, -105.1, 9.5, 150, 150, 150
L 188.0, -179.0, 0.0, 185.9, -177.1, 0.0, 139, 69, 19
L 201.1, -219.9, 0.0, 199.0, -218.0, 0.0, 139, 69, 19
L 185.9, -219.9, 0.0, 188.0, -218.0, 0.0, 139, 69, 19
L 199.0, -179.0, 0.0, 201.1, -177.1, 0.0, 139, 69, 19
L 178.0, -210.0, 0.0, 188.0, -206.0, 3.0, 0, 0, 255
L 199.0, -204.0, 2.1, 199.0, -198.0, 3.0, 139, 69, 19
L 201.0, -202.0, 0.0, 199.0, -204.0, 2.1, 0, 0, 255
L 199.0, -190.2, 1.8, 199.0, -179.0, 0.0, 139, 69, 19
L 202.0, -188.0, 0.0, 199.0, -190.2, 1.8, 0, 0, 255
L 188.0, -192.2, 2.2, 188.0, -206.0, 3.0, 139, 69, 19
L 181.0, -194.0, 0.0, 188.0, -192.2, 2.2, 0, 0, 255
L -312.2, -32.8, 12.0, -360.0, -32.8, 12.0, 0, 204, 0
L -203.0, -75.6, 0.0, -184.0, -104.0, 0.0, 0, 0, 0
L -184.0, -104.0, 0.0, -140.4, -103.6, 0.3, 0, 0, 0
L -203.0, -75.6, 0.0, -203.0, -98.0, 0.0, 0, 0, 0
