L -222.0, -600.0, -35.0, -245.0, -600.0, -35.0, 0, 0, 0
L -245.0, -600.0, -35.0, -248.0, -600.0, -35.0, 0, 0, 0
L -145.0, -1235.0, 42.0, -137.0, -1235.0, 42.0, 0, 0, 0
L -153.0, -1243.0, 42.0, -145.0, -1235.0, 42.0, 0, 0, 0
L -153.0, -1294.0, 42.0, -153.0, -1243.0, 42.0, 0, 0, 0
L -154.0, -1300.0, 38.0, -153.0, -1294.0, 42.0, 0, 0, 0
L -165.0, -1311.0, 36.0, -154.0, -1300.0, 38.0, 0, 0, 0
L -168.0, -1279.0, 36.0, -168.0, -1301.0, 36.0, 0, 0, 0
L -205.0, -1279.0, 36.0, -168.0, -1279.0, 36.0, 0, 0, 0
L -205.0, -1301.0, 36.0, -205.0, -1279.0, 36.0, 0, 0, 0
L -189.0, -1309.0, 36.0, -205.0, -1301.0, 36.0, 0, 0, 0
L -189.0, -1413.0, 36.0, -189.0, -1309.0, 36.0, 0, 0, 0
L -177.0, -1447.0, 36.0, -177.0, -1427.0, 36.0, 0, 0, 0
L -157.0, -1447.0, 36.0, -158.0, -1447.0, 36.0, 0, 0, 0
L -177.0, -1451.0, 36.0, -151.0, -1451.0, 36.0, 0, 0, 0
L -177.0, -1481.0, 36.0, -177.0, -1451.0, 36.0, 0, 0, 0
L -144.0, -1471.0, 36.0, -167.0, -1471.0, 36.0, 0, 0, 0
L -127.0, -1479.0, 36.0, -127.0, -1451.0, 36.0, 0, 0, 0
L -84.0, -1479.0, 36.0, -127.0, -1479.0, 36.0, 0, 0, 0
L -155.0, -1219.0, 36.0, -137.0, -1219.0, 36.0, 0, 0, 0
L -100.0, -1189.0, 36.0, -100.0, -1177.0, 36.0, 0, 0, 0
L -108.0, -1189.0, 36.0, -100.0, -1189.0, 36.0, 0, 0, 0
L -108.0, -1219.0, 36.0, -108.0, -1189.0, 36.0, 0, 0, 0
L -125.0, -1219.0, 36.0, -108.0, -1219.0, 36.0, 0, 0, 0
L -118.0, -1235.0, 42.0, -125.0, -1235.0, 42.0, 0, 0, 0
L -110.0, -1243.0, 42.0, -118.0, -1235.0, 42.0, 0, 0, 0
L -110.0, -1299.0, 38.0, -110.0, -1243.0, 42.0, 0, 0, 0
L -98.0, -1311.0, 36.0, -110.0, -1299.0, 38.0, 0, 0, 0
L -85.0, -1309.0, 36.0, -85.0, -1335.0, 36.0, 0, 0, 0
L -97.0, -1303.0, 36.0, -85.0, -1309.0, 36.0, 0, 0, 0
L -97.0, -1277.0, 36.0, -97.0, -1303.0, 36.0, 0, 0, 0
L -64.0, -1277.0, 36.0, -97.0, -1277.0, 36.0, 0, 0, 0
L -64.0, -1303.0, 36.0, -64.0, -1277.0, 36.0, 0, 0, 0
L -74.0, -1309.0, 36.0, -64.0, -1303.0, 36.0, 0, 0, 0
L -74.0, -1413.0, 36.0, -74.0, -1309.0, 36.0, 0, 0, 0
L -74.0, -1427.0, 36.0, -74.0, -1417.0, 36.0, 0, 0, 0
L -84.0, -1447.0, 36.0, -84.0, -1427.0, 36.0, 0, 0, 0
L -94.0, -1451.0, 36.0, -112.0, -1451.0, 36.0, 0, 0, 0
L -84.0, -1479.0, 36.0, -84.0, -1469.0, 36.0, 0, 0, 0
L 92.0, -583.0, -3.0, 88.0, -602.0, -4.0, 0, 0, 0
L 108.0, -570.0, -3.0, 92.0, -583.0, -3.0, 0, 0, 0
L 153.0, -576.0, -3.0, 126.0, -570.0, -3.0, 0, 0, 0
L 181.0, -590.0, 4.0, 153.0, -576.0, -3.0, 0, 0, 0
L 179.0, -665.0, 0.0, 178.0, -665.0, 0.0, 0, 0, 0
L 158.0, -658.0, 11.0, 178.0, -658.0, 11.0, 0, 204, 0
L 158.0, -699.0, 11.0, 158.0, -658.0, 11.0, 0, 204, 0
L 189.0, -699.0, 11.0, 158.0, -699.0, 11.0, 0, 204, 0
L 189.0, -654.0, 0.0, 189.0, -656.0, 0.0, 0, 0, 0
L -312.0, -397.0, -23.0, -322.0, -398.0, -23.0, 0, 0, 0
L -332.0, -399.0, -23.0, -334.0, -405.0, -23.0, 0, 0, 0
L -334.0, -405.0, -23.0, -333.0, -410.0, -23.0, 0, 0, 0
L -333.0, -410.0, -23.0, -325.0, -416.0, -25.0, 0, 0, 0
L -325.0, -416.0, -25.0, -307.0, -419.0, -28.0, 0, 0, 0
L -290.0, -466.0, -35.0, -291.0, -451.0, -31.0, 0, 0, 0
L -291.0, -451.0, -31.0, -300.0, -440.0, -31.0, 0, 0, 0
L -300.0, -440.0, -31.0, -310.0, -432.0, -29.0, 0, 0, 0
L -310.0, -432.0, -29.0, -320.0, -431.0, -26.0, 0, 0, 0
L -320.0, -431.0, -26.0, -326.0, -431.0, -26.0, 0, 0, 0
L -326.0, -431.0, -26.0, -345.0, -423.0, -25.0, 0, 0, 0
L -345.0, -423.0, -25.0, -349.0, -409.0, -23.0, 0, 0, 0
L -349.0, -409.0, -23.0, -349.0, -405.0, -23.0, 0, 0, 0
L -349.0, -405.0, -23.0, -345.0, -394.0, -23.0, 0, 0, 0
L -345.0, -394.0, -23.0, -331.0, -384.0, -23.0, 0, 0, 0
L -331.0, -384.0, -23.0, -321.0, -380.0, -23.0, 0, 0, 0
L -290.0, -477.0, -35.0, -317.0, -493.0, -35.0, 0, 0, 0
L -317.0, -493.0, -35.0, -331.0, -561.0, -28.0, 0, 0, 0
L -331.0, -561.0, -28.0, -323.0, -577.0, -34.0, 0, 0, 0
L -323.0, -577.0, -34.0, -321.0, -595.0, -35.0, 0, 0, 0
L -321.0, -595.0, -35.0, -315.0, -605.0, -35.0, 0, 0, 0
L -315.0, -605.0, -35.0, -282.0, -610.0, -28.0, 0, 0, 0
L -282.0, -610.0, -28.0, -277.0, -612.0, -35.0, 0, 0, 0
L -277.0, -612.0, -35.0, -254.0, -627.0, -35.0, 0, 0, 0
L -254.0, -627.0, -35.0, -253.0, -627.0, -35.0, 0, 0, 0
L -236.0, -627.0, -35.0, -235.0, -627.0, -35.0, 0, 0, 0
L -235.0, -627.0, -35.0, -224.0, -611.0, -35.0, 0, 0, 0
L -224.0, -611.0, -35.0, -222.0, -600.0, -35.0, 0, 0, 0
L -188.0, -571.0, -35.0, -184.0, -559.0, -35.0, 0, 0, 0
L -184.0, -559.0, -35.0, -202.0, -552.0, -35.0, 0, 0, 0
L -202.0, -552.0, -35.0, -202.0, -543.0, -35.0, 0, 0, 0
L -202.0, -543.0, -35.0, -191.0, -538.0, -35.0, 0, 0, 0
L -191.0, -516.0, -35.0, -221.0, -494.0, -35.0, 0, 0, 0
L -221.0, -494.0, -35.0, -240.0, -486.0, -35.0, 0, 0, 0
L -240.0, -486.0, -35.0, -263.0, -477.0, -35.0, 0, 0, 0
L -199.0, -597.0, -35.0, -199.0, -619.0, -35.0, 0, 0, 0
L -243.0, -578.0, -35.0, -243.0, -585.0, -35.0, 0, 0, 0
L -243.0, -585.0, -35.0, -233.0, -585.0, -35.0, 205, 133, 63
L -233.0, -585.0, -35.0, -233.0, -590.0, -35.0, 205, 133, 63
L -233.0, -590.0, -35.0, -243.0, -590.0, -35.0, 205, 133, 63
L -178.0, -619.0, -35.0, -178.0, -600.0, -35.0, 0, 0, 0
L -178.0, -600.0, -35.0, -187.0, -600.0, -35.0, 0, 0, 0
L -199.0, -619.0, -35.0, -191.0, -619.0, -35.0, 0, 0, 0
L -243.0, -597.0, -24.0, -243.0, -556.0, -24.0, 0, 204, 0
L -243.0, -556.0, -24.0, -230.0, -556.0, -24.0, 0, 204, 0
L -230.0, -556.0, -24.0, -230.0, -578.0, -24.0, 0, 204, 0
L -220.0, -578.0, -24.0, -220.0, -589.0, -24.0, 0, 204, 0
L -220.0, -589.0, -24.0, -217.0, -589.0, -25.0, 0, 204, 0
L -199.0, -589.0, -35.0, -199.0, -588.0, -35.0, 0, 0, 0
L -253.0, -632.0, -35.0, -254.0, -633.0, -35.0, 0, 0, 0
L -254.0, -633.0, -35.0, -249.0, -651.0, -34.0, 0, 0, 0
L -249.0, -651.0, -34.0, -224.0, -663.0, -33.0, 0, 0, 0
L -224.0, -663.0, -33.0, -201.0, -669.0, -29.0, 0, 0, 0
L -201.0, -669.0, -29.0, -184.0, -669.0, -29.0, 0, 0, 0
L -184.0, -669.0, -29.0, -176.0, -657.0, -28.0, 0, 0, 0
L -176.0, -657.0, -28.0, -157.0, -634.0, -23.0, 0, 0, 0
L -157.0, -634.0, -23.0, -144.0, -627.0, -22.0, 0, 0, 0
L -144.0, -627.0, -22.0, -136.0, -611.0, -21.0, 0, 0, 0
L -136.0, -611.0, -21.0, -118.0, -603.0, -18.0, 0, 0, 0
L -118.0, -603.0, -18.0, -97.0, -585.0, -15.0, 0, 0, 0
L -97.0, -585.0, -15.0, -77.0, -589.0, -11.0, 0, 0, 0
L -77.0, -589.0, -11.0, -56.0, -583.0, -8.0, 0, 0, 0
L -56.0, -583.0, -8.0, -51.0, -589.0, -8.0, 0, 0, 0
L -51.0, -589.0, -8.0, -49.0, -605.0, -6.0, 0, 0, 0
L -49.0, -605.0, -6.0, -27.0, -617.0, -6.0, 0, 0, 0
L -27.0, -617.0, -6.0, -9.0, -649.0, -1.0, 0, 0, 0
L -9.0, -649.0, -1.0, -3.0, -677.0, 0.0, 0, 0, 0
L -3.0, -677.0, 0.0, -11.0, -690.0, 0.0, 0, 0, 0
L -11.0, -690.0, 0.0, -72.0, -690.0, 0.0, 0, 0, 0
L -72.0, -684.0, 0.0, -104.0, -684.0, 0.0, 0, 0, 0
L -104.0, -684.0, 0.0, -112.0, -674.0, 4.0, 0, 0, 0
L -112.0, -674.0, 4.0, -112.0, -664.0, 4.0, 0, 0, 0
L -112.0, -664.0, 4.0, -117.0, -664.0, 4.0, 0, 0, 0
L -146.0, -664.0, 4.0, -151.0, -664.0, 4.0, 0, 0, 0
L -151.0, -664.0, 4.0, -151.0, -675.0, 4.0, 0, 0, 0
L -151.0, -675.0, 4.0, -159.0, -684.0, 0.0, 0, 0, 0
L -159.0, -684.0, 0.0, -191.0, -684.0, 0.0, 0, 0, 0
L -191.0, -684.0, 0.0, -191.0, -707.0, 0.0, 0, 0, 0
L -191.0, -707.0, 0.0, -179.0, -707.0, 0.0, 0, 0, 0
L -191.0, -720.0, 0.0, -191.0, -827.0, 0.0, 0, 0, 0
L -191.0, -851.0, 0.0, -180.0, -851.0, 0.0, 0, 0, 0
L -180.0, -851.0, 0.0, -157.0, -863.0, 0.0, 0, 0, 0
L -84.0, -851.0, 0.0, -72.0, -851.0, 0.0, 0, 0, 0
L -72.0, -827.0, 0.0, -72.0, -720.0, 0.0, 0, 0, 0
L 0.0, -701.0, 0.0, 11.0, -677.0, 0.0, 0, 0, 0
L 11.0, -677.0, 0.0, 9.0, -662.0, 0.0, 0, 0, 0
L 9.0, -662.0, 0.0, 5.0, -649.0, -1.0, 0, 0, 0
L 5.0, -649.0, -1.0, -10.0, -617.0, -6.0, 0, 0, 0
L -10.0, -617.0, -6.0, -32.0, -589.0, -7.0, 0, 0, 0
L -32.0, -589.0, -7.0, -38.0, -570.0, -7.0, 0, 0, 0
L -38.0, -570.0, -7.0, -55.0, -564.0, -8.0, 0, 0, 0
L -55.0, -564.0, -8.0, -77.0, -573.0, -11.0, 0, 0, 0
L -77.0, -573.0, -11.0, -98.0, -570.0, -15.0, 0, 0, 0
L -98.0, -570.0, -15.0, -109.0, -573.0, -16.0, 0, 0, 0
L -109.0, -573.0, -16.0, -118.0, -586.0, -18.0, 0, 0, 0
L -118.0, -586.0, -18.0, -135.0, -596.0, -21.0, 0, 0, 0
L -135.0, -596.0, -21.0, -167.0, -620.0, -25.0, 0, 0, 0
L -167.0, -620.0, -25.0, -175.0, -639.0, -27.0, 0, 0, 0
L -175.0, -639.0, -27.0, -201.0, -652.0, -27.0, 0, 0, 0
L -201.0, -652.0, -27.0, -224.0, -647.0, -34.0, 0, 0, 0
L -224.0, -647.0, -34.0, -235.0, -636.0, -35.0, 0, 0, 0
L -235.0, -636.0, -35.0, -236.0, -632.0, -35.0, 0, 0, 0
L -93.0, -727.0, 0.0, -93.0, -773.5, 0.0, 150, 150, 150
L -161.0, -803.0, 0.0, -148.0, -803.0, 0.0, 0, 0, 0
L -115.0, -803.0, 0.0, -102.0, -803.0, 0.0, 0, 0, 0
L -102.0, -803.0, 0.0, -102.0, -775.0, 0.0, 0, 0, 0
L -102.0, -775.0, 0.0, -122.0, -760.0, 0.0, 0, 0, 0
L -148.0, -795.0, 0.0, -144.0, -795.0, 0.0, 150, 150, 150
L -144.0, -795.0, 0.0, -140.0, -791.0, 0.0, 150, 150, 150
L -140.0, -791.0, 0.0, -124.0, -791.0, 0.0, 150, 150, 150
L -124.0, -791.0, 0.0, -119.0, -795.0, 0.0, 150, 150, 150
L -119.0, -795.0, 0.0, -115.0, -795.0, 0.0, 150, 150, 150
L -157.0, -806.0, 3.0, -157.0, -809.0, 3.0, 0, 0, 0
L -157.0, -809.0, 3.0, -142.0, -823.0, 3.0, 0, 0, 0
L -142.0, -823.0, 3.0, -121.0, -823.0, 3.0, 0, 0, 0
L -121.0, -823.0, 3.0, -106.0, -809.0, 3.0, 0, 0, 0
L -106.0, -809.0, 3.0, -106.0, -806.0, 3.0, 0, 0, 0
L -106.0, -806.0, 3.0, -123.0, -806.0, 3.0, 0, 0, 0
L -123.0, -806.0, 3.0, -123.0, -814.0, 3.0, 0, 0, 0
L -126.0, -814.0, 3.0, -128.0, -803.0, 3.0, 0, 0, 0
L -128.0, -803.0, 3.0, -115.0, -803.0, 0.0, 0, 0, 0
L -157.0, -806.0, 3.0, -140.0, -806.0, 3.0, 0, 0, 0
L -140.0, -806.0, 3.0, -139.0, -814.0, 3.0, 0, 0, 0
L -135.0, -803.0, 3.0, -148.0, -803.0, 0.0, 0, 0, 0
L -117.0, -664.0, 4.0, -146.0, -664.0, 4.0, 0, 0, 0
L -117.0, -664.0, 4.0, -117.0, -672.0, 4.0, 150, 150, 150
L -120.0, -663.0, 0.0, -120.0, -669.0, 0.0, 0, 0, 255
L -120.0, -669.0, 0.0, -143.0, -669.0, 0.0, 0, 0, 255
L -143.0, -669.0, 0.0, -143.0, -663.0, 0.0, 0, 0, 255
L -143.0, -663.0, 0.0, -139.0, -660.0, 0.0, 0, 0, 255
L -124.0, -660.0, 0.0, -120.0, -663.0, 0.0, 0, 0, 255
L -72.0, -707.0, 0.0, -83.0, -707.0, 0.0, 0, 0, 0
L -84.0, -827.0, 0.0, -84.0, -839.0, 0.0, 0, 0, 0
L -253.0, -632.0, -35.0, -250.0, -634.0, -35.0, 0, 0, 0
L -250.0, -634.0, -35.0, -250.0, -625.0, -35.0, 0, 0, 0
L -239.0, -625.0, -35.0, -239.0, -634.0, -35.0, 0, 0, 0
L -239.0, -634.0, -35.0, -236.0, -632.0, -35.0, 0, 0, 0
L -180.0, -519.0, -35.0, -166.0, -521.0, -34.0, 0, 0, 0
L -166.0, -521.0, -34.0, -159.0, -518.0, -34.0, 0, 0, 0
L -159.0, -518.0, -34.0, -148.0, -516.0, -33.0, 0, 0, 0
L -148.0, -516.0, -33.0, -119.0, -484.0, -27.0, 0, 0, 0
L -119.0, -484.0, -27.0, -92.0, -474.0, -21.0, 0, 0, 0
L -92.0, -474.0, -21.0, -81.0, -433.0, -13.0, 0, 0, 0
L -81.0, -433.0, -13.0, -67.0, -412.0, -11.0, 0, 0, 0
L -67.0, -412.0, -11.0, -46.0, -414.0, -7.0, 0, 0, 0
L -46.0, -414.0, -7.0, -36.0, -422.0, -5.0, 0, 0, 0
L -36.0, -422.0, -5.0, -24.0, -420.0, -3.0, 0, 0, 0
L -24.0, -420.0, -3.0, -17.0, -414.0, -1.0, 0, 0, 0
L -17.0, -414.0, -1.0, -3.0, -412.0, 0.0, 0, 0, 0
L -3.0, -412.0, 0.0, 4.0, -413.0, 0.0, 0, 0, 0
L 12.0, -449.0, 0.0, -3.0, -428.0, 0.0, 0, 0, 0
L -3.0, -428.0, 0.0, -24.0, -439.0, -3.0, 0, 0, 0
L -24.0, -439.0, -3.0, -36.0, -439.0, -5.0, 0, 0, 0
L -36.0, -439.0, -5.0, -45.0, -431.0, -7.0, 0, 0, 0
L -45.0, -431.0, -7.0, -64.0, -433.0, -11.0, 0, 0, 0
L -64.0, -433.0, -11.0, -66.0, -449.0, -15.0, 0, 0, 0
L -66.0, -449.0, -15.0, -74.0, -459.0, -17.0, 0, 0, 0
L -74.0, -459.0, -17.0, -78.0, -483.0, -18.0, 0, 0, 0
L -78.0, -483.0, -18.0, -92.0, -499.0, -19.0, 0, 0, 0
L -92.0, -499.0, -19.0, -109.0, -504.0, -25.0, 0, 0, 0
L -109.0, -504.0, -25.0, -128.0, -515.0, -29.0, 0, 0, 0
L -128.0, -515.0, -29.0, -136.0, -537.0, -30.0, 0, 0, 0
L -136.0, -537.0, -30.0, -148.0, -543.0, -33.0, 0, 0, 0
L -148.0, -543.0, -33.0, -167.0, -543.0, -34.0, 0, 0, 0
L -167.0, -543.0, -34.0, -180.0, -538.0, -35.0, 0, 0, 0
L 16.0, -451.0, 0.0, 12.0, -449.0, 0.0, 0, 0, 0
L 27.0, -454.0, 0.0, 32.0, -457.0, 0.0, 0, 0, 0
L 32.0, -457.0, 0.0, 52.0, -461.0, 0.0, 0, 0, 0
L 52.0, -461.0, 0.0, 74.0, -471.0, 4.0, 0, 0, 0
L 74.0, -471.0, 4.0, 82.0, -485.0, 4.0, 0, 0, 0
L 82.0, -485.0, 4.0, 90.0, -497.0, 4.0, 0, 0, 0
L 90.0, -497.0, 4.0, 98.0, -497.0, 4.0, 0, 0, 0
L 27.0, -434.0, 0.0, 31.0, -436.0, 0.0, 0, 0, 0
L 31.0, -436.0, 0.0, 43.0, -438.0, 0.0, 0, 0, 0
L 43.0, -438.0, 0.0, 50.0, -432.0, 0.0, 0, 0, 0
L 50.0, -432.0, 0.0, 50.0, -419.0, 0.0, 0, 0, 0
L 50.0, -419.0, 0.0, 48.0, -406.0, 0.0, 0, 0, 0
L 118.0, -503.0, 2.0, 143.0, -503.0, 0.0, 0, 0, 0
L 168.0, -503.0, 0.0, 170.0, -507.0, 0.0, 0, 0, 0
L 170.0, -507.0, 0.0, 179.0, -509.0, 0.0, 0, 0, 0
L 179.0, -509.0, 0.0, 194.0, -505.0, 0.0, 0, 0, 0
L 194.0, -505.0, 0.0, 205.0, -500.0, 0.0, 0, 0, 0
L 205.0, -500.0, 0.0, 208.0, -500.0, 0.0, 0, 0, 0
L 208.0, -481.0, 0.0, 200.0, -478.0, 0.0, 0, 0, 0
L 200.0, -478.0, 0.0, 193.0, -480.0, 0.0, 0, 0, 0
L 193.0, -480.0, 0.0, 180.0, -476.0, 0.0, 0, 0, 0
L 180.0, -476.0, 0.0, 179.0, -469.0, 0.0, 0, 0, 0
L 179.0, -469.0, 0.0, 192.0, -463.0, 0.0, 0, 0, 0
L 192.0, -463.0, 0.0, 204.0, -453.0, 0.0, 0, 0, 0
L 204.0, -453.0, 0.0, 214.0, -448.0, 0.0, 0, 0, 0
L 214.0, -448.0, 0.0, 232.0, -441.0, 0.0, 0, 0, 0
L 232.0, -441.0, 0.0, 254.0, -428.0, 0.0, 0, 0, 0
L 254.0, -428.0, 0.0, 271.0, -421.0, 0.0, 0, 0, 0
L 271.0, -421.0, 0.0, 279.0, -403.0, 0.0, 0, 0, 0
L 259.0, -382.0, 0.0, 262.0, -394.0, 0.0, 0, 0, 0
L 262.0, -394.0, 0.0, 260.0, -404.0, 0.0, 0, 0, 0
L 260.0, -404.0, 0.0, 255.0, -414.0, 0.0, 0, 0, 0
L 255.0, -414.0, 0.0, 240.0, -420.0, 0.0, 0, 0, 0
L 240.0, -420.0, 0.0, 232.0, -427.0, 0.0, 0, 0, 0
L 232.0, -427.0, 0.0, 210.0, -429.0, 0.0, 0, 0, 0
L 210.0, -429.0, 0.0, 203.0, -408.0, 0.0, 0, 0, 0
L 64.0, -422.0, 0.0, 64.0, -441.0, 0.0, 0, 0, 0
L 64.0, -441.0, 0.0, 93.0, -441.0, 0.0, 0, 0, 0
L 143.0, -468.0, 0.0, 143.0, -503.0, 0.0, 0, 0, 0
L 168.0, -503.0, 0.0, 167.0, -500.0, 0.0, 0, 0, 0
L 165.0, -492.0, 0.0, 165.0, -501.0, 0.0, 0, 0, 0
L 165.0, -501.0, 0.0, 146.0, -501.0, 0.0, 0, 0, 0
L 146.0, -501.0, 0.0, 146.0, -490.0, 0.0, 0, 0, 0
L 146.0, -473.0, 0.0, 146.0, -470.0, 0.0, 0, 0, 0
L 146.0, -405.0, 0.0, 146.0, -384.0, 0.0, 0, 0, 0
L 168.0, -381.0, 0.0, 146.0, -381.0, 0.0, 0, 0, 0
L 146.0, -362.0, 0.0, 168.0, -362.0, 0.0, 0, 0, 0
L 168.0, -362.0, 0.0, 168.0, -342.0, 0.0, 0, 0, 0
L 168.0, -342.0, 0.0, 208.0, -342.0, -1.0, 0, 0, 0
L 208.0, -342.0, -1.0, 211.0, -348.0, -1.0, 0, 0, 0
L 211.0, -348.0, -1.0, 211.0, -365.0, -1.0, 0, 0, 0
L 211.0, -365.0, -1.0, 207.0, -368.0, -1.0, 0, 0, 0
L 207.0, -368.0, -1.0, 207.0, -371.0, -1.0, 0, 0, 0
L 207.0, -371.0, -1.0, 202.0, -371.0, -1.0, 0, 0, 0
L 202.0, -371.0, -1.0, 202.0, -366.0, -1.0, 0, 0, 0
L 202.0, -366.0, -1.0, 198.0, -365.0, -1.0, 0, 0, 0
L 198.0, -365.0, -1.0, 191.0, -365.0, -1.0, 0, 0, 0
L 191.0, -365.0, -1.0, 187.0, -366.0, -1.0, 0, 0, 0
L 187.0, -366.0, -1.0, 187.0, -371.0, -1.0, 0, 0, 0
L 187.0, -371.0, -1.0, 182.0, -371.0, -1.0, 0, 0, 0
L 182.0, -371.0, -1.0, 182.0, -361.0, -1.0, 0, 0, 0
L 182.0, -361.0, -1.0, 177.0, -361.0, 0.0, 0, 0, 0
L 177.0, -361.0, 0.0, 177.0, -393.0, 0.0, 0, 0, 0
L 167.0, -398.0, 0.0, 177.0, -398.0, 0.0, 205, 133, 63
L 181.0, -398.0, 0.0, 190.0, -398.0, 0.0, 0, 0, 0
L 190.0, -398.0, 0.0, 190.0, -408.0, 0.0, 0, 0, 0
L 190.0, -408.0, 0.0, 192.0, -408.0, 0.0, 0, 0, 0
L 192.0, -408.0, 0.0, 192.0, -395.0, 7.0, 0, 0, 0
L 192.0, -395.0, 7.0, 182.0, -393.0, 12.0, 0, 0, 0
L 182.0, -393.0, 12.0, 179.0, -393.0, 12.0, 0, 204, 0
L 160.0, -393.0, 12.0, 160.0, -398.0, 12.0, 205, 133, 63
L 160.0, -398.0, 12.0, 167.0, -398.0, 12.0, 205, 133, 63
L 167.0, -398.0, 12.0, 167.0, -405.0, 12.0, 0, 204, 0
L 167.0, -405.0, 12.0, 146.0, -405.0, 12.0, 0, 204, 0
L 146.0, -405.0, 12.0, 146.0, -362.0, 12.0, 0, 204, 0
L 146.0, -362.0, 12.0, 177.0, -362.0, 12.0, 0, 204, 0
L 181.0, -386.0, 12.0, 180.0, -383.0, 12.0, 0, 0, 0
L 180.0, -383.0, 12.0, 180.0, -374.0, 12.0, 0, 0, 0
L 180.0, -374.0, 12.0, 188.0, -383.0, 12.0, 0, 0, 0
L 188.0, -383.0, 12.0, 192.0, -384.0, 7.0, 0, 0, 0
L 192.0, -384.0, 7.0, 203.0, -384.0, 7.0, 0, 0, 0
L 203.0, -384.0, 7.0, 203.0, -395.0, 7.0, 0, 0, 0
L 203.0, -395.0, 7.0, 203.0, -408.0, 0.0, 0, 0, 0
L 143.0, -456.0, 0.0, 133.6, -455.1, 4.3, 139, 69, 19
L 132.0, -455.0, 5.0, 124.0, -455.0, 6.0, 139, 69, 19
L 124.0, -455.0, 6.0, 115.5, -455.0, 3.0, 139, 69, 19
L 107.0, -440.0, 0.0, 117.0, -440.0, 3.8, 139, 69, 19
L 120.0, -440.0, 5.0, 130.0, -440.0, 6.0, 139, 69, 19
L 130.0, -440.0, 6.0, 133.6, -439.7, 4.3, 139, 69, 19
L 48.0, -406.0, 0.0, 52.0, -390.0, -2.0, 0, 0, 0
L 52.0, -390.0, -2.0, 59.0, -394.0, -2.0, 0, 0, 255
L 59.0, -394.0, -2.0, 69.0, -405.0, -1.0, 0, 0, 255
L 69.0, -405.0, -1.0, 97.0, -412.0, 0.0, 0, 0, 255
L 97.0, -412.0, 0.0, 105.0, -416.0, 0.0, 0, 0, 255
L 105.0, -416.0, 0.0, 109.0, -425.0, 0.0, 0, 0, 255
L 109.0, -425.0, 0.0, 117.0, -434.0, 0.0, 0, 0, 255
L 115.0, -461.0, 0.0, 103.0, -471.0, 4.0, 0, 0, 255
L 103.0, -471.0, 4.0, 97.0, -485.0, 4.0, 0, 0, 255
L 97.0, -485.0, 4.0, 98.0, -497.0, 4.0, 0, 0, 255
L 118.0, -503.0, 2.0, 114.0, -485.0, 3.0, 0, 0, 255
L 114.0, -485.0, 3.0, 132.0, -462.0, 1.0, 0, 0, 255
L 132.0, -432.0, 0.0, 124.0, -416.0, -1.0, 0, 0, 255
L 124.0, -416.0, -1.0, 131.0, -410.0, 0.0, 0, 0, 255
L 52.0, -390.0, -2.0, 50.0, -383.0, -4.0, 0, 0, 0
L 50.0, -383.0, -4.0, 54.0, -371.0, -4.0, 0, 0, 0
L 54.0, -371.0, -4.0, 56.0, -360.0, -4.0, 0, 0, 0
L 56.0, -360.0, -4.0, 78.0, -344.0, -4.0, 0, 0, 0
L 78.0, -344.0, -4.0, 96.0, -340.0, -4.0, 0, 0, 0
L 96.0, -340.0, -4.0, 129.0, -350.0, -4.0, 0, 0, 0
L 129.0, -350.0, -4.0, 142.0, -359.0, 2.0, 0, 0, 0
L 146.0, -362.0, 0.0, 142.0, -359.0, 2.0, 0, 0, 0
L 118.0, -503.0, 2.0, 129.0, -517.0, -23.0, 0, 0, 255
L 129.0, -517.0, -23.0, 129.0, -529.0, -23.0, 0, 0, 255
L 129.0, -529.0, -23.0, 117.0, -545.0, -23.0, 0, 0, 255
L 117.0, -545.0, -23.0, 126.0, -570.0, -24.0, 0, 0, 255
L 108.0, -570.0, -24.0, 106.0, -565.0, -23.0, 0, 0, 255
L 106.0, -565.0, -23.0, 102.0, -559.0, -23.0, 0, 0, 255
L 102.0, -559.0, -23.0, 102.0, -545.0, -23.0, 0, 0, 255
L 102.0, -545.0, -23.0, 114.0, -529.0, -23.0, 0, 0, 255
L 114.0, -529.0, -23.0, 104.0, -503.0, -23.0, 0, 0, 255
L 104.0, -503.0, -23.0, 100.0, -498.0, -23.0, 0, 0, 255
L 100.0, -498.0, -23.0, 98.0, -497.0, 4.0, 0, 0, 255
L 181.0, -590.0, 4.0, 182.0, -608.0, 4.0, 0, 0, 255
L 182.0, -608.0, 4.0, 178.0, -614.0, 0.0, 0, 0, 255
L 178.0, -614.0, 0.0, 155.0, -622.0, 0.0, 0, 0, 255
L 155.0, -622.0, 0.0, 106.0, -618.0, 0.0, 0, 0, 255
L 106.0, -618.0, 0.0, 88.0, -602.0, -4.0, 0, 0, 255
L 230.0, -513.0, 0.0, 241.0, -515.0, 0.0, 0, 0, 0
L 241.0, -515.0, 0.0, 261.0, -533.0, 0.0, 0, 0, 0
L 261.0, -533.0, 0.0, 266.0, -545.0, 0.0, 0, 0, 0
L 266.0, -545.0, 0.0, 264.0, -555.0, 0.0, 0, 0, 0
L 264.0, -555.0, 0.0, 270.0, -563.0, 0.0, 0, 0, 0
L 270.0, -563.0, 0.0, 262.0, -586.0, 0.0, 0, 0, 0
L 262.0, -586.0, 0.0, 244.0, -595.0, 0.0, 0, 0, 0
L 244.0, -595.0, 0.0, 226.0, -598.0, 0.0, 0, 0, 0
L 226.0, -598.0, 0.0, 216.0, -607.0, 0.0, 0, 0, 0
L 216.0, -607.0, 0.0, 204.0, -603.0, 4.0, 0, 0, 0
L 204.0, -603.0, 4.0, 181.0, -590.0, 4.0, 0, 0, 0
L 88.0, -602.0, -4.0, 82.0, -630.0, 0.0, 0, 0, 0
L 82.0, -630.0, 0.0, 75.0, -644.0, 0.0, 0, 0, 0
L 75.0, -644.0, 0.0, 66.0, -653.0, 0.0, 0, 0, 0
L 66.0, -653.0, 0.0, 66.0, -657.0, 0.0, 0, 0, 0
L 66.0, -657.0, 0.0, 64.0, -663.0, 0.0, 0, 0, 0
L 64.0, -663.0, 0.0, 71.0, -668.0, 0.0, 0, 0, 0
L 71.0, -668.0, 0.0, 82.0, -679.0, 1.0, 0, 0, 0
L 82.0, -679.0, 1.0, 95.0, -681.0, 1.0, 0, 0, 0
L 95.0, -681.0, 1.0, 133.0, -683.0, 2.0, 0, 0, 0
L 133.0, -683.0, 2.0, 147.0, -679.0, 1.0, 0, 0, 0
L 147.0, -679.0, 1.0, 155.0, -679.0, 0.0, 0, 0, 0
L 192.0, -668.0, 0.0, 195.0, -666.0, 0.0, 0, 0, 0
L 195.0, -666.0, 0.0, 205.0, -661.0, 0.0, 0, 0, 0
L 205.0, -661.0, 0.0, 215.0, -625.0, 0.0, 0, 0, 0
L 215.0, -625.0, 0.0, 243.0, -613.0, 0.0, 0, 0, 0
L 243.0, -613.0, 0.0, 265.0, -605.0, 0.0, 0, 0, 0
L 265.0, -605.0, 0.0, 278.0, -586.0, 0.0, 0, 0, 0
L 278.0, -586.0, 0.0, 283.0, -577.0, 0.0, 0, 0, 0
L 283.0, -577.0, 0.0, 283.0, -563.0, 0.0, 0, 0, 0
L 283.0, -563.0, 0.0, 279.0, -545.0, 0.0, 0, 0, 0
L 279.0, -545.0, 0.0, 279.0, -533.0, 0.0, 0, 0, 0
L 279.0, -533.0, 0.0, 269.0, -520.0, 0.0, 0, 0, 0
L 269.0, -520.0, 0.0, 260.0, -515.0, 0.0, 0, 0, 0
L 260.0, -515.0, 0.0, 241.0, -504.0, 0.0, 0, 0, 0
L 241.0, -504.0, 0.0, 222.0, -485.0, 0.0, 0, 0, 0
L -133.0, -1334.0, 34.0, -137.0, -1334.0, 34.0, 0, 0, 0
L -137.0, -1334.0, 34.0, -141.0, -1330.0, 34.0, 0, 0, 0
L -141.0, -1330.0, 34.0, -149.0, -1330.0, 35.0, 0, 0, 0
L -178.0, -1345.0, 36.0, -178.0, -1401.0, 36.0, 0, 0, 0
L -157.0, -1373.0, 36.0, -141.0, -1367.0, 36.0, 0, 0, 0
L -141.0, -1367.0, 36.0, -135.0, -1365.0, 36.0, 0, 0, 0
L -85.0, -1401.0, 36.0, -85.0, -1345.0, 36.0, 0, 0, 0
L -85.0, -1345.0, 36.0, -107.0, -1345.0, 36.0, 0, 0, 0
L -107.0, -1345.0, 36.0, -107.0, -1334.0, 36.0, 0, 0, 0
L -107.0, -1333.0, 36.0, -108.0, -1333.0, 36.0, 0, 0, 0
L -108.0, -1333.0, 36.0, -113.0, -1330.0, 35.0, 0, 0, 0
L -113.0, -1330.0, 35.0, -121.0, -1330.0, 35.0, 0, 0, 0
L -121.0, -1330.0, 35.0, -126.0, -1334.0, 34.0, 0, 0, 0
L -126.0, -1334.0, 34.0, -133.0, -1334.0, 34.0, 0, 0, 0
L -127.0, -1349.0, 44.0, -121.0, -1344.0, 46.0, 0, 204, 0
L -121.0, -1344.0, 46.0, -113.0, -1344.0, 46.0, 0, 204, 0
L -113.0, -1344.0, 46.0, -110.0, -1341.0, 46.0, 0, 204, 0
L -110.0, -1341.0, 46.0, -110.0, -1333.0, 46.0, 0, 204, 0
L -110.0, -1333.0, 46.0, -114.0, -1330.0, 46.0, 0, 204, 0
L -114.0, -1330.0, 46.0, -121.0, -1330.0, 46.0, 0, 204, 0
L -121.0, -1330.0, 46.0, -125.0, -1334.0, 45.0, 0, 204, 0
L -125.0, -1334.0, 45.0, -137.0, -1334.0, 44.0, 0, 204, 0
L -137.0, -1334.0, 44.0, -142.0, -1330.0, 46.0, 0, 204, 0
L -142.0, -1330.0, 46.0, -149.0, -1330.0, 46.0, 0, 204, 0
L -149.0, -1330.0, 46.0, -153.0, -1333.0, 46.0, 0, 204, 0
L -153.0, -1333.0, 46.0, -153.0, -1341.0, 46.0, 0, 204, 0
L -153.0, -1341.0, 46.0, -150.0, -1344.0, 46.0, 0, 204, 0
L -150.0, -1344.0, 46.0, -141.0, -1344.0, 46.0, 0, 204, 0
L -141.0, -1344.0, 46.0, -135.0, -1349.0, 44.0, 0, 204, 0
L -135.0, -1349.0, 44.0, -135.0, -1351.0, 43.0, 0, 0, 0
L -155.0, -1219.0, 36.0, -155.0, -1189.0, 36.0, 0, 0, 0
L -155.0, -1189.0, 36.0, -163.0, -1189.0, 36.0, 0, 0, 0
L -124.0, -1085.0, 24.0, -124.0, -1129.0, 24.0, 150, 150, 150
L -124.0, -1140.0, 30.0, -100.0, -1161.0, 30.0, 150, 150, 150
L -132.0, -1153.0, 30.0, -121.0, -1153.0, 30.0, 0, 0, 0
L -121.0, -1153.0, 30.0, -112.0, -1161.0, 30.0, 0, 0, 0
L -112.0, -1161.0, 30.0, -112.0, -1165.0, 31.0, 0, 0, 0
L -112.0, -1177.0, 36.0, -121.0, -1185.0, 36.0, 0, 0, 0
L -121.0, -1185.0, 36.0, -141.0, -1185.0, 36.0, 0, 0, 0
L -141.0, -1185.0, 36.0, -152.0, -1177.0, 36.0, 0, 0, 0
L -152.0, -1177.0, 36.0, -152.0, -1173.0, 34.0, 0, 0, 0
L -152.0, -1161.0, 30.0, -142.0, -1153.0, 30.0, 0, 0, 0
L -142.0, -1153.0, 30.0, -132.0, -1153.0, 30.0, 0, 0, 0
L -142.0, -1082.0, 26.0, -161.0, -1095.0, 31.0, 0, 0, 0
L -161.0, -1095.0, 31.0, -161.0, -1127.0, 31.0, 0, 0, 0
L -161.0, -1127.0, 31.0, -173.0, -1139.0, 30.0, 0, 0, 0
L -173.0, -1139.0, 30.0, -177.0, -1161.0, 24.0, 0, 0, 0
L -177.0, -1161.0, 24.0, -177.0, -1189.0, 24.0, 0, 0, 0
L -177.0, -1189.0, 24.0, -166.0, -1189.0, 23.0, 0, 0, 0
L -166.0, -1189.0, 23.0, -166.0, -1161.0, 22.0, 0, 0, 255
L -166.0, -1161.0, 22.0, -143.0, -1140.0, 23.0, 0, 0, 255
L -143.0, -1140.0, 23.0, -142.0, -1127.0, 23.0, 0, 0, 255
L -142.0, -1127.0, 23.0, -146.0, -1128.0, 23.0, 0, 0, 255
L -146.0, -1128.0, 23.0, -177.0, -1161.0, 24.0, 0, 0, 255
L -142.0, -1082.0, 26.0, -139.0, -1085.0, 24.0, 0, 0, 0
L -124.0, -1085.0, 24.0, -121.0, -1082.0, 26.0, 0, 0, 0
L -121.0, -1082.0, 26.0, -104.0, -1097.0, 30.0, 0, 0, 0
L -104.0, -1097.0, 30.0, -102.0, -1127.0, 31.0, 0, 0, 0
L -102.0, -1127.0, 31.0, -90.0, -1134.0, 33.0, 0, 0, 0
L -90.0, -1134.0, 33.0, -86.0, -1161.0, 21.0, 0, 0, 0
L -86.0, -1161.0, 21.0, -86.0, -1189.0, 21.0, 0, 0, 0
L -86.0, -1189.0, 21.0, -97.0, -1189.0, 21.0, 0, 0, 0
L -97.0, -1189.0, 21.0, -97.0, -1161.0, 22.0, 0, 0, 255
L -97.0, -1161.0, 22.0, -121.0, -1139.0, 22.0, 0, 0, 255
L -121.0, -1139.0, 22.0, -121.0, -1127.0, 22.0, 0, 0, 255
L -121.0, -1127.0, 22.0, -117.0, -1128.0, 22.0, 0, 0, 255
L -117.0, -1128.0, 22.0, -86.0, -1161.0, 21.0, 0, 0, 255
L -124.0, -1085.0, 24.0, -127.0, -1084.0, 24.0, 0, 0, 0
L -127.0, -1084.0, 24.0, -127.0, -1067.0, 24.0, 0, 0, 0
L -127.0, -1067.0, 24.0, -116.0, -1067.0, 24.0, 0, 0, 0
L -116.0, -1067.0, 24.0, -112.0, -1061.0, 24.0, 0, 0, 0
L -112.0, -1061.0, 24.0, -112.0, -1047.0, 24.0, 0, 0, 0
L -112.0, -1047.0, 24.0, -116.0, -1033.0, 24.0, 0, 0, 0
L -116.0, -1033.0, 24.0, -124.0, -1033.0, 24.0, 0, 0, 0
L -114.0, -952.0, 24.0, -114.0, -937.0, 24.0, 0, 0, 0
L -114.0, -937.0, 24.0, -128.0, -931.0, 24.0, 0, 0, 0
L -128.0, -931.0, 24.0, -128.0, -923.0, 24.0, 0, 0, 0
L -128.0, -923.0, 24.0, -125.0, -916.0, 24.0, 0, 0, 0
L -78.0, -911.0, 24.0, -78.0, -898.0, 24.0, 0, 0, 0
L -185.0, -898.0, 24.0, -185.0, -911.0, 24.0, 0, 0, 0
L -185.0, -911.0, 24.0, -138.0, -911.0, 24.0, 0, 0, 0
L -138.0, -911.0, 24.0, -138.0, -916.0, 24.0, 0, 0, 0
L -138.0, -916.0, 24.0, -135.0, -923.0, 24.0, 0, 0, 0
L -135.0, -923.0, 24.0, -135.0, -931.0, 24.0, 0, 0, 0
L -135.0, -931.0, 24.0, -149.0, -937.0, 24.0, 0, 0, 0
L -149.0, -937.0, 24.0, -149.0, -952.0, 24.0, 0, 0, 0
L -139.0, -952.0, 24.0, -139.0, -1033.0, 24.0, 0, 0, 0
L -139.0, -1033.0, 24.0, -147.0, -1033.0, 24.0, 0, 0, 0
L -147.0, -1033.0, 24.0, -151.0, -1047.0, 24.0, 0, 0, 0
L -151.0, -1047.0, 24.0, -151.0, -1061.0, 24.0, 0, 0, 0
L -151.0, -1061.0, 24.0, -147.0, -1067.0, 24.0, 0, 0, 0
L -147.0, -1067.0, 24.0, -136.0, -1067.0, 24.0, 0, 0, 0
L -136.0, -1067.0, 24.0, -136.0, -1085.0, 24.0, 0, 0, 0
L -136.0, -1085.0, 24.0, -139.0, -1085.0, 24.0, 0, 0, 0
L -125.0, -1058.0, 24.0, -125.0, -1052.0, 24.0, 0, 0, 0
L -125.0, -1052.0, 24.0, -139.0, -1052.0, 24.0, 0, 0, 0
L -139.0, -1058.0, 24.0, -125.0, -1058.0, 24.0, 0, 0, 0
L -181.0, -883.0, 18.0, -181.0, -879.0, 18.0, 0, 0, 0
L -181.0, -879.0, 18.0, -185.0, -879.0, 18.0, 0, 0, 0
L -185.0, -879.0, 18.0, -185.0, -864.0, 18.0, 0, 0, 0
L -146.0, -863.0, 6.0, -157.0, -863.0, 0.0, 0, 0, 0
L -141.0, -883.0, 7.0, -122.0, -883.0, 7.0, 0, 0, 0
L -82.0, -883.0, 18.0, -82.0, -879.0, 18.0, 0, 0, 0
L -78.0, -879.0, 18.0, -78.0, -864.0, 18.0, 0, 0, 0
L -121.0, -863.0, 6.0, -105.0, -863.0, 0.0, 0, 0, 0
L -188.0, -571.0, -35.0, -203.0, -575.0, -35.0, 0, 0, 0
L -278.0, -555.0, -43.0, -279.0, -575.0, -45.0, 178, 102, 255
L -279.0, -575.0, -45.0, -282.0, -581.0, -47.0, 178, 102, 255
L -282.0, -581.0, -47.0, -282.0, -601.0, -49.0, 178, 102, 255
L -282.0, -601.0, -49.0, -286.0, -609.0, -51.0, 178, 102, 255
L -286.0, -609.0, -51.0, -300.0, -631.0, -55.0, 178, 102, 255
L -300.0, -631.0, -55.0, -296.0, -632.0, -55.0, 178, 102, 255
L -296.0, -632.0, -55.0, -286.0, -643.0, -55.0, 178, 102, 255
L -286.0, -646.0, -55.0, -275.0, -648.0, -57.0, 178, 102, 255
L -275.0, -648.0, -57.0, -266.0, -654.0, -58.0, 178, 102, 255
L -266.0, -654.0, -58.0, -262.0, -664.0, -59.0, 178, 102, 255
L -262.0, -664.0, -59.0, -260.0, -677.0, -60.0, 178, 102, 255
L -260.0, -677.0, -60.0, -252.0, -690.0, -63.0, 178, 102, 255
L -252.0, -690.0, -63.0, -245.0, -694.0, -65.0, 178, 102, 255
L -245.0, -694.0, -65.0, -234.0, -700.0, -66.0, 178, 102, 255
L -234.0, -700.0, -66.0, -222.0, -698.0, -67.0, 178, 102, 255
L -222.0, -698.0, -67.0, -209.0, -692.0, -67.0, 178, 102, 255
L -209.0, -692.0, -67.0, -192.0, -688.0, -67.0, 178, 102, 255
L -192.0, -688.0, -67.0, -187.0, -682.0, -67.0, 178, 102, 255
L -187.0, -682.0, -67.0, -184.0, -682.0, -66.0, 178, 102, 255
L -184.0, -682.0, -66.0, -180.0, -689.0, -67.0, 178, 102, 255
L -180.0, -689.0, -67.0, -168.0, -693.0, -62.0, 178, 102, 255
L -168.0, -693.0, -62.0, -168.0, -713.0, -62.0, 178, 102, 255
L -168.0, -713.0, -62.0, -179.0, -721.0, -67.0, 178, 102, 255
L -179.0, -721.0, -67.0, -184.0, -729.0, -67.0, 178, 102, 255
L -184.0, -729.0, -67.0, -192.0, -733.0, -67.0, 178, 102, 255
L -192.0, -733.0, -67.0, -192.0, -745.0, -67.0, 178, 102, 255
L -192.0, -745.0, -67.0, -182.0, -758.0, -67.0, 178, 102, 255
L -182.0, -758.0, -67.0, -182.0, -769.0, -67.0, 178, 102, 255
L -182.0, -769.0, -67.0, -192.0, -779.0, -67.0, 178, 102, 255
L -192.0, -779.0, -67.0, -210.0, -779.0, -67.0, 178, 102, 255
L -210.0, -782.0, -67.0, -210.0, -779.0, -67.0, 178, 102, 255
L -210.0, -782.0, -67.0, -192.0, -782.0, -67.0, 178, 102, 255
L -192.0, -782.0, -67.0, -192.0, -793.0, -67.0, 178, 102, 255
L -192.0, -793.0, -67.0, -227.0, -793.0, -67.0, 178, 102, 255
L -227.0, -793.0, -67.0, -227.0, -782.0, -67.0, 178, 102, 255
L -227.0, -782.0, -67.0, -219.0, -782.0, -67.0, 178, 102, 255
L -219.0, -782.0, -67.0, -219.0, -779.0, -67.0, 178, 102, 255
L -219.0, -779.0, -67.0, -224.0, -777.0, -67.0, 178, 102, 255
L -224.0, -777.0, -67.0, -227.0, -775.0, -67.0, 178, 102, 255
L -227.0, -775.0, -67.0, -231.0, -773.0, -67.0, 178, 102, 255
L -231.0, -773.0, -67.0, -239.0, -767.0, -67.0, 0, 0, 255
L -239.0, -767.0, -67.0, -243.0, -764.0, -67.0, 0, 0, 255
L -243.0, -759.0, -67.0, -239.0, -755.0, -67.0, 0, 0, 255
L -239.0, -755.0, -67.0, -232.0, -749.0, -68.0, 0, 0, 255
L -232.0, -749.0, -68.0, -209.0, -745.0, -67.0, 178, 102, 255
L -209.0, -745.0, -67.0, -209.0, -733.0, -67.0, 178, 102, 255
L -209.0, -733.0, -67.0, -213.0, -733.0, -67.0, 178, 102, 255
L -213.0, -733.0, -67.0, -221.0, -731.0, -67.0, 178, 102, 255
L -221.0, -731.0, -67.0, -227.0, -725.0, -67.0, 178, 102, 255
L -227.0, -725.0, -67.0, -233.0, -709.0, -67.0, 178, 102, 255
L -233.0, -709.0, -67.0, -240.0, -709.0, -66.0, 178, 102, 255
L -240.0, -709.0, -66.0, -255.0, -699.0, -64.0, 178, 102, 255
L -255.0, -699.0, -64.0, -261.0, -689.0, -63.0, 178, 102, 255
L -261.0, -689.0, -63.0, -267.0, -685.0, -62.0, 178, 102, 255
L -267.0, -685.0, -62.0, -269.0, -678.0, -61.0, 178, 102, 255
L -269.0, -678.0, -61.0, -271.0, -664.0, -59.0, 178, 102, 255
L -271.0, -664.0, -59.0, -275.0, -657.0, -57.0, 178, 102, 255
L -275.0, -657.0, -57.0, -287.0, -655.0, -55.0, 178, 102, 255
L -286.0, -643.0, -55.0, -286.0, -646.0, -55.0, 178, 102, 255
L -287.0, -655.0, -55.0, -292.0, -667.0, -55.0, 178, 102, 255
L -292.0, -667.0, -55.0, -301.0, -667.0, -55.0, 178, 102, 255
L -301.0, -667.0, -55.0, -319.0, -657.0, -55.0, 178, 102, 255
L -319.0, -657.0, -55.0, -322.0, -655.0, -55.0, 178, 102, 255
L -322.0, -655.0, -55.0, -331.0, -653.0, -57.0, 178, 102, 255
L -331.0, -653.0, -57.0, -341.0, -647.0, -57.0, 178, 102, 255
L -341.0, -647.0, -57.0, -343.0, -641.0, -57.0, 178, 102, 255
L -343.0, -641.0, -57.0, -350.0, -637.0, -59.0, 178, 102, 255
L -350.0, -637.0, -59.0, -361.0, -633.0, -61.0, 178, 102, 255
L -361.0, -633.0, -61.0, -373.0, -639.0, -61.0, 178, 102, 255
L -373.0, -639.0, -61.0, -376.0, -639.0, -61.0, 178, 102, 255
L -376.0, -639.0, -61.0, -388.0, -647.0, -63.0, 178, 102, 255
L -388.0, -647.0, -63.0, -394.0, -656.0, -65.0, 178, 102, 255
L -394.0, -656.0, -65.0, -394.0, -669.0, -66.0, 178, 102, 255
L -394.0, -669.0, -66.0, -386.0, -681.0, -67.0, 178, 102, 255
L -386.0, -681.0, -67.0, -390.0, -681.0, -67.0, 178, 102, 255
L -390.0, -681.0, -67.0, -389.0, -686.0, -67.0, 178, 102, 255
L -389.0, -686.0, -67.0, -386.0, -686.0, -67.0, 178, 102, 255
L -386.0, -686.0, -67.0, -382.0, -697.0, -67.0, 178, 102, 255
L -382.0, -697.0, -67.0, -390.0, -709.0, -67.0, 178, 102, 255
L -390.0, -709.0, -67.0, -397.0, -709.0, -67.0, 178, 102, 255
L -397.0, -709.0, -67.0, -397.0, -714.0, -67.0, 178, 102, 255
L -397.0, -714.0, -67.0, -394.0, -714.0, -67.0, 178, 102, 255
L -394.0, -714.0, -67.0, -404.0, -727.0, -65.0, 178, 102, 255
L -404.0, -727.0, -65.0, -404.0, -739.0, -66.0, 178, 102, 255
L -404.0, -739.0, -66.0, -393.0, -740.0, -67.0, 178, 102, 255
L -393.0, -740.0, -67.0, -377.0, -748.0, -71.0, 178, 102, 255
L -377.0, -748.0, -71.0, -374.0, -748.0, -72.0, 178, 102, 255
L -371.0, -775.0, -75.0, -380.0, -777.0, -70.0, 178, 102, 255
L -380.0, -777.0, -70.0, -392.0, -777.0, -67.0, 178, 102, 255
L -392.0, -777.0, -67.0, -413.0, -773.0, -67.0, 178, 102, 255
L -413.0, -773.0, -67.0, -424.0, -763.0, -67.0, 178, 102, 255
L -424.0, -763.0, -67.0, -437.0, -763.0, -67.0, 178, 102, 255
L -437.0, -763.0, -67.0, -437.0, -740.0, -67.0, 178, 102, 255
L -437.0, -740.0, -67.0, -426.0, -740.0, -67.0, 178, 102, 255
L -426.0, -740.0, -67.0, -426.0, -751.0, -67.0, 178, 102, 255
L -426.0, -751.0, -67.0, -419.0, -744.0, -67.0, 178, 102, 255
L -419.0, -744.0, -67.0, -413.0, -739.0, -67.0, 178, 102, 255
L -413.0, -739.0, -67.0, -417.0, -726.0, -65.0, 178, 102, 255
L -417.0, -726.0, -65.0, -428.0, -714.0, -67.0, 178, 102, 255
L -428.0, -714.0, -67.0, -425.0, -714.0, -67.0, 178, 102, 255
L -425.0, -714.0, -67.0, -425.0, -709.0, -67.0, 178, 102, 255
L -425.0, -709.0, -67.0, -429.0, -709.0, -67.0, 178, 102, 255
L -429.0, -709.0, -67.0, -439.0, -707.0, -65.0, 178, 102, 255
L -439.0, -707.0, -65.0, -445.0, -695.0, -62.0, 178, 102, 255
L -445.0, -695.0, -62.0, -441.0, -688.0, -64.0, 178, 102, 255
L -441.0, -688.0, -64.0, -429.0, -686.0, -67.0, 178, 102, 255
L -429.0, -686.0, -67.0, -425.0, -685.0, -67.0, 178, 102, 255
L -425.0, -685.0, -67.0, -425.0, -681.0, -67.0, 178, 102, 255
L -425.0, -681.0, -67.0, -428.0, -681.0, -67.0, 178, 102, 255
L -428.0, -681.0, -67.0, -414.0, -668.0, -66.0, 178, 102, 255
L -414.0, -668.0, -66.0, -407.0, -655.0, -65.0, 178, 102, 255
L -407.0, -655.0, -65.0, -403.0, -641.0, -65.0, 178, 102, 255
L -403.0, -641.0, -65.0, -387.0, -631.0, -62.0, 178, 102, 255
L -387.0, -631.0, -62.0, -382.0, -627.0, -62.0, 178, 102, 255
L -382.0, -627.0, -62.0, -375.0, -626.0, -61.0, 178, 102, 255
L -375.0, -626.0, -61.0, -373.0, -626.0, -61.0, 178, 102, 255
L -373.0, -626.0, -61.0, -361.0, -620.0, -61.0, 178, 102, 255
L -361.0, -620.0, -61.0, -338.0, -632.0, -59.0, 178, 102, 255
L -338.0, -632.0, -59.0, -333.0, -642.0, -57.0, 178, 102, 255
L -333.0, -642.0, -57.0, -321.0, -646.0, -55.0, 178, 102, 255
L -321.0, -646.0, -55.0, -321.0, -643.0, -55.0, 178, 102, 255
L -321.0, -643.0, -55.0, -313.0, -632.0, -55.0, 178, 102, 255
L -313.0, -632.0, -55.0, -311.0, -634.0, -55.0, 178, 102, 255
L -311.0, -634.0, -55.0, -309.0, -634.0, -55.0, 178, 102, 255
L -309.0, -634.0, -55.0, -307.0, -621.0, -53.0, 178, 102, 255
L -307.0, -621.0, -53.0, -295.0, -610.0, -51.0, 178, 102, 255
L -295.0, -610.0, -51.0, -291.0, -587.0, -47.0, 178, 102, 255
L -291.0, -587.0, -47.0, -294.0, -575.0, -45.0, 178, 102, 255
L -294.0, -575.0, -45.0, -294.0, -555.0, -41.0, 178, 102, 255
L -243.0, -760.0, -67.0, -243.0, -759.0, -67.0, 0, 0, 255
L -243.0, -760.0, -67.0, -369.0, -760.0, -67.0, 139, 69, 19
L -368.0, -763.0, -67.0, -243.0, -763.0, -67.0, 139, 69, 19
L -372.0, -767.0, -73.0, -371.0, -775.0, -75.0, 0, 0, 255
L -369.0, -760.0, -67.0, -371.0, -757.0, -73.0, 0, 0, 255
L -371.0, -757.0, -73.0, -372.0, -752.5, -72.5, 0, 0, 255
L -231.0, -773.0, -67.0, -255.0, -778.0, -73.0, 0, 0, 255
L -255.0, -778.0, -73.0, -282.0, -781.0, -73.0, 0, 0, 255
L -282.0, -781.0, -73.0, -308.0, -775.0, -73.0, 0, 0, 255
L -308.0, -775.0, -73.0, -332.0, -787.0, -75.0, 0, 0, 255
L -332.0, -787.0, -75.0, -366.0, -778.0, -75.0, 0, 0, 255
L -366.0, -778.0, -75.0, -371.0, -775.0, -75.0, 0, 0, 255
L -374.0, -748.0, -72.0, -373.0, -748.0, -72.0, 178, 102, 255
L -373.0, -748.0, -72.0, -359.0, -742.0, -73.0, 0, 0, 255
L -359.0, -742.0, -73.0, -308.0, -749.0, -74.0, 0, 0, 255
L -308.0, -749.0, -74.0, -295.0, -740.0, -73.0, 0, 0, 255
L -295.0, -740.0, -73.0, -266.0, -738.0, -73.0, 0, 0, 255
L -266.0, -738.0, -73.0, -240.0, -743.0, -73.0, 0, 0, 255
L -240.0, -743.0, -73.0, -232.0, -749.0, -68.0, 0, 0, 255
L -261.0, -537.0, -35.0, -255.0, -537.0, -35.0, 205, 133, 63
L -255.0, -537.0, -35.0, -257.0, -544.0, -35.0, 205, 133, 63
L -257.0, -544.0, -35.0, -262.0, -540.0, -35.0, 205, 133, 63
L -262.0, -540.0, -35.0, -261.0, -537.0, -35.0, 205, 133, 63
L -257.0, -593.0, -35.0, -255.0, -599.0, -35.0, 205, 133, 63
L -255.0, -599.0, -35.0, -261.0, -600.0, -35.0, 205, 133, 63
L -261.0, -600.0, -35.0, -258.0, -595.0, -35.0, 205, 133, 63
L -311.0, -597.0, -35.0, -311.0, -600.0, -35.0, 205, 133, 63
L -311.0, -600.0, -35.0, -318.0, -599.0, -35.0, 205, 133, 63
L -318.0, -599.0, -35.0, -318.0, -593.0, -35.0, 205, 133, 63
L -318.0, -593.0, -35.0, -311.0, -597.0, -35.0, 205, 133, 63
L -316.0, -544.0, -35.0, -317.0, -537.0, -35.0, 205, 133, 63
L -317.0, -537.0, -35.0, -311.0, -537.0, -35.0, 205, 133, 63
L -311.0, -537.0, -35.0, -312.0, -538.0, -35.0, 205, 133, 63
L -262.0, -540.0, -35.0, -275.0, -554.0, -18.0, 205, 133, 63
L -275.0, -554.0, -18.0, -279.0, -550.0, -19.0, 205, 133, 63
L -279.0, -550.0, -19.0, -292.0, -550.0, -19.0, 205, 133, 63
L -292.0, -550.0, -19.0, -296.0, -554.0, -19.0, 205, 133, 63
L -305.0, -562.0, -19.0, -305.0, -575.0, -19.0, 205, 133, 63
L -305.0, -575.0, -19.0, -301.0, -579.0, -19.0, 205, 133, 63
L -293.0, -588.0, -19.0, -280.0, -587.0, -19.0, 205, 133, 63
L -280.0, -587.0, -19.0, -276.0, -583.0, -19.0, 205, 133, 63
L -268.0, -575.0, -19.0, -267.0, -562.0, -19.0, 205, 133, 63
L -267.0, -562.0, -19.0, -271.0, -558.0, -18.0, 205, 133, 63
L -257.0, -544.0, -35.0, -271.0, -558.0, -18.0, 205, 133, 63
L -272.0, -579.0, -19.0, -268.0, -575.0, -19.0, 205, 133, 63
L -258.0, -595.0, -35.0, -272.0, -579.0, -19.0, 205, 133, 63
L -276.0, -583.0, -19.0, -272.0, -579.0, -19.0, 205, 133, 63
L -261.0, -600.0, -35.0, -276.0, -583.0, -19.0, 205, 133, 63
L -311.0, -597.0, -35.0, -297.0, -583.0, -19.0, 205, 133, 63
L -318.0, -593.0, -35.0, -301.0, -579.0, -19.0, 205, 133, 63
L -314.0, -542.0, -35.0, -300.0, -557.0, -19.0, 205, 133, 63
L -312.0, -538.0, -35.0, -296.0, -554.0, -19.0, 205, 133, 63
L -281.0, -561.0, -15.0, -282.0, -561.0, -15.0, 205, 133, 63
L -294.0, -561.0, -15.0, -294.0, -576.0, -15.0, 205, 133, 63
L -294.0, -576.0, -15.0, -279.0, -576.0, -15.0, 205, 133, 63
L -279.0, -576.0, -15.0, -279.0, -561.0, -15.0, 205, 133, 63
L -282.0, -561.0, -15.0, -294.0, -561.0, -15.0, 205, 133, 63
L -279.0, -561.0, -15.0, -282.0, -561.0, -15.0, 205, 133, 63
L -119.0, -1449.0, 36.0, -144.0, -1449.0, 36.0, 0, 0, 0
L -105.0, -1447.0, 36.0, -104.0, -1447.0, 36.0, 0, 0, 0
L -104.0, -1447.0, 36.0, -84.0, -1447.0, 36.0, 0, 0, 0
L -248.0, -597.0, -35.0, -246.0, -597.0, -35.0, 0, 0, 0
L -118.0, -879.0, 7.0, -118.0, -868.0, 7.0, 150, 150, 150
L -145.0, -868.0, 7.0, -145.0, -879.0, 7.0, 150, 150, 150
L -105.0, -863.0, 0.0, -84.0, -851.0, 0.0, 0, 0, 0
L 126.0, -570.0, -3.0, 126.0, -570.0, -24.0, 0, 0, 255
L 108.0, -570.0, -3.0, 108.0, -570.0, -24.0, 0, 0, 255
L 213.0, -699.0, 0.0, 158.0, -699.0, 0.0, 0, 0, 0
L 213.0, -676.0, 0.0, 213.0, -699.0, 0.0, 0, 0, 0
L 192.0, -676.0, 0.0, 213.0, -676.0, 0.0, 0, 0, 0
L 192.0, -686.0, 0.0, 192.0, -676.0, 0.0, 0, 0, 0
L 178.0, -686.0, 0.0, 192.0, -686.0, 0.0, 0, 0, 0
L 178.0, -665.0, 0.0, 178.0, -686.0, 0.0, 0, 0, 0
L 179.0, -665.0, 0.0, 179.0, -667.0, 1.0, 0, 204, 0
L -300.0, -557.0, -19.0, -305.0, -562.0, -19.0, 205, 133, 63
L -296.0, -554.0, -19.0, -300.0, -557.0, -19.0, 205, 133, 63
L -314.0, -542.0, -35.0, -316.0, -544.0, -35.0, 205, 133, 63
L -312.0, -538.0, -35.0, -314.0, -542.0, -35.0, 205, 133, 63
L -271.0, -558.0, -18.0, -275.0, -554.0, -18.0, 205, 133, 63
L -258.0, -595.0, -35.0, -257.0, -593.0, -35.0, 205, 133, 63
L -297.0, -583.0, -19.0, -293.0, -588.0, -19.0, 205, 133, 63
L -301.0, -579.0, -19.0, -297.0, -583.0, -19.0, 205, 133, 63
L 192.0, -668.0, 0.0, 192.0, -654.0, 0.0, 0, 0, 0
L 192.0, -654.0, 0.0, 189.0, -654.0, 0.0, 0, 0, 0
L 181.0, -654.0, 0.0, 155.0, -654.0, 0.0, 0, 0, 0
L 155.0, -679.0, 0.0, 155.0, -654.0, 0.0, 0, 0, 0
L 181.0, -658.0, 0.0, 158.0, -658.0, 0.0, 0, 0, 0
L 181.0, -658.0, 0.0, 181.0, -656.0, 0.0, 0, 0, 0
L 189.0, -656.0, 0.0, 189.0, -665.0, 0.0, 0, 0, 0
L 181.0, -656.0, 0.0, 181.0, -654.0, 0.0, 0, 0, 0
L 181.0, -656.0, 0.0, 183.0, -656.0, 0.0, 205, 133, 63
L 183.0, -658.0, 0.0, 187.0, -658.0, 0.0, 205, 133, 63
L 187.0, -654.0, 0.0, 183.0, -654.0, 0.0, 205, 133, 63
L 187.0, -658.0, 0.0, 187.0, -656.0, 0.0, 205, 133, 63
L 187.0, -656.0, 0.0, 189.0, -656.0, 0.0, 205, 133, 63
L 187.0, -656.0, 0.0, 187.0, -654.0, 0.0, 205, 133, 63
L 183.0, -658.0, 0.0, 183.0, -656.0, 0.0, 205, 133, 63
L 183.0, -656.0, 0.0, 183.0, -654.0, 0.0, 205, 133, 63
L 178.0, -658.0, 11.0, 178.0, -685.0, 11.0, 0, 204, 0
L 179.0, -685.0, 11.0, 178.0, -685.0, 11.0, 0, 204, 0
L 179.0, -665.0, 0.0, 189.0, -665.0, 0.0, 150, 150, 150
L 179.0, -685.0, 11.0, 189.0, -685.0, 11.0, 150, 150, 150
L 189.0, -699.0, 11.0, 189.0, -685.0, 11.0, 0, 204, 0
L 189.0, -685.0, 11.0, 189.0, -682.0, 9.0, 0, 204, 0
L 179.0, -675.0, 5.0, 179.0, -677.0, 6.0, 0, 204, 0
L 189.0, -675.0, 5.0, 189.0, -672.0, 4.0, 0, 204, 0
L 179.0, -675.0, 5.0, 189.0, -675.0, 5.0, 150, 150, 150
L 179.0, -680.0, 8.0, 179.0, -682.0, 9.0, 0, 204, 0
L 189.0, -680.0, 8.0, 189.0, -677.0, 6.0, 0, 204, 0
L 179.0, -680.0, 8.0, 189.0, -680.0, 8.0, 150, 150, 150
L 179.0, -670.0, 2.0, 179.0, -672.0, 4.0, 0, 204, 0
L 189.0, -670.0, 2.0, 189.0, -667.0, 1.0, 0, 204, 0
L 179.0, -670.0, 2.0, 189.0, -670.0, 2.0, 150, 150, 150
L 179.0, -672.0, 4.0, 179.0, -675.0, 5.0, 0, 204, 0
L 189.0, -672.0, 4.0, 189.0, -670.0, 2.0, 0, 204, 0
L 179.0, -672.0, 4.0, 189.0, -672.0, 4.0, 150, 150, 150
L 179.0, -667.0, 1.0, 179.0, -670.0, 2.0, 0, 204, 0
L 189.0, -667.0, 1.0, 189.0, -665.0, 0.0, 0, 204, 0
L 179.0, -667.0, 1.0, 189.0, -667.0, 1.0, 150, 150, 150
L 179.0, -682.0, 9.0, 179.0, -685.0, 11.0, 0, 204, 0
L 189.0, -682.0, 9.0, 189.0, -680.0, 8.0, 0, 204, 0
L 179.0, -682.0, 9.0, 189.0, -682.0, 9.0, 150, 150, 150
L 179.0, -677.0, 6.0, 179.0, -680.0, 8.0, 0, 204, 0
L 189.0, -677.0, 6.0, 189.0, -675.0, 5.0, 0, 204, 0
L 179.0, -677.0, 6.0, 189.0, -677.0, 6.0, 150, 150, 150
L 167.0, -500.0, 0.0, 167.0, -465.0, 0.0, 0, 0, 0
L 165.0, -492.0, 0.0, 153.0, -492.0, 0.0, 0, 0, 0
L 165.0, -489.0, 0.0, 153.0, -489.0, 0.0, 0, 0, 0
L 153.0, -492.0, 0.0, 153.0, -490.0, 0.0, 0, 0, 0
L 165.0, -489.0, 0.0, 165.0, -469.0, 0.0, 0, 0, 0
L 165.0, -469.0, 0.0, 165.0, -465.0, 0.0, 0, 0, 0
L 146.0, -470.0, 0.0, 157.0, -470.0, 0.0, 0, 0, 0
L 157.0, -470.0, 0.0, 157.0, -469.0, 0.0, 0, 0, 0
L 143.0, -468.0, 0.0, 157.0, -468.0, 0.0, 0, 0, 0
L 159.0, -470.0, 0.0, 163.0, -470.0, 0.0, 205, 133, 63
L 159.0, -468.0, 0.0, 163.0, -468.0, 0.0, 205, 133, 63
L 163.0, -470.0, 0.0, 163.0, -469.0, 0.0, 205, 133, 63
L 159.0, -470.0, 0.0, 159.0, -469.0, 0.0, 205, 133, 63
L 157.0, -469.0, 0.0, 157.0, -468.0, 0.0, 0, 0, 0
L 157.0, -469.0, 0.0, 159.0, -469.0, 0.0, 205, 133, 63
L 163.0, -469.0, 0.0, 163.0, -468.0, 0.0, 205, 133, 63
L 159.0, -469.0, 0.0, 159.0, -468.0, 0.0, 205, 133, 63
L 163.0, -469.0, 0.0, 165.0, -469.0, 0.0, 205, 133, 63
L 64.0, -422.0, 0.0, 95.0, -422.0, 0.0, 0, 0, 0
L 60.0, -419.0, 0.0, 97.0, -419.0, 0.0, 0, 0, 0
L 93.0, -441.0, 0.0, 93.0, -429.0, 0.0, 0, 0, 0
L 97.0, -432.0, 0.0, 97.0, -444.0, 0.0, 0, 0, 0
L 60.0, -419.0, 0.0, 60.0, -444.0, 0.0, 0, 0, 0
L 60.0, -444.0, 0.0, 97.0, -444.0, 0.0, 0, 0, 0
L 97.0, -429.0, 0.0, 95.0, -429.0, 0.0, 0, 0, 0
L 97.0, -432.0, 0.0, 97.0, -429.0, 0.0, 0, 0, 0
L 97.0, -422.0, 0.0, 97.0, -419.0, 0.0, 0, 0, 0
L 95.0, -429.0, 0.0, 93.0, -429.0, 0.0, 0, 0, 0
L 95.0, -422.0, 0.0, 97.0, -422.0, 0.0, 0, 0, 0
L 95.0, -429.0, 0.0, 95.0, -427.0, 0.0, 205, 133, 63
L 93.0, -427.0, 0.0, 93.0, -423.0, 0.0, 205, 133, 63
L 97.0, -427.0, 0.0, 97.0, -423.0, 0.0, 205, 133, 63
L 93.0, -427.0, 0.0, 95.0, -427.0, 0.0, 205, 133, 63
L 95.0, -427.0, 0.0, 97.0, -427.0, 0.0, 205, 133, 63
L 93.0, -423.0, 0.0, 95.0, -423.0, 0.0, 205, 133, 63
L 95.0, -423.0, 0.0, 95.0, -422.0, 0.0, 205, 133, 63
L 95.0, -423.0, 0.0, 97.0, -423.0, 0.0, 205, 133, 63
L 146.0, -405.0, 0.0, 180.0, -405.0, 0.0, 0, 0, 0
L 146.0, -384.0, 0.0, 168.0, -384.0, 0.0, 0, 0, 0
L 168.0, -384.0, 0.0, 168.0, -381.0, 0.0, 0, 0, 0
L 181.0, -386.0, 12.0, 179.0, -386.0, 12.0, 0, 204, 0
L 177.0, -362.0, 12.0, 177.0, -386.0, 12.0, 0, 204, 0
L 179.0, -393.0, 12.0, 167.0, -393.0, 12.0, 0, 204, 0
L 179.0, -386.0, 12.0, 177.0, -386.0, 12.0, 0, 204, 0
L 179.0, -386.0, 12.0, 179.0, -387.0, 12.0, 205, 133, 63
L 181.0, -387.0, 12.0, 181.0, -391.0, 12.0, 205, 133, 63
L 177.0, -387.0, 12.0, 177.0, -391.0, 12.0, 205, 133, 63
L 181.0, -387.0, 12.0, 179.0, -387.0, 12.0, 205, 133, 63
L 179.0, -387.0, 12.0, 177.0, -387.0, 12.0, 205, 133, 63
L 181.0, -391.0, 12.0, 179.0, -391.0, 12.0, 205, 133, 63
L 179.0, -391.0, 12.0, 179.0, -393.0, 12.0, 205, 133, 63
L 179.0, -391.0, 12.0, 177.0, -391.0, 12.0, 205, 133, 63
L -220.0, -578.0, -24.0, -230.0, -578.0, -24.0, 0, 204, 0
L -248.0, -600.0, -35.0, -248.0, -597.0, -35.0, 0, 0, 0
L -246.0, -597.0, -35.0, -220.0, -597.0, -35.0, 0, 0, 0
L -248.0, -591.0, -35.0, -248.0, -595.0, -35.0, 205, 133, 63
L -245.0, -595.0, -35.0, -245.0, -591.0, -35.0, 205, 133, 63
L -248.0, -595.0, -35.0, -246.0, -595.0, -35.0, 205, 133, 63
L -246.0, -590.0, -35.0, -248.0, -590.0, -35.0, 0, 0, 0
L -246.0, -597.0, -35.0, -246.0, -595.0, -35.0, 205, 133, 63
L -246.0, -595.0, -35.0, -245.0, -595.0, -35.0, 205, 133, 63
L -248.0, -591.0, -35.0, -246.0, -591.0, -35.0, 205, 133, 63
L -246.0, -591.0, -35.0, -246.0, -590.0, -35.0, 205, 133, 63
L -246.0, -591.0, -35.0, -245.0, -591.0, -35.0, 205, 133, 63
L -220.0, -589.0, -24.0, -220.0, -597.0, -24.0, 150, 150, 150
L -243.0, -597.0, -24.0, -220.0, -597.0, -24.0, 0, 204, 0
L -220.0, -597.0, -24.0, -217.0, -597.0, -25.0, 0, 204, 0
L -199.0, -589.0, -35.0, -199.0, -597.0, -35.0, 150, 150, 150
L -209.0, -589.0, -29.0, -206.0, -589.0, -30.0, 0, 204, 0
L -209.0, -597.0, -29.0, -206.0, -597.0, -30.0, 0, 204, 0
L -209.0, -589.0, -29.0, -209.0, -597.0, -29.0, 150, 150, 150
L -214.0, -589.0, -26.0, -212.0, -589.0, -28.0, 0, 204, 0
L -214.0, -597.0, -26.0, -212.0, -597.0, -28.0, 0, 204, 0
L -214.0, -589.0, -26.0, -214.0, -597.0, -26.0, 150, 150, 150
L -204.0, -589.0, -32.0, -201.0, -589.0, -33.0, 0, 204, 0
L -204.0, -597.0, -32.0, -201.0, -597.0, -33.0, 0, 204, 0
L -204.0, -589.0, -32.0, -204.0, -597.0, -32.0, 150, 150, 150
L -201.0, -589.0, -33.0, -199.0, -589.0, -35.0, 0, 204, 0
L -201.0, -597.0, -33.0, -199.0, -597.0, -35.0, 0, 204, 0
L -201.0, -589.0, -33.0, -201.0, -597.0, -33.0, 150, 150, 150
L -206.0, -589.0, -30.0, -204.0, -589.0, -32.0, 0, 204, 0
L -206.0, -597.0, -30.0, -204.0, -597.0, -32.0, 0, 204, 0
L -206.0, -589.0, -30.0, -206.0, -597.0, -30.0, 150, 150, 150
L -212.0, -589.0, -28.0, -209.0, -589.0, -29.0, 0, 204, 0
L -212.0, -597.0, -28.0, -209.0, -597.0, -29.0, 0, 204, 0
L -212.0, -589.0, -28.0, -212.0, -597.0, -28.0, 150, 150, 150
L -217.0, -589.0, -25.0, -214.0, -589.0, -26.0, 0, 204, 0
L -217.0, -597.0, -25.0, -214.0, -597.0, -26.0, 0, 204, 0
L -217.0, -589.0, -25.0, -217.0, -597.0, -25.0, 150, 150, 150
L -139.0, -660.0, 0.0, -124.0, -660.0, 0.0, 0, 0, 255
L -117.0, -672.0, 4.0, -146.0, -672.0, 4.0, 150, 150, 150
L -146.0, -664.0, 4.0, -146.0, -672.0, 4.0, 150, 150, 150
L -108.0, -1413.0, 36.0, -108.0, -1432.0, 36.0, 0, 0, 0
L -125.0, -1235.0, 42.0, -125.0, -1231.0, 40.0, 0, 0, 0
L -98.0, -1311.0, 36.0, -98.0, -1334.0, 36.0, 0, 0, 0
L -165.0, -1311.0, 36.0, -165.0, -1334.0, 36.0, 0, 0, 0
L -149.0, -1330.0, 35.0, -155.0, -1333.0, 36.0, 0, 0, 0
L -155.0, -1333.0, 36.0, -155.0, -1334.0, 36.0, 0, 0, 0
L -178.0, -1345.0, 36.0, -155.0, -1345.0, 36.0, 0, 0, 0
L -124.0, -1129.0, 24.0, -139.0, -1129.0, 24.0, 150, 150, 150
L -139.0, -1129.0, 24.0, -140.0, -1129.0, 24.0, 150, 150, 150
L -139.0, -1085.0, 24.0, -140.0, -1129.0, 24.0, 150, 150, 150
L -124.0, -1140.0, 30.0, -140.0, -1140.0, 30.0, 150, 150, 150
L -163.0, -1161.0, 30.0, -140.0, -1140.0, 30.0, 150, 150, 150
L -140.0, -1140.0, 30.0, -140.0, -1137.0, 28.0, 150, 150, 150
L -124.0, -1140.0, 30.0, -124.0, -1137.0, 28.0, 150, 150, 150
L -140.0, -1134.0, 27.0, -140.0, -1131.0, 25.0, 150, 150, 150
L -124.0, -1134.0, 27.0, -124.0, -1131.0, 25.0, 150, 150, 150
L -140.0, -1134.0, 27.0, -124.0, -1134.0, 27.0, 150, 150, 150
L -140.0, -1137.0, 28.0, -140.0, -1134.0, 27.0, 150, 150, 150
L -124.0, -1137.0, 28.0, -124.0, -1134.0, 27.0, 150, 150, 150
L -140.0, -1137.0, 28.0, -124.0, -1137.0, 28.0, 150, 150, 150
L -140.0, -1131.0, 25.0, -140.0, -1129.0, 24.0, 150, 150, 150
L -124.0, -1131.0, 25.0, -124.0, -1129.0, 24.0, 150, 150, 150
L -140.0, -1131.0, 25.0, -124.0, -1131.0, 25.0, 150, 150, 150
L -163.0, -1161.0, 30.0, -152.0, -1161.0, 30.0, 150, 150, 150
L -112.0, -1161.0, 30.0, -100.0, -1161.0, 30.0, 150, 150, 150
L -112.0, -1177.0, 36.0, -100.0, -1177.0, 36.0, 150, 150, 150
L -152.0, -1177.0, 36.0, -163.0, -1177.0, 36.0, 150, 150, 150
L -163.0, -1189.0, 36.0, -163.0, -1177.0, 36.0, 0, 0, 0
L -163.0, -1177.0, 36.0, -163.0, -1173.0, 34.0, 0, 0, 0
L -152.0, -1169.0, 33.0, -152.0, -1165.0, 31.0, 0, 0, 0
L -163.0, -1169.0, 33.0, -163.0, -1165.0, 31.0, 0, 0, 0
L -152.0, -1169.0, 33.0, -163.0, -1169.0, 33.0, 150, 150, 150
L -152.0, -1173.0, 34.0, -152.0, -1169.0, 33.0, 0, 0, 0
L -163.0, -1173.0, 34.0, -163.0, -1169.0, 33.0, 0, 0, 0
L -152.0, -1173.0, 34.0, -163.0, -1173.0, 34.0, 150, 150, 150
L -152.0, -1165.0, 31.0, -152.0, -1161.0, 30.0, 0, 0, 0
L -163.0, -1165.0, 31.0, -163.0, -1161.0, 30.0, 0, 0, 0
L -152.0, -1165.0, 31.0, -163.0, -1165.0, 31.0, 150, 150, 150
L -100.0, -1177.0, 36.0, -100.0, -1173.0, 34.0, 0, 0, 0
L -112.0, -1169.0, 33.0, -112.0, -1173.0, 34.0, 0, 0, 0
L -100.0, -1169.0, 33.0, -100.0, -1165.0, 31.0, 0, 0, 0
L -112.0, -1169.0, 33.0, -100.0, -1169.0, 33.0, 150, 150, 150
L -112.0, -1173.0, 34.0, -112.0, -1177.0, 36.0, 0, 0, 0
L -100.0, -1173.0, 34.0, -100.0, -1169.0, 33.0, 0, 0, 0
L -112.0, -1173.0, 34.0, -100.0, -1173.0, 34.0, 150, 150, 150
L -112.0, -1165.0, 31.0, -112.0, -1169.0, 33.0, 0, 0, 0
L -100.0, -1165.0, 31.0, -100.0, -1161.0, 30.0, 0, 0, 0
L -112.0, -1165.0, 31.0, -100.0, -1165.0, 31.0, 150, 150, 150
L -137.0, -1219.0, 36.0, -137.0, -1223.0, 37.0, 0, 0, 0
L -137.0, -1235.0, 42.0, -125.0, -1235.0, 42.0, 150, 150, 150
L -137.0, -1219.0, 36.0, -125.0, -1219.0, 36.0, 150, 150, 150
L -137.0, -1227.0, 39.0, -137.0, -1231.0, 40.0, 0, 0, 0
L -125.0, -1227.0, 39.0, -125.0, -1223.0, 37.0, 0, 0, 0
L -137.0, -1227.0, 39.0, -125.0, -1227.0, 39.0, 150, 150, 150
L -137.0, -1231.0, 40.0, -137.0, -1235.0, 42.0, 0, 0, 0
L -125.0, -1231.0, 40.0, -125.0, -1227.0, 39.0, 0, 0, 0
L -137.0, -1231.0, 40.0, -125.0, -1231.0, 40.0, 150, 150, 150
L -137.0, -1223.0, 37.0, -137.0, -1227.0, 39.0, 0, 0, 0
L -125.0, -1223.0, 37.0, -125.0, -1219.0, 36.0, 0, 0, 0
L -137.0, -1223.0, 37.0, -125.0, -1223.0, 37.0, 150, 150, 150
L -178.0, -1401.0, 36.0, -157.0, -1401.0, 36.0, 0, 0, 0
L -157.0, -1373.0, 36.0, -157.0, -1399.0, 36.0, 0, 0, 0
L -157.0, -1399.0, 36.0, -157.0, -1401.0, 36.0, 0, 0, 0
L -106.0, -1373.0, 36.0, -106.0, -1401.0, 36.0, 0, 0, 0
L -106.0, -1401.0, 36.0, -85.0, -1401.0, 36.0, 0, 0, 0
L -135.0, -1365.0, 36.0, -127.0, -1365.0, 36.0, 150, 150, 150
L -127.0, -1365.0, 36.0, -106.0, -1373.0, 36.0, 0, 0, 0
L -135.0, -1349.0, 44.0, -127.0, -1349.0, 44.0, 150, 150, 150
L -127.0, -1349.0, 44.0, -127.0, -1351.0, 43.0, 0, 0, 0
L -127.0, -1357.0, 40.0, -127.0, -1359.0, 39.0, 0, 0, 0
L -135.0, -1357.0, 40.0, -135.0, -1359.0, 39.0, 0, 0, 0
L -127.0, -1357.0, 40.0, -135.0, -1357.0, 40.0, 150, 150, 150
L -127.0, -1353.0, 42.0, -127.0, -1355.0, 41.0, 0, 0, 0
L -135.0, -1353.0, 42.0, -135.0, -1355.0, 41.0, 0, 0, 0
L -127.0, -1353.0, 42.0, -135.0, -1353.0, 42.0, 150, 150, 150
L -127.0, -1361.0, 38.0, -127.0, -1363.0, 37.0, 0, 0, 0
L -135.0, -1361.0, 38.0, -135.0, -1363.0, 37.0, 0, 0, 0
L -127.0, -1361.0, 38.0, -135.0, -1361.0, 38.0, 150, 150, 150
L -127.0, -1363.0, 37.0, -127.0, -1365.0, 36.0, 0, 0, 0
L -135.0, -1363.0, 37.0, -135.0, -1365.0, 36.0, 0, 0, 0
L -127.0, -1363.0, 37.0, -135.0, -1363.0, 37.0, 150, 150, 150
L -127.0, -1359.0, 39.0, -127.0, -1361.0, 38.0, 0, 0, 0
L -135.0, -1359.0, 39.0, -135.0, -1361.0, 38.0, 0, 0, 0
L -127.0, -1359.0, 39.0, -135.0, -1359.0, 39.0, 150, 150, 150
L -127.0, -1355.0, 41.0, -127.0, -1357.0, 40.0, 0, 0, 0
L -135.0, -1355.0, 41.0, -135.0, -1357.0, 40.0, 0, 0, 0
L -127.0, -1355.0, 41.0, -135.0, -1355.0, 41.0, 150, 150, 150
L -127.0, -1351.0, 43.0, -127.0, -1353.0, 42.0, 0, 0, 0
L -135.0, -1351.0, 43.0, -135.0, -1353.0, 42.0, 0, 0, 0
L -127.0, -1351.0, 43.0, -135.0, -1351.0, 43.0, 150, 150, 150
L -84.0, -1469.0, 36.0, -94.0, -1469.0, 36.0, 0, 0, 0
L -94.0, -1451.0, 36.0, -94.0, -1469.0, 36.0, 0, 0, 0
L -119.0, -1451.0, 36.0, -127.0, -1451.0, 36.0, 0, 0, 0
L -119.0, -1449.0, 36.0, -119.0, -1450.0, 36.0, 0, 0, 0
L -112.0, -1449.0, 36.0, -112.0, -1450.0, 36.0, 0, 0, 0
L -112.0, -1449.0, 36.0, -105.0, -1449.0, 36.0, 0, 0, 0
L -144.0, -1449.0, 36.0, -144.0, -1450.0, 36.0, 0, 0, 0
L -144.0, -1450.0, 36.0, -144.0, -1471.0, 36.0, 0, 0, 0
L -151.0, -1449.0, 36.0, -151.0, -1450.0, 36.0, 0, 0, 0
L -151.0, -1449.0, 36.0, -157.0, -1449.0, 36.0, 0, 0, 0
L -157.0, -1447.0, 36.0, -157.0, -1449.0, 36.0, 0, 0, 0
L -105.0, -1447.0, 36.0, -105.0, -1449.0, 36.0, 0, 0, 0
L -112.0, -1450.0, 36.0, -112.0, -1451.0, 36.0, 0, 0, 0
L -119.0, -1450.0, 36.0, -119.0, -1451.0, 36.0, 0, 0, 0
L -112.0, -1450.0, 36.0, -113.0, -1450.0, 36.0, 205, 133, 63
L -117.0, -1451.0, 36.0, -113.0, -1451.0, 36.0, 205, 133, 63
L -113.0, -1449.0, 36.0, -117.0, -1449.0, 36.0, 205, 133, 63
L -113.0, -1451.0, 36.0, -113.0, -1450.0, 36.0, 205, 133, 63
L -113.0, -1450.0, 36.0, -113.0, -1449.0, 36.0, 205, 133, 63
L -117.0, -1451.0, 36.0, -117.0, -1450.0, 36.0, 205, 133, 63
L -117.0, -1450.0, 36.0, -119.0, -1450.0, 36.0, 205, 133, 63
L -117.0, -1450.0, 36.0, -117.0, -1449.0, 36.0, 205, 133, 63
L -151.0, -1450.0, 36.0, -151.0, -1451.0, 36.0, 0, 0, 0
L -151.0, -1450.0, 36.0, -149.0, -1450.0, 36.0, 205, 133, 63
L -149.0, -1451.0, 36.0, -145.0, -1451.0, 36.0, 205, 133, 63
L -145.0, -1449.0, 36.0, -149.0, -1449.0, 36.0, 205, 133, 63
L -145.0, -1451.0, 36.0, -145.0, -1450.0, 36.0, 205, 133, 63
L -145.0, -1450.0, 36.0, -144.0, -1450.0, 36.0, 205, 133, 63
L -145.0, -1450.0, 36.0, -145.0, -1449.0, 36.0, 205, 133, 63
L -149.0, -1451.0, 36.0, -149.0, -1450.0, 36.0, 205, 133, 63
L -149.0, -1450.0, 36.0, -149.0, -1449.0, 36.0, 205, 133, 63
L -167.0, -1471.0, 36.0, -167.0, -1481.0, 36.0, 0, 0, 0
L -177.0, -1481.0, 36.0, -167.0, -1481.0, 36.0, 0, 0, 0
L -103.0, -1439.0, 36.0, -103.0, -1417.0, 36.0, 0, 0, 0
L -104.0, -1447.0, 36.0, -104.0, -1445.0, 36.0, 205, 133, 63
L -105.0, -1441.0, 36.0, -105.0, -1445.0, 36.0, 205, 133, 63
L -103.0, -1445.0, 36.0, -103.0, -1441.0, 36.0, 205, 133, 63
L -105.0, -1445.0, 36.0, -104.0, -1445.0, 36.0, 205, 133, 63
L -104.0, -1445.0, 36.0, -103.0, -1445.0, 36.0, 205, 133, 63
L -105.0, -1441.0, 36.0, -104.0, -1441.0, 36.0, 205, 133, 63
L -104.0, -1441.0, 36.0, -104.0, -1439.0, 36.0, 205, 133, 63
L -104.0, -1441.0, 36.0, -103.0, -1441.0, 36.0, 205, 133, 63
L -74.0, -1413.0, 36.0, -108.0, -1413.0, 36.0, 0, 0, 0
L -156.0, -1413.0, 36.0, -189.0, -1413.0, 36.0, 0, 0, 0
L -74.0, -1417.0, 36.0, -103.0, -1417.0, 36.0, 0, 0, 0
L -159.0, -1417.0, 36.0, -185.0, -1417.0, 36.0, 0, 0, 0
L -159.0, -1417.0, 36.0, -159.0, -1439.0, 36.0, 0, 0, 0
L -156.0, -1413.0, 36.0, -156.0, -1432.0, 36.0, 0, 0, 0
L -74.0, -1427.0, 36.0, -84.0, -1427.0, 36.0, 0, 0, 0
L -177.0, -1427.0, 36.0, -185.0, -1427.0, 36.0, 0, 0, 0
L -185.0, -1417.0, 36.0, -185.0, -1427.0, 36.0, 0, 0, 0
L -126.0, -1432.0, 36.0, -126.0, -1439.0, 36.0, 0, 0, 0
L -138.0, -1432.0, 36.0, -138.0, -1439.0, 36.0, 0, 0, 0
L -103.0, -1439.0, 36.0, -104.0, -1439.0, 36.0, 0, 0, 0
L -104.0, -1439.0, 36.0, -126.0, -1439.0, 36.0, 0, 0, 0
L -138.0, -1439.0, 36.0, -158.0, -1439.0, 36.0, 0, 0, 0
L -158.0, -1447.0, 36.0, -177.0, -1447.0, 36.0, 0, 0, 0
L -159.0, -1441.0, 36.0, -159.0, -1445.0, 36.0, 205, 133, 63
L -157.0, -1445.0, 36.0, -157.0, -1441.0, 36.0, 205, 133, 63
L -159.0, -1445.0, 36.0, -158.0, -1445.0, 36.0, 205, 133, 63
L -159.0, -1441.0, 36.0, -158.0, -1441.0, 36.0, 205, 133, 63
L -158.0, -1439.0, 36.0, -159.0, -1439.0, 36.0, 0, 0, 0
L -158.0, -1439.0, 36.0, -158.0, -1441.0, 36.0, 205, 133, 63
L -158.0, -1445.0, 36.0, -157.0, -1445.0, 36.0, 205, 133, 63
L -158.0, -1441.0, 36.0, -157.0, -1441.0, 36.0, 205, 133, 63
L -158.0, -1445.0, 36.0, -158.0, -1447.0, 36.0, 205, 133, 63
L -177.0, -1335.0, 36.0, -177.0, -1309.0, 36.0, 0, 0, 0
L -168.0, -1301.0, 36.0, -177.0, -1309.0, 36.0, 0, 0, 0
L -165.0, -1335.0, 36.0, -177.0, -1335.0, 36.0, 0, 0, 0
L -155.0, -1334.0, 36.0, -155.0, -1345.0, 36.0, 0, 0, 0
L -98.0, -1335.0, 36.0, -85.0, -1335.0, 36.0, 0, 0, 0
L -104.0, -1335.0, 36.0, -100.0, -1335.0, 36.0, 205, 133, 63
L -100.0, -1333.0, 36.0, -104.0, -1333.0, 36.0, 205, 133, 63
L -98.0, -1334.0, 36.0, -98.0, -1335.0, 36.0, 0, 0, 0
L -107.0, -1334.0, 36.0, -107.0, -1333.0, 36.0, 0, 0, 0
L -98.0, -1334.0, 36.0, -100.0, -1334.0, 36.0, 205, 133, 63
L -104.0, -1335.0, 36.0, -104.0, -1334.0, 36.0, 205, 133, 63
L -104.0, -1334.0, 36.0, -107.0, -1334.0, 36.0, 205, 133, 63
L -104.0, -1334.0, 36.0, -104.0, -1333.0, 36.0, 205, 133, 63
L -100.0, -1333.0, 36.0, -100.0, -1334.0, 36.0, 205, 133, 63
L -100.0, -1334.0, 36.0, -100.0, -1335.0, 36.0, 205, 133, 63
L -165.0, -1334.0, 36.0, -165.0, -1335.0, 36.0, 0, 0, 0
L -155.0, -1334.0, 36.0, -157.0, -1334.0, 36.0, 205, 133, 63
L -157.0, -1335.0, 36.0, -162.0, -1335.0, 36.0, 205, 133, 63
L -157.0, -1333.0, 36.0, -162.0, -1333.0, 36.0, 205, 133, 63
L -157.0, -1333.0, 36.0, -157.0, -1334.0, 36.0, 205, 133, 63
L -157.0, -1334.0, 36.0, -157.0, -1335.0, 36.0, 205, 133, 63
L -162.0, -1333.0, 36.0, -162.0, -1334.0, 36.0, 205, 133, 63
L -162.0, -1334.0, 36.0, -165.0, -1334.0, 36.0, 205, 133, 63
L -162.0, -1334.0, 36.0, -162.0, -1335.0, 36.0, 205, 133, 63
L -170.0, -898.0, 24.0, -99.0, -898.0, 24.0, 0, 0, 0
L -99.0, -898.0, 24.0, -93.0, -898.0, 24.0, 0, 0, 0
L -90.0, -898.0, 24.0, -82.0, -898.0, 24.0, 150, 150, 150
L -82.0, -883.0, 18.0, -93.0, -883.0, 18.0, 150, 150, 150
L -82.0, -898.0, 24.0, -78.0, -898.0, 24.0, 0, 0, 0
L -93.0, -898.0, 24.0, -90.0, -898.0, 24.0, 150, 150, 150
L -82.0, -898.0, 24.0, -82.0, -896.0, 23.0, 0, 0, 0
L -93.0, -898.0, 24.0, -93.0, -896.0, 23.0, 0, 0, 0
L -93.0, -890.0, 21.0, -93.0, -888.0, 20.0, 0, 0, 0
L -82.0, -890.0, 21.0, -82.0, -888.0, 20.0, 0, 0, 0
L -93.0, -890.0, 21.0, -82.0, -890.0, 21.0, 150, 150, 150
L -93.0, -894.0, 22.0, -93.0, -892.0, 21.0, 0, 0, 0
L -82.0, -894.0, 22.0, -82.0, -892.0, 21.0, 0, 0, 0
L -93.0, -894.0, 22.0, -82.0, -894.0, 22.0, 150, 150, 150
L -93.0, -886.0, 19.0, -93.0, -884.0, 18.0, 0, 0, 0
L -82.0, -886.0, 19.0, -82.0, -884.0, 18.0, 0, 0, 0
L -93.0, -886.0, 19.0, -82.0, -886.0, 19.0, 150, 150, 150
L -93.0, -884.0, 18.0, -93.0, -883.0, 18.0, 0, 0, 0
L -82.0, -884.0, 18.0, -82.0, -883.0, 18.0, 0, 0, 0
L -93.0, -884.0, 18.0, -82.0, -884.0, 18.0, 150, 150, 150
L -93.0, -888.0, 20.0, -93.0, -886.0, 19.0, 0, 0, 0
L -82.0, -888.0, 20.0, -82.0, -886.0, 19.0, 0, 0, 0
L -93.0, -888.0, 20.0, -82.0, -888.0, 20.0, 150, 150, 150
L -93.0, -892.0, 21.0, -93.0, -890.0, 21.0, 0, 0, 0
L -82.0, -892.0, 21.0, -82.0, -890.0, 21.0, 0, 0, 0
L -93.0, -892.0, 21.0, -82.0, -892.0, 21.0, 150, 150, 150
L -93.0, -896.0, 23.0, -93.0, -894.0, 22.0, 0, 0, 0
L -82.0, -896.0, 23.0, -82.0, -894.0, 22.0, 0, 0, 0
L -93.0, -896.0, 23.0, -82.0, -896.0, 23.0, 150, 150, 150
L -93.0, -883.0, 18.0, -94.0, -883.0, 18.0, 0, 0, 0
L -170.0, -883.0, 18.0, -181.0, -883.0, 18.0, 150, 150, 150
L -94.0, -883.0, 18.0, -94.0, -879.0, 18.0, 0, 0, 0
L -78.0, -864.0, 18.0, -94.0, -864.0, 18.0, 0, 0, 0
L -169.0, -883.0, 18.0, -170.0, -883.0, 18.0, 0, 0, 0
L -169.0, -868.0, 18.0, -169.0, -879.0, 18.0, 150, 150, 150
L -169.0, -864.0, 18.0, -185.0, -864.0, 18.0, 0, 0, 0
L -118.0, -879.0, 7.0, -122.0, -879.0, 7.0, 0, 0, 0
L -141.0, -879.0, 7.0, -145.0, -879.0, 7.0, 0, 0, 0
L -181.0, -898.0, 24.0, -185.0, -898.0, 24.0, 0, 0, 0
L -170.0, -898.0, 24.0, -181.0, -898.0, 24.0, 150, 150, 150
L -181.0, -883.0, 18.0, -181.0, -884.0, 18.0, 0, 0, 0
L -170.0, -883.0, 18.0, -170.0, -884.0, 18.0, 0, 0, 0
L -170.0, -890.0, 21.0, -170.0, -892.0, 21.0, 0, 0, 0
L -181.0, -890.0, 21.0, -181.0, -892.0, 21.0, 0, 0, 0
L -170.0, -890.0, 21.0, -181.0, -890.0, 21.0, 150, 150, 150
L -170.0, -894.0, 22.0, -170.0, -896.0, 23.0, 0, 0, 0
L -181.0, -894.0, 22.0, -181.0, -896.0, 23.0, 0, 0, 0
L -170.0, -894.0, 22.0, -181.0, -894.0, 22.0, 150, 150, 150
L -170.0, -886.0, 19.0, -170.0, -888.0, 20.0, 0, 0, 0
L -181.0, -886.0, 19.0, -181.0, -888.0, 20.0, 0, 0, 0
L -170.0, -886.0, 19.0, -181.0, -886.0, 19.0, 150, 150, 150
L -170.0, -888.0, 20.0, -170.0, -890.0, 21.0, 0, 0, 0
L -181.0, -888.0, 20.0, -181.0, -890.0, 21.0, 0, 0, 0
L -170.0, -888.0, 20.0, -181.0, -888.0, 20.0, 150, 150, 150
L -170.0, -884.0, 18.0, -170.0, -886.0, 19.0, 0, 0, 0
L -181.0, -884.0, 18.0, -181.0, -886.0, 19.0, 0, 0, 0
L -170.0, -884.0, 18.0, -181.0, -884.0, 18.0, 150, 150, 150
L -170.0, -892.0, 21.0, -170.0, -894.0, 22.0, 0, 0, 0
L -181.0, -892.0, 21.0, -181.0, -894.0, 22.0, 0, 0, 0
L -170.0, -892.0, 21.0, -181.0, -892.0, 21.0, 150, 150, 150
L -170.0, -896.0, 23.0, -170.0, -898.0, 24.0, 0, 0, 0
L -181.0, -896.0, 23.0, -181.0, -898.0, 24.0, 0, 0, 0
L -170.0, -896.0, 23.0, -181.0, -896.0, 23.0, 150, 150, 150
L -145.0, -868.0, 7.0, -141.0, -868.0, 7.0, 0, 0, 0
L -82.0, -879.0, 18.0, -78.0, -879.0, 18.0, 0, 0, 0
L -169.0, -868.0, 18.0, -169.0, -864.0, 18.0, 0, 0, 0
L -169.0, -868.0, 18.0, -166.0, -868.0, 16.0, 0, 0, 0
L -169.0, -879.0, 18.0, -169.0, -883.0, 18.0, 0, 0, 0
L -145.0, -879.0, 7.0, -148.0, -879.0, 8.0, 0, 0, 0
L -94.0, -879.0, 18.0, -94.0, -868.0, 18.0, 150, 150, 150
L -118.0, -879.0, 7.0, -115.0, -879.0, 8.0, 0, 0, 0
L -94.0, -868.0, 18.0, -94.0, -864.0, 18.0, 0, 0, 0
L -94.0, -868.0, 18.0, -97.0, -868.0, 16.0, 0, 0, 0
L -157.0, -879.0, 12.0, -160.0, -879.0, 13.0, 0, 0, 0
L -157.0, -868.0, 12.0, -154.0, -868.0, 11.0, 0, 0, 0
L -157.0, -879.0, 12.0, -157.0, -868.0, 12.0, 150, 150, 150
L -106.0, -879.0, 12.0, -103.0, -879.0, 13.0, 0, 0, 0
L -106.0, -868.0, 12.0, -109.0, -868.0, 11.0, 0, 0, 0
L -106.0, -879.0, 12.0, -106.0, -868.0, 12.0, 150, 150, 150
L -100.0, -879.0, 15.0, -97.0, -879.0, 16.0, 0, 0, 0
L -100.0, -868.0, 15.0, -103.0, -868.0, 13.0, 0, 0, 0
L -100.0, -879.0, 15.0, -100.0, -868.0, 15.0, 150, 150, 150
L -112.0, -879.0, 9.0, -109.0, -879.0, 11.0, 0, 0, 0
L -112.0, -868.0, 9.0, -115.0, -868.0, 8.0, 0, 0, 0
L -112.0, -879.0, 9.0, -112.0, -868.0, 9.0, 150, 150, 150
L -109.0, -879.0, 11.0, -106.0, -879.0, 12.0, 0, 0, 0
L -109.0, -868.0, 11.0, -112.0, -868.0, 9.0, 0, 0, 0
L -109.0, -879.0, 11.0, -109.0, -868.0, 11.0, 150, 150, 150
L -103.0, -879.0, 13.0, -100.0, -879.0, 15.0, 0, 0, 0
L -103.0, -868.0, 13.0, -106.0, -868.0, 12.0, 0, 0, 0
L -103.0, -879.0, 13.0, -103.0, -868.0, 13.0, 150, 150, 150
L -97.0, -879.0, 16.0, -94.0, -879.0, 18.0, 0, 0, 0
L -97.0, -868.0, 16.0, -100.0, -868.0, 15.0, 0, 0, 0
L -97.0, -879.0, 16.0, -97.0, -868.0, 16.0, 150, 150, 150
L -115.0, -879.0, 8.0, -112.0, -879.0, 9.0, 0, 0, 0
L -115.0, -868.0, 8.0, -118.0, -868.0, 7.0, 0, 0, 0
L -115.0, -879.0, 8.0, -115.0, -868.0, 8.0, 150, 150, 150
L -151.0, -879.0, 9.0, -154.0, -879.0, 11.0, 0, 0, 0
L -151.0, -868.0, 9.0, -148.0, -868.0, 8.0, 0, 0, 0
L -151.0, -879.0, 9.0, -151.0, -868.0, 9.0, 150, 150, 150
L -148.0, -879.0, 8.0, -151.0, -879.0, 9.0, 0, 0, 0
L -148.0, -868.0, 8.0, -145.0, -868.0, 7.0, 0, 0, 0
L -148.0, -879.0, 8.0, -148.0, -868.0, 8.0, 150, 150, 150
L -154.0, -879.0, 11.0, -157.0, -879.0, 12.0, 0, 0, 0
L -154.0, -868.0, 11.0, -151.0, -868.0, 9.0, 0, 0, 0
L -154.0, -879.0, 11.0, -154.0, -868.0, 11.0, 150, 150, 150
L -163.0, -879.0, 15.0, -166.0, -879.0, 16.0, 0, 0, 0
L -163.0, -868.0, 15.0, -160.0, -868.0, 13.0, 0, 0, 0
L -163.0, -879.0, 15.0, -163.0, -868.0, 15.0, 150, 150, 150
L -160.0, -879.0, 13.0, -163.0, -879.0, 15.0, 0, 0, 0
L -160.0, -868.0, 13.0, -157.0, -868.0, 12.0, 0, 0, 0
L -160.0, -879.0, 13.0, -160.0, -868.0, 13.0, 150, 150, 150
L -166.0, -879.0, 16.0, -169.0, -879.0, 18.0, 0, 0, 0
L -166.0, -868.0, 16.0, -163.0, -868.0, 15.0, 0, 0, 0
L -166.0, -879.0, 16.0, -166.0, -868.0, 16.0, 150, 150, 150
L -121.0, -863.0, 6.0, -122.0, -865.0, 7.0, 0, 0, 0
L -146.0, -863.0, 6.0, -141.0, -865.0, 7.0, 0, 0, 0
L -122.0, -868.0, 7.0, -118.0, -868.0, 7.0, 0, 0, 0
L -122.0, -883.0, 7.0, -122.0, -879.0, 7.0, 0, 0, 0
L -122.0, -868.0, 7.0, -122.0, -865.0, 7.0, 0, 0, 0
L -141.0, -883.0, 7.0, -141.0, -880.0, 7.0, 0, 0, 0
L -141.0, -880.0, 7.0, -141.0, -879.0, 7.0, 0, 0, 0
L -141.0, -868.0, 7.0, -141.0, -865.0, 7.0, 0, 0, 0
L -72.0, -851.0, 0.0, -72.0, -839.0, 0.0, 0, 0, 0
L -72.0, -839.0, 0.0, -84.0, -839.0, 0.0, 0, 0, 0
L -179.0, -839.0, 0.0, -191.0, -839.0, 0.0, 0, 0, 0
L -191.0, -851.0, 0.0, -191.0, -839.0, 0.0, 0, 0, 0
L -179.0, -839.0, 0.0, -179.0, -827.0, 0.0, 0, 0, 0
L -72.0, -827.0, 0.0, -84.0, -827.0, 0.0, 0, 0, 0
L -179.0, -827.0, 0.0, -191.0, -827.0, 0.0, 0, 0, 0
L -93.0, -827.0, 0.0, -115.8, -827.0, 0.0, 150, 150, 150
L 279.0, -403.0, 0.0, 271.0, -374.0, 0.0, 0, 0, 0
L -138.0, -1432.0, 36.0, -156.0, -1432.0, 36.0, 0, 0, 0
L -108.0, -1432.0, 36.0, -126.0, -1432.0, 36.0, 0, 0, 0
L -139.0, -1058.0, 24.0, -139.0, -1052.0, 24.0, 0, 0, 0
L -114.0, -952.0, 24.0, -124.0, -952.0, 24.0, 0, 0, 0
L -277.0, -466.0, -35.0, -273.0, -466.0, -35.0, 0, 0, 0
L -286.0, -466.0, -35.0, -290.0, -466.0, -35.0, 0, 0, 0
L -286.0, -466.0, -35.0, -286.0, -477.0, -35.0, 0, 0, 0
L -286.0, -477.0, -35.0, -290.0, -477.0, -35.0, 0, 0, 0
L -277.0, -466.0, -35.0, -277.0, -477.0, -35.0, 0, 0, 0
L -277.0, -477.0, -35.0, -263.0, -477.0, -35.0, 0, 0, 0
L -275.0, -452.0, -32.0, -273.0, -466.0, -35.0, 0, 0, 0
L -275.0, -452.0, -32.0, -278.0, -442.0, -31.0, 0, 0, 0
L -278.0, -442.0, -31.0, -294.0, -432.0, -30.0, 0, 0, 0
L -294.0, -432.0, -29.0, -307.0, -419.0, -28.0, 0, 0, 0
L -191.0, -523.0, -35.0, -191.0, -516.0, -35.0, 0, 0, 0
L -191.0, -523.0, -35.0, -180.0, -523.0, -35.0, 0, 0, 0
L -180.0, -523.0, -35.0, -180.0, -519.0, -35.0, 0, 0, 0
L -180.0, -533.0, -35.0, -191.0, -533.0, -35.0, 0, 0, 0
L -191.0, -533.0, -35.0, -191.0, -538.0, -35.0, 0, 0, 0
L -180.0, -533.0, -35.0, -180.0, -538.0, -35.0, 0, 0, 0
L 16.0, -439.0, 0.0, 16.0, -434.0, 0.0, 0, 0, 0
L 16.0, -448.0, 0.0, 16.0, -451.0, 0.0, 0, 0, 0
L 16.0, -434.0, 0.0, 4.0, -413.0, 0.0, 0, 0, 0
L 16.0, -439.0, 0.0, 27.0, -439.0, 0.0, 0, 0, 0
L 27.0, -439.0, 0.0, 27.0, -434.0, 0.0, 0, 0, 0
L 16.0, -448.0, 0.0, 27.0, -448.0, 0.0, 0, 0, 0
L 27.0, -448.0, 0.0, 27.0, -454.0, 0.0, 0, 0, 0
L 140.0, -360.0, 2.0, 106.0, -361.0, 2.0, 139, 69, 19
L 106.0, -361.0, 2.0, 106.0, -371.0, 2.0, 139, 69, 19
L 106.0, -371.0, 2.0, 133.0, -371.0, 2.0, 139, 69, 19
L 133.0, -371.0, 2.0, 133.0, -382.0, 2.0, 139, 69, 19
L 133.0, -382.0, 2.0, 140.0, -382.0, 2.0, 139, 69, 19
L 183.0, -409.0, 0.0, 183.0, -405.0, 0.0, 0, 0, 0
L 208.0, -487.0, 0.0, 219.0, -487.0, 0.0, 0, 0, 0
L 219.0, -487.0, 0.0, 219.0, -483.0, 0.0, 0, 0, 0
L 222.0, -485.0, 0.0, 219.0, -483.0, 0.0, 0, 0, 0
L 208.0, -487.0, 0.0, 208.0, -481.0, 0.0, 0, 0, 0
L 208.0, -496.0, 0.0, 219.0, -496.0, 0.0, 0, 0, 0
L 219.0, -496.0, 0.0, 219.0, -501.0, 0.0, 0, 0, 0
L 219.0, -501.0, 0.0, 222.0, -502.0, 0.0, 0, 0, 0
L 230.0, -513.0, 0.0, 222.0, -502.0, 0.0, 0, 0, 0
L 208.0, -496.0, 0.0, 208.0, -500.0, 0.0, 0, 0, 0
L 233.0, -359.0, 0.0, 239.0, -359.0, 0.0, 0, 0, 0
L 239.0, -359.0, 0.0, 247.0, -362.0, 0.0, 0, 0, 0
L 247.0, -362.0, 0.0, 259.0, -366.0, 0.0, 0, 0, 0
L 259.0, -366.0, 0.0, 271.0, -374.0, 0.0, 0, 0, 0
L 259.0, -382.0, 0.0, 248.0, -374.0, 0.0, 0, 0, 0
L 248.0, -374.0, 0.0, 226.0, -370.0, 0.0, 0, 0, 0
L 226.0, -370.0, 0.0, 219.0, -363.0, 0.0, 0, 0, 0
L 229.0, -351.0, 0.0, 233.0, -359.0, 0.0, 0, 0, 0
L 219.0, -363.0, 0.0, 218.0, -356.0, 0.0, 0, 0, 0
L 167.0, -465.0, 0.0, 165.0, -465.0, 0.0, 0, 0, 0
L 146.0, -490.0, 0.0, 146.0, -473.0, 0.0, 0, 0, 0
L 151.0, -492.0, 0.0, 147.0, -492.0, 0.0, 205, 133, 63
L 151.0, -489.0, 0.0, 147.0, -489.0, 0.0, 205, 133, 63
L 153.0, -490.0, 0.0, 153.0, -489.0, 0.0, 0, 0, 0
L 153.0, -490.0, 0.0, 151.0, -490.0, 0.0, 205, 133, 63
L 147.0, -492.0, 0.0, 147.0, -490.0, 0.0, 205, 133, 63
L 147.0, -490.0, 0.0, 146.0, -490.0, 0.0, 205, 133, 63
L 147.0, -490.0, 0.0, 147.0, -489.0, 0.0, 205, 133, 63
L 151.0, -489.0, 0.0, 151.0, -490.0, 0.0, 205, 133, 63
L 151.0, -490.0, 0.0, 151.0, -492.0, 0.0, 205, 133, 63
L 229.0, -351.0, 0.0, 229.0, -346.0, 0.0, 0, 0, 0
L 218.0, -356.0, 0.0, 218.0, -351.0, 0.0, 0, 0, 0
L 218.0, -351.0, 0.0, 218.0, -346.0, 0.0, 0, 0, 0
L 229.0, -351.0, 0.0, 218.0, -351.0, 0.0, 199, 21, 133
L -322.0, -398.0, -23.0, -332.0, -399.0, -23.0, 0, 0, 0
L -322.0, -398.0, -23.0, -331.0, -384.0, -23.0, 199, 21, 133
L 167.0, -393.0, 12.0, 160.0, -393.0, 12.0, 205, 133, 63
L 167.0, -398.0, 12.0, 167.0, -393.0, 12.0, 0, 204, 0
L 177.0, -398.0, 0.0, 180.0, -398.0, 0.0, 0, 0, 0
L 177.0, -393.0, 0.0, 177.0, -398.0, 0.0, 0, 0, 0
L 177.0, -393.0, 0.0, 167.0, -393.0, 0.0, 205, 133, 63
L 167.0, -398.0, 0.0, 167.0, -393.0, 0.0, 205, 133, 63
L 180.0, -405.0, 0.0, 183.0, -405.0, 0.0, 0, 0, 0
L 178.0, -403.0, 0.0, 178.0, -399.0, 0.0, 205, 133, 63
L 182.0, -403.0, 0.0, 182.0, -399.0, 0.0, 205, 133, 63
L 180.0, -398.0, 0.0, 181.0, -398.0, 0.0, 0, 0, 0
L 180.0, -405.0, 0.0, 180.0, -403.0, 0.0, 205, 133, 63
L 182.0, -399.0, 0.0, 180.0, -399.0, 0.0, 205, 133, 63
L 180.0, -399.0, 0.0, 180.0, -398.0, 0.0, 205, 133, 63
L 180.0, -399.0, 0.0, 178.0, -399.0, 0.0, 205, 133, 63
L 178.0, -403.0, 0.0, 180.0, -403.0, 0.0, 205, 133, 63
L 180.0, -403.0, 0.0, 182.0, -403.0, 0.0, 205, 133, 63
L 183.0, -409.0, 0.0, 145.0, -409.0, 0.0, 0, 0, 0
L 145.0, -409.0, 0.0, 142.0, -409.0, 0.0, 0, 0, 0
L 142.0, -385.0, 0.0, 142.0, -407.0, 0.0, 0, 0, 0
L 142.0, -407.0, 0.0, 142.0, -409.0, 0.0, 0, 0, 0
L 131.0, -410.0, 0.0, 142.0, -385.0, 0.0, 0, 0, 255
L 140.0, -360.0, 2.0, 142.0, -359.0, 2.0, 139, 69, 19
L 146.0, -381.0, 0.0, 142.0, -385.0, 0.0, 0, 0, 0
L 142.0, -385.0, 0.0, 140.0, -382.0, 2.0, 139, 69, 19
L -191.0, -602.0, -35.0, -191.0, -578.0, -35.0, 0, 0, 0
L -195.0, -578.0, -35.0, -243.0, -578.0, -35.0, 0, 0, 0
L -195.0, -578.0, -35.0, -191.0, -578.0, -35.0, 0, 0, 0
L -187.0, -600.0, -35.0, -187.0, -602.0, -35.0, 0, 0, 0
L -191.0, -602.0, -35.0, -187.0, -602.0, -35.0, 0, 0, 0
L -187.0, -619.0, -35.0, -178.0, -619.0, -35.0, 0, 0, 0
L -187.0, -602.0, -35.0, -187.0, -614.0, -35.0, 205, 133, 63
L -191.0, -602.0, -35.0, -191.0, -614.0, -35.0, 205, 133, 63
L -191.0, -614.0, -35.0, -191.0, -619.0, -35.0, 0, 0, 0
L -187.0, -614.0, -35.0, -187.0, -619.0, -35.0, 0, 0, 0
L -191.0, -614.0, -35.0, -187.0, -614.0, -35.0, 0, 0, 0
L -246.0, -587.0, -35.0, -246.0, -575.0, -35.0, 0, 0, 0
L -203.0, -575.0, -35.0, -246.0, -575.0, -35.0, 0, 0, 0
L -246.0, -587.0, -35.0, -248.0, -587.0, -35.0, 0, 0, 0
L -248.0, -590.0, -35.0, -248.0, -587.0, -35.0, 0, 0, 0
L -220.0, -597.0, -35.0, -220.0, -588.0, -35.0, 0, 0, 0
L -199.0, -588.0, -35.0, -220.0, -588.0, -35.0, 0, 0, 0
L -250.0, -625.0, -35.0, -253.0, -625.0, -35.0, 0, 0, 0
L -253.0, -627.0, -35.0, -253.0, -625.0, -35.0, 0, 0, 0
L -239.0, -625.0, -35.0, -236.0, -625.0, -35.0, 0, 0, 0
L -236.0, -625.0, -35.0, -236.0, -627.0, -35.0, 0, 0, 0
L -126.0, -814.0, 3.0, -123.0, -814.0, 3.0, 0, 0, 0
L -137.0, -814.0, 3.0, -135.0, -803.0, 3.0, 0, 0, 0
L -137.0, -814.0, 3.0, -139.0, -814.0, 3.0, 0, 0, 0
L -139.0, -952.0, 24.0, -149.0, -952.0, 24.0, 0, 0, 0
L -124.0, -1033.0, 24.0, -124.0, -952.0, 24.0, 0, 0, 0
L -125.0, -916.0, 24.0, -125.0, -911.0, 24.0, 0, 0, 0
L -125.0, -911.0, 24.0, -78.0, -911.0, 24.0, 0, 0, 0
L -72.0, -684.0, 0.0, -72.0, -690.0, 0.0, 0, 0, 0
L 0.0, -701.0, 0.0, -72.0, -701.0, 0.0, 0, 0, 0
L -72.0, -701.0, 0.0, -72.0, -707.0, 0.0, 0, 0, 0
L -83.0, -720.0, 0.0, -83.0, -707.0, 0.0, 0, 0, 0
L -72.0, -720.0, 0.0, -83.0, -720.0, 0.0, 0, 0, 0
L -179.0, -720.0, 0.0, -191.0, -720.0, 0.0, 0, 0, 0
L -179.0, -707.0, 0.0, -179.0, -720.0, 0.0, 0, 0, 0
L 158.0, -699.0, 0.0, 158.0, -658.0, 0.0, 0, 0, 0
L 115.5, -455.0, 3.0, 107.0, -455.0, 0.0, 139, 69, 19
L 115.0, -461.0, 0.0, 115.5, -455.0, 3.0, 0, 0, 255
L 117.0, -440.0, 3.8, 120.0, -440.0, 5.0, 139, 69, 19
L 117.0, -434.0, 0.0, 117.0, -440.0, 3.8, 0, 0, 255
L 133.6, -439.7, 4.3, 143.0, -439.0, 0.0, 139, 69, 19
L 132.0, -432.0, 0.0, 133.6, -439.7, 4.3, 0, 0, 255
L 133.6, -455.1, 4.3, 132.0, -455.0, 5.0, 139, 69, 19
L 132.0, -462.0, 1.0, 133.6, -455.1, 4.3, 0, 0, 255
L 143.0, -439.0, 0.0, 145.1, -437.1, 0.0, 139, 69, 19
L 104.9, -456.9, 0.0, 107.0, -455.0, 0.0, 139, 69, 19
L 107.0, -440.0, 0.0, 104.9, -438.1, 0.0, 139, 69, 19
L 145.1, -457.9, 0.0, 143.0, -456.0, 0.0, 139, 69, 19
L -367.7, -755.4, -88.4, -368.7, -755.6, -84.8, 255, 165, 0
L -371.8, -756.3, -74.0, -372.0, -752.5, -72.5, 255, 165, 0
L -372.0, -752.5, -72.5, -370.9, -752.4, -76.2, 255, 165, 0
L -367.4, -752.1, -87.3, -367.7, -755.4, -88.4, 255, 165, 0
L -115.8, -822.8, 0.0, -98.9, -822.8, 0.0, 150, 150, 150
L -98.9, -822.8, 0.0, -98.9, -805.8, 0.0, 150, 150, 150
L -135.0, -1380.3, 36.0, -128.8, -1380.3, 36.0, 0, 0, 0
L -128.8, -1380.3, 36.0, -128.8, -1382.3, 36.0, 0, 0, 0
L -128.8, -1382.3, 36.0, -125.0, -1382.3, 36.0, 0, 0, 0
L -125.0, -1380.3, 36.0, -125.0, -1382.3, 36.0, 0, 0, 0
L -125.0, -1380.3, 36.0, -121.0, -1380.3, 36.0, 0, 0, 0
L -121.0, -1380.3, 36.0, -121.0, -1376.5, 36.0, 0, 0, 0
L -121.0, -1376.5, 36.0, -142.8, -1376.5, 36.0, 0, 0, 0
L -142.8, -1376.5, 36.0, -142.8, -1380.3, 36.0, 0, 0, 0
L -138.8, -1380.3, 36.0, -142.8, -1380.3, 36.0, 0, 0, 0
L -138.8, -1380.3, 36.0, -138.8, -1382.3, 36.0, 0, 0, 0
L -138.8, -1382.3, 36.0, -135.0, -1382.3, 36.0, 0, 0, 0
L -135.0, -1380.3, 36.0, -135.0, -1382.3, 36.0, 0, 0, 0
L -98.9, -805.8, 0.0, -115.8, -822.8, 0.0, 0, 0, 0
L -93.0, -773.5, 0.0, -93.0, -805.8, 0.0, 0, 0, 0
L -98.9, -773.5, 0.0, -93.0, -773.5, 0.0, 0, 0, 0
L -122.0, -760.0, 0.0, -122.0, -732.0, 0.0, 0, 0, 0
L -141.0, -732.0, 0.0, -141.0, -760.0, 0.0, 0, 0, 0
L -141.0, -760.0, 0.0, -161.0, -775.0, 0.0, 0, 0, 0
L -161.0, -775.0, 0.0, -161.0, -803.0, 0.0, 0, 0, 0
L -146.8, -750.8, 0.0, -146.8, -755.3, 0.0, 0, 0, 0
L -119.0, -732.6, 0.0, -98.9, -732.6, 0.0, 150, 150, 150
L -117.0, -755.3, 0.0, -117.0, -750.8, 0.0, 0, 0, 0
L -165.0, -773.5, 0.0, -165.0, -732.6, 0.0, 150, 150, 150
L -98.9, -773.5, 0.0, -117.0, -755.3, 0.0, 0, 0, 0
L -117.0, -750.8, 0.0, -119.0, -750.8, 0.0, 0, 0, 0
L -146.8, -755.3, 0.0, -166.3, -774.8, 0.0, 0, 0, 0
L -98.9, -732.6, 0.0, -98.9, -773.5, 0.0, 150, 150, 150
L -144.8, -750.8, 0.0, -146.8, -750.8, 0.0, 0, 0, 0
L -166.3, -774.8, 0.0, -169.8, -774.8, 0.0, 0, 0, 0
L -141.0, -732.0, 0.0, -136.0, -732.0, 0.0, 0, 0, 0
L -126.0, -732.0, 0.0, -122.0, -732.0, 0.0, 0, 0, 0
L -126.0, -727.0, 0.0, -126.0, -729.0, 0.0, 0, 0, 0
L -170.0, -727.0, 0.0, -144.8, -727.0, 0.0, 150, 150, 150
L -133.0, -732.0, 0.0, -129.0, -732.0, 0.0, 205, 133, 63
L -133.0, -729.0, 0.0, -133.0, -732.0, 0.0, 205, 133, 63
L -136.0, -729.0, 0.0, -136.0, -727.0, 0.0, 0, 0, 0
L -133.0, -729.0, 0.0, -136.0, -729.0, 0.0, 205, 133, 63
L -126.0, -727.0, 0.0, -119.0, -727.0, 0.0, 0, 0, 0
L -133.0, -727.0, 0.0, -133.0, -729.0, 0.0, 205, 133, 63
L -133.0, -727.0, 0.0, -129.0, -727.0, 0.0, 205, 133, 63
L -136.0, -732.0, 0.0, -136.0, -729.0, 0.0, 0, 0, 0
L -126.0, -729.0, 0.0, -126.0, -732.0, 0.0, 0, 0, 0
L -129.0, -729.0, 0.0, -129.0, -732.0, 0.0, 205, 133, 63
L -126.0, -729.0, 0.0, -129.0, -729.0, 0.0, 205, 133, 63
L -129.0, -727.0, 0.0, -129.0, -729.0, 0.0, 205, 133, 63
L -170.0, -727.0, 0.0, -169.8, -774.8, 0.0, 150, 150, 150
L -144.8, -750.8, 0.0, -144.8, -732.6, 0.0, 0, 0, 0
L -144.8, -727.0, 0.0, -136.0, -727.0, 0.0, 0, 0, 0
L -144.8, -732.6, 0.0, -144.8, -727.0, 0.0, 0, 0, 0
L -165.0, -732.6, 0.0, -144.8, -732.6, 0.0, 150, 150, 150
L -119.0, -727.0, 0.0, -93.0, -727.0, 0.0, 150, 150, 150
L -119.0, -750.8, 0.0, -119.0, -732.6, 0.0, 0, 0, 0
L -119.0, -732.6, 0.0, -119.0, -727.0, 0.0, 0, 0, 0
L -93.0, -805.8, 0.0, -93.0, -827.0, 0.0, 150, 150, 150
L -98.9, -805.8, 0.0, -93.0, -805.8, 0.0, 0, 0, 0
L -115.8, -822.8, 0.0, -115.8, -827.0, 0.0, 0, 0, 0
L -170.0, -805.8, 0.0, -170.0, -827.0, 0.0, 150, 150, 150
L -164.1, -805.8, 0.0, -147.2, -822.8, 0.0, 0, 0, 0
L -170.0, -827.0, 0.0, -147.2, -827.0, 0.0, 150, 150, 150
L -164.1, -805.8, 0.0, -170.0, -805.8, 0.0, 0, 0, 0
L -164.1, -822.8, 0.0, -164.1, -805.8, 0.0, 150, 150, 150
L -147.2, -822.8, 0.0, -147.2, -827.0, 0.0, 0, 0, 0
L -147.2, -822.8, 0.0, -164.1, -822.8, 0.0, 150, 150, 150
L -115.8, -827.0, 0.0, -147.2, -827.0, 0.0, 0, 0, 0
L -170.0, -805.8, 0.0, -169.8, -774.8, 0.0, 0, 0, 0
L -243.0, -590.0, -35.0, -246.0, -590.0, -35.0, 0, 0, 0
L -243.0, -585.0, -35.0, -243.0, -590.0, -35.0, 0, 0, 0
L -368.0, -763.0, -67.0, -372.0, -767.0, -73.0, 0, 0, 255
L -243.0, -764.0, -67.0, -243.0, -763.0, -67.0, 0, 0, 255
L -372.0, -752.5, -72.5, -373.0, -748.0, -72.0, 0, 0, 255
L -369.7, -755.9, -81.2, -370.8, -756.1, -77.6, 255, 165, 0
L -369.7, -752.3, -79.9, -368.6, -752.2, -83.6, 255, 165, 0
L -369.7, -755.9, -81.2, -369.7, -752.3, -79.9, 255, 165, 0
L -370.8, -756.1, -77.6, -371.8, -756.3, -74.0, 255, 165, 0
L -370.9, -752.4, -76.2, -369.7, -752.3, -79.9, 255, 165, 0
L -370.8, -756.1, -77.6, -370.9, -752.4, -76.2, 255, 165, 0
L -368.7, -755.6, -84.8, -369.7, -755.9, -81.2, 255, 165, 0
L -368.6, -752.2, -83.6, -367.4, -752.1, -87.3, 255, 165, 0
L -368.7, -755.6, -84.8, -368.6, -752.2, -83.6, 255, 165, 0
