P -2708.1392, -2344.7349, 92.4962, 255, 0, 0, 3, to_The_Arena
P -1180.0000, -4250.0000, 0.0000, 255, 0, 0, 3, to_The_Southern_Plains_of_Karana
P 2282.0000, -2518.0000, 1.7510, 255, 0, 0, 3, to_The_Rathe_Mountains
P -1213.0000, -4183.0000, 0.0000, 255, 0, 0, 2, Succor
P -134.0000, -2790.0000, 0.0000, 255, 255, 255, 2, Underwater_Tower
P -2081.1641, -3769.6309, -16.7465, 255, 255, 255, 2, Guard_Tower
P -450.0000, 424.0000, 49.9072, 0, 128, 0, 2, Dreana_(Merchant)
P -637.0000, 507.0000, 50.5572, 0, 128, 0, 2, Srynda_(Merchant)
P -657.0000, 433.0000, 49.9072, 0, 128, 0, 2, Abrod_(Bar)
P 1815.0000, -3126.0000, 50.3880, 0, 128, 0, 2, Turga_(Merchant)
P 920.0000, -211.0000, 0.0000, 255, 255, 255, 2, Aviaks
P -1198.0000, -3813.0000, 0.0000, 255, 255, 255, 2, Gnoll_Camp
P 1806.6709, -2386.1270, 51.4285, 240, 240, 240, 2, Bandit_Camp
P 664.5494, -2466.7251, -20.4032, 0, 0, 0, 2, Egonis
P 555.2621, -2610.6475, 8.2264, 0, 0, 0, 2, Eldreth
P 1805.1797, -3064.9202, 51.4332, 240, 240, 240, 2, Ogre_Camp
P 1113.9070, -3536.2300, 52.2745, 240, 240, 240, 2, Bandit_Camp
P 646.9348, -3492.5054, -29.5753, 240, 240, 240, 2, Orc_Camp
P -145.5049, -3639.5347, 52.4235, 0, 0, 0, 2, Turgan
P 676.9276, -2770.5188, -27.9690, 0, 0, 0, 2, Kanthurn
P -155.6672, -2778.0789, -374.9136, 0, 0, 0, 2, Deep
P -982.7251, -2485.9810, 105.0255, 240, 240, 240, 2, Aviaks
P -2803.9375, 202.4184, -19.1993, 240, 240, 240, 2, Aviaks
P -2259.8970, 944.8585, -11.6843, 0, 0, 0, 2, Kimm_McShannel
P -2410.2134, 942.5831, -16.5507, 0, 0, 0, 2, Jonah_Brucker
P -2207.1880, -247.4607, 51.4548, 0, 0, 0, 2, Kyralynn
P -2236.2063, -701.8990, -3.5138, 240, 240, 240, 2, Barbarian_Fishing_Village
P -2396.4573, -612.5171, 51.4272, 0, 0, 0, 2, Rondel
P -2391.6897, -764.7840, 51.4262, 0, 0, 0, 2, Aija
P -2129.1201, -591.7803, 2.6896, 0, 0, 0, 2, Hruthgar
P -2124.6597, -642.1532, 1.8361, 0, 0, 0, 2, Grinda
P -2135.6526, -744.0636, -38.9532, 0, 0, 0, 2, Brundar
P -2183.7568, -771.1897, -42.7163, 0, 0, 0, 2, Lorud
P -2196.4055, -779.3895, -42.9090, 0, 0, 0, 2, Tralinda
P -1171.3301, -3838.6011, -5.1103, 127, 64, 0, 2, a_gnoll_emblamer_(Hunter)
P 583.5182, -3579.5940, 49.9730, 0, 0, 0, 2, Lenklo
P 594.6197, -3582.1404, 50.2409, 0, 0, 0, 2, Groethar
P 605.6042, -3584.3445, 50.4739, 0, 0, 0, 2, Hulga
P 608.1331, -3595.1536, 54.7716, 0, 0, 0, 2, Deillia
P 620.2474, -3500.6526, -30.4983, 0, 0, 240, 1, GS:_Abandoned_Orc_Shovel
P -0.4967, -3611.9141, 55.6921, 0, 0, 0, 2, Shmendrik_Lavawalker
P -145.8435, -3620.3257, 52.5339, 0, 0, 0, 2, Jorna
P -1533.1593, -66.7703, -235.4275, 0, 0, 0, 2, Guja_Master_Therik
P -619.9518, 439.2297, 51.4398, 240, 240, 240, 2, Gypsy_Camp
P -604.5662, 477.5083, 51.4367, 127, 127, 0, 2, Elsabet_(Parcels)
P -565.9993, 463.5652, 51.4221, 0, 0, 0, 2, Dunndrylla
P 651.9448, -958.9756, -21.7024, 0, 0, 0, 2, Rykas
P 1459.4257, -255.5333, 54.3864, 0, 0, 0, 2, Emkel_Kabae
P 1585.3131, -336.7861, 52.8498, 0, 0, 0, 2, Kazen_Fecae
P 1243.3955, 27.6443, 54.3043, 240, 240, 240, 2, Stone_Skeleton_Tower
P 889.1865, -2582.3584, -34.2477, 0, 0, 0, 2, Taia_Lyfol
P -150.5623, -2777.2920, -374.8999, 0, 0, 0, 2, Lord_Bergurgle
P -131.0544, -2783.6155, -375.2727, 0, 0, 240, 1, GS:Rod
P -2064.0820, -1329.9315, -22.5644, 0, 0, 0, 2, a_fallen_student
P -2144.3555, -187.7245, 54.5281, 0, 0, 0, 2, Vrynn
P -2404.4373, -521.1985, 54.5252, 0, 0, 0, 2, Tabitha
P 1780.7253, -3048.4189, 51.4267, 0, 0, 0, 2, Trug
P 1831.9802, -3065.1846, 51.5023, 0, 0, 0, 2, Grud
P 1794.6779, -3080.1597, 51.5017, 0, 0, 0, 2, Punga
P 1839.5499, -3013.8630, 52.6453, 0, 0, 0, 2, Derg
