L -131.0, -2771.0, -374.0, -132.0, -2761.0, -374.0, 155, 155, 155
L -144.0, -2772.0, -374.0, -131.0, -2771.0, -374.0, 155, 155, 155
L -145.0, -2762.0, -374.0, -144.0, -2772.0, -374.0, 155, 155, 155
L -132.0, -2761.0, -374.0, -145.0, -2762.0, -374.0, 155, 155, 155
L -125.0, -2798.0, -374.0, -167.0, -2801.0, -374.0, 204, 0, 204
L -127.0, -2756.0, -374.0, -125.0, -2798.0, -374.0, 204, 0, 204
L -170.0, -2758.0, -374.0, -127.0, -2756.0, -374.0, 204, 0, 204
L -167.0, -2801.0, -374.0, -170.0, -2758.0, -374.0, 204, 0, 204
L -170.0, -2758.0, -431.0, -169.0, -2773.0, -431.0, 178, 102, 255
L -127.0, -2756.0, -431.0, -170.0, -2758.0, -431.0, 178, 102, 255
L -125.0, -2798.0, -431.0, -127.0, -2756.0, -431.0, 178, 102, 255
L -167.0, -2801.0, -431.0, -125.0, -2798.0, -431.0, 178, 102, 255
L -168.0, -2785.0, -431.0, -167.0, -2801.0, -431.0, 178, 102, 255
L -173.0, -2785.0, -431.0, -168.0, -2785.0, -431.0, 178, 102, 255
L -174.0, -2773.0, -431.0, -169.0, -2773.0, -431.0, 178, 102, 255
L -182.0, -2796.0, -434.0, -173.0, -2795.0, -434.0, 178, 102, 255
L -175.0, -2754.0, -434.0, -123.0, -2750.0, -434.0, 178, 102, 255
L -174.0, -2773.0, -434.0, -174.0, -2770.0, -434.0, 178, 102, 255
L -174.0, -2770.0, -434.0, -175.0, -2754.0, -434.0, 178, 102, 255
L -183.0, -2770.0, -434.0, -174.0, -2770.0, -434.0, 178, 102, 255
L -182.0, -2796.0, -434.0, -183.0, -2770.0, -434.0, 178, 102, 255
L -172.0, -2806.0, -434.0, -173.0, -2785.0, -434.0, 178, 102, 255
L -120.0, -2803.0, -434.0, -172.0, -2806.0, -434.0, 178, 102, 255
L -123.0, -2750.0, -434.0, -120.0, -2803.0, -434.0, 178, 102, 255
L 610.0, -2775.0, -303.0, 943.0, -2779.0, -208.0, 178, 102, 255
L 504.0, -2745.0, -341.0, 610.0, -2775.0, -303.0, 178, 102, 255
L 380.0, -2721.0, -401.0, 504.0, -2745.0, -341.0, 178, 102, 255
L 232.0, -2721.0, -433.0, 380.0, -2721.0, -401.0, 178, 102, 255
L 25.0, -2709.0, -434.0, 232.0, -2721.0, -433.0, 178, 102, 255
L -12.0, -2522.0, -434.0, 25.0, -2709.0, -434.0, 178, 102, 255
L -161.0, -2454.0, -434.0, -12.0, -2522.0, -434.0, 178, 102, 255
L -322.0, -2454.0, -434.0, -161.0, -2454.0, -434.0, 178, 102, 255
L -470.0, -2515.0, -434.0, -322.0, -2454.0, -434.0, 178, 102, 255
L -543.0, -2610.0, -434.0, -470.0, -2515.0, -434.0, 178, 102, 255
L -658.0, -2675.0, -434.0, -543.0, -2610.0, -434.0, 178, 102, 255
L -910.0, -2641.0, -388.0, -658.0, -2675.0, -434.0, 178, 102, 255
L -1322.0, -2584.0, -253.0, -910.0, -2641.0, -388.0, 178, 102, 255
L -1453.0, -2579.0, -174.0, -1322.0, -2584.0, -253.0, 178, 102, 255
L 618.0, -2846.0, -302.0, 943.0, -2846.0, -222.0, 178, 102, 255
L 484.0, -2801.0, -342.0, 618.0, -2846.0, -302.0, 178, 102, 255
L 377.0, -2774.0, -401.0, 484.0, -2801.0, -342.0, 178, 102, 255
L 235.0, -2793.0, -434.0, 377.0, -2774.0, -401.0, 178, 102, 255
L 13.0, -2816.0, -434.0, 235.0, -2793.0, -434.0, 178, 102, 255
L -47.0, -2938.0, -434.0, 13.0, -2816.0, -434.0, 178, 102, 255
L -244.0, -2972.0, -434.0, -47.0, -2938.0, -434.0, 178, 102, 255
L -395.0, -2905.0, -429.0, -244.0, -2972.0, -434.0, 178, 102, 255
L -478.0, -2820.0, -434.0, -395.0, -2905.0, -429.0, 178, 102, 255
L -540.0, -2770.0, -434.0, -478.0, -2820.0, -434.0, 178, 102, 255
L -662.0, -2736.0, -434.0, -540.0, -2770.0, -434.0, 178, 102, 255
L -914.0, -2705.0, -388.0, -662.0, -2736.0, -434.0, 178, 102, 255
L -1055.0, -2695.0, -342.0, -914.0, -2705.0, -388.0, 178, 102, 255
L -1318.0, -2675.0, -257.0, -1055.0, -2695.0, -342.0, 178, 102, 255
L -1451.0, -2645.0, -195.0, -1318.0, -2675.0, -257.0, 178, 102, 255
L -977.0, -2467.0, 104.0, -988.0, -2475.0, 104.0, 0, 204, 0
L -955.0, -2478.0, 104.0, -977.0, -2467.0, 104.0, 0, 204, 0
L -953.0, -2504.0, 104.0, -955.0, -2478.0, 104.0, 0, 204, 0
L -974.0, -2518.0, 104.0, -953.0, -2504.0, 104.0, 0, 204, 0
L -997.0, -2507.0, 104.0, -974.0, -2518.0, 104.0, 0, 204, 0
L -998.0, -2494.0, 104.0, -997.0, -2507.0, 104.0, 0, 204, 0
L -996.0, -2471.0, 104.0, -988.0, -2475.0, 103.0, 0, 204, 0
L -1127.0, -2374.0, -19.0, -996.0, -2471.0, 104.0, 0, 204, 0
L -1005.0, -2490.0, 104.0, -998.0, -2494.0, 103.0, 0, 204, 0
L -1163.0, -2446.0, -19.0, -1005.0, -2490.0, 104.0, 0, 204, 0
L -1028.0, -2419.0, -27.0, -1011.0, -2411.0, -43.0, 0, 0, 0
L -1035.0, -2418.0, -26.0, -1028.0, -2419.0, -27.0, 0, 0, 0
L -1053.0, -2410.0, -24.0, -1035.0, -2418.0, -26.0, 0, 0, 0
L -1076.0, -2400.0, -19.0, -1053.0, -2410.0, -24.0, 0, 0, 0
L -1129.0, -2374.0, -19.0, -1076.0, -2400.0, -19.0, 0, 0, 0
L -1163.0, -2446.0, -19.0, -1129.0, -2374.0, -19.0, 0, 0, 0
L -1123.0, -2465.0, -19.0, -1163.0, -2446.0, -19.0, 0, 0, 0
L -1116.0, -2469.0, -20.0, -1123.0, -2465.0, -19.0, 0, 0, 0
L -1093.0, -2483.0, -23.0, -1116.0, -2469.0, -20.0, 0, 0, 0
L -1049.0, -2525.0, -43.0, -1093.0, -2483.0, -23.0, 0, 0, 0
L -1011.0, -2356.0, -21.0, -1002.0, -2362.0, -22.0, 150, 100, 0
L -1017.0, -2365.0, -21.0, -1011.0, -2356.0, -21.0, 150, 100, 0
L -1008.0, -2371.0, -22.0, -1017.0, -2365.0, -21.0, 150, 100, 0
L -1002.0, -2362.0, -22.0, -1008.0, -2371.0, -22.0, 150, 100, 0
L -721.0, -2436.0, -43.0, -766.0, -2424.0, -43.0, 0, 0, 255
L -718.0, -2445.0, -43.0, -721.0, -2436.0, -43.0, 0, 0, 255
L -724.0, -2448.0, -43.0, -718.0, -2445.0, -43.0, 0, 0, 255
L -788.0, -2452.0, -43.0, -724.0, -2448.0, -43.0, 0, 0, 255
L -795.0, -2451.0, -43.0, -788.0, -2452.0, -43.0, 0, 0, 255
L -795.0, -2446.0, -43.0, -795.0, -2451.0, -43.0, 0, 0, 255
L -797.0, -2388.0, -43.0, -795.0, -2446.0, -43.0, 0, 0, 255
L -855.0, -2390.0, -44.0, -797.0, -2388.0, -43.0, 0, 0, 255
L -864.0, -2389.0, -43.0, -855.0, -2390.0, -44.0, 0, 0, 255
L -876.0, -2379.0, -43.0, -864.0, -2389.0, -43.0, 0, 0, 255
L -876.0, -2333.0, -43.0, -876.0, -2379.0, -43.0, 0, 0, 255
L -921.0, -2323.0, -43.0, -876.0, -2333.0, -43.0, 0, 0, 255
L -969.0, -2378.0, -43.0, -921.0, -2323.0, -43.0, 0, 0, 255
L -987.0, -2388.0, -44.0, -969.0, -2378.0, -43.0, 0, 0, 255
L -1011.0, -2411.0, -43.0, -987.0, -2388.0, -44.0, 0, 0, 255
L -985.0, -2421.0, -43.0, -1011.0, -2411.0, -43.0, 0, 0, 255
L -1038.0, -2530.0, -43.0, -985.0, -2421.0, -43.0, 0, 0, 255
L -1049.0, -2525.0, -43.0, -1038.0, -2530.0, -43.0, 0, 0, 255
L -1045.0, -2565.0, -43.0, -1049.0, -2525.0, -43.0, 0, 0, 255
L -1044.0, -2635.0, -43.0, -1045.0, -2565.0, -43.0, 0, 0, 255
L -981.0, -2639.0, -43.0, -1044.0, -2635.0, -43.0, 0, 0, 255
L -979.0, -2703.0, -43.0, -981.0, -2639.0, -43.0, 0, 0, 255
L -912.0, -2702.0, -43.0, -979.0, -2703.0, -43.0, 0, 0, 255
L -912.0, -2712.0, -44.0, -912.0, -2702.0, -43.0, 0, 0, 255
L -922.0, -2722.0, -43.0, -912.0, -2712.0, -44.0, 0, 0, 255
L -930.0, -2722.0, -43.0, -922.0, -2722.0, -43.0, 0, 0, 255
L -972.0, -2722.0, -43.0, -930.0, -2722.0, -43.0, 0, 0, 255
L -1005.0, -2721.0, -43.0, -972.0, -2722.0, -43.0, 0, 0, 255
L -1054.0, -2718.0, -43.0, -1005.0, -2721.0, -43.0, 0, 0, 255
L -1060.0, -2717.0, -43.0, -1054.0, -2718.0, -43.0, 0, 0, 255
L -1083.0, -2712.0, -43.0, -1060.0, -2717.0, -43.0, 0, 0, 255
L -1094.0, -2685.0, -43.0, -1083.0, -2712.0, -43.0, 0, 0, 255
L -1121.0, -2679.0, -43.0, -1094.0, -2685.0, -43.0, 0, 0, 255
L -1169.0, -2693.0, -42.0, -1121.0, -2679.0, -43.0, 0, 0, 255
L -1248.0, -2706.0, -43.0, -1169.0, -2693.0, -42.0, 0, 0, 255
L -1255.0, -2710.0, -43.0, -1248.0, -2706.0, -43.0, 0, 0, 255
L -1282.0, -2673.0, -43.0, -1255.0, -2710.0, -43.0, 0, 0, 255
L -1321.0, -2651.0, -43.0, -1282.0, -2673.0, -43.0, 0, 0, 255
L -1327.0, -2650.0, -43.0, -1321.0, -2651.0, -43.0, 0, 0, 255
L -1328.0, -2645.0, -43.0, -1327.0, -2650.0, -43.0, 0, 0, 255
L -1337.0, -2618.0, -43.0, -1328.0, -2645.0, -43.0, 0, 0, 255
L -1353.0, -2580.0, -43.0, -1337.0, -2618.0, -43.0, 0, 0, 255
L -1366.0, -2558.0, -43.0, -1353.0, -2580.0, -43.0, 0, 0, 255
L -1387.0, -2512.0, -43.0, -1366.0, -2558.0, -43.0, 0, 0, 255
L -1399.0, -2456.0, -43.0, -1387.0, -2512.0, -43.0, 0, 0, 255
L -1398.0, -2378.0, -43.0, -1399.0, -2456.0, -43.0, 0, 0, 255
L -1385.0, -2312.0, -43.0, -1398.0, -2378.0, -43.0, 0, 0, 255
L -1322.0, -2261.0, -43.0, -1385.0, -2312.0, -43.0, 0, 0, 255
L -1254.0, -2191.0, -43.0, -1322.0, -2261.0, -43.0, 0, 0, 255
L -1188.0, -2138.0, -43.0, -1254.0, -2191.0, -43.0, 0, 0, 255
L -1140.0, -2112.0, -43.0, -1188.0, -2138.0, -43.0, 0, 0, 255
L -1121.0, -2099.0, -43.0, -1140.0, -2112.0, -43.0, 0, 0, 255
L -1109.0, -2099.0, -43.0, -1121.0, -2099.0, -43.0, 0, 0, 255
L -1055.0, -2093.0, -43.0, -1109.0, -2099.0, -43.0, 0, 0, 255
L -1036.0, -2093.0, -43.0, -1055.0, -2093.0, -43.0, 0, 0, 255
L -1016.0, -2110.0, -43.0, -1036.0, -2093.0, -43.0, 0, 0, 255
L -1000.0, -2124.0, -43.0, -1016.0, -2110.0, -43.0, 0, 0, 255
L -969.0, -2160.0, -43.0, -1000.0, -2124.0, -43.0, 0, 0, 255
L -922.0, -2172.0, -43.0, -969.0, -2160.0, -43.0, 0, 0, 255
L -915.0, -2172.0, -43.0, -922.0, -2172.0, -43.0, 0, 0, 255
L -913.0, -2178.0, -43.0, -915.0, -2172.0, -43.0, 0, 0, 255
L -909.0, -2233.0, -43.0, -913.0, -2178.0, -43.0, 0, 0, 255
L -855.0, -2234.0, -43.0, -909.0, -2233.0, -43.0, 0, 0, 255
L -845.0, -2236.0, -43.0, -855.0, -2234.0, -43.0, 0, 0, 255
L -844.0, -2245.0, -43.0, -845.0, -2236.0, -43.0, 0, 0, 255
L -843.0, -2301.0, -43.0, -844.0, -2245.0, -43.0, 0, 0, 255
L -817.0, -2312.0, -43.0, -843.0, -2301.0, -43.0, 0, 0, 255
L -817.0, -2341.0, -43.0, -817.0, -2312.0, -43.0, 0, 0, 255
L -788.0, -2345.0, -43.0, -817.0, -2341.0, -43.0, 0, 0, 255
L -779.0, -2370.0, -43.0, -788.0, -2345.0, -43.0, 0, 0, 255
L -762.0, -2378.0, -43.0, -779.0, -2370.0, -43.0, 0, 0, 255
L -766.0, -2424.0, -43.0, -762.0, -2378.0, -43.0, 0, 0, 255
L 1766.0, -2359.0, 51.0, 1770.0, -2358.0, 51.0, 0, 0, 0
L 1762.0, -2342.0, 51.0, 1766.0, -2359.0, 51.0, 0, 0, 0
L 1779.0, -2338.0, 51.0, 1762.0, -2342.0, 51.0, 0, 0, 0
L 1784.0, -2355.0, 51.0, 1779.0, -2338.0, 51.0, 0, 0, 0
L 1780.0, -2356.0, 51.0, 1784.0, -2355.0, 51.0, 0, 0, 0
L 1814.0, -2346.0, 52.0, 1817.0, -2349.0, 52.0, 0, 0, 0
L 1827.0, -2334.0, 54.0, 1814.0, -2346.0, 52.0, 0, 0, 0
L 1839.0, -2347.0, 55.0, 1827.0, -2334.0, 54.0, 0, 0, 0
L 1827.0, -2359.0, 53.0, 1839.0, -2347.0, 55.0, 0, 0, 0
L 1824.0, -2357.0, 53.0, 1827.0, -2359.0, 53.0, 0, 0, 0
L 1790.0, -2439.0, 50.0, 1794.0, -2433.0, 50.0, 0, 0, 0
L 1744.0, -2410.0, 50.0, 1790.0, -2439.0, 50.0, 0, 0, 0
L 1768.0, -2372.0, 50.0, 1744.0, -2410.0, 50.0, 0, 0, 0
L 1774.0, -2376.0, 50.0, 1768.0, -2372.0, 50.0, 0, 0, 0
L 1754.0, -2408.0, 50.0, 1774.0, -2376.0, 50.0, 0, 0, 0
L 1794.0, -2433.0, 50.0, 1754.0, -2408.0, 50.0, 0, 0, 0
L 1883.0, -2406.0, 52.0, 1874.0, -2434.0, 50.0, 0, 0, 0
L 1880.0, -2403.0, 52.0, 1883.0, -2406.0, 53.0, 0, 0, 0
L 1871.0, -2428.0, 50.0, 1880.0, -2403.0, 50.0, 0, 0, 0
L 1851.0, -2421.0, 50.0, 1871.0, -2428.0, 50.0, 0, 0, 0
L 1849.0, -2425.0, 50.0, 1851.0, -2421.0, 50.0, 0, 0, 0
L 1874.0, -2434.0, 50.0, 1849.0, -2425.0, 50.0, 0, 0, 0
L 1860.0, -3098.0, 50.0, 1834.0, -3082.0, 50.0, 0, 0, 0
L 1881.0, -3064.0, 50.0, 1860.0, -3098.0, 50.0, 0, 0, 0
L 1854.0, -3048.0, 50.0, 1881.0, -3064.0, 50.0, 0, 0, 0
L 1850.0, -3055.0, 50.0, 1854.0, -3048.0, 50.0, 0, 0, 0
L 1843.0, -3066.0, 50.0, 1834.0, -3082.0, 50.0, 0, 0, 0
L 1823.0, -3102.0, 50.0, 1814.0, -3103.0, 50.0, 0, 0, 0
L 1829.0, -3133.0, 51.0, 1823.0, -3102.0, 50.0, 0, 0, 0
L 1799.0, -3137.0, 51.0, 1829.0, -3133.0, 51.0, 0, 0, 0
L 1793.0, -3107.0, 50.0, 1799.0, -3137.0, 50.0, 0, 0, 0
L 1802.0, -3106.0, 50.0, 1793.0, -3107.0, 50.0, 0, 0, 0
L 1717.0, -2765.0, -37.0, 1715.0, -2745.0, -37.0, 139, 69, 19
L 1674.0, -2740.0, -37.0, 1672.0, -2760.0, -37.0, 139, 69, 19
L 1715.0, -2745.0, -37.0, 1674.0, -2740.0, -37.0, 150, 100, 0
L 1717.0, -2765.0, -37.0, 1672.0, -2760.0, -37.0, 139, 69, 19
L 1580.0, -3213.0, 51.0, 1569.0, -3178.0, -43.0, 0, 0, 0
L 1653.0, -3213.0, 51.0, 1580.0, -3213.0, 51.0, 0, 0, 0
L 1738.0, -3175.0, 50.0, 1653.0, -3213.0, 51.0, 0, 0, 0
L 1798.0, -3147.0, 51.0, 1738.0, -3175.0, 50.0, 0, 0, 0
L 1878.0, -3110.0, 50.0, 1798.0, -3147.0, 51.0, 0, 0, 0
L 1896.0, -3094.0, 59.0, 1878.0, -3110.0, 50.0, 0, 0, 0
L 1943.0, -3000.0, 62.0, 1896.0, -3094.0, 59.0, 0, 0, 0
L 1979.0, -2927.0, 107.0, 1943.0, -3000.0, 62.0, 0, 0, 0
L 1990.0, -2895.0, 85.0, 1979.0, -2927.0, 107.0, 0, 0, 0
L 2011.0, -2873.0, 65.0, 1990.0, -2895.0, 85.0, 0, 0, 0
L 2114.0, -2829.0, 41.0, 2011.0, -2873.0, 65.0, 0, 0, 0
L 2157.0, -2798.0, 2.0, 2114.0, -2829.0, 41.0, 0, 0, 0
L 2253.0, -2768.0, 2.0, 2157.0, -2798.0, 2.0, 0, 0, 0
L 2273.0, -2564.0, 2.0, 2253.0, -2768.0, 2.0, 0, 0, 0
L 2289.0, -2538.0, 2.0, 2273.0, -2564.0, 2.0, 0, 0, 0
L 2294.0, -2482.0, 2.0, 2289.0, -2538.0, 2.0, 199, 21, 133
L 2223.0, -2542.0, 2.0, 2294.0, -2482.0, 2.0, 0, 0, 0
L 2222.0, -2707.0, 2.0, 2223.0, -2542.0, 2.0, 0, 0, 0
L 2140.0, -2743.0, 2.0, 2222.0, -2707.0, 2.0, 0, 0, 0
L 2092.0, -2731.0, 2.0, 2140.0, -2743.0, 2.0, 0, 0, 0
L 2072.0, -2725.0, 17.0, 2092.0, -2731.0, 2.0, 0, 0, 0
L 2050.0, -2713.0, 56.0, 2072.0, -2725.0, 17.0, 0, 0, 0
L 2010.0, -2683.0, 71.0, 2050.0, -2713.0, 56.0, 0, 0, 0
L 1994.0, -2673.0, 101.0, 2010.0, -2683.0, 71.0, 0, 0, 0
L 1983.0, -2647.0, 113.0, 1994.0, -2673.0, 101.0, 0, 0, 0
L 1979.0, -2580.0, 90.0, 1983.0, -2647.0, 113.0, 0, 0, 0
L 1976.0, -2523.0, 97.0, 1979.0, -2580.0, 90.0, 0, 0, 0
L 1972.0, -2448.0, 99.0, 1976.0, -2523.0, 97.0, 0, 0, 0
L 1969.0, -2380.0, 118.0, 1972.0, -2448.0, 99.0, 0, 0, 0
L 1966.0, -2335.0, 128.0, 1969.0, -2380.0, 118.0, 0, 0, 0
L 1911.0, -2281.0, 115.0, 1966.0, -2335.0, 128.0, 0, 0, 0
L 1880.0, -2252.0, 138.0, 1911.0, -2281.0, 115.0, 0, 0, 0
L 1844.0, -2218.0, 122.0, 1880.0, -2252.0, 138.0, 0, 0, 0
L 1743.0, -2185.0, 58.0, 1844.0, -2218.0, 122.0, 0, 0, 0
L 1695.0, -2178.0, 15.0, 1743.0, -2185.0, 58.0, 0, 0, 0
L 1661.0, -2179.0, -31.0, 1695.0, -2178.0, 15.0, 0, 0, 0
L 1227.0, 47.0, 110.0, 1237.0, 47.0, 110.0, 0, 0, 0
L 1228.0, 61.0, 110.0, 1227.0, 47.0, 110.0, 0, 0, 0
L 1238.0, 60.0, 110.0, 1228.0, 61.0, 110.0, 0, 0, 0
L 1237.0, 47.0, 110.0, 1238.0, 60.0, 110.0, 0, 0, 0
L 1220.0, 23.0, 53.0, 1235.0, 22.0, 53.0, 0, 0, 0
L 1223.0, 65.0, 53.0, 1220.0, 23.0, 53.0, 0, 0, 0
L 1266.0, 62.0, 53.0, 1223.0, 65.0, 53.0, 0, 0, 0
L 1263.0, 20.0, 53.0, 1266.0, 62.0, 53.0, 0, 0, 0
L 1247.0, 21.0, 53.0, 1263.0, 20.0, 53.0, 0, 0, 0
L 1235.0, 22.0, 53.0, 1235.0, 17.0, 53.0, 0, 0, 0
L 1246.0, 16.0, 53.0, 1247.0, 21.0, 53.0, 0, 0, 0
L 1235.0, 17.0, 53.0, 1231.0, 17.0, 53.0, 0, 0, 0
L 1251.0, 16.0, 53.0, 1246.0, 16.0, 53.0, 0, 0, 0
L 1256.0, 15.0, 50.0, 1251.0, 16.0, 53.0, 0, 0, 0
L 1267.0, 14.0, 50.0, 1257.0, 15.0, 50.0, 0, 0, 0
L 1271.0, 67.0, 50.0, 1267.0, 14.0, 50.0, 0, 0, 0
L 1219.0, 71.0, 51.0, 1271.0, 67.0, 50.0, 0, 0, 0
L 1215.0, 18.0, 50.0, 1219.0, 71.0, 51.0, 0, 0, 0
L 1231.0, 17.0, 50.0, 1215.0, 18.0, 50.0, 0, 0, 0
L 918.0, -179.0, 82.0, 911.0, -212.0, -43.0, 0, 0, 0
L 983.0, -73.0, 116.0, 918.0, -179.0, 82.0, 0, 0, 0
L 1044.0, 20.0, 211.0, 983.0, -73.0, 116.0, 0, 0, 0
L 1091.0, 87.0, 187.0, 1044.0, 20.0, 211.0, 0, 0, 0
L 1118.0, 125.0, 200.0, 1091.0, 87.0, 187.0, 0, 0, 0
L 1143.0, 160.0, 204.0, 1118.0, 125.0, 200.0, 0, 0, 0
L 1211.0, 174.0, 167.0, 1143.0, 160.0, 204.0, 0, 0, 0
L 1292.0, 188.0, 159.0, 1211.0, 174.0, 167.0, 0, 0, 0
L 1319.0, 154.0, 99.0, 1292.0, 188.0, 159.0, 0, 0, 0
L 1343.0, 122.0, 78.0, 1319.0, 154.0, 99.0, 0, 0, 0
L 1369.0, 89.0, 75.0, 1343.0, 122.0, 78.0, 0, 0, 0
L 1445.0, -11.0, 164.0, 1369.0, 89.0, 75.0, 0, 0, 0
L 1476.0, -54.0, 171.0, 1445.0, -11.0, 164.0, 0, 0, 0
L 1563.0, -172.0, 169.0, 1476.0, -54.0, 171.0, 0, 0, 0
L 1594.0, -215.0, 144.0, 1563.0, -172.0, 169.0, 0, 0, 0
L 1629.0, -343.0, 60.0, 1594.0, -215.0, 144.0, 0, 0, 0
L 1651.0, -428.0, 43.0, 1629.0, -343.0, 60.0, 0, 0, 0
L 1635.0, -444.0, 39.0, 1651.0, -428.0, 43.0, 0, 0, 0
L 1627.0, -475.0, -43.0, 1635.0, -444.0, 39.0, 0, 0, 0
L -129.0, -3646.0, 51.0, -129.0, -3635.0, 51.0, 0, 0, 0
L -171.0, -3646.0, 51.0, -129.0, -3646.0, 51.0, 0, 0, 0
L -171.0, -3635.0, 51.0, -171.0, -3646.0, 51.0, 0, 0, 0
L -171.0, -3626.0, 51.0, -171.0, -3635.0, 51.0, 0, 0, 0
L -171.0, -3614.0, 51.0, -171.0, -3626.0, 51.0, 0, 0, 0
L -129.0, -3614.0, 51.0, -171.0, -3614.0, 51.0, 0, 0, 0
L -129.0, -3625.0, 51.0, -129.0, -3614.0, 51.0, 0, 0, 0
L 11.0, -3578.0, 46.0, 11.0, -3540.0, -43.0, 0, 0, 0
L 15.0, -3625.0, 72.0, 11.0, -3578.0, 46.0, 0, 0, 0
L -51.0, -3675.0, 54.0, 15.0, -3625.0, 72.0, 0, 0, 0
L -122.0, -3668.0, 53.0, -51.0, -3675.0, 54.0, 0, 0, 0
L -197.0, -3661.0, 55.0, -122.0, -3668.0, 53.0, 0, 0, 0
L -237.0, -3598.0, 48.0, -197.0, -3661.0, 55.0, 0, 0, 0
L -284.0, -3522.0, -7.0, -237.0, -3598.0, 48.0, 0, 0, 0
L -285.8, -3501.0, -43.0, -284.0, -3522.0, -7.0, 0, 0, 0
L 575.0, -2629.0, 65.0, 568.0, -2622.0, 65.0, 150, 150, 150
L 566.0, -2638.0, 65.0, 567.7, -2636.3, 65.0, 150, 150, 150
L 558.0, -2632.0, 65.0, 566.0, -2638.0, 65.0, 150, 150, 150
L 568.0, -2622.0, 65.0, 559.5, -2630.5, 65.0, 150, 150, 150
L 566.0, -2645.0, 65.0, 596.0, -2615.0, 65.0, 0, 204, 0
L 535.0, -2615.0, 65.0, 566.0, -2645.0, 65.0, 0, 204, 0
L 565.0, -2585.0, 65.0, 535.0, -2615.0, 65.0, 0, 204, 0
L 596.0, -2615.0, 65.0, 565.0, -2585.0, 65.0, 0, 204, 0
L 894.0, -2578.0, -43.0, 945.0, -2529.0, -43.0, 0, 0, 255
L 611.0, -2384.0, -43.0, 606.0, -2384.0, -43.0, 0, 0, 255
L 611.0, -2384.0, -43.0, 622.0, -2434.0, -43.0, 0, 0, 255
L 1103.0, -3568.0, 52.0, 1099.0, -3566.0, 52.0, 0, 0, 0
L 1091.0, -3582.0, 55.0, 1103.0, -3568.0, 52.0, 0, 0, 0
L 1077.0, -3572.0, 52.0, 1091.0, -3582.0, 55.0, 0, 0, 0
L 1088.0, -3557.0, 52.0, 1077.0, -3572.0, 52.0, 0, 0, 0
L 1092.0, -3560.0, 52.0, 1088.0, -3557.0, 52.0, 0, 0, 0
L 1073.0, -3546.0, 51.0, 1071.0, -3542.0, 51.0, 0, 0, 0
L 1057.0, -3554.0, 52.0, 1073.0, -3546.0, 51.0, 0, 0, 0
L 1049.0, -3538.0, 52.0, 1057.0, -3554.0, 52.0, 0, 0, 0
L 1065.0, -3530.0, 51.0, 1049.0, -3538.0, 52.0, 0, 0, 0
L 1067.0, -3534.0, 51.0, 1065.0, -3530.0, 51.0, 0, 0, 0
L 1331.0, -3404.0, -4.0, 1345.0, -3383.0, -3.0, 0, 0, 0
L 1317.0, -3421.0, -5.0, 1331.0, -3404.0, -4.0, 0, 0, 0
L 1336.0, -3439.0, -4.0, 1317.0, -3421.0, -5.0, 0, 0, 0
L 1333.0, -3442.0, -5.0, 1336.0, -3439.0, -4.0, 0, 0, 0
L 1311.0, -3421.0, -5.0, 1333.0, -3442.0, -5.0, 0, 0, 0
L 1328.0, -3403.0, -4.0, 1311.0, -3421.0, -5.0, 0, 0, 0
L 1342.0, -3381.0, -4.0, 1328.0, -3403.0, -4.0, 0, 0, 0
L 1345.0, -3383.0, -3.0, 1342.0, -3381.0, -4.0, 0, 0, 0
L 1411.0, -3343.0, -6.0, 1411.0, -3310.0, -43.0, 0, 0, 0
L 1421.0, -3357.0, 70.0, 1411.0, -3343.0, -6.0, 0, 0, 0
L 1434.0, -3364.0, 107.0, 1421.0, -3357.0, 70.0, 0, 0, 0
L 1426.0, -3413.0, 103.0, 1434.0, -3364.0, 107.0, 0, 0, 0
L 1357.0, -3510.0, 29.0, 1426.0, -3413.0, 103.0, 0, 0, 0
L 1340.0, -3532.0, 53.0, 1357.0, -3510.0, 29.0, 0, 0, 0
L 1293.0, -3558.0, 88.0, 1340.0, -3532.0, 53.0, 0, 0, 0
L 1224.0, -3587.0, 78.0, 1293.0, -3558.0, 88.0, 0, 0, 0
L 1152.0, -3617.0, 83.0, 1224.0, -3587.0, 78.0, 0, 0, 0
L 1061.0, -3578.0, 53.0, 1152.0, -3617.0, 83.0, 0, 0, 0
L 1042.0, -3518.0, 52.0, 1061.0, -3578.0, 53.0, 0, 0, 0
L 1053.0, -3479.0, -16.0, 1042.0, -3518.0, 52.0, 0, 0, 0
L 627.0, -3478.0, -34.0, 633.0, -3472.0, -35.0, 0, 0, 0
L 619.0, -3477.0, -34.0, 627.0, -3478.0, -34.0, 0, 0, 0
L 614.0, -3472.0, -36.0, 619.0, -3477.0, -34.0, 0, 0, 0
L 615.0, -3463.0, -37.0, 614.0, -3472.0, -36.0, 0, 0, 0
L 621.0, -3458.0, -38.0, 615.0, -3463.0, -37.0, 0, 0, 0
L 629.0, -3459.0, -37.0, 621.0, -3458.0, -38.0, 0, 0, 0
L 634.0, -3467.0, -36.0, 629.0, -3459.0, -37.0, 0, 0, 0
L 630.0, -3501.0, -29.0, 628.0, -3492.0, -31.0, 0, 0, 0
L 625.0, -3507.0, -28.0, 630.0, -3501.0, -29.0, 0, 0, 0
L 618.0, -3508.0, -28.0, 625.0, -3507.0, -28.0, 0, 0, 0
L 611.0, -3503.0, -29.0, 618.0, -3508.0, -28.0, 0, 0, 0
L 610.0, -3495.0, -30.0, 611.0, -3503.0, -29.0, 0, 0, 0
L 615.0, -3489.0, -32.0, 610.0, -3495.0, -30.0, 0, 0, 0
L 624.0, -3489.0, -32.0, 615.0, -3489.0, -32.0, 0, 0, 0
L 678.0, -3511.0, -25.0, 691.0, -3498.0, -43.0, 0, 0, 0
L 677.0, -3525.0, -2.0, 678.0, -3511.0, -25.0, 0, 0, 0
L 657.0, -3533.0, 0.0, 677.0, -3525.0, -2.0, 0, 0, 0
L 590.0, -3533.0, -3.0, 657.0, -3533.0, 0.0, 0, 0, 0
L 574.0, -3415.0, -43.0, 590.0, -3533.0, -3.0, 0, 0, 0
L -1176.0, -4392.0, 0.0, -1177.0, -4350.0, 0.0, 0, 0, 0
L -1177.0, -4350.0, 0.0, -1282.0, -4291.0, 0.0, 0, 0, 0
L -1282.0, -4291.0, 0.0, -1281.0, -4231.0, 1.0, 0, 0, 0
L -1281.0, -4231.0, 1.0, -1227.0, -4145.0, 0.0, 0, 0, 0
L -1227.0, -4145.0, 0.0, -1241.0, -4044.0, 0.0, 0, 0, 0
L -1241.0, -4044.0, 0.0, -1272.0, -4018.0, 24.0, 0, 0, 0
L -1272.0, -4018.0, 24.0, -1278.0, -4001.0, 27.0, 0, 0, 0
L -1278.0, -4001.0, 27.0, -1310.0, -3953.0, 42.0, 0, 0, 0
L -1310.0, -3953.0, 42.0, -1332.0, -3922.0, 22.0, 0, 0, 0
L -1332.0, -3922.0, 22.0, -1389.0, -3838.0, 49.0, 0, 0, 0
L -1389.0, -3838.0, 49.0, -1443.0, -3764.0, 41.0, 0, 0, 0
L -1419.0, -3768.0, 50.0, -1429.0, -3756.0, 50.0, 0, 0, 0
L -1443.0, -3764.0, 41.0, -1556.0, -3617.0, -43.0, 0, 0, 0
L -1439.0, -3764.0, 50.0, -1429.0, -3756.0, 50.0, 0, 0, 0
L -1433.0, -3780.0, 50.0, -1439.0, -3764.0, 50.0, 0, 0, 0
L -1419.0, -3768.0, 50.0, -1433.0, -3780.0, 50.0, 0, 0, 0
L -1176.0, -4392.0, 0.0, -1133.0, -4391.0, 0.0, 199, 21, 133
L -1133.0, -4391.0, 0.0, -1132.0, -4338.0, 0.0, 0, 0, 0
L -1132.0, -4338.0, 0.0, -1235.0, -4274.0, 0.0, 0, 0, 0
L -1235.0, -4274.0, 0.0, -1227.0, -4228.0, 0.0, 0, 0, 0
L -1227.0, -4228.0, 0.0, -1172.0, -4152.0, 0.0, 0, 0, 0
L -1172.0, -4152.0, 0.0, -1183.0, -4037.0, 7.0, 0, 0, 0
L -1183.0, -4037.0, 7.0, -1188.0, -3978.0, 5.0, 0, 0, 0
L -1188.0, -3978.0, 5.0, -1121.0, -3912.0, 0.0, 0, 0, 0
L -1121.0, -3912.0, 0.0, -1054.0, -3912.0, 73.0, 0, 0, 0
L -1054.0, -3912.0, 73.0, -986.0, -3911.0, 78.0, 0, 0, 0
L -986.0, -3911.0, 78.0, -975.0, -3778.0, 76.0, 0, 0, 0
L -975.0, -3778.0, 76.0, -973.0, -3760.0, 60.0, 0, 0, 0
L -973.0, -3760.0, 60.0, -969.0, -3712.0, 52.0, 0, 0, 0
L -969.0, -3712.0, 52.0, -962.0, -3671.0, -30.0, 0, 0, 0
L -961.0, -3671.0, -30.0, -941.0, -3661.0, -44.0, 0, 0, 255
L -941.0, -3661.0, -44.0, -828.0, -3601.0, -44.0, 0, 0, 255
L -828.0, -3601.0, -43.0, -802.0, -3576.0, -43.0, 0, 0, 255
L -802.0, -3576.0, -43.0, -788.0, -3565.0, -43.0, 0, 0, 255
L -788.0, -3565.0, -43.0, -750.0, -3549.0, -42.0, 0, 0, 255
L -750.0, -3549.0, -42.0, -727.0, -3538.0, -41.0, 0, 0, 255
L -727.0, -3538.0, -41.0, -715.0, -3532.0, -41.0, 0, 0, 255
L -715.0, -3532.0, -41.0, -696.0, -3525.0, -41.0, 0, 0, 255
L -696.0, -3525.0, -41.0, -677.0, -3518.0, -41.0, 0, 0, 255
L -677.0, -3518.0, -41.0, -655.0, -3509.0, -41.0, 0, 0, 255
L -655.0, -3509.0, -41.0, -633.0, -3503.0, -39.0, 0, 0, 255
L -633.0, -3503.0, -39.0, -588.0, -3490.0, -43.0, 0, 0, 255
L -588.0, -3490.0, -43.0, -567.0, -3490.0, -43.0, 0, 0, 255
L -567.0, -3490.0, -43.0, -520.0, -3486.0, -43.0, 0, 0, 255
L -520.0, -3486.0, -43.0, -495.0, -3486.0, -43.0, 0, 0, 255
L -495.0, -3486.0, -43.0, -454.0, -3494.0, -43.0, 0, 0, 255
L -454.0, -3494.0, -43.0, -436.0, -3493.0, -43.0, 0, 0, 255
L -436.0, -3493.0, -43.0, -387.0, -3499.0, -43.0, 0, 0, 255
L -387.0, -3499.0, -43.0, -308.0, -3501.0, -43.0, 0, 0, 255
L -308.0, -3501.0, -43.0, -285.8, -3501.0, -43.0, 0, 0, 255
L -243.0, -3501.0, -43.0, -180.0, -3503.0, -43.0, 0, 0, 255
L -180.0, -3503.0, -43.0, -142.0, -3534.0, -43.0, 0, 0, 255
L -142.0, -3534.0, -43.0, -121.0, -3535.0, -43.0, 0, 0, 255
L -121.0, -3535.0, -43.0, -91.0, -3550.0, -43.0, 0, 0, 255
L -91.0, -3550.0, -43.0, -54.0, -3550.0, -44.0, 0, 0, 255
L -54.0, -3550.0, -44.0, -18.0, -3542.0, -43.0, 0, 0, 255
L -18.0, -3542.0, -43.0, 11.0, -3540.0, -43.0, 0, 0, 255
L 11.0, -3540.0, -43.0, 31.0, -3513.0, -43.0, 0, 0, 255
L 31.0, -3513.0, -43.0, 81.0, -3471.0, -44.0, 0, 0, 255
L 81.0, -3471.0, -44.0, 102.0, -3444.0, -44.0, 0, 0, 255
L 102.0, -3444.0, -44.0, 107.0, -3385.0, -44.0, 0, 0, 255
L 107.0, -3385.0, -44.0, 111.0, -3343.0, -44.0, 0, 0, 255
L 111.0, -3343.0, -44.0, 113.0, -3312.0, -44.0, 0, 0, 255
L 113.0, -3312.0, -44.0, 129.0, -3294.0, -44.0, 0, 0, 255
L 129.0, -3294.0, -44.0, 145.0, -3277.0, -44.0, 0, 0, 255
L 145.0, -3277.0, -44.0, 181.0, -3273.0, -44.0, 0, 0, 255
L 181.0, -3273.0, -44.0, 212.0, -3268.0, -44.0, 0, 0, 255
L 212.0, -3268.0, -44.0, 276.0, -3270.0, -44.0, 0, 0, 255
L 276.0, -3270.0, -44.0, 314.0, -3274.0, -44.0, 0, 0, 255
L 314.0, -3274.0, -44.0, 344.0, -3283.0, -44.0, 0, 0, 255
L 344.0, -3283.0, -44.0, 374.0, -3284.0, -44.0, 0, 0, 255
L 374.0, -3284.0, -44.0, 400.0, -3307.0, -44.0, 0, 0, 255
L 400.0, -3307.0, -44.0, 446.0, -3337.0, -44.0, 0, 0, 255
L 446.0, -3337.0, -44.0, 489.0, -3365.0, -43.0, 0, 0, 255
L 489.0, -3365.0, -43.0, 561.0, -3411.0, -43.0, 0, 0, 255
L 561.0, -3411.0, -43.0, 574.0, -3415.0, -43.0, 0, 0, 255
L 574.0, -3415.0, -43.0, 612.0, -3444.0, -43.0, 0, 0, 255
L 612.0, -3444.0, -43.0, 679.0, -3443.0, -43.0, 0, 0, 255
L 679.0, -3443.0, -43.0, 691.0, -3498.0, -43.0, 0, 0, 255
L 691.0, -3498.0, -43.0, 758.0, -3456.0, -44.0, 0, 0, 255
L 758.0, -3456.0, -44.0, 811.0, -3419.0, -42.0, 0, 0, 255
L 811.0, -3419.0, -42.0, 849.0, -3409.0, -44.0, 0, 0, 255
L 849.0, -3409.0, -44.0, 877.0, -3397.0, -44.0, 0, 0, 255
L 877.0, -3397.0, -44.0, 915.0, -3407.0, -44.0, 0, 0, 255
L 915.0, -3407.0, -44.0, 946.0, -3435.0, -44.0, 0, 0, 255
L 946.0, -3435.0, -44.0, 956.0, -3434.0, -44.0, 0, 0, 255
L 956.0, -3434.0, -44.0, 994.0, -3464.0, -43.0, 0, 0, 255
L 994.0, -3464.0, -43.0, 1045.0, -3479.0, -44.0, 0, 0, 255
L 1045.0, -3479.0, -44.0, 1079.0, -3480.0, -43.0, 0, 0, 255
L 1079.0, -3480.0, -43.0, 1133.0, -3444.0, -43.0, 0, 0, 255
L 1133.0, -3444.0, -43.0, 1154.0, -3426.0, -43.0, 0, 0, 255
L 1154.0, -3426.0, -43.0, 1203.0, -3386.0, -43.0, 0, 0, 255
L 1203.0, -3386.0, -43.0, 1212.0, -3386.0, -43.0, 0, 0, 255
L 1212.0, -3386.0, -43.0, 1235.0, -3379.0, -43.0, 0, 0, 255
L 1235.0, -3379.0, -43.0, 1268.0, -3376.0, -43.0, 0, 0, 255
L 1268.0, -3376.0, -43.0, 1281.0, -3375.0, -43.0, 0, 0, 255
L 1281.0, -3375.0, -43.0, 1321.0, -3367.0, -43.0, 0, 0, 255
L 1321.0, -3367.0, -43.0, 1345.0, -3362.0, -43.0, 0, 0, 255
L 1345.0, -3362.0, -43.0, 1409.0, -3312.0, -43.0, 0, 0, 255
L 1435.0, -3246.0, -43.0, 1477.0, -3206.0, -43.0, 0, 0, 255
L 1477.0, -3206.0, -43.0, 1531.0, -3192.0, -43.0, 0, 0, 255
L 1531.0, -3192.0, -43.0, 1544.0, -3198.0, -43.0, 0, 0, 255
L 1544.0, -3198.0, -43.0, 1569.0, -3178.0, -43.0, 0, 0, 255
L 1569.0, -3178.0, -43.0, 1571.0, -3152.0, -42.0, 0, 0, 255
L 1571.0, -3152.0, -42.0, 1582.0, -3112.0, -43.0, 0, 0, 255
L 1582.0, -3112.0, -43.0, 1581.0, -3075.0, -43.0, 0, 0, 255
L 1581.0, -3075.0, -43.0, 1583.0, -3045.0, -43.0, 0, 0, 255
L 1583.0, -3045.0, -43.0, 1592.0, -2997.0, -43.0, 0, 0, 255
L 1592.0, -2997.0, -43.0, 1593.0, -2978.0, -43.0, 0, 0, 255
L 1593.0, -2978.0, -43.0, 1611.0, -2961.0, -43.0, 0, 0, 255
L 1611.0, -2961.0, -43.0, 1638.0, -2952.0, -43.0, 0, 0, 255
L 1638.0, -2952.0, -43.0, 1677.0, -2942.0, -43.0, 0, 0, 255
L 1677.0, -2942.0, -43.0, 1708.0, -2912.0, -43.0, 0, 0, 255
L 1708.0, -2912.0, -43.0, 1715.0, -2875.0, -43.0, 0, 0, 255
L 1715.0, -2875.0, -43.0, 1681.0, -2846.0, -42.0, 0, 0, 255
L 1681.0, -2846.0, -42.0, 1704.0, -2779.0, -43.0, 0, 0, 255
L 1704.0, -2779.0, -43.0, 1702.0, -2754.0, -43.0, 0, 0, 255
L 1702.0, -2754.0, -43.0, 1700.0, -2712.0, -43.0, 0, 0, 255
L 1700.0, -2712.0, -43.0, 1689.0, -2700.0, -43.0, 0, 0, 255
L 1689.0, -2700.0, -43.0, 1680.0, -2643.0, -43.0, 0, 0, 255
L 1680.0, -2643.0, -43.0, 1700.0, -2578.0, -43.0, 0, 0, 255
L 1700.0, -2578.0, -43.0, 1699.0, -2557.0, -43.0, 0, 0, 255
L 1699.0, -2557.0, -43.0, 1678.0, -2544.0, -42.0, 0, 0, 255
L 1678.0, -2544.0, -42.0, 1661.0, -2528.0, -43.0, 0, 0, 255
L 1661.0, -2528.0, -43.0, 1639.0, -2513.0, -43.0, 0, 0, 255
L 1639.0, -2513.0, -43.0, 1637.0, -2485.0, -43.0, 0, 0, 255
L 1637.0, -2485.0, -43.0, 1640.0, -2443.0, -43.0, 0, 0, 255
L 1640.0, -2443.0, -43.0, 1641.0, -2415.0, -43.0, 0, 0, 255
L 1641.0, -2415.0, -43.0, 1656.0, -2378.0, -43.0, 0, 0, 255
L 1656.0, -2378.0, -43.0, 1657.0, -2333.0, -43.0, 0, 0, 255
L 1657.0, -2333.0, -43.0, 1661.0, -2312.0, -43.0, 0, 0, 255
L 1661.0, -2312.0, -43.0, 1660.0, -2246.0, -43.0, 0, 0, 255
L 1660.0, -2246.0, -43.0, 1661.0, -2179.0, -31.0, 0, 0, 255
L 1661.0, -2179.0, -31.0, 1660.0, -2117.0, -44.0, 0, 0, 255
L 1660.0, -2117.0, -44.0, 1657.0, -2093.0, -43.0, 0, 0, 255
L 1657.0, -2093.0, -43.0, 1653.0, -2071.0, -43.0, 0, 0, 255
L 1653.0, -2071.0, -43.0, 1652.0, -2045.0, -43.0, 0, 0, 255
L 1652.0, -2045.0, -43.0, 1643.0, -2013.0, -43.0, 0, 0, 255
L 1643.0, -2013.0, -43.0, 1642.0, -1978.0, -43.0, 0, 0, 255
L 1642.0, -1978.0, -43.0, 1637.0, -1954.0, -43.0, 0, 0, 255
L 1637.0, -1954.0, -43.0, 1635.0, -1903.0, -44.0, 0, 0, 255
L 1635.0, -1903.0, -44.0, 1630.0, -1865.0, -43.0, 0, 0, 255
L 1630.0, -1865.0, -43.0, 1627.0, -1846.0, -42.0, 0, 0, 255
L 1627.0, -1846.0, -42.0, 1626.0, -1831.0, -43.0, 0, 0, 255
L 1626.0, -1831.0, -43.0, 1610.0, -1824.0, -43.0, 0, 0, 255
L 1610.0, -1824.0, -43.0, 1581.0, -1810.0, -43.0, 0, 0, 255
L 1581.0, -1810.0, -43.0, 1573.0, -1775.0, -43.0, 0, 0, 255
L 1573.0, -1775.0, -43.0, 1569.0, -1765.0, -44.0, 0, 0, 255
L 1569.0, -1765.0, -44.0, 1552.0, -1747.0, -44.0, 0, 0, 255
L 1552.0, -1747.0, -44.0, 1543.0, -1743.0, -43.0, 0, 0, 255
L 1543.0, -1743.0, -43.0, 1522.0, -1736.0, -43.0, 0, 0, 255
L 1522.0, -1736.0, -43.0, 1516.0, -1712.0, -44.0, 0, 0, 255
L 1516.0, -1712.0, -44.0, 1476.0, -1665.0, -44.0, 0, 0, 255
L 1476.0, -1665.0, -44.0, 1462.0, -1661.0, -41.0, 0, 0, 255
L 1462.0, -1661.0, -41.0, 1459.0, -1645.0, -43.0, 0, 0, 255
L 1459.0, -1645.0, -43.0, 1476.0, -1579.0, -43.0, 0, 0, 255
L 1476.0, -1579.0, -43.0, 1481.0, -1569.0, -43.0, 0, 0, 255
L 1481.0, -1569.0, -43.0, 1507.0, -1513.0, -43.0, 0, 0, 255
L 1507.0, -1513.0, -43.0, 1543.0, -1475.0, -43.0, 0, 0, 255
L 1543.0, -1475.0, -43.0, 1581.0, -1445.0, -43.0, 0, 0, 255
L 1581.0, -1445.0, -43.0, 1611.0, -1412.0, -43.0, 0, 0, 255
L 1611.0, -1412.0, -43.0, 1627.0, -1385.0, -44.0, 0, 0, 255
L 1627.0, -1385.0, -44.0, 1640.0, -1364.0, -44.0, 0, 0, 255
L 1640.0, -1364.0, -44.0, 1649.0, -1340.0, -43.0, 0, 0, 255
L 1649.0, -1340.0, -43.0, 1643.0, -1316.0, -43.0, 0, 0, 255
L 1643.0, -1316.0, -43.0, 1609.0, -1198.0, -44.0, 0, 0, 255
L 1609.0, -1198.0, -44.0, 1595.0, -1150.0, -41.0, 0, 0, 255
L 1595.0, -1150.0, -41.0, 1580.0, -1143.0, -43.0, 0, 0, 255
L 1580.0, -1143.0, -43.0, 1577.0, -1112.0, -43.0, 0, 0, 255
L 1577.0, -1112.0, -43.0, 1579.0, -1078.0, -43.0, 0, 0, 255
L 1579.0, -1078.0, -43.0, 1579.0, -1046.0, -42.0, 0, 0, 255
L 1579.0, -1046.0, -42.0, 1610.0, -1008.0, -43.0, 0, 0, 255
L 1610.0, -1008.0, -43.0, 1677.0, -970.0, -43.0, 0, 0, 255
L 1677.0, -970.0, -43.0, 1714.0, -912.0, -43.0, 0, 0, 255
L 1714.0, -912.0, -43.0, 1725.0, -864.0, -43.0, 0, 0, 255
L 1725.0, -864.0, -43.0, 1725.0, -846.0, -43.0, 0, 0, 255
L 1725.0, -846.0, -43.0, 1748.0, -778.0, -43.0, 0, 0, 255
L 1748.0, -778.0, -43.0, 1750.0, -772.0, -43.0, 0, 0, 255
L 1750.0, -772.0, -43.0, 1752.0, -762.0, -43.0, 0, 0, 255
L 1752.0, -762.0, -43.0, 1760.0, -724.0, -43.0, 0, 0, 255
L 1760.0, -724.0, -43.0, 1743.0, -684.0, -43.0, 0, 0, 255
L 1743.0, -684.0, -43.0, 1723.0, -668.0, -43.0, 0, 0, 255
L 1723.0, -668.0, -43.0, 1721.0, -645.0, -43.0, 0, 0, 255
L 1721.0, -645.0, -43.0, 1715.0, -621.0, -43.0, 0, 0, 255
L 1715.0, -621.0, -43.0, 1712.0, -609.0, -43.0, 0, 0, 255
L 1712.0, -609.0, -43.0, 1710.0, -596.0, -44.0, 0, 0, 255
L 1710.0, -596.0, -44.0, 1689.0, -544.0, -43.0, 0, 0, 255
L 1689.0, -544.0, -43.0, 1667.0, -486.0, -44.0, 0, 0, 255
L 1667.0, -486.0, -44.0, 1648.0, -476.0, -43.0, 0, 0, 255
L 1648.0, -476.0, -43.0, 1627.0, -475.0, -43.0, 0, 0, 255
L 1606.0, -474.0, -43.0, 1586.0, -471.0, -43.0, 0, 0, 255
L 1586.0, -471.0, -43.0, 1544.0, -471.0, -43.0, 0, 0, 255
L 1544.0, -471.0, -43.0, 1508.0, -482.0, -43.0, 0, 0, 255
L 1508.0, -482.0, -43.0, 1477.0, -462.0, -43.0, 0, 0, 255
L 1477.0, -462.0, -43.0, 1458.0, -462.0, -43.0, 0, 0, 255
L 1458.0, -462.0, -43.0, 1411.0, -465.0, -43.0, 0, 0, 255
L 1411.0, -465.0, -43.0, 1376.0, -480.0, -43.0, 0, 0, 255
L 1376.0, -480.0, -43.0, 1344.0, -472.0, -43.0, 0, 0, 255
L 1344.0, -472.0, -43.0, 1306.0, -483.0, -43.0, 0, 0, 255
L 1306.0, -483.0, -43.0, 1274.0, -483.0, -43.0, 0, 0, 255
L 1274.0, -483.0, -43.0, 1243.0, -479.0, -43.0, 0, 0, 255
L 1243.0, -479.0, -43.0, 1212.0, -481.0, -43.0, 0, 0, 255
L 1212.0, -481.0, -43.0, 1186.0, -471.0, -43.0, 0, 0, 255
L 1186.0, -471.0, -43.0, 1145.0, -467.0, -43.0, 0, 0, 255
L 1145.0, -467.0, -43.0, 1138.0, -454.0, -43.0, 0, 0, 255
L 1138.0, -454.0, -43.0, 1079.0, -458.0, -43.0, 0, 0, 255
L 1079.0, -458.0, -43.0, 1059.0, -462.0, -43.0, 0, 0, 255
L 1059.0, -462.0, -43.0, 1013.0, -466.0, -43.0, 0, 0, 255
L 1013.0, -466.0, -43.0, 993.0, -461.0, -39.0, 0, 0, 255
L 993.0, -461.0, -39.0, 980.0, -410.0, -42.0, 0, 0, 255
L 980.0, -410.0, -42.0, 983.0, -376.0, -42.0, 0, 0, 255
L 983.0, -376.0, -42.0, 982.0, -341.0, -43.0, 0, 0, 255
L 982.0, -341.0, -43.0, 975.0, -311.0, -43.0, 0, 0, 255
L 975.0, -311.0, -43.0, 972.0, -282.0, -42.0, 0, 0, 255
L 972.0, -282.0, -42.0, 932.0, -257.0, -43.0, 0, 0, 255
L 932.0, -257.0, -43.0, 931.0, -247.0, -42.0, 0, 0, 255
L 931.0, -247.0, -42.0, 911.0, -212.0, -43.0, 0, 0, 255
L 911.0, -212.0, -43.0, 883.0, -216.0, -43.0, 0, 0, 255
L 883.0, -216.0, -43.0, 878.0, -217.0, -43.0, 0, 0, 255
L 878.0, -217.0, -43.0, 844.0, -212.0, -43.0, 0, 0, 255
L 844.0, -212.0, -43.0, 811.0, -202.0, -43.0, 0, 0, 255
L 811.0, -202.0, -43.0, 799.0, -200.0, -43.0, 0, 0, 255
L 799.0, -200.0, -43.0, 790.0, -199.0, -43.0, 0, 0, 255
L 790.0, -199.0, -43.0, 761.0, -181.0, -44.0, 0, 0, 255
L 761.0, -181.0, -44.0, 707.0, -173.0, -43.0, 0, 0, 255
L 707.0, -173.0, -43.0, 647.0, -165.0, -43.0, 0, 0, 255
L 647.0, -165.0, -43.0, 622.0, -163.0, -44.0, 0, 0, 255
L 622.0, -163.0, -44.0, 610.0, -163.0, -44.0, 0, 0, 255
L 610.0, -163.0, -44.0, 574.0, -155.0, -43.0, 0, 0, 255
L 574.0, -155.0, -43.0, 566.0, -139.0, -43.0, 0, 0, 255
L 566.0, -139.0, -43.0, 559.0, -113.0, -43.0, 0, 0, 255
L 559.0, -113.0, -43.0, 573.0, -81.0, -43.0, 0, 0, 255
L 573.0, -81.0, -43.0, 591.0, -44.0, -43.0, 0, 0, 255
L 591.0, -44.0, -43.0, 624.0, 18.0, -43.0, 0, 0, 255
L 624.0, 18.0, -43.0, 626.0, 36.0, -43.0, 0, 0, 255
L 626.0, 36.0, -43.0, 640.0, 87.0, -43.0, 0, 0, 255
L 640.0, 87.0, -43.0, 642.0, 124.0, -43.0, 0, 0, 255
L 642.0, 124.0, -43.0, 644.0, 154.0, -43.0, 0, 0, 255
L 644.0, 154.0, -43.0, 649.0, 195.0, -43.0, 0, 0, 255
L 649.0, 195.0, -43.0, 650.0, 220.0, -43.0, 0, 0, 255
L 650.0, 220.0, -43.0, 668.0, 277.0, -43.0, 0, 0, 255
L 668.0, 277.0, -43.0, 668.0, 287.0, -43.0, 0, 0, 255
L 668.0, 287.0, -43.0, 678.0, 301.0, -43.0, 0, 0, 255
L 678.0, 301.0, -43.0, 702.0, 363.0, -43.0, 0, 0, 255
L 702.0, 363.0, -43.0, 710.0, 388.0, -43.0, 0, 0, 255
L 710.0, 388.0, -43.0, 716.0, 420.0, -43.0, 0, 0, 255
L 716.0, 420.0, -43.0, 745.0, 455.0, -43.0, 0, 0, 255
L 745.0, 455.0, -43.0, 777.0, 487.0, -43.0, 0, 0, 255
L 777.0, 487.0, -43.0, 810.0, 516.0, -43.0, 0, 0, 255
L 810.0, 516.0, -43.0, 878.0, 526.0, -43.0, 0, 0, 255
L 878.0, 526.0, -43.0, 917.0, 555.0, -43.0, 0, 0, 255
L 917.0, 555.0, -43.0, 943.0, 578.0, -43.0, 0, 0, 255
L 943.0, 578.0, -43.0, 971.0, 581.0, -43.0, 0, 0, 255
L 971.0, 581.0, -43.0, 998.0, 588.0, -43.0, 0, 0, 255
L 998.0, 588.0, -43.0, 1050.0, 599.0, -44.0, 0, 0, 255
L 1050.0, 599.0, -44.0, 1104.0, 608.0, -43.0, 0, 0, 255
L 1104.0, 608.0, -43.0, 1146.0, 623.0, -44.0, 0, 0, 255
L 1146.0, 623.0, -44.0, 1193.0, 640.0, -43.0, 0, 0, 255
L 1193.0, 640.0, -43.0, 1211.0, 650.0, -43.0, 0, 0, 255
L 1211.0, 650.0, -43.0, 1228.0, 679.0, -44.0, 0, 0, 255
L 1228.0, 679.0, -44.0, 1240.0, 708.0, -43.0, 0, 0, 255
L 1240.0, 708.0, -43.0, 1241.0, 716.0, -43.0, 0, 0, 255
L 1241.0, 716.0, -43.0, 1210.0, 719.0, -43.0, 0, 0, 255
L 1210.0, 719.0, -43.0, 1188.0, 720.0, -43.0, 0, 0, 255
L 1188.0, 720.0, -43.0, 1178.0, 720.0, -43.0, 0, 0, 255
L 1178.0, 720.0, -43.0, 1144.0, 751.0, -43.0, 0, 0, 255
L 1144.0, 751.0, -43.0, 1140.0, 754.0, -43.0, 0, 0, 255
L 1140.0, 754.0, -43.0, 1109.0, 771.0, -43.0, 0, 0, 255
L 1109.0, 771.0, -43.0, 1092.0, 776.0, -43.0, 0, 0, 255
L 1092.0, 776.0, -43.0, 1079.0, 776.0, -43.0, 0, 0, 255
L 1079.0, 776.0, -43.0, 1066.0, 773.0, -43.0, 0, 0, 255
L 1066.0, 773.0, -43.0, 1002.0, 754.0, -43.0, 0, 0, 255
L 1002.0, 754.0, -43.0, 958.0, 741.0, -43.0, 0, 0, 255
L 958.0, 741.0, -43.0, 944.0, 730.0, -43.0, 0, 0, 255
L 944.0, 730.0, -43.0, 917.0, 726.0, -43.0, 0, 0, 255
L 917.0, 726.0, -43.0, 878.0, 714.0, -43.0, 0, 0, 255
L 878.0, 714.0, -43.0, 863.0, 701.0, -43.0, 0, 0, 255
L 863.0, 701.0, -43.0, 821.0, 662.0, -43.0, 0, 0, 255
L 821.0, 662.0, -43.0, 809.0, 651.0, -44.0, 0, 0, 255
L 809.0, 651.0, -44.0, 791.0, 633.0, -44.0, 0, 0, 255
L 791.0, 633.0, -44.0, 780.0, 622.0, -43.0, 0, 0, 255
L 780.0, 622.0, -43.0, 751.0, 593.0, -43.0, 0, 0, 255
L 751.0, 593.0, -43.0, 745.0, 587.0, -43.0, 0, 0, 255
L 745.0, 587.0, -43.0, 706.0, 580.0, -43.0, 0, 0, 255
L 706.0, 580.0, -43.0, 676.0, 573.0, -43.0, 0, 0, 255
L 676.0, 573.0, -43.0, 620.0, 561.0, -44.0, 0, 0, 255
L 620.0, 561.0, -44.0, 568.0, 550.0, -44.0, 0, 0, 255
L 568.0, 550.0, -44.0, 545.0, 539.0, -43.0, 0, 0, 255
L 545.0, 539.0, -43.0, 530.0, 530.0, -44.0, 0, 0, 255
L 530.0, 530.0, -44.0, 449.0, 455.0, -44.0, 0, 0, 255
L 449.0, 455.0, -44.0, 444.0, 421.0, -44.0, 0, 0, 255
L 444.0, 421.0, -44.0, 439.0, 386.0, -44.0, 0, 0, 255
L 439.0, 386.0, -44.0, 438.0, 353.0, -44.0, 0, 0, 255
L 438.0, 353.0, -44.0, 410.0, 322.0, -44.0, 0, 0, 255
L 410.0, 322.0, -44.0, 383.0, 286.0, -44.0, 0, 0, 255
L 383.0, 286.0, -44.0, 363.0, 239.0, -44.0, 0, 0, 255
L 363.0, 239.0, -44.0, 358.0, 218.0, -42.0, 0, 0, 255
L 358.0, 218.0, -42.0, 344.0, 203.0, -44.0, 0, 0, 255
L 344.0, 203.0, -44.0, 315.0, 151.0, -44.0, 0, 0, 255
L 315.0, 151.0, -44.0, 299.0, 108.0, -43.0, 0, 0, 255
L 299.0, 108.0, -43.0, 296.0, 90.0, -42.0, 0, 0, 255
L 296.0, 90.0, -42.0, 295.0, 85.0, -43.0, 0, 0, 255
L 295.0, 85.0, -43.0, 277.0, 68.0, -44.0, 0, 0, 255
L 277.0, 68.0, -44.0, 261.0, 69.0, -42.0, 0, 0, 255
L 261.0, 69.0, -42.0, 207.0, 74.0, -43.0, 0, 0, 255
L 207.0, 74.0, -43.0, 197.0, 73.0, -42.0, 0, 0, 255
L 197.0, 73.0, -42.0, 194.0, 88.0, -43.0, 0, 0, 255
L 194.0, 88.0, -43.0, 167.0, 111.0, -45.0, 0, 0, 255
L 167.0, 111.0, -45.0, 135.0, 130.0, -42.0, 0, 0, 255
L 135.0, 130.0, -42.0, 123.0, 133.0, -42.0, 0, 0, 255
L 123.0, 133.0, -42.0, 116.0, 153.0, -44.0, 0, 0, 255
L 116.0, 153.0, -44.0, 34.0, 234.0, -44.0, 0, 0, 255
L 34.0, 234.0, -44.0, -58.0, 326.0, -42.0, 0, 0, 255
L -58.0, 326.0, -42.0, -105.0, 307.0, -42.0, 0, 0, 255
L -105.0, 307.0, -42.0, -128.0, 309.0, -43.0, 0, 0, 255
L -128.0, 309.0, -43.0, -190.0, 291.0, -43.0, 0, 0, 255
L -190.0, 291.0, -43.0, -195.0, 305.0, -43.0, 0, 0, 255
L -195.0, 305.0, -43.0, -260.0, 297.0, -43.0, 0, 0, 255
L -260.0, 297.0, -43.0, -300.0, 316.0, -43.0, 0, 0, 255
L -300.0, 316.0, -43.0, -329.0, 316.0, -43.0, 0, 0, 255
L -329.0, 316.0, -43.0, -380.0, 306.0, -43.0, 0, 0, 255
L -380.0, 306.0, -43.0, -398.0, 298.0, -43.0, 0, 0, 255
L -398.0, 298.0, -43.0, -435.0, 309.0, -43.0, 0, 0, 255
L -435.0, 309.0, -43.0, -461.0, 298.0, -43.0, 0, 0, 255
L -461.0, 298.0, -43.0, -487.0, 287.0, -43.0, 0, 0, 255
L -487.0, 287.0, -43.0, -587.0, 257.0, -43.0, 0, 0, 255
L -587.0, 257.0, -43.0, -655.0, 191.0, -43.0, 0, 0, 255
L -655.0, 191.0, -43.0, -686.0, 153.0, -43.0, 0, 0, 255
L -686.0, 153.0, -43.0, -707.0, 109.0, -43.0, 0, 0, 255
L -707.0, 109.0, -43.0, -716.0, 87.0, -42.0, 0, 0, 255
L -716.0, 87.0, -42.0, -723.0, 77.0, -43.0, 0, 0, 255
L -723.0, 77.0, -43.0, -755.0, 21.0, -43.0, 0, 0, 255
L -755.0, 21.0, -43.0, -787.0, -4.0, -44.0, 0, 0, 255
L -787.0, -4.0, -44.0, -815.0, -4.0, -43.0, 0, 0, 255
L -815.0, -4.0, -43.0, -856.0, -5.0, -41.0, 0, 0, 255
L -856.0, -5.0, -41.0, -878.0, -3.0, -43.0, 0, 0, 255
L -878.0, -3.0, -43.0, -885.0, 20.0, -43.0, 0, 0, 255
L -885.0, 20.0, -43.0, -898.0, 42.0, -43.0, 0, 0, 255
L -898.0, 42.0, -43.0, -927.0, 50.0, -44.0, 0, 0, 255
L -927.0, 50.0, -44.0, -953.0, 55.0, -44.0, 0, 0, 255
L -953.0, 55.0, -44.0, -990.0, 68.0, -43.0, 0, 0, 255
L -990.0, 68.0, -43.0, -1006.0, 69.0, -42.0, 0, 0, 255
L -1006.0, 69.0, -42.0, -1023.0, 93.0, -41.0, 0, 0, 255
L -1023.0, 93.0, -41.0, -1035.0, 105.0, -44.0, 0, 0, 255
L -1035.0, 105.0, -44.0, -1056.0, 107.0, -44.0, 0, 0, 255
L -1056.0, 107.0, -44.0, -1094.0, 122.0, -45.0, 0, 0, 255
L -1094.0, 122.0, -45.0, -1123.0, 138.0, -43.0, 0, 0, 255
L -1123.0, 138.0, -43.0, -1134.0, 139.0, -40.0, 0, 0, 255
L -1134.0, 139.0, -40.0, -1141.0, 155.0, -42.0, 0, 0, 255
L -1141.0, 155.0, -42.0, -1152.0, 170.0, -44.0, 0, 0, 255
L -1152.0, 170.0, -44.0, -1159.0, 179.0, -43.0, 0, 0, 255
L -1159.0, 179.0, -43.0, -1191.0, 192.0, -43.0, 0, 0, 255
L -1191.0, 192.0, -43.0, -1211.0, 196.0, -43.0, 0, 0, 255
L -1211.0, 196.0, -43.0, -1221.0, 222.0, -44.0, 0, 0, 255
L -1221.0, 222.0, -44.0, -1232.0, 240.0, -44.0, 0, 0, 255
L -1232.0, 240.0, -44.0, -1271.0, 253.0, -44.0, 0, 0, 255
L -1271.0, 253.0, -44.0, -1286.0, 257.0, -43.0, 0, 0, 255
L -1286.0, 257.0, -43.0, -1300.0, 308.0, -44.0, 0, 0, 255
L -1300.0, 308.0, -44.0, -1335.0, 319.0, -44.0, 0, 0, 255
L -1335.0, 319.0, -44.0, -1352.0, 323.0, -44.0, 0, 0, 255
L -1352.0, 323.0, -44.0, -1362.0, 354.0, -43.0, 0, 0, 255
L -1362.0, 354.0, -43.0, -1368.0, 375.0, -43.0, 0, 0, 255
L -1368.0, 375.0, -43.0, -1390.0, 395.0, -43.0, 0, 0, 255
L -1390.0, 395.0, -43.0, -1405.0, 406.0, -41.0, 0, 0, 255
L -1405.0, 406.0, -41.0, -1412.0, 428.0, -45.0, 0, 0, 255
L -1412.0, 428.0, -45.0, -1455.0, 489.0, -43.0, 0, 0, 255
L -1455.0, 489.0, -43.0, -1489.0, 521.0, -43.0, 0, 0, 255
L -1489.0, 521.0, -43.0, -1576.0, 607.0, -43.0, 0, 0, 255
L -1576.0, 607.0, -43.0, -1594.0, 615.0, -42.0, 0, 0, 255
L -1594.0, 615.0, -42.0, -1600.0, 623.0, -45.0, 0, 0, 255
L -1600.0, 623.0, -45.0, -1680.0, 656.0, -44.0, 0, 0, 255
L -1680.0, 656.0, -44.0, -1726.0, 669.0, -45.0, 0, 0, 255
L -1726.0, 669.0, -45.0, -1738.0, 671.0, -41.0, 0, 0, 255
L -1738.0, 671.0, -41.0, -1792.0, 698.0, -44.0, 0, 0, 255
L -1792.0, 698.0, -44.0, -1858.0, 712.0, -44.0, 0, 0, 255
L -1858.0, 712.0, -44.0, -1939.0, 713.0, -44.0, 0, 0, 255
L -1939.0, 713.0, -44.0, -1977.0, 712.0, -44.0, 0, 0, 255
L -1977.0, 712.0, -44.0, -2038.0, 715.0, -44.0, 0, 0, 255
L -2038.0, 715.0, -44.0, -2145.0, 720.0, -44.0, 0, 0, 255
L -2145.0, 720.0, -44.0, -2231.0, 722.0, -44.0, 0, 0, 255
L -2231.0, 722.0, -44.0, -2313.0, 722.0, -44.0, 0, 0, 255
L -2313.0, 722.0, -44.0, -2381.0, 722.0, -44.0, 0, 0, 255
L -2381.0, 722.0, -44.0, -2443.0, 717.0, -44.0, 0, 0, 255
L -2443.0, 717.0, -44.0, -2544.0, 692.0, -43.0, 0, 0, 255
L -2544.0, 692.0, -43.0, -2585.0, 681.0, -42.0, 0, 0, 255
L -2585.0, 681.0, -42.0, -2637.0, 667.0, -44.0, 0, 0, 255
L -2637.0, 667.0, -44.0, -2658.0, 662.0, -44.0, 0, 0, 255
L -2658.0, 662.0, -44.0, -2681.0, 663.0, -44.0, 0, 0, 255
L -2681.0, 663.0, -44.0, -2701.0, 707.0, -43.0, 0, 0, 255
L -2701.0, 707.0, -43.0, -2723.0, 709.0, -44.0, 0, 0, 255
L -2723.0, 709.0, -44.0, -2749.0, 718.0, -44.0, 0, 0, 255
L -2749.0, 718.0, -44.0, -2756.0, 746.0, -44.0, 0, 0, 255
L -2756.0, 746.0, -44.0, -2721.0, 800.0, -43.0, 0, 0, 255
L -2721.0, 800.0, -43.0, -2698.0, 821.0, -43.0, 0, 0, 255
L -2698.0, 821.0, -43.0, -2653.0, 853.0, -44.0, 0, 0, 255
L -2653.0, 853.0, -44.0, -2590.0, 860.0, -44.0, 0, 0, 255
L -2590.0, 860.0, -44.0, -2542.0, 872.0, -43.0, 0, 0, 255
L -2542.0, 872.0, -43.0, -2467.0, 896.0, -39.0, 0, 0, 255
L -2426.0, 953.0, -17.0, -2425.0, 954.0, -43.0, 0, 0, 255
L -2431.0, 954.0, -43.0, -2454.0, 961.0, -42.0, 0, 0, 255
L -2454.0, 961.0, -42.0, -2489.0, 985.0, -43.0, 0, 0, 255
L -2489.0, 985.0, -43.0, -2530.0, 984.0, -44.0, 0, 0, 255
L -2530.0, 984.0, -44.0, -2580.0, 986.0, -45.0, 0, 0, 255
L -2580.0, 986.0, -45.0, -2685.0, 982.0, -44.0, 0, 0, 255
L -2685.0, 982.0, -44.0, -2724.0, 966.0, -44.0, 0, 0, 255
L -2724.0, 966.0, -44.0, -2768.0, 945.0, -44.0, 0, 0, 255
L -2768.0, 945.0, -44.0, -2781.0, 934.0, -44.0, 0, 0, 255
L -2781.0, 934.0, -44.0, -2855.0, 894.0, -43.0, 0, 0, 255
L -2855.0, 894.0, -43.0, -2862.0, 886.0, -44.0, 0, 0, 255
L -2862.0, 886.0, -44.0, -2864.0, 876.0, -44.0, 0, 0, 255
L -2864.0, 876.0, -44.0, -2877.0, 833.0, -44.0, 0, 0, 255
L -2877.0, 833.0, -44.0, -2886.0, 772.0, -44.0, 0, 0, 255
L -2886.0, 772.0, -44.0, -2886.0, 729.0, -44.0, 0, 0, 255
L -2886.0, 729.0, -44.0, -2828.0, 592.0, -44.0, 0, 0, 255
L -2828.0, 592.0, -44.0, -2822.0, 588.0, -44.0, 0, 0, 255
L -2822.0, 588.0, -44.0, -2801.0, 552.0, -44.0, 0, 0, 255
L -2801.0, 552.0, -44.0, -2805.0, 535.0, -43.0, 0, 0, 255
L -2805.0, 535.0, -43.0, -2824.0, 482.0, -44.0, 0, 0, 255
L -2824.0, 482.0, -44.0, -2836.0, 453.0, -44.0, 0, 0, 255
L -2836.0, 453.0, -44.0, -2847.0, 425.0, -41.0, 0, 0, 255
L -2847.0, 425.0, -41.0, -2876.0, 394.0, -44.0, 0, 0, 255
L -2876.0, 394.0, -44.0, -2924.0, 335.0, -45.0, 0, 0, 255
L -2924.0, 335.0, -45.0, -2958.0, 286.0, -44.0, 0, 0, 255
L -2958.0, 286.0, -44.0, -2862.0, 234.0, -43.0, 0, 0, 255
L -2862.0, 234.0, -43.0, -2837.0, 237.0, -41.0, 0, 0, 255
L -2837.0, 237.0, -41.0, -2800.0, 238.0, -43.0, 0, 0, 255
L -2800.0, 238.0, -43.0, -2787.0, 238.0, -43.0, 0, 0, 255
L -2787.0, 238.0, -43.0, -2777.0, 229.0, -40.0, 0, 0, 255
L -2777.0, 229.0, -40.0, -2722.0, 227.0, -42.0, 0, 0, 255
L -2722.0, 227.0, -42.0, -2716.0, 218.0, -41.0, 0, 0, 255
L -2716.0, 218.0, -41.0, -2752.0, 181.0, -43.0, 0, 0, 255
L -2752.0, 181.0, -43.0, -2780.0, 153.0, -43.0, 0, 0, 255
L -2780.0, 153.0, -43.0, -2788.0, 102.0, -43.0, 0, 0, 255
L -2788.0, 102.0, -43.0, -2799.0, 87.0, -43.0, 0, 0, 255
L -2799.0, 87.0, -43.0, -2799.0, 76.0, -43.0, 0, 0, 255
L -2799.0, 76.0, -43.0, -2785.0, 24.0, -43.0, 0, 0, 255
L -2785.0, 24.0, -43.0, -2785.0, 20.0, -43.0, 0, 0, 0
L -2785.0, 20.0, -43.0, -2788.0, 15.0, -43.0, 0, 0, 255
L -2788.0, 15.0, -43.0, -2801.0, -46.0, -42.0, 0, 0, 255
L -2802.0, -45.0, -42.0, -2793.0, -50.0, -44.0, 0, 0, 255
L -2793.0, -50.0, -44.0, -2788.0, -82.0, -43.0, 0, 0, 255
L -2788.0, -82.0, -43.0, -2757.0, -44.0, -43.0, 0, 0, 255
L -2757.0, -44.0, -43.0, -2721.0, -12.0, -43.0, 0, 0, 255
L -2721.0, -12.0, -43.0, -2699.0, 21.0, -43.0, 0, 0, 255
L -2699.0, 21.0, -43.0, -2710.0, 33.0, -43.0, 0, 0, 255
L -2710.0, 33.0, -43.0, -2709.0, 58.0, -44.0, 0, 0, 255
L -2709.0, 58.0, -44.0, -2709.0, 88.0, -43.0, 0, 0, 255
L -2709.0, 88.0, -43.0, -2683.0, 100.0, -44.0, 0, 0, 255
L -2683.0, 100.0, -44.0, -2653.0, 116.0, -44.0, 0, 0, 255
L -2653.0, 116.0, -44.0, -2592.0, 156.0, -43.0, 0, 0, 255
L -2592.0, 156.0, -43.0, -2524.0, 157.0, -43.0, 0, 0, 255
L -2524.0, 157.0, -43.0, -2488.0, 171.0, -45.0, 0, 0, 255
L -2488.0, 171.0, -45.0, -2453.0, 192.0, -44.0, 0, 0, 255
L -2453.0, 192.0, -44.0, -2419.0, 222.0, -44.0, 0, 0, 255
L -2419.0, 222.0, -44.0, -2388.0, 257.0, -44.0, 0, 0, 255
L -2388.0, 257.0, -44.0, -2352.0, 287.0, -43.0, 0, 0, 255
L -2352.0, 287.0, -43.0, -2322.0, 307.0, -43.0, 0, 0, 255
L -2322.0, 307.0, -43.0, -2300.0, 308.0, -43.0, 0, 0, 255
L -2300.0, 308.0, -43.0, -2257.0, 319.0, -44.0, 0, 0, 255
L -2257.0, 319.0, -44.0, -2177.0, 327.0, -44.0, 0, 0, 255
L -2177.0, 327.0, -44.0, -2136.0, 334.0, -44.0, 0, 0, 255
L -2136.0, 334.0, -44.0, -2074.0, 328.0, -44.0, 0, 0, 255
L -2074.0, 328.0, -44.0, -2056.0, 328.0, -44.0, 0, 0, 255
L -2056.0, 328.0, -44.0, -1984.0, 320.0, -44.0, 0, 0, 255
L -1984.0, 320.0, -44.0, -1956.0, 320.0, -44.0, 0, 0, 255
L -1956.0, 320.0, -44.0, -1922.0, 305.0, -44.0, 0, 0, 255
L -1922.0, 305.0, -44.0, -1902.0, 305.0, -42.0, 0, 0, 255
L -1902.0, 305.0, -42.0, -1897.0, 283.0, -44.0, 0, 0, 255
L -1897.0, 283.0, -44.0, -1854.0, 242.0, -44.0, 0, 0, 255
L -1854.0, 242.0, -44.0, -1835.0, 239.0, -42.0, 0, 0, 255
L -1835.0, 239.0, -42.0, -1828.0, 218.0, -43.0, 0, 0, 255
L -1828.0, 218.0, -43.0, -1813.0, 193.0, -43.0, 0, 0, 255
L -1813.0, 193.0, -43.0, -1787.0, 177.0, -43.0, 0, 0, 255
L -1787.0, 177.0, -43.0, -1770.0, 172.0, -43.0, 0, 0, 255
L -1770.0, 172.0, -43.0, -1768.0, 153.0, -43.0, 0, 0, 255
L -1768.0, 153.0, -43.0, -1752.0, 120.0, -44.0, 0, 0, 255
L -1752.0, 120.0, -44.0, -1726.0, 83.0, -43.0, 0, 0, 255
L -1726.0, 83.0, -43.0, -1719.0, 79.0, -45.0, 0, 0, 255
L -1719.0, 79.0, -45.0, -1692.0, 47.0, -43.0, 0, 0, 255
L -1692.0, 47.0, -43.0, -1690.0, 18.0, -45.0, 0, 0, 255
L -1690.0, 18.0, -45.0, -1704.0, -27.0, -44.0, 0, 0, 255
L -1704.0, -27.0, -44.0, -1702.0, -46.0, -43.0, 0, 0, 255
L -1702.0, -46.0, -43.0, -1723.0, -62.0, -44.0, 0, 0, 255
L -1723.0, -62.0, -44.0, -1745.0, -69.0, -43.0, 0, 0, 255
L -1745.0, -69.0, -43.0, -1791.0, -91.0, -44.0, 0, 0, 255
L -1791.0, -91.0, -44.0, -1834.0, -116.0, -44.0, 0, 0, 255
L -1834.0, -116.0, -44.0, -1854.0, -131.0, -44.0, 0, 0, 255
L -1854.0, -131.0, -44.0, -1925.0, -177.0, -42.0, 0, 0, 255
L -1925.0, -177.0, -43.0, -1963.0, -247.0, -43.0, 0, 0, 255
L -1963.0, -247.0, -43.0, -1988.0, -299.0, -42.0, 0, 0, 255
L -1988.0, -299.0, -42.0, -1998.0, -312.0, -43.0, 0, 0, 255
L -1998.0, -312.0, -43.0, -2004.0, -328.0, -43.0, 0, 0, 255
L -2004.0, -328.0, -43.0, -2034.0, -379.0, -43.0, 0, 0, 255
L -2034.0, -379.0, -43.0, -2084.0, -447.0, -42.0, 0, 0, 255
L -2084.0, -447.0, -42.0, -2086.0, -481.0, -42.0, 0, 0, 255
L -2086.0, -481.0, -42.0, -2103.0, -562.0, -43.0, 0, 0, 255
L -2103.0, -562.0, -43.0, -2104.0, -645.0, -43.0, 0, 0, 255
L -2104.0, -645.0, -43.0, -2119.0, -691.0, -39.0, 0, 0, 255
L -2137.0, -705.0, -39.0, -2187.0, -765.0, -43.0, 0, 0, 255
L -2187.0, -765.0, -43.0, -2253.0, -801.0, -43.0, 0, 0, 255
L -2253.0, -801.0, -43.0, -2271.0, -845.0, -43.0, 0, 0, 255
L -2271.0, -845.0, -43.0, -2321.0, -861.0, -42.0, 0, 0, 255
L -2321.0, -861.0, -42.0, -2339.0, -862.0, -43.0, 0, 0, 255
L -2339.0, -862.0, -43.0, -2388.0, -870.0, -42.0, 0, 0, 255
L -2388.0, -870.0, -42.0, -2455.0, -870.0, -44.0, 0, 0, 255
L -2455.0, -870.0, -44.0, -2509.0, -903.0, -42.0, 0, 0, 255
L -2509.0, -903.0, -42.0, -2544.0, -993.0, -43.0, 0, 0, 255
L -2544.0, -993.0, -43.0, -2552.0, -1045.0, -43.0, 0, 0, 255
L -2552.0, -1045.0, -43.0, -2568.0, -1093.0, -44.0, 0, 0, 255
L -2568.0, -1093.0, -44.0, -2576.0, -1121.0, -44.0, 0, 0, 255
L -2576.0, -1121.0, -44.0, -2592.0, -1151.0, -44.0, 0, 0, 255
L -2592.0, -1151.0, -44.0, -2606.0, -1179.0, -44.0, 0, 0, 255
L -2606.0, -1179.0, -44.0, -2606.0, -1200.0, -43.0, 0, 0, 255
L -2606.0, -1200.0, -43.0, -2611.0, -1249.0, -44.0, 0, 0, 255
L -2611.0, -1249.0, -44.0, -2607.0, -1265.0, -44.0, 0, 0, 255
L -2607.0, -1265.0, -44.0, -2601.0, -1313.0, -44.0, 0, 0, 255
L -2601.0, -1313.0, -44.0, -2600.0, -1337.0, -44.0, 0, 0, 255
L -2600.0, -1337.0, -44.0, -2593.0, -1374.0, -43.0, 0, 0, 255
L -2593.0, -1374.0, -43.0, -2577.0, -1415.0, -44.0, 0, 0, 255
L -2577.0, -1415.0, -44.0, -2567.0, -1449.0, -44.0, 0, 0, 255
L -2567.0, -1449.0, -44.0, -2544.0, -1471.0, -44.0, 0, 0, 255
L -2544.0, -1471.0, -44.0, -2528.0, -1515.0, -44.0, 0, 0, 255
L -2528.0, -1515.0, -44.0, -2517.0, -1527.0, -44.0, 0, 0, 255
L -2517.0, -1527.0, -44.0, -2489.0, -1547.0, -42.0, 0, 0, 255
L -2489.0, -1547.0, -42.0, -2478.0, -1647.0, -44.0, 0, 0, 255
L -2478.0, -1647.0, -44.0, -2476.0, -1667.0, -44.0, 0, 0, 255
L -2476.0, -1667.0, -44.0, -2452.0, -1690.0, -44.0, 0, 0, 255
L -2452.0, -1690.0, -44.0, -2438.0, -1697.0, -42.0, 0, 0, 255
L -2438.0, -1697.0, -42.0, -2436.0, -1713.0, -43.0, 0, 0, 255
L -2436.0, -1713.0, -43.0, -2420.0, -1744.0, -43.0, 0, 0, 255
L -2420.0, -1744.0, -43.0, -2412.0, -1779.0, -44.0, 0, 0, 255
L -2412.0, -1779.0, -44.0, -2410.0, -1803.0, -42.0, 0, 0, 255
L -2410.0, -1803.0, -42.0, -2399.0, -1824.0, -44.0, 0, 0, 255
L -2399.0, -1824.0, -44.0, -2384.0, -1854.0, -46.0, 0, 0, 255
L -2384.0, -1854.0, -46.0, -2366.0, -1893.0, -44.0, 0, 0, 255
L -2366.0, -1893.0, -44.0, -2367.0, -1907.0, -43.0, 0, 0, 255
L -2367.0, -1907.0, -43.0, -2365.0, -1935.0, -43.0, 0, 0, 255
L -2365.0, -1935.0, -43.0, -2363.0, -1954.0, -43.0, 0, 0, 255
L -2363.0, -1954.0, -43.0, -2363.0, -1986.0, -43.0, 0, 0, 255
L -2363.0, -1986.0, -43.0, -2361.0, -2030.0, -43.0, 0, 0, 255
L -2361.0, -2030.0, -43.0, -2358.0, -2148.0, -43.0, 0, 0, 255
L -2358.0, -2148.0, -43.0, -2331.0, -2179.0, -43.0, 0, 0, 255
L -2331.0, -2179.0, -43.0, -2330.0, -2188.0, -43.0, 0, 0, 255
L -2330.0, -2188.0, -43.0, -2320.0, -2198.0, -43.0, 0, 0, 255
L -2320.0, -2198.0, -43.0, -2304.0, -2230.0, -44.0, 0, 0, 255
L -2304.0, -2230.0, -44.0, -2310.0, -2302.0, -42.0, 0, 0, 255
L -2310.0, -2302.0, -42.0, -2251.0, -2310.0, -42.0, 0, 0, 255
L -2251.0, -2310.0, -42.0, -2245.0, -2311.0, -44.0, 0, 0, 255
L -2245.0, -2311.0, -44.0, -2245.0, -2371.0, -43.0, 0, 0, 255
L -2245.0, -2371.0, -43.0, -2245.0, -2378.0, -43.0, 0, 0, 255
L -2245.0, -2378.0, -43.0, -2257.0, -2412.0, -43.0, 0, 0, 255
L -2257.0, -2412.0, -43.0, -2267.0, -2447.0, -43.0, 0, 0, 255
L -2267.0, -2447.0, -43.0, -2275.0, -2511.0, -43.0, 0, 0, 255
L -2275.0, -2511.0, -43.0, -2266.0, -2522.0, -43.0, 0, 0, 255
L -2266.0, -2522.0, -43.0, -2321.0, -2644.0, -43.0, 0, 0, 255
L -2321.0, -2644.0, -43.0, -2339.0, -2713.0, -43.0, 0, 0, 255
L -2339.0, -2713.0, -43.0, -2340.0, -2731.0, -43.0, 0, 0, 255
L -2340.0, -2731.0, -43.0, -2347.0, -2780.0, -43.0, 0, 0, 255
L -2347.0, -2780.0, -43.0, -2346.0, -2804.0, -43.0, 0, 0, 255
L -2346.0, -2804.0, -43.0, -2362.0, -2845.0, -43.0, 0, 0, 255
L -2362.0, -2845.0, -43.0, -2357.0, -2873.0, -43.0, 0, 0, 255
L -2356.0, -2873.0, -43.0, -2355.0, -2915.0, -43.0, 0, 0, 255
L -2355.0, -2915.0, -43.0, -2350.0, -2935.0, -42.0, 0, 0, 255
L -2350.0, -2935.0, -42.0, -2340.0, -2999.0, -43.0, 0, 0, 255
L -2340.0, -2999.0, -43.0, -2321.0, -3036.0, -43.0, 0, 0, 255
L -2321.0, -3036.0, -43.0, -2317.0, -3040.0, -43.0, 0, 0, 255
L -2317.0, -3040.0, -43.0, -2315.0, -3046.0, -43.0, 0, 0, 255
L -2315.0, -3046.0, -43.0, -2296.0, -3075.0, -44.0, 0, 0, 255
L -2296.0, -3075.0, -44.0, -2290.0, -3084.0, -44.0, 0, 0, 255
L -2290.0, -3084.0, -44.0, -2289.0, -3117.0, -44.0, 0, 0, 255
L -2289.0, -3117.0, -44.0, -2286.0, -3143.0, -44.0, 0, 0, 255
L -2286.0, -3143.0, -44.0, -2283.0, -3204.0, -44.0, 0, 0, 255
L -2283.0, -3204.0, -44.0, -2283.0, -3245.0, -44.0, 0, 0, 255
L -2283.0, -3245.0, -44.0, -2322.0, -3281.0, -43.0, 0, 0, 255
L -2322.0, -3281.0, -43.0, -2379.0, -3280.0, -43.0, 0, 0, 255
L -2379.0, -3280.0, -43.0, -2423.0, -3280.0, -44.0, 0, 0, 255
L -2423.0, -3280.0, -44.0, -2489.0, -3279.0, -44.0, 0, 0, 255
L -2489.0, -3279.0, -44.0, -2525.0, -3271.0, -43.0, 0, 0, 255
L -2525.0, -3271.0, -43.0, -2540.0, -3266.0, -43.0, 0, 0, 255
L -2540.0, -3266.0, -43.0, -2553.0, -3247.0, -44.0, 0, 0, 255
L -2553.0, -3247.0, -44.0, -2606.0, -3218.0, -44.0, 0, 0, 255
L -2606.0, -3218.0, -44.0, -2720.0, -3261.0, -44.0, 0, 0, 255
L -2720.0, -3261.0, -44.0, -2739.0, -3277.0, -44.0, 0, 0, 255
L -2739.0, -3277.0, -44.0, -2826.0, -3363.0, -44.0, 0, 0, 255
L -2826.0, -3363.0, -44.0, -2845.0, -3406.0, -44.0, 0, 0, 255
L -2845.0, -3406.0, -44.0, -2879.0, -3484.0, -44.0, 0, 0, 255
L -2879.0, -3484.0, -44.0, -2885.0, -3512.0, -44.0, 0, 0, 255
L -2885.0, -3512.0, -44.0, -2887.0, -3608.0, -44.0, 0, 0, 255
L -2887.0, -3608.0, -44.0, -2887.0, -3647.0, -44.0, 0, 0, 255
L -2887.0, -3647.0, -44.0, -2883.0, -3715.0, -44.0, 0, 0, 255
L -2883.0, -3715.0, -44.0, -2881.0, -3739.0, -44.0, 0, 0, 255
L -2881.0, -3739.0, -44.0, -2867.0, -3781.0, -44.0, 0, 0, 255
L -2867.0, -3781.0, -44.0, -2864.0, -3784.0, -44.0, 0, 0, 255
L -2864.0, -3784.0, -44.0, -2853.0, -3793.0, -44.0, 0, 0, 255
L -2853.0, -3793.0, -44.0, -2817.0, -3809.0, -44.0, 0, 0, 255
L -2817.0, -3809.0, -44.0, -2790.0, -3847.0, -44.0, 0, 0, 255
L -2790.0, -3847.0, -44.0, -2772.0, -3861.0, -44.0, 0, 0, 255
L -2772.0, -3861.0, -44.0, -2750.0, -3875.0, -44.0, 0, 0, 255
L -2750.0, -3875.0, -44.0, -2735.0, -3892.0, -44.0, 0, 0, 255
L -2735.0, -3892.0, -44.0, -2679.0, -3939.0, -45.0, 0, 0, 255
L -2679.0, -3939.0, -45.0, -2657.0, -3941.0, -44.0, 0, 0, 255
L -2657.0, -3941.0, -44.0, -2611.0, -3944.0, -44.0, 0, 0, 255
L -2611.0, -3944.0, -44.0, -2590.0, -3947.0, -44.0, 0, 0, 255
L -2590.0, -3947.0, -44.0, -2557.0, -3950.0, -44.0, 0, 0, 255
L -2557.0, -3950.0, -44.0, -2522.0, -3944.0, -44.0, 0, 0, 255
L -2522.0, -3944.0, -44.0, -2450.0, -3944.0, -44.0, 0, 0, 255
L -2450.0, -3944.0, -44.0, -2355.0, -3941.0, -44.0, 0, 0, 255
L -2355.0, -3941.0, -44.0, -2274.0, -3908.0, -43.0, 0, 0, 255
L -2274.0, -3908.0, -43.0, -2255.0, -3886.0, -44.0, 0, 0, 255
L -2255.0, -3886.0, -44.0, -2189.0, -3847.0, -42.0, 0, 0, 255
L -2189.0, -3847.0, -42.0, -2180.0, -3845.0, -43.0, 0, 0, 255
L -2180.0, -3845.0, -43.0, -2180.0, -3836.0, -43.0, 0, 0, 255
L -2180.0, -3836.0, -43.0, -2169.0, -3777.0, -43.0, 0, 0, 255
L -2169.0, -3777.0, -43.0, -2170.0, -3759.0, -43.0, 0, 0, 255
L -2170.0, -3759.0, -43.0, -2184.0, -3711.0, -41.0, 0, 0, 255
L -2184.0, -3711.0, -41.0, -2188.0, -3710.0, -41.0, 0, 0, 255
L -2188.0, -3710.0, -41.0, -2206.0, -3662.0, -43.0, 0, 0, 255
L -2206.0, -3662.0, -43.0, -2199.0, -3623.0, -43.0, 0, 0, 255
L -2199.0, -3623.0, -43.0, -2192.0, -3579.0, -42.0, 0, 0, 255
L -2192.0, -3579.0, -42.0, -2189.0, -3574.0, -42.0, 0, 0, 255
L -2189.0, -3574.0, -42.0, -2179.0, -3569.0, -44.0, 0, 0, 255
L -2179.0, -3569.0, -44.0, -2120.0, -3532.0, -44.0, 0, 0, 255
L -2120.0, -3532.0, -44.0, -2071.0, -3529.0, -44.0, 0, 0, 255
L -2071.0, -3529.0, -44.0, -2055.0, -3529.0, -44.0, 0, 0, 255
L -2055.0, -3529.0, -44.0, -2009.0, -3509.0, -43.0, 0, 0, 255
L -2009.0, -3509.0, -43.0, -1987.0, -3498.0, -42.0, 0, 0, 255
L -1987.0, -3498.0, -42.0, -1976.0, -3498.0, -43.0, 0, 0, 255
L -1976.0, -3498.0, -43.0, -1954.0, -3513.0, -43.0, 0, 0, 255
L -1954.0, -3513.0, -43.0, -1798.0, -3539.0, -44.0, 0, 0, 255
L -1798.0, -3539.0, -44.0, -1748.0, -3541.0, -44.0, 0, 0, 255
L -1748.0, -3541.0, -44.0, -1712.0, -3546.0, -44.0, 0, 0, 255
L -1712.0, -3546.0, -44.0, -1693.0, -3548.0, -44.0, 0, 0, 255
L -1693.0, -3548.0, -44.0, -1684.0, -3554.0, -43.0, 0, 0, 255
L -1684.0, -3554.0, -43.0, -1654.0, -3577.0, -43.0, 0, 0, 255
L -1654.0, -3577.0, -43.0, -1631.0, -3589.0, -44.0, 0, 0, 255
L -1631.0, -3589.0, -44.0, -1595.0, -3607.0, -43.0, 0, 0, 255
L -1595.0, -3607.0, -43.0, -1586.0, -3611.0, -44.0, 0, 0, 255
L -1586.0, -3611.0, -44.0, -1556.0, -3617.0, -42.0, 0, 0, 255
L -1556.0, -3617.0, -43.0, -1521.0, -3635.0, -43.0, 0, 0, 255
L -1521.0, -3635.0, -43.0, -1509.0, -3635.0, -43.0, 0, 0, 255
L -1509.0, -3635.0, -43.0, -1448.0, -3641.0, -43.0, 0, 0, 255
L -1448.0, -3641.0, -43.0, -1419.0, -3645.0, -43.0, 0, 0, 255
L -1419.0, -3645.0, -43.0, -1393.0, -3651.0, -43.0, 0, 0, 255
L -1393.0, -3651.0, -43.0, -1380.0, -3650.0, -43.0, 0, 0, 255
L -1380.0, -3650.0, -43.0, -1322.0, -3645.0, -43.0, 0, 0, 255
L -1322.0, -3645.0, -43.0, -1275.0, -3666.0, -43.0, 0, 0, 255
L -1275.0, -3666.0, -43.0, -1254.0, -3666.0, -43.0, 0, 0, 255
L -1254.0, -3666.0, -43.0, -1242.0, -3668.0, -43.0, 0, 0, 255
L -1242.0, -3669.0, -43.0, -1187.0, -3677.0, -42.0, 0, 0, 255
L -1187.0, -3677.0, -42.0, -1176.0, -3698.0, -43.0, 0, 0, 255
L -1176.0, -3698.0, -43.0, -1121.0, -3694.0, -43.0, 0, 0, 255
L -1121.0, -3694.0, -43.0, -1104.0, -3695.0, -42.0, 0, 0, 255
L -1104.0, -3695.0, -42.0, -1055.0, -3675.0, -43.0, 0, 0, 255
L -1055.0, -3675.0, -43.0, -1014.0, -3672.0, -43.0, 0, 0, 255
L -1014.0, -3672.0, -43.0, -987.0, -3671.0, -43.0, 0, 0, 255
L -987.0, -3671.0, -43.0, -961.0, -3671.0, -31.0, 0, 0, 255
L -1209.0, -3836.0, -5.0, -1217.0, -3835.0, -5.0, 0, 0, 0
L -1224.0, -3835.0, -5.0, -1232.0, -3835.0, -5.0, 0, 0, 0
L -1232.0, -3835.0, -6.0, -1232.0, -3826.0, -6.0, 0, 0, 0
L -1232.0, -3826.0, -6.0, -1224.0, -3827.0, -6.0, 0, 0, 0
L -1224.0, -3827.0, -6.0, -1224.0, -3835.0, -5.0, 0, 0, 0
L -1217.0, -3835.0, -6.0, -1216.0, -3827.0, -6.0, 0, 0, 0
L -1216.0, -3827.0, -6.0, -1208.0, -3828.0, -6.0, 0, 0, 0
L -1208.0, -3828.0, -6.0, -1209.0, -3836.0, -5.0, 0, 0, 0
L -1178.0, -3799.0, -10.0, -1178.0, -3807.0, -9.0, 0, 0, 0
L -1178.0, -3799.0, -10.0, -1186.0, -3799.0, -11.0, 0, 0, 0
L -1187.0, -3807.0, -10.0, -1186.0, -3799.0, -11.0, 0, 0, 0
L -1186.0, -3791.0, -12.0, -1178.0, -3792.0, -12.0, 0, 0, 0
L -1178.0, -3792.0, -12.0, -1177.0, -3783.0, -12.0, 0, 0, 0
L -1177.0, -3783.0, -13.0, -1185.0, -3783.0, -13.0, 0, 0, 0
L -1185.0, -3783.0, -13.0, -1186.0, -3791.0, -13.0, 0, 0, 0
L -1210.0, -3787.0, -13.0, -1227.0, -3786.0, -13.0, 0, 0, 0
L -1227.0, -3786.0, -12.0, -1228.0, -3803.0, -11.0, 0, 0, 0
L -1228.0, -3803.0, -10.0, -1211.0, -3804.0, -10.0, 0, 0, 0
L -1211.0, -3804.0, -11.0, -1210.0, -3787.0, -12.0, 0, 0, 0
L -1247.0, -3790.0, -13.0, -1246.0, -3781.0, -13.0, 0, 0, 0
L -1255.0, -3781.0, -14.0, -1246.0, -3781.0, -14.0, 0, 0, 0
L -1247.0, -3790.0, -12.0, -1255.0, -3789.0, -12.0, 0, 0, 0
L -1255.0, -3781.0, -13.0, -1255.0, -3789.0, -13.0, 0, 0, 0
L -1255.0, -3797.0, -11.0, -1247.0, -3797.0, -11.0, 0, 0, 0
L -1247.0, -3797.0, -11.0, -1247.0, -3805.0, -10.0, 0, 0, 0
L -1247.0, -3805.0, -10.0, -1256.0, -3805.0, -10.0, 0, 0, 0
L -1256.0, -3805.0, -11.0, -1255.0, -3797.0, -11.0, 0, 0, 0
L -1231.0, -3762.0, -17.0, -1222.0, -3763.0, -17.0, 0, 0, 0
L -1222.0, -3763.0, -17.0, -1222.0, -3754.0, -18.0, 0, 0, 0
L -1230.0, -3754.0, -19.0, -1222.0, -3754.0, -19.0, 0, 0, 0
L -1230.0, -3754.0, -18.0, -1231.0, -3762.0, -18.0, 0, 0, 0
L -1215.0, -3763.0, -17.0, -1214.0, -3755.0, -18.0, 0, 0, 0
L -1214.0, -3755.0, -19.0, -1206.0, -3755.0, -19.0, 0, 0, 0
L -1206.0, -3755.0, -18.0, -1206.0, -3764.0, -17.0, 0, 0, 0
L -1206.0, -3764.0, -17.0, -1215.0, -3763.0, -17.0, 0, 0, 0
L -1187.0, -3807.0, -9.0, -1178.0, -3807.0, -9.0, 0, 0, 0
L -1040.0, -3823.0, 59.0, -1034.0, -3843.0, 59.0, 150, 100, 0
L -1034.0, -3843.0, 59.0, -1015.0, -3837.0, 59.0, 150, 100, 0
L -1015.0, -3837.0, 59.0, -1020.0, -3818.0, 59.0, 150, 100, 0
L -1025.0, -3819.0, 59.0, -1020.0, -3818.0, 59.0, 150, 100, 0
L -1035.0, -3822.0, 59.0, -1040.0, -3823.0, 59.0, 150, 100, 0
L -1011.0, -3790.0, 59.0, -1011.0, -3795.0, 59.0, 150, 100, 0
L -1010.0, -3780.0, 59.0, -1009.0, -3775.0, 59.0, 150, 100, 0
L -1009.0, -3775.0, 59.0, -989.0, -3777.0, 59.0, 150, 100, 0
L -989.0, -3777.0, 59.0, -991.0, -3797.0, 59.0, 150, 100, 0
L -991.0, -3797.0, 59.0, -1011.0, -3795.0, 59.0, 150, 100, 0
L -1027.0, -3751.0, 54.0, -1001.0, -3750.0, 54.0, 0, 0, 0
L -1001.0, -3750.0, 54.0, -1001.0, -3746.0, 54.0, 0, 0, 0
L -1001.0, -3746.0, 54.0, -1027.0, -3747.0, 54.0, 0, 0, 0
L -1027.0, -3747.0, 54.0, -1027.0, -3751.0, 54.0, 0, 0, 0
L -1125.0, -3848.0, -2.0, -1147.0, -3848.0, -2.0, 0, 0, 0
L -1146.0, -3868.0, 0.0, -1147.0, -3848.0, -1.0, 0, 0, 0
L -1146.0, -3868.0, 0.0, -1124.0, -3867.0, 0.0, 0, 0, 0
L -1124.0, -3867.0, -1.0, -1125.0, -3848.0, -1.0, 0, 0, 0
L -1242.0, -3674.0, -42.0, -1183.0, -3677.0, -42.0, 150, 100, 0
L -1183.0, -3677.0, -42.0, -1181.0, -3658.0, -42.0, 150, 100, 0
L -1242.0, -3674.0, -42.0, -1241.0, -3653.0, -42.0, 150, 100, 0
L -1181.0, -3658.0, -42.0, -1241.0, -3653.0, -42.0, 150, 100, 0
L -2188.0, -3710.0, -41.0, -2121.0, -3713.0, -16.0, 0, 0, 0
L -2121.0, -3713.0, -16.0, -2088.0, -3680.0, 10.0, 0, 0, 0
L -2088.0, -3680.0, 10.0, -1989.0, -3677.0, -4.0, 0, 0, 0
L -1989.0, -3677.0, -4.0, -1989.0, -3845.0, -16.0, 0, 0, 0
L -1989.0, -3845.0, -16.0, -1989.0, -3891.0, -5.0, 0, 0, 0
L -1989.0, -3891.0, -5.0, -2099.0, -3886.0, 16.0, 0, 0, 0
L -2099.0, -3886.0, 16.0, -2180.0, -3845.0, -43.0, 0, 0, 0
L -2056.0, -3742.0, -18.0, -2051.0, -3794.0, -19.0, 0, 0, 0
L -2051.0, -3794.0, -19.0, -2103.0, -3799.0, -19.0, 0, 0, 0
L -2108.0, -3747.0, -18.0, -2056.0, -3742.0, -18.0, 0, 0, 0
L -2103.0, -3751.0, -16.0, -2060.0, -3747.0, -16.0, 0, 0, 0
L -2060.0, -3747.0, -16.0, -2056.0, -3790.0, -16.0, 0, 0, 0
L -2056.0, -3790.0, -16.0, -2099.0, -3794.0, -16.0, 0, 0, 0
L -2100.0, -3777.0, -16.0, -2099.0, -3794.0, -16.0, 0, 0, 0
L -2101.0, -3766.0, -16.0, -2103.0, -3751.0, -16.0, 0, 0, 0
L -2105.0, -3778.0, -19.0, -2103.0, -3799.0, -19.0, 0, 0, 0
L -2106.0, -3766.0, -19.0, -2108.0, -3747.0, -19.0, 0, 0, 0
L -2113.0, -3789.0, -19.0, -2116.0, -3763.0, -19.0, 0, 0, 0
L -2106.0, -3766.0, -16.0, -2101.0, -3766.0, -16.0, 0, 0, 0
L -2105.0, -3778.0, -16.0, -2100.0, -3777.0, -16.0, 0, 0, 0
L -2116.0, -3763.0, -19.0, -2107.0, -3762.0, -19.0, 0, 0, 0
L -2103.0, -3751.0, 40.0, -2099.0, -3794.0, 40.0, 0, 0, 0
L -2099.0, -3794.0, 40.0, -2056.0, -3790.0, 40.0, 0, 0, 0
L -2056.0, -3790.0, 40.0, -2060.0, -3747.0, 40.0, 0, 0, 0
L -2060.0, -3747.0, 40.0, -2103.0, -3751.0, 40.0, 0, 0, 0
L -2064.0, -3753.0, 40.0, -2063.0, -3763.0, 40.0, 0, 0, 0
L -2063.0, -3763.0, 40.0, -2077.0, -3764.0, 40.0, 0, 0, 0
L -2077.0, -3754.0, 40.0, -2064.0, -3753.0, 40.0, 0, 0, 0
L -2077.0, -3754.0, 40.0, -2077.0, -3764.0, 40.0, 0, 0, 0
L -2708.0, -2359.0, 93.0, -2708.0, -2330.0, 93.0, 199, 21, 133
L -2708.0, -2330.0, 93.0, -2660.0, -2330.0, 92.0, 0, 0, 0
L -2660.0, -2330.0, 92.0, -2660.0, -2390.0, 92.0, 0, 0, 0
L -2660.0, -2390.0, 93.0, -2523.0, -2379.0, 103.0, 0, 0, 0
L -2708.0, -2359.0, 93.0, -2690.0, -2359.0, 92.0, 0, 0, 0
L -2690.0, -2359.0, 92.0, -2688.0, -2410.0, 93.0, 0, 0, 0
L -2688.0, -2410.0, 93.0, -2643.0, -2439.0, 92.0, 0, 0, 0
L -2643.0, -2439.0, 92.0, -2521.0, -2445.0, 100.0, 0, 0, 0
L -2264.0, -2414.0, -39.0, -2272.0, -2441.0, -39.0, 139, 69, 19
L -2272.0, -2441.0, -39.0, -2272.0, -2474.0, -39.0, 150, 100, 0
L -2272.0, -2474.0, -39.0, -2253.0, -2473.0, -39.0, 139, 69, 19
L -2253.0, -2473.0, -39.0, -2253.0, -2414.0, -39.0, 139, 69, 19
L -2264.0, -2414.0, -39.0, -2253.0, -2414.0, -39.0, 150, 100, 0
L -2367.0, -1907.0, -43.0, -2411.0, -1936.0, 28.0, 0, 0, 0
L -2411.0, -1936.0, 28.0, -2455.0, -1979.0, 52.0, 0, 0, 0
L -2455.0, -1979.0, 52.0, -2494.0, -2034.0, 84.0, 0, 0, 0
L -2494.0, -2034.0, 84.0, -2504.0, -2055.0, 92.0, 0, 0, 0
L -2504.0, -2055.0, 92.0, -2522.0, -2340.0, 103.0, 0, 0, 0
L -2522.0, -2340.0, 103.0, -2523.0, -2379.0, 104.0, 0, 0, 0
L -2521.0, -2445.0, 99.0, -2517.0, -2510.0, 86.0, 0, 0, 0
L -2517.0, -2510.0, 86.0, -2493.0, -2712.0, 66.0, 0, 0, 0
L -2493.0, -2712.0, 66.0, -2481.0, -2779.0, 78.0, 0, 0, 0
L -2481.0, -2779.0, 78.0, -2461.0, -2854.0, 93.0, 0, 0, 0
L -2461.0, -2854.0, 93.0, -2420.0, -2878.0, 100.0, 0, 0, 0
L -2420.0, -2878.0, 100.0, -2357.0, -2873.0, -43.0, 0, 0, 0
L -2468.0, -2479.0, 59.0, -2478.0, -2475.0, 60.0, 150, 100, 0
L -2478.0, -2475.0, 63.0, -2475.0, -2465.0, 62.0, 150, 100, 0
L -2475.0, -2465.0, 60.0, -2465.0, -2469.0, 58.0, 150, 100, 0
L -2465.0, -2469.0, 57.0, -2468.0, -2479.0, 57.0, 150, 100, 0
L -2459.0, -2336.0, 56.0, -2469.0, -2339.0, 58.0, 150, 100, 0
L -2472.0, -2330.0, 63.0, -2469.0, -2339.0, 62.0, 150, 100, 0
L -2472.0, -2330.0, 62.0, -2462.0, -2326.0, 58.0, 150, 100, 0
L -2462.0, -2326.0, 55.0, -2459.0, -2336.0, 54.0, 150, 100, 0
L -2455.0, -870.0, -44.0, -2455.0, -844.0, 30.0, 0, 0, 0
L -2455.0, -844.0, 30.0, -2508.0, -843.0, 54.0, 0, 0, 0
L -2508.0, -843.0, 54.0, -2506.0, -743.0, 53.0, 0, 0, 0
L -2506.0, -743.0, 53.0, -2505.0, -545.0, 62.0, 0, 0, 0
L -2505.0, -545.0, 62.0, -2505.0, -476.0, 54.0, 0, 0, 0
L -2505.0, -476.0, 54.0, -2494.0, -336.0, 50.0, 0, 0, 0
L -2494.0, -336.0, 50.0, -2487.0, -269.0, 54.0, 0, 0, 0
L -2487.0, -269.0, 54.0, -2362.0, -241.0, 50.0, 0, 0, 0
L -2362.0, -241.0, 50.0, -2275.0, -179.0, 50.0, 0, 0, 0
L -2275.0, -179.0, 50.0, -2170.0, -82.0, 115.0, 0, 0, 0
L -2170.0, -82.0, 115.0, -1925.0, -177.0, -43.0, 0, 0, 0
L -2151.0, -744.0, -39.0, -2137.0, -705.0, -39.0, 150, 100, 0
L -2133.0, -750.0, -39.0, -2112.0, -694.0, -39.0, 150, 100, 0
L -2119.0, -691.0, -39.0, -2112.0, -694.0, -39.0, 150, 100, 0
L -2119.0, -691.0, -39.0, -2121.0, -698.0, -39.0, 150, 100, 0
L -2121.0, -698.0, -39.0, -2137.0, -705.0, -39.0, 150, 100, 0
L -2151.0, -744.0, -39.0, -2133.0, -750.0, -39.0, 150, 100, 0
L -2220.0, -646.0, 20.0, -2217.0, -648.0, 20.0, 150, 100, 0
L -2217.0, -648.0, 20.0, -2209.0, -632.0, 20.0, 150, 100, 0
L -2209.0, -632.0, 20.0, -2225.0, -623.0, 20.0, 150, 100, 0
L -2225.0, -623.0, 20.0, -2233.0, -639.0, 20.0, 150, 100, 0
L -2233.0, -639.0, 20.0, -2230.0, -641.0, 20.0, 150, 100, 0
L -2286.0, -714.0, 14.0, -2287.0, -711.0, 14.0, 150, 100, 0
L -2287.0, -711.0, 14.0, -2304.0, -717.0, 14.0, 150, 100, 0
L -2304.0, -717.0, 14.0, -2298.0, -734.0, 14.0, 150, 100, 0
L -2298.0, -734.0, 14.0, -2281.0, -728.0, 14.0, 150, 100, 0
L -2281.0, -728.0, 14.0, -2282.0, -725.0, 14.0, 150, 100, 0
L -2174.0, -802.0, -22.0, -2173.0, -806.0, -22.0, 150, 100, 0
L -2173.0, -806.0, -22.0, -2190.0, -811.0, -22.0, 150, 100, 0
L -2190.0, -811.0, -22.0, -2195.0, -793.0, -22.0, 150, 100, 0
L -2195.0, -793.0, -22.0, -2178.0, -788.0, -22.0, 150, 100, 0
L -2178.0, -788.0, -22.0, -2177.0, -792.0, -22.0, 150, 100, 0
L -2434.0, -474.0, 50.0, -2439.0, -477.0, 50.0, 150, 100, 0
L -2439.0, -477.0, 50.0, -2454.0, -439.0, 50.0, 150, 100, 0
L -2454.0, -439.0, 50.0, -2435.0, -431.0, 50.0, 150, 100, 0
L -2435.0, -431.0, 50.0, -2420.0, -469.0, 50.0, 150, 100, 0
L -2425.0, -471.0, 50.0, -2420.0, -469.0, 50.0, 150, 100, 0
L -2434.0, -474.0, 50.0, -2438.0, -474.0, 50.0, 150, 100, 0
L -2438.0, -474.0, 50.0, -2452.0, -440.0, 50.0, 150, 100, 0
L -2452.0, -440.0, 50.0, -2436.0, -433.0, 50.0, 150, 100, 0
L -2436.0, -433.0, 50.0, -2422.0, -467.0, 50.0, 150, 100, 0
L -2422.0, -467.0, 50.0, -2425.0, -471.0, 50.0, 150, 100, 0
L -2413.0, -545.0, 50.0, -2413.0, -540.0, 50.0, 150, 100, 0
L -2413.0, -540.0, 50.0, -2453.0, -536.0, 50.0, 150, 100, 0
L -2453.0, -536.0, 50.0, -2455.0, -556.0, 50.0, 150, 100, 0
L -2455.0, -556.0, 50.0, -2415.0, -560.0, 50.0, 150, 100, 0
L -2415.0, -560.0, 50.0, -2414.0, -555.0, 50.0, 150, 100, 0
L -2413.0, -545.0, 50.0, -2415.0, -541.0, 50.0, 150, 100, 0
L -2415.0, -541.0, 50.0, -2452.0, -537.0, 50.0, 150, 100, 0
L -2452.0, -537.0, 50.0, -2453.0, -555.0, 50.0, 150, 100, 0
L -2453.0, -555.0, 50.0, -2417.0, -559.0, 50.0, 150, 100, 0
L -2417.0, -559.0, 50.0, -2414.0, -555.0, 50.0, 150, 100, 0
L -2412.0, -607.0, 50.0, -2453.0, -600.0, 50.0, 150, 100, 0
L -2453.0, -600.0, 50.0, -2456.0, -620.0, 50.0, 150, 100, 0
L -2456.0, -620.0, 50.0, -2416.0, -627.0, 50.0, 150, 100, 0
L -2416.0, -627.0, 50.0, -2417.0, -621.0, 50.0, 150, 100, 0
L -2412.0, -607.0, 50.0, -2413.0, -612.0, 50.0, 150, 100, 0
L -2413.0, -612.0, 50.0, -2415.0, -608.0, 50.0, 150, 100, 0
L -2415.0, -608.0, 50.0, -2451.0, -602.0, 50.0, 150, 100, 0
L -2451.0, -602.0, 50.0, -2454.0, -619.0, 50.0, 150, 100, 0
L -2454.0, -619.0, 50.0, -2418.0, -626.0, 50.0, 150, 100, 0
L -2418.0, -626.0, 50.0, -2417.0, -621.0, 50.0, 150, 100, 0
L -2413.0, -720.0, 50.0, -2429.0, -733.0, 50.0, 150, 100, 0
L -2429.0, -733.0, 50.0, -2416.0, -749.0, 50.0, 150, 100, 0
L -2416.0, -749.0, 50.0, -2400.0, -737.0, 50.0, 150, 100, 0
L -2400.0, -737.0, 50.0, -2403.0, -732.0, 50.0, 150, 100, 0
L -2413.0, -720.0, 50.0, -2409.0, -725.0, 50.0, 150, 100, 0
L -2403.0, -732.0, 51.0, -2404.0, -733.0, 51.0, 150, 100, 0
L -2409.0, -725.0, 51.0, -2411.0, -725.0, 51.0, 150, 100, 0
L -2411.0, -725.0, 50.0, -2413.0, -722.0, 50.0, 150, 100, 0
L -2413.0, -722.0, 50.0, -2427.0, -733.0, 50.0, 150, 100, 0
L -2427.0, -733.0, 50.0, -2416.0, -747.0, 50.0, 150, 100, 0
L -2416.0, -747.0, 50.0, -2402.0, -736.0, 50.0, 150, 100, 0
L -2402.0, -736.0, 50.0, -2404.0, -733.0, 50.0, 150, 100, 0
L -2196.0, -258.0, 50.0, -2166.0, -257.0, 50.0, 150, 100, 0
L -2166.0, -257.0, 50.0, -2153.0, -231.0, 51.0, 150, 100, 0
L -2169.0, -206.0, 51.0, -2198.0, -208.0, 50.0, 150, 100, 0
L -2198.0, -208.0, 50.0, -2212.0, -234.0, 50.0, 150, 100, 0
L -2212.0, -234.0, 50.0, -2196.0, -258.0, 50.0, 150, 100, 0
L -2192.0, -242.0, 52.0, -2172.0, -241.0, 52.0, 150, 100, 0
L -2172.0, -241.0, 52.0, -2163.0, -224.0, 52.0, 150, 100, 0
L -2163.0, -224.0, 52.0, -2174.0, -207.0, 52.0, 150, 100, 0
L -2174.0, -207.0, 52.0, -2193.0, -208.0, 52.0, 150, 100, 0
L -2193.0, -208.0, 52.0, -2202.0, -226.0, 52.0, 150, 100, 0
L -2202.0, -226.0, 52.0, -2192.0, -242.0, 52.0, 150, 100, 0
L -2188.0, -230.0, 55.0, -2177.0, -229.0, 55.0, 150, 100, 0
L -2177.0, -229.0, 55.0, -2171.0, -219.0, 55.0, 150, 100, 0
L -2171.0, -219.0, 55.0, -2178.0, -209.0, 55.0, 150, 100, 0
L -2178.0, -209.0, 55.0, -2189.0, -209.0, 55.0, 150, 100, 0
L -2189.0, -209.0, 55.0, -2195.0, -220.0, 55.0, 150, 100, 0
L -2195.0, -220.0, 55.0, -2188.0, -230.0, 55.0, 150, 100, 0
L -2178.0, -223.0, 58.0, -2176.0, -217.0, 58.0, 150, 100, 0
L -2176.0, -217.0, 58.0, -2178.0, -212.0, 58.0, 150, 100, 0
L -2190.0, -218.0, 58.0, -2188.0, -223.0, 58.0, 150, 100, 0
L -2188.0, -223.0, 58.0, -2183.0, -225.0, 58.0, 150, 100, 0
L -2178.0, -223.0, 58.0, -2183.0, -225.0, 58.0, 150, 100, 0
L -2190.0, -218.0, 58.0, -2188.0, -213.0, 58.0, 150, 100, 0
L -2183.0, -210.0, 58.0, -2178.0, -212.0, 58.0, 150, 100, 0
L -2183.0, -210.0, 58.0, -2188.0, -213.0, 58.0, 150, 100, 0
L -2153.0, -231.0, 52.0, -2169.0, -206.0, 52.0, 150, 100, 0
L -1455.0, -193.0, -43.0, -1438.0, -169.0, -43.0, 0, 0, 255
L -1438.0, -169.0, -43.0, -1427.0, -151.0, -43.0, 0, 0, 255
L -1427.0, -151.0, -43.0, -1426.0, -112.0, -43.0, 0, 0, 255
L -1426.0, -112.0, -43.0, -1388.0, -73.0, -43.0, 0, 0, 255
L -1388.0, -73.0, -43.0, -1379.0, -44.0, -43.0, 0, 0, 255
L -1379.0, -44.0, -43.0, -1375.0, -31.0, -43.0, 0, 0, 255
L -1375.0, -31.0, -43.0, -1375.0, 43.0, -43.0, 0, 0, 255
L -1375.0, 43.0, -43.0, -1375.0, 87.0, -43.0, 0, 0, 255
L -1375.0, 87.0, -43.0, -1379.0, 95.0, -43.0, 0, 0, 255
L -1379.0, 95.0, -43.0, -1379.0, 153.0, -43.0, 0, 0, 255
L -1379.0, 153.0, -43.0, -1380.0, 161.0, -43.0, 0, 0, 255
L -1380.0, 161.0, -43.0, -1388.0, 178.0, -43.0, 0, 0, 255
L -1388.0, 178.0, -43.0, -1415.0, 193.0, -43.0, 0, 0, 255
L -1415.0, 193.0, -43.0, -1405.0, 220.0, -43.0, 0, 0, 255
L -1405.0, 220.0, -43.0, -1430.0, 246.0, -43.0, 0, 0, 255
L -1430.0, 246.0, -43.0, -1455.0, 252.0, -43.0, 0, 0, 255
L -1455.0, 252.0, -43.0, -1487.0, 255.0, -43.0, 0, 0, 255
L -1487.0, 255.0, -43.0, -1521.0, 275.0, -43.0, 0, 0, 255
L -1521.0, 275.0, -43.0, -1558.0, 221.0, -43.0, 0, 0, 255
L -1558.0, 221.0, -43.0, -1550.0, 192.0, -43.0, 0, 0, 255
L -1550.0, 192.0, -43.0, -1532.0, 154.0, -43.0, 0, 0, 255
L -1532.0, 154.0, -43.0, -1532.0, 144.0, -43.0, 0, 0, 255
L -1532.0, 144.0, -43.0, -1521.0, 141.0, -43.0, 0, 0, 255
L -1521.0, 141.0, -43.0, -1474.0, 135.0, -43.0, 0, 0, 255
L -1474.0, 135.0, -43.0, -1464.0, 87.0, -43.0, 0, 0, 255
L -1464.0, 87.0, -43.0, -1462.0, 79.0, -43.0, 0, 0, 255
L -1462.0, 79.0, -43.0, -1456.0, 21.0, -43.0, 0, 0, 255
L -1456.0, 21.0, -43.0, -1459.0, -56.0, -43.0, 0, 0, 255
L -1459.0, -56.0, -43.0, -1463.0, -120.0, -43.0, 0, 0, 255
L -1463.0, -120.0, -43.0, -1463.0, -179.0, -43.0, 0, 0, 255
L -1463.0, -179.0, -43.0, -1462.0, -186.0, -43.0, 0, 0, 255
L -1455.0, -193.0, -43.0, -1462.0, -186.0, -43.0, 0, 0, 255
L -2802.0, -45.0, -42.0, -2835.0, 148.0, -21.0, 0, 0, 0
L -2835.0, 148.0, -21.0, -2856.0, 235.0, -42.0, 0, 0, 0
L -2769.0, 200.0, -23.0, -2779.0, 196.0, -23.0, 150, 100, 0
L -2779.0, 196.0, -22.0, -2783.0, 206.0, -22.0, 150, 100, 0
L -2783.0, 206.0, -22.0, -2773.0, 210.0, -22.0, 150, 100, 0
L -2773.0, 210.0, -22.0, -2769.0, 200.0, -23.0, 150, 100, 0
L -2444.0, 901.0, -45.0, -2392.0, 910.0, -9.0, 0, 0, 0
L -2392.0, 910.0, -8.0, -2188.0, 912.0, 19.0, 0, 0, 0
L -2188.0, 912.0, 19.0, -2188.0, 954.0, 25.0, 0, 0, 0
L -2188.0, 954.0, 25.0, -2256.0, 954.0, -19.0, 0, 0, 0
L -2256.0, 954.0, -19.0, -2431.0, 954.0, -43.0, 0, 0, 0
L -2236.0, 914.0, -2.0, -2236.0, 930.0, -2.0, 150, 100, 0
L -2236.0, 930.0, -2.0, -2221.0, 930.0, 2.0, 150, 100, 0
L -2221.0, 930.0, 3.0, -2221.0, 914.0, 1.0, 150, 100, 0
L -2221.0, 914.0, 1.0, -2236.0, 914.0, -2.0, 150, 100, 0
L -2351.0, 944.0, -17.0, -2351.0, 953.0, -17.0, 150, 100, 0
L -2351.0, 953.0, -17.0, -2426.0, 953.0, -17.0, 150, 100, 0
L -2388.0, 945.0, -17.0, -2351.0, 944.0, -17.0, 150, 100, 0
L -2388.0, 945.0, -17.0, -2402.0, 928.0, -17.0, 150, 100, 0
L -2402.0, 928.0, -17.0, -2427.0, 928.0, -17.0, 150, 100, 0
L -2427.0, 928.0, -17.0, -2426.0, 953.0, -17.0, 150, 100, 0
L -2407.0, 945.0, -17.0, -2406.0, 949.0, -17.0, 0, 0, 0
L -2406.0, 949.0, -17.0, -2424.0, 951.0, -17.0, 0, 0, 0
L -2424.0, 951.0, -17.0, -2426.0, 933.0, -17.0, 0, 0, 0
L -2426.0, 933.0, -17.0, -2408.0, 931.0, -17.0, 0, 0, 0
L -2408.0, 931.0, -17.0, -2407.0, 936.0, -17.0, 0, 0, 0
L -2462.0, 896.0, -39.0, -2455.0, 915.0, -39.0, 139, 69, 19
L -2455.0, 915.0, -39.0, -2448.0, 922.0, -39.0, 139, 69, 19
L -2448.0, 922.0, -39.0, -2448.0, 940.0, -39.0, 139, 69, 19
L -2448.0, 940.0, -39.0, -2467.0, 940.0, -39.0, 139, 69, 19
L -2467.0, 940.0, -39.0, -2467.0, 896.0, -39.0, 139, 69, 19
L -2467.0, 896.0, -39.0, -2462.0, 896.0, -39.0, 0, 0, 0
L -686.0, 153.0, -43.0, -704.0, 255.0, 55.0, 0, 0, 0
L -704.0, 255.0, 55.0, -703.0, 387.0, 50.0, 0, 0, 0
L -703.0, 387.0, 50.0, -711.0, 433.0, 50.0, 0, 0, 0
L -711.0, 433.0, 50.0, -843.0, 585.0, 50.0, 0, 0, 0
L -843.0, 585.0, 50.0, -947.0, 626.0, 51.0, 0, 0, 0
L -947.0, 626.0, 51.0, -1033.0, 660.0, 74.0, 0, 0, 0
L -1033.0, 660.0, 74.0, -988.0, 687.0, 64.0, 0, 0, 0
L -988.0, 687.0, 64.0, -853.0, 687.0, 74.0, 0, 0, 0
L -853.0, 687.0, 74.0, -786.0, 687.0, 110.0, 0, 0, 0
L -786.0, 687.0, 110.0, -720.0, 687.0, 140.0, 0, 0, 0
L -720.0, 687.0, 140.0, -615.0, 639.0, 102.0, 0, 0, 0
L -615.0, 639.0, 102.0, -496.0, 577.0, 88.0, 0, 0, 0
L -496.0, 577.0, 88.0, -431.0, 542.0, 79.0, 0, 0, 0
L -431.0, 542.0, 79.0, -361.0, 516.0, 103.0, 0, 0, 0
L -361.0, 516.0, 103.0, -279.0, 504.0, 107.0, 0, 0, 0
L -279.0, 504.0, 107.0, -218.0, 456.0, 92.0, 0, 0, 0
L -218.0, 456.0, 92.0, -195.0, 353.0, -25.0, 0, 0, 0
L -195.0, 353.0, -25.0, -195.0, 305.0, -38.0, 0, 0, 0
L -627.0, 457.0, 50.0, -618.0, 456.0, 50.0, 0, 0, 0
L -618.0, 456.0, 50.0, -614.0, 448.0, 50.0, 0, 0, 0
L -614.0, 448.0, 50.0, -619.0, 440.0, 50.0, 0, 0, 0
L -619.0, 440.0, 50.0, -628.0, 441.0, 50.0, 0, 0, 0
L -628.0, 441.0, 50.0, -632.0, 449.0, 50.0, 0, 0, 0
L -632.0, 449.0, 50.0, -627.0, 457.0, 50.0, 0, 0, 0
L -653.0, 494.0, 50.0, -690.0, 513.0, 50.0, 150, 100, 0
L -690.0, 513.0, 50.0, -707.0, 483.0, 50.0, 150, 100, 0
L -707.0, 483.0, 50.0, -670.0, 463.0, 50.0, 150, 100, 0
L -666.0, 450.0, 50.0, -699.0, 425.0, 50.0, 150, 100, 0
L -699.0, 425.0, 50.0, -678.0, 397.0, 50.0, 150, 100, 0
L -678.0, 397.0, 50.0, -644.0, 422.0, 50.0, 150, 100, 0
L -614.0, 390.0, 50.0, -655.0, 382.0, 50.0, 150, 100, 0
L -655.0, 382.0, 50.0, -649.0, 348.0, 50.0, 150, 100, 0
L -649.0, 348.0, 50.0, -609.0, 356.0, 50.0, 150, 100, 0
L -594.0, 385.0, 50.0, -590.0, 389.0, 50.0, 255, 0, 0
L -590.0, 389.0, 50.0, -584.0, 388.0, 50.0, 255, 0, 0
L -584.0, 388.0, 50.0, -582.0, 381.0, 50.0, 255, 0, 0
L -582.0, 381.0, 50.0, -587.0, 377.0, 50.0, 255, 0, 0
L -587.0, 377.0, 50.0, -593.0, 379.0, 50.0, 255, 0, 0
L -594.0, 385.0, 50.0, -593.0, 379.0, 50.0, 255, 0, 0
L -551.0, 461.0, 50.0, -526.0, 477.0, 50.0, 150, 100, 0
L -551.0, 461.0, 50.0, -561.0, 477.0, 50.0, 150, 100, 0
L -561.0, 477.0, 50.0, -535.0, 492.0, 50.0, 150, 100, 0
L -535.0, 492.0, 50.0, -526.0, 477.0, 50.0, 150, 100, 0
L -438.0, 448.0, 50.0, -402.0, 468.0, 50.0, 150, 100, 0
L -402.0, 468.0, 50.0, -385.0, 437.0, 50.0, 150, 100, 0
L -385.0, 437.0, 50.0, -421.0, 416.0, 50.0, 150, 100, 0
L -913.0, -692.0, -43.0, -837.0, -694.0, -43.0, 0, 0, 255
L -837.0, -694.0, -43.0, -835.0, -760.0, -43.0, 0, 0, 255
L -835.0, -760.0, -43.0, -820.0, -778.0, -43.0, 0, 0, 255
L -820.0, -778.0, -43.0, -855.0, -823.0, -43.0, 0, 0, 255
L -855.0, -823.0, -43.0, -889.0, -845.0, -43.0, 0, 0, 255
L -889.0, -845.0, -43.0, -893.0, -884.0, -43.0, 0, 0, 255
L -893.0, -884.0, -43.0, -913.0, -912.0, -43.0, 0, 0, 255
L -913.0, -912.0, -43.0, -910.0, -978.0, -43.0, 0, 0, 255
L -910.0, -978.0, -43.0, -885.0, -1010.0, -43.0, 0, 0, 255
L -885.0, -1010.0, -43.0, -854.0, -1031.0, -43.0, 0, 0, 255
L -854.0, -1031.0, -43.0, -841.0, -1032.0, -43.0, 0, 0, 255
L -841.0, -1032.0, -43.0, -841.0, -1045.0, -43.0, 0, 0, 255
L -841.0, -1045.0, -43.0, -813.0, -1071.0, -43.0, 0, 0, 255
L -813.0, -1071.0, -43.0, -799.0, -1112.0, -43.0, 0, 0, 255
L -799.0, -1112.0, -43.0, -854.0, -1161.0, -43.0, 0, 0, 255
L -854.0, -1161.0, -43.0, -909.0, -1163.0, -43.0, 0, 0, 255
L -909.0, -1163.0, -43.0, -921.0, -1162.0, -43.0, 0, 0, 255
L -921.0, -1162.0, -43.0, -963.0, -1154.0, -43.0, 0, 0, 255
L -963.0, -1154.0, -43.0, -988.0, -1126.0, -43.0, 0, 0, 255
L -988.0, -1126.0, -43.0, -1001.0, -1125.0, -43.0, 0, 0, 255
L -1001.0, -1125.0, -43.0, -1003.0, -1060.0, -43.0, 0, 0, 255
L -1003.0, -1060.0, -43.0, -1063.0, -1054.0, -43.0, 0, 0, 255
L -1063.0, -1054.0, -43.0, -1065.0, -989.0, -43.0, 0, 0, 255
L -1065.0, -989.0, -43.0, -1065.0, -978.0, -43.0, 0, 0, 255
L -1065.0, -978.0, -43.0, -1064.0, -854.0, -43.0, 0, 0, 255
L -1064.0, -854.0, -43.0, -1063.0, -844.0, -43.0, 0, 0, 255
L -1063.0, -844.0, -43.0, -1055.0, -832.0, -43.0, 0, 0, 255
L -1055.0, -832.0, -43.0, -999.0, -777.0, -43.0, 0, 0, 255
L -999.0, -777.0, -43.0, -939.0, -712.0, -43.0, 0, 0, 255
L -939.0, -712.0, -43.0, -913.0, -692.0, -43.0, 0, 0, 255
L -2010.0, -1399.0, -43.0, -2055.0, -1399.0, -43.0, 0, 0, 255
L -2055.0, -1399.0, -43.0, -2065.0, -1388.0, -43.0, 0, 0, 255
L -2065.0, -1388.0, -43.0, -2081.0, -1379.0, -43.0, 0, 0, 255
L -2081.0, -1379.0, -43.0, -2083.0, -1340.0, -43.0, 0, 0, 255
L -2083.0, -1340.0, -43.0, -2122.0, -1324.0, -43.0, 0, 0, 255
L -2122.0, -1324.0, -43.0, -2125.0, -1315.0, -43.0, 0, 0, 255
L -2125.0, -1315.0, -43.0, -2125.0, -1311.0, -43.0, 0, 0, 255
L -2125.0, -1311.0, -43.0, -2122.0, -1309.0, -44.0, 0, 0, 255
L -2122.0, -1309.0, -44.0, -2056.0, -1301.0, -42.0, 0, 0, 255
L -2056.0, -1301.0, -42.0, -2045.0, -1301.0, -43.0, 0, 0, 255
L -2045.0, -1301.0, -43.0, -2018.0, -1311.0, -43.0, 0, 0, 255
L -2018.0, -1311.0, -43.0, -2019.0, -1342.0, -43.0, 0, 0, 255
L -2019.0, -1342.0, -43.0, -1988.0, -1343.0, -43.0, 0, 0, 255
L -1988.0, -1343.0, -43.0, -1978.0, -1369.0, -42.0, 0, 0, 255
L -1978.0, -1369.0, -42.0, -1920.0, -1370.0, -43.0, 0, 0, 255
L -1920.0, -1370.0, -43.0, -1913.0, -1370.0, -43.0, 0, 0, 255
L -1913.0, -1370.0, -43.0, -1913.0, -1379.0, -43.0, 0, 0, 255
L -1913.0, -1379.0, -43.0, -1921.0, -1433.0, -43.0, 0, 0, 255
L -1921.0, -1433.0, -43.0, -1935.0, -1393.0, -43.0, 0, 0, 255
L -1935.0, -1393.0, -43.0, -1988.0, -1393.0, -43.0, 0, 0, 255
L -1988.0, -1393.0, -43.0, -2010.0, -1399.0, -43.0, 0, 0, 255
L -871.0, -738.0, 3.0, -869.0, -749.0, 3.0, 0, 0, 0
L -869.0, -749.0, 2.0, -879.0, -751.0, 2.0, 0, 0, 0
L -871.0, -738.0, 2.0, -881.0, -741.0, 1.0, 0, 0, 0
L -881.0, -741.0, 1.0, -879.0, -751.0, 1.0, 0, 0, 0
L 693.0, -909.0, -43.0, 698.0, -912.0, -43.0, 0, 0, 255
L 698.0, -912.0, -43.0, 701.0, -955.0, -43.0, 0, 0, 255
L 701.0, -955.0, -43.0, 739.0, -978.0, -43.0, 0, 0, 255
L 739.0, -978.0, -43.0, 677.0, -988.0, -43.0, 0, 0, 255
L 677.0, -988.0, -43.0, 650.0, -1006.0, -43.0, 0, 0, 255
L 650.0, -1006.0, -43.0, 611.0, -1008.0, -42.0, 0, 0, 255
L 611.0, -1008.0, -42.0, 566.0, -1045.0, -43.0, 0, 0, 255
L 566.0, -1045.0, -43.0, 582.0, -1075.0, -43.0, 0, 0, 255
L 582.0, -1075.0, -43.0, 586.0, -1112.0, -43.0, 0, 0, 255
L 586.0, -1112.0, -43.0, 603.0, -1120.0, -43.0, 0, 0, 255
L 603.0, -1120.0, -43.0, 622.0, -1168.0, -43.0, 0, 0, 255
L 622.0, -1168.0, -43.0, 629.0, -1178.0, -43.0, 0, 0, 255
L 629.0, -1178.0, -43.0, 628.0, -1228.0, -43.0, 0, 0, 255
L 628.0, -1228.0, -43.0, 679.0, -1228.0, -43.0, 0, 0, 255
L 679.0, -1228.0, -43.0, 703.0, -1245.0, -43.0, 0, 0, 255
L 703.0, -1245.0, -43.0, 677.0, -1264.0, -43.0, 0, 0, 255
L 677.0, -1264.0, -43.0, 667.0, -1256.0, -43.0, 0, 0, 255
L 667.0, -1256.0, -43.0, 535.0, -1254.0, -43.0, 0, 0, 255
L 535.0, -1254.0, -43.0, 515.0, -1245.0, -43.0, 0, 0, 255
L 515.0, -1245.0, -43.0, 488.0, -1236.0, -43.0, 0, 0, 255
L 488.0, -1236.0, -43.0, 477.0, -1227.0, -43.0, 0, 0, 255
L 477.0, -1227.0, -43.0, 461.0, -1219.0, -43.0, 0, 0, 255
L 461.0, -1219.0, -43.0, 445.0, -1211.0, -43.0, 0, 0, 255
L 445.0, -1211.0, -43.0, 385.0, -1206.0, -43.0, 0, 0, 255
L 385.0, -1206.0, -43.0, 344.0, -1188.0, -43.0, 0, 0, 255
L 344.0, -1188.0, -43.0, 318.0, -1179.0, -43.0, 0, 0, 255
L 318.0, -1179.0, -43.0, 291.0, -1166.0, -43.0, 0, 0, 255
L 291.0, -1166.0, -43.0, 278.0, -1140.0, -43.0, 0, 0, 255
L 278.0, -1140.0, -43.0, 270.0, -1120.0, -43.0, 0, 0, 255
L 270.0, -1120.0, -43.0, 271.0, -1112.0, -44.0, 0, 0, 255
L 271.0, -1112.0, -44.0, 321.0, -1045.0, -43.0, 0, 0, 255
L 321.0, -1045.0, -43.0, 341.0, -982.0, -43.0, 0, 0, 255
L 341.0, -982.0, -43.0, 341.0, -978.0, -43.0, 0, 0, 255
L 341.0, -978.0, -43.0, 411.0, -910.0, -43.0, 0, 0, 255
L 411.0, -910.0, -43.0, 478.0, -904.0, -43.0, 0, 0, 255
L 478.0, -904.0, -43.0, 595.0, -902.0, -43.0, 0, 0, 255
L 595.0, -902.0, -43.0, 619.0, -902.0, -43.0, 0, 0, 255
L 619.0, -902.0, -43.0, 676.0, -904.0, -43.0, 0, 0, 255
L 676.0, -904.0, -43.0, 693.0, -909.0, -43.0, 0, 0, 255
L 744.0, -1288.0, -43.0, 754.0, -1302.0, -43.0, 0, 0, 255
L 754.0, -1302.0, -43.0, 821.0, -1301.0, -43.0, 0, 0, 255
L 821.0, -1301.0, -43.0, 853.0, -1312.0, -43.0, 0, 0, 255
L 853.0, -1312.0, -43.0, 811.0, -1346.0, -43.0, 0, 0, 255
L 811.0, -1346.0, -43.0, 800.0, -1323.0, -43.0, 0, 0, 255
L 800.0, -1323.0, -43.0, 735.0, -1322.0, -43.0, 0, 0, 255
L 735.0, -1322.0, -43.0, 728.0, -1312.0, -43.0, 0, 0, 255
L 728.0, -1312.0, -43.0, 744.0, -1288.0, -43.0, 0, 0, 255
L 868.0, -1389.0, -43.0, 878.0, -1407.0, -43.0, 0, 0, 255
L 878.0, -1407.0, -43.0, 926.0, -1379.0, -43.0, 0, 0, 255
L 926.0, -1379.0, -43.0, 889.0, -1368.0, -43.0, 0, 0, 255
L 889.0, -1368.0, -43.0, 878.0, -1337.0, -42.0, 0, 0, 255
L 878.0, -1337.0, -42.0, 844.0, -1379.0, -43.0, 0, 0, 255
L 844.0, -1379.0, -43.0, 868.0, -1389.0, -43.0, 0, 0, 255
L 920.0, -1445.0, -43.0, 935.0, -1453.0, -43.0, 0, 0, 255
L 935.0, -1453.0, -43.0, 944.0, -1457.0, -43.0, 0, 0, 255
L 944.0, -1457.0, -43.0, 953.0, -1446.0, -44.0, 0, 0, 255
L 953.0, -1446.0, -44.0, 953.0, -1437.0, -43.0, 0, 0, 255
L 953.0, -1437.0, -43.0, 945.0, -1400.0, -43.0, 0, 0, 255
L 945.0, -1400.0, -43.0, 920.0, -1445.0, -43.0, 0, 0, 255
L 690.0, -2796.0, -43.0, 707.0, -2815.0, -43.0, 0, 0, 255
L 707.0, -2815.0, -43.0, 745.0, -2838.0, -43.0, 0, 0, 255
L 745.0, -2838.0, -43.0, 770.0, -2846.0, -43.0, 0, 0, 255
L 770.0, -2846.0, -43.0, 797.0, -2860.0, -43.0, 0, 0, 255
L 797.0, -2860.0, -43.0, 811.0, -2860.0, -43.0, 0, 0, 255
L 811.0, -2860.0, -43.0, 826.0, -2846.0, -43.0, 0, 0, 255
L 826.0, -2846.0, -43.0, 835.0, -2821.0, -43.0, 0, 0, 255
L 835.0, -2821.0, -43.0, 862.0, -2779.0, -43.0, 0, 0, 255
L 862.0, -2779.0, -43.0, 867.0, -2727.0, -43.0, 0, 0, 255
L 867.0, -2727.0, -43.0, 851.0, -2712.0, -43.0, 0, 0, 255
L 851.0, -2712.0, -43.0, 879.0, -2666.0, -43.0, 0, 0, 255
L 879.0, -2666.0, -43.0, 896.0, -2628.0, -43.0, 0, 0, 255
L 896.0, -2628.0, -43.0, 894.0, -2578.0, -43.0, 0, 0, 255
L 945.0, -2529.0, -43.0, 959.0, -2512.0, -44.0, 0, 0, 255
L 959.0, -2512.0, -44.0, 955.0, -2502.0, -43.0, 0, 0, 255
L 955.0, -2502.0, -43.0, 889.0, -2502.0, -44.0, 0, 0, 255
L 889.0, -2502.0, -44.0, 861.0, -2502.0, -43.0, 0, 0, 255
L 861.0, -2502.0, -43.0, 754.0, -2502.0, -43.0, 0, 0, 255
L 754.0, -2502.0, -43.0, 744.0, -2493.0, -43.0, 0, 0, 255
L 744.0, -2493.0, -43.0, 697.0, -2493.0, -43.0, 0, 0, 255
L 697.0, -2493.0, -43.0, 697.0, -2445.0, -43.0, 0, 0, 255
L 697.0, -2445.0, -43.0, 688.0, -2435.0, -43.0, 0, 0, 255
L 688.0, -2435.0, -43.0, 622.0, -2434.0, -43.0, 0, 0, 255
L 606.0, -2384.0, -43.0, 606.0, -2379.0, -43.0, 0, 0, 255
L 606.0, -2379.0, -43.0, 553.0, -2368.0, -43.0, 0, 0, 255
L 553.0, -2368.0, -43.0, 544.0, -2370.0, -43.0, 0, 0, 255
L 544.0, -2370.0, -43.0, 514.0, -2342.0, -43.0, 0, 0, 255
L 514.0, -2342.0, -43.0, 505.0, -2312.0, -44.0, 0, 0, 255
L 505.0, -2312.0, -44.0, 508.0, -2281.0, -43.0, 0, 0, 255
L 508.0, -2281.0, -43.0, 478.0, -2282.0, -43.0, 0, 0, 255
L 478.0, -2282.0, -43.0, 433.0, -2290.0, -43.0, 0, 0, 255
L 433.0, -2290.0, -43.0, 445.0, -2246.0, -43.0, 0, 0, 255
L 445.0, -2246.0, -43.0, 445.0, -2212.0, -43.0, 0, 0, 255
L 445.0, -2212.0, -43.0, 411.0, -2211.0, -43.0, 0, 0, 255
L 411.0, -2211.0, -43.0, 375.0, -2245.0, -43.0, 0, 0, 255
L 375.0, -2245.0, -43.0, 377.0, -2279.0, -43.0, 0, 0, 255
L 377.0, -2279.0, -43.0, 389.0, -2312.0, -43.0, 0, 0, 255
L 389.0, -2312.0, -43.0, 391.0, -2332.0, -43.0, 0, 0, 255
L 391.0, -2332.0, -43.0, 443.0, -2346.0, -43.0, 0, 0, 255
L 443.0, -2346.0, -43.0, 434.0, -2378.0, -43.0, 0, 0, 255
L 434.0, -2378.0, -43.0, 437.0, -2419.0, -43.0, 0, 0, 255
L 437.0, -2419.0, -43.0, 465.0, -2445.0, -43.0, 0, 0, 255
L 465.0, -2445.0, -43.0, 465.0, -2457.0, -43.0, 0, 0, 255
L 465.0, -2457.0, -43.0, 470.0, -2512.0, -43.0, 0, 0, 255
L 470.0, -2512.0, -43.0, 469.0, -2522.0, -43.0, 0, 0, 255
L 469.0, -2522.0, -43.0, 466.0, -2578.0, -43.0, 0, 0, 255
L 466.0, -2578.0, -43.0, 436.0, -2620.0, -43.0, 0, 0, 255
L 436.0, -2620.0, -43.0, 435.0, -2646.0, -43.0, 0, 0, 255
L 435.0, -2646.0, -43.0, 411.0, -2694.0, -43.0, 0, 0, 255
L 411.0, -2694.0, -43.0, 343.0, -2711.0, -43.0, 0, 0, 255
L 343.0, -2711.0, -43.0, 345.0, -2722.0, -43.0, 0, 0, 255
L 345.0, -2722.0, -43.0, 394.0, -2730.0, -43.0, 0, 0, 255
L 394.0, -2730.0, -43.0, 411.0, -2723.0, -43.0, 0, 0, 255
L 411.0, -2723.0, -43.0, 448.0, -2743.0, -43.0, 0, 0, 255
L 448.0, -2743.0, -43.0, 478.0, -2725.0, -43.0, 0, 0, 255
L 478.0, -2725.0, -43.0, 534.0, -2722.0, -43.0, 0, 0, 255
L 534.0, -2722.0, -43.0, 544.0, -2720.0, -43.0, 0, 0, 255
L 544.0, -2720.0, -43.0, 601.0, -2722.0, -43.0, 0, 0, 255
L 601.0, -2722.0, -43.0, 611.0, -2723.0, -43.0, 0, 0, 255
L 611.0, -2723.0, -43.0, 666.0, -2723.0, -43.0, 0, 0, 255
L 666.0, -2723.0, -43.0, 672.0, -2777.0, -43.0, 0, 0, 255
L 672.0, -2777.0, -43.0, 673.0, -2782.0, -43.0, 0, 0, 255
L 673.0, -2782.0, -43.0, 683.0, -2789.0, -43.0, 0, 0, 255
L 683.0, -2789.0, -43.0, 690.0, -2796.0, -43.0, 0, 0, 255
L 1627.0, -475.0, -43.0, 1606.0, -474.0, -43.0, 0, 0, 255
L 1409.0, -3312.0, -43.0, 1435.0, -3246.0, -43.0, 0, 0, 255
L -2708.0, -2359.0, 93.0, -2721.0, -2359.0, 93.0, 0, 0, 0
L -2708.0, -2330.0, 93.0, -2721.0, -2330.0, 93.0, 0, 0, 0
L -1133.0, -4391.0, 0.0, -1133.0, -4417.0, 0.0, 0, 0, 0
L -1176.0, -4392.0, 0.0, -1176.0, -4417.0, 0.0, 0, 0, 0
L 2294.0, -2482.0, 2.0, 2318.0, -2482.0, 2.0, 0, 0, 0
L 2289.0, -2538.0, 2.0, 2318.0, -2538.0, 2.0, 0, 0, 0
L -2431.0, 954.0, -43.0, -2448.0, 922.0, -39.0, 0, 0, 255
L -2444.0, 901.0, -45.0, -2462.0, 896.0, -39.0, 0, 0, 0
L -285.8, -3501.0, -43.0, -243.0, -3501.0, -43.0, 0, 0, 255
L -129.0, -3625.0, 51.0, -125.6, -3625.0, 51.0, 0, 0, 0
L -122.3, -3625.0, 51.0, -122.3, -3607.1, 51.0, 0, 0, 0
L -122.3, -3607.1, 51.0, -178.8, -3607.1, 51.0, 0, 0, 0
L -129.0, -3635.0, 51.0, -125.6, -3635.0, 51.0, 0, 0, 0
L -122.3, -3635.0, 51.0, -122.3, -3651.7, 51.0, 0, 0, 0
L -122.3, -3651.7, 51.0, -178.8, -3651.7, 51.0, 0, 0, 0
L -178.8, -3651.7, 51.0, -178.8, -3607.1, 51.0, 0, 0, 0
L -129.0, -3628.3, 51.0, -129.0, -3631.7, 51.0, 205, 133, 63
L -125.6, -3625.0, 51.0, -122.3, -3625.0, 51.0, 0, 0, 0
L -125.6, -3625.0, 51.0, -125.6, -3628.3, 51.0, 205, 133, 63
L -129.0, -3628.3, 51.0, -122.3, -3628.3, 51.0, 205, 133, 63
L -129.0, -3631.7, 51.0, -125.6, -3631.7, 51.0, 205, 133, 63
L -125.6, -3631.7, 51.0, -122.3, -3631.7, 51.0, 205, 133, 63
L -125.6, -3635.0, 51.0, -122.3, -3635.0, 51.0, 0, 0, 0
L -125.6, -3631.7, 51.0, -125.6, -3635.0, 51.0, 205, 133, 63
L -122.3, -3628.3, 51.0, -122.3, -3631.7, 51.0, 205, 133, 63
L 597.0, -2597.0, -19.0, 591.0, -2603.0, -19.0, 0, 0, 0
L 591.0, -2603.0, -19.0, 603.0, -2614.0, -19.0, 0, 0, 0
L 603.0, -2614.0, -19.0, 566.0, -2652.0, -19.0, 0, 0, 0
L 566.0, -2652.0, -19.0, 529.0, -2615.0, -19.0, 0, 0, 0
L 564.0, -2564.0, -19.0, 557.5, -2570.7, -19.0, 0, 0, 0
L 565.0, -2585.0, 8.0, 577.0, -2596.0, 8.0, 0, 0, 0
L 566.0, -2645.0, 8.0, 535.0, -2615.0, 8.0, 0, 0, 0
L 596.0, -2615.0, 8.0, 566.0, -2645.0, 8.0, 0, 0, 0
L 580.0, -2593.0, 8.0, 577.0, -2596.0, 8.0, 0, 0, 0
L 585.0, -2604.0, 8.0, 596.0, -2615.0, 8.0, 0, 0, 0
L 535.0, -2615.0, 8.0, 565.0, -2585.0, 8.0, 0, 0, 0
L 529.0, -2615.0, -19.0, 521.5, -2607.5, -19.0, 150, 150, 150
L 597.0, -2597.0, -19.0, 564.0, -2564.0, -19.0, 0, 0, 0
L 564.0, -2564.0, -19.0, 564.0, -2564.0, -5.5, 0, 0, 0
L 594.0, -2594.0, 8.0, 588.2, -2600.5, 8.0, 150, 150, 150
L 586.5, -2586.5, 8.0, 594.0, -2594.0, 8.0, 150, 150, 150
L 580.0, -2593.0, 8.0, 586.5, -2586.5, 8.0, 150, 150, 150
L 565.0, -2578.0, -5.5, 557.1, -2571.0, -5.5, 150, 150, 150
L 557.1, -2571.0, -5.5, 564.0, -2564.0, -5.5, 150, 150, 150
L 565.0, -2578.0, -5.5, 571.5, -2571.3, -5.5, 150, 150, 150
L 564.0, -2564.0, -5.5, 571.5, -2571.3, -5.5, 150, 150, 150
L 529.0, -2615.0, -19.0, 531.3, -2612.7, -18.2, 0, 0, 0
L 557.1, -2571.0, -5.5, 552.7, -2575.6, -7.2, 150, 150, 150
L 557.5, -2570.7, -19.0, 521.5, -2607.5, -19.0, 0, 0, 0
L 571.5, -2571.3, -5.5, 573.4, -2573.2, -3.8, 150, 150, 150
L 580.0, -2593.0, 8.0, 578.1, -2591.1, 6.3, 0, 0, 0
L 588.2, -2600.5, 8.0, 585.0, -2604.0, 8.0, 0, 0, 0
L 580.0, -2593.0, 8.0, 588.2, -2600.5, 8.0, 150, 150, 150
L 572.5, -2585.5, 1.2, 570.6, -2583.6, -0.4, 0, 0, 0
L 579.0, -2578.9, 1.2, 580.9, -2580.8, 2.9, 150, 150, 150
L 572.5, -2585.5, 1.2, 579.0, -2578.9, 1.2, 150, 150, 150
L 576.2, -2589.2, 4.6, 574.4, -2587.4, 2.9, 0, 0, 0
L 582.8, -2582.7, 4.6, 584.6, -2584.6, 6.3, 150, 150, 150
L 576.2, -2589.2, 4.6, 582.8, -2582.7, 4.6, 150, 150, 150
L 578.1, -2591.1, 6.3, 576.2, -2589.2, 4.6, 0, 0, 0
L 584.6, -2584.6, 6.3, 586.5, -2586.5, 8.0, 150, 150, 150
L 578.1, -2591.1, 6.3, 584.6, -2584.6, 6.3, 150, 150, 150
L 568.8, -2581.8, -2.1, 566.9, -2579.9, -3.8, 0, 0, 0
L 575.3, -2575.1, -2.1, 577.1, -2577.0, -0.4, 150, 150, 150
L 568.8, -2581.8, -2.1, 575.3, -2575.1, -2.1, 150, 150, 150
L 566.9, -2579.9, -3.8, 565.0, -2578.0, -5.5, 0, 0, 0
L 573.4, -2573.2, -3.8, 575.3, -2575.1, -2.1, 150, 150, 150
L 566.9, -2579.9, -3.8, 573.4, -2573.2, -3.8, 150, 150, 150
L 570.6, -2583.6, -0.4, 568.8, -2581.8, -2.1, 0, 0, 0
L 577.1, -2577.0, -0.4, 579.0, -2578.9, 1.2, 150, 150, 150
L 570.6, -2583.6, -0.4, 577.1, -2577.0, -0.4, 150, 150, 150
L 574.4, -2587.4, 2.9, 572.5, -2585.5, 1.2, 0, 0, 0
L 580.9, -2580.8, 2.9, 582.8, -2582.7, 4.6, 150, 150, 150
L 574.4, -2587.4, 2.9, 580.9, -2580.8, 2.9, 150, 150, 150
L 547.0, -2596.5, -12.2, 549.3, -2594.2, -11.4, 0, 0, 0
L 539.3, -2589.3, -12.2, 537.1, -2591.5, -13.1, 150, 150, 150
L 547.0, -2596.5, -12.2, 539.3, -2589.3, -12.2, 150, 150, 150
L 556.0, -2587.3, -8.9, 558.3, -2584.9, -8.0, 0, 0, 0
L 548.2, -2580.1, -8.9, 546.0, -2582.4, -9.7, 150, 150, 150
L 556.0, -2587.3, -8.9, 548.2, -2580.1, -8.9, 150, 150, 150
L 551.5, -2591.9, -10.6, 553.8, -2589.6, -9.7, 0, 0, 0
L 543.8, -2584.7, -10.6, 539.3, -2589.3, -12.2, 150, 150, 150
L 551.5, -2591.9, -10.6, 543.8, -2584.7, -10.6, 150, 150, 150
L 538.0, -2605.8, -15.6, 540.3, -2603.4, -14.8, 0, 0, 0
L 530.4, -2598.4, -15.6, 528.2, -2600.7, -16.5, 150, 150, 150
L 538.0, -2605.8, -15.6, 530.4, -2598.4, -15.6, 150, 150, 150
L 542.5, -2601.1, -13.9, 544.8, -2598.8, -13.1, 0, 0, 0
L 534.9, -2593.8, -13.9, 530.4, -2598.4, -15.6, 150, 150, 150
L 542.5, -2601.1, -13.9, 534.9, -2593.8, -13.9, 150, 150, 150
L 533.5, -2610.4, -17.3, 535.8, -2608.1, -16.5, 0, 0, 0
L 526.0, -2602.9, -17.3, 523.7, -2605.2, -18.2, 150, 150, 150
L 533.5, -2610.4, -17.3, 526.0, -2602.9, -17.3, 150, 150, 150
L 531.3, -2612.7, -18.2, 533.5, -2610.4, -17.3, 0, 0, 0
L 523.7, -2605.2, -18.2, 521.5, -2607.5, -19.0, 150, 150, 150
L 531.3, -2612.7, -18.2, 523.7, -2605.2, -18.2, 150, 150, 150
L 535.8, -2608.1, -16.5, 538.0, -2605.8, -15.6, 0, 0, 0
L 528.2, -2600.7, -16.5, 526.0, -2602.9, -17.3, 150, 150, 150
L 535.8, -2608.1, -16.5, 528.2, -2600.7, -16.5, 150, 150, 150
L 540.3, -2603.4, -14.8, 542.5, -2601.1, -13.9, 0, 0, 0
L 540.3, -2603.4, -14.8, 532.7, -2596.0, -14.8, 150, 150, 150
L 544.8, -2598.8, -13.1, 547.0, -2596.5, -12.2, 0, 0, 0
L 537.1, -2591.5, -13.1, 534.9, -2593.8, -13.9, 150, 150, 150
L 544.8, -2598.8, -13.1, 537.1, -2591.5, -13.1, 150, 150, 150
L 549.3, -2594.2, -11.4, 551.5, -2591.9, -10.6, 0, 0, 0
L 549.3, -2594.2, -11.4, 541.6, -2586.9, -11.4, 150, 150, 150
L 553.8, -2589.6, -9.7, 556.0, -2587.3, -8.9, 0, 0, 0
L 546.0, -2582.4, -9.7, 543.8, -2584.7, -10.6, 150, 150, 150
L 553.8, -2589.6, -9.7, 546.0, -2582.4, -9.7, 150, 150, 150
L 560.5, -2582.6, -7.2, 562.8, -2580.3, -6.3, 0, 0, 0
L 552.7, -2575.6, -7.2, 550.5, -2577.9, -8.0, 150, 150, 150
L 560.5, -2582.6, -7.2, 552.7, -2575.6, -7.2, 150, 150, 150
L 562.8, -2580.3, -6.3, 565.0, -2578.0, -5.5, 0, 0, 0
L 562.8, -2580.3, -6.3, 554.9, -2573.3, -6.3, 150, 150, 150
L 558.3, -2584.9, -8.0, 560.5, -2582.6, -7.2, 0, 0, 0
L 550.5, -2577.9, -8.0, 548.2, -2580.1, -8.9, 150, 150, 150
L 558.3, -2584.9, -8.0, 550.5, -2577.9, -8.0, 150, 150, 150
L 681.0, -2711.0, -21.0, 673.0, -2726.0, -21.0, 0, 0, 0
L 696.0, -2719.0, -21.0, 687.0, -2736.0, -21.0, 0, 0, 0
L 681.0, -2711.0, -21.0, 696.0, -2719.0, -21.0, 0, 0, 0
L 687.0, -2736.0, -21.0, 673.0, -2726.0, -21.0, 0, 0, 0
L 567.7, -2636.3, 65.0, 575.0, -2629.0, 65.0, 150, 150, 150
L 559.5, -2630.5, 65.0, 558.0, -2632.0, 65.0, 150, 150, 150
L 567.7, -2636.3, 65.0, 559.5, -2630.5, 65.0, 255, 165, 0
L 567.7, -2636.3, 65.0, 573.7, -2627.6, 8.0, 255, 165, 0
L 559.5, -2630.5, 65.0, 564.8, -2622.7, 13.7, 255, 165, 0
L 564.8, -2622.7, 13.7, 573.7, -2627.6, 8.0, 255, 165, 0
