P -3359.8699, 1117.2455, 2.8124, 255, 0, 0, 3, to_Castle_Mistmoore
P 2177.0000, -918.0000, -3.2511, 255, 0, 0, 3, to_The_Steamfont_Mountains
P 1183.1449, -2144.5813, 1.5277, 255, 0, 0, 3, to_The_Greater_Faydark
P 1770.0000, 108.0000, 0.0000, 255, 0, 0, 2, Succor
P -3798.0000, 753.0000, 0.0000, 255, 255, 0, 2, Instance_(LDoN_Crypt_Entrance)
P -3843.0000, 67.0000, -53.0000, 255, 255, 0, 2, Instance_(LDoN_Grave_Entrance)
P -3726.3599, 97.6473, -1.1204, 0, 0, 240, 1, GS:_Morning_Dew
P 1818.4424, -1153.4054, 14.4681, 0, 0, 240, 1, GS:_Morning_Dew
P -584.0964, 297.5143, 31.9180, 0, 0, 240, 1, GS:_Morning_Dew
P 1827.0000, 350.0000, 0.0000, 255, 255, 255, 2, Shadowmen_Camp
P -3430.6497, 23.1188, -4.1453, 240, 240, 240, 2, Wayfarer_Camp
P 576.0000, 215.0000, 0.0000, 255, 255, 255, 2, Orc_Camp
P -1143.0000, 897.0000, 0.0000, 255, 255, 255, 2, Dark_Elf_Camp
P -1253.0000, 278.0000, 0.0000, 255, 255, 255, 2, Ranger_Outpost
P -2271.0000, -42.0000, 0.0000, 255, 255, 255, 2, Undead_Area
P -2065.0000, -1467.0000, 0.0000, 255, 255, 255, 2, Bandit_Camp
P -2854.0000, -1356.0000, 0.0000, 255, 255, 255, 2, Pixie_Area
P -3059.0000, -1788.0000, 0.0000, 255, 255, 255, 2, Brownie_Area
P -3163.0000, 798.0000, 0.0000, 255, 255, 255, 2, Fae_Drake_Area
P -332.0000, -215.0000, 0.0000, 255, 255, 255, 2, Orc_Area
P -3607.0000, -1089.0000, 0.0000, 255, 255, 255, 2, Faerie_Area
P -3088.0000, -1790.0000, -1.3638, 0, 128, 0, 2, Brownie_(Merchant)
P -1249.0000, 313.0000, -5.0302, 0, 128, 0, 2, Anelia_(Merchant)
P -1262.0000, -258.0000, 0.0000, 0, 0, 0, 2, Glyndur_Tindel
P -2558.0000, -65.0000, 0.0000, 0, 0, 0, 2, Glidara_Myllar
P -2689.0000, 804.0000, 0.0000, 0, 0, 0, 2, Nybright_Sisters
P 583.0000, -738.0000, 0.0000, 0, 0, 0, 2, Elwinn_Prelliaen
P -666.5694, -510.1372, -4.5881, 0, 0, 0, 2, Leaf_Dao
P 963.2428, -1854.3877, -10.7032, 0, 0, 0, 2, Rainbethel_Geogo
P 1701.4352, -1061.2717, -5.0292, 0, 0, 0, 2, Happ_Dremblenod
P 1706.2101, -1078.2714, -4.9801, 0, 0, 0, 2, Cognoggin
P -3445.6890, -76.6953, -7.2646, 0, 0, 0, 2, Tera_Farkeep
P -3188.8079, 787.0580, -5.0282, 0, 0, 0, 2, Rithenmon_Dogain
P 1646.7798, 328.3306, -0.3503, 0, 0, 0, 2, Averna_Eisley
P -1205.6117, 311.8251, -3.5189, 0, 0, 0, 2, Vynn_Thrildur
P -774.6448, -1590.0680, -3.5143, 0, 0, 0, 2, Mithious_Scratch
P -2941.8931, -1935.2969, 11.6779, 0, 0, 0, 2, Telara
P -1668.0000, 559.0000, 0.0000, 0, 0, 0, 2, Orc_Chief
P -2246.6045, -42.5654, -3.7390, 0, 0, 0, 2, Larik_Z`Vole
P 1178.1537, -1772.4391, -5.0292, 0, 0, 0, 2, Nitalla
P -3618.2437, -1094.7847, -4.1682, 0, 0, 0, 2, Princess_Joleena
P -3617.3533, -1089.1980, -4.1176, 0, 0, 0, 2, Gearheart
P 1674.6039, -1071.3044, -4.3471, 0, 0, 0, 2, Trudo_Frugrin
P 1669.0363, -1076.0323, -4.3471, 0, 0, 0, 2, Bin_Fiddlekins
P 1708.9148, -1046.6311, -4.0370, 0, 0, 0, 2, Saben_Tucross
P 1608.1801, -1056.5618, 0.9730, 0, 0, 0, 2, Grynnaf_Einoom
P 1892.5276, -194.6057, -54.9600, 0, 0, 0, 2, Scout_Rahjiq
P -18.3980, 224.7534, 3.8047, 127, 64, 0, 2, Crookstinger_(Hunter,Roam)
P -814.8693, 248.7841, -5.0292, 127, 64, 0, 2, Mina_Glimmerwing_(Hunter,Roam)
P -3388.2593, 69.5791, -3.4410, 127, 64, 0, 2, Old_Dimshimmer_(Hunter,Roam,HS)
P -3146.0757, -1417.7085, 28.9436, 127, 64, 0, 2, Queen_Nasheeji_(Hunter)
P -2469.7449, -1058.2605, 28.9687, 127, 64, 0, 2, Whimsy_Larkwitter_(Hunter,Roam,HS)
