P 395.0000, 1410.0000, 90.0000, 255, 0, 0, 3, Zone_In
P 353.0000, 1017.0000, 90.0000, 255, 0, 0, 3, to_Cobalt_Scar_(click_tree)
P 405.4801, 1415.5826, 112.5059, 240, 0, 0, 2, Succor
P -411.0000, -1415.0000, -10.0000, 255, 255, 255, 2, Alice_Wing
P -168.0000, -432.0000, 0.0000, 255, 255, 255, 2, Audience
P 928.0000, -285.0000, 110.0000, 255, 255, 255, 2, Black_and_White_Room
P 927.0000, -443.0000, 110.0000, 255, 255, 255, 2, Black_and_White_Room
P -78.0000, -248.0000, 115.0000, 255, 255, 255, 2, Dining_Hall
P 957.0000, -821.0000, 120.0000, 255, 255, 255, 2, Chessboard
P 959.0000, -620.0000, 0.0000, 255, 255, 255, 2, Chessboard_A
P -157.0000, -676.0000, 0.0000, 255, 255, 255, 2, Chessboard_B
P 125.0000, -709.0000, 175.0000, 255, 255, 255, 2, Doors_Room
P 370.0000, 100.0000, 0.0000, 255, 255, 255, 2, Entrance
P 391.0000, -130.0000, 115.0000, 255, 255, 255, 2, Entry
P 417.0000, -1351.0000, 265.0000, 255, 255, 255, 2, Garden
P 1011.0000, -197.0000, 115.0000, 255, 255, 255, 2, Library
P -190.0000, -480.0000, 0.0000, 255, 255, 255, 2, Theatre
P -165.0000, -519.0000, 115.0000, 255, 255, 255, 2, Theatre
P 125.0000, -888.0000, 175.0000, 255, 255, 255, 2, Throne_Room
P -78.0000, -281.0000, 175.0000, 255, 255, 255, 2, Upside-Down_Wing-1
P -112.0000, -234.0000, 172.0000, 255, 255, 255, 2, Upside-Down-Wing-2
P 5.0000, -81.0000, 115.0000, 255, 255, 255, 2, West_Wing-2
P 177.0000, -122.0000, 115.0000, 255, 255, 255, 2, West_Wing-3
P 1084.0000, -821.0000, 120.0000, 0, 0, 255, 2, to_Alice_(click_chair)
P 102.4554, -230.5105, 116.4846, 0, 0, 240, 2, to_Black_and_White_Room_(click_book)
P -148.0000, -672.0000, 185.0000, 0, 0, 255, 2, to_Chessboard
P 42.0000, -353.0000, 165.0000, 0, 0, 255, 2, to_Doors_Room_(click_painting)
P 928.0000, -277.0000, 110.0000, 0, 0, 255, 2, to_Entry_(click_torch)
P 125.0000, -761.0000, 175.0000, 0, 0, 255, 2, to_Entry_(click_painting)
P 477.0000, -1889.0000, -10.0000, 0, 0, 255, 2, to_Entry_(click_painting)
P -402.0000, -1438.0000, -10.0000, 0, 0, 255, 2, to_Entry_(click_vase)
P 417.0000, -1471.0000, 265.0000, 0, 0, 240, 2, to_East_Wing_(click_vase)
P 154.0000, -148.0000, 115.0000, 0, 0, 255, 2, to_Garden_(click_pot)
P 819.0000, -45.0000, 115.0000, 0, 0, 255, 2, to_Theatre_(click_book)
P 95.0000, -673.0000, 175.0000, 255, 255, 0, 2, to_Throne_Room
P -232.0000, -222.0000, 172.0000, 255, 255, 0, 2, to_Upside-Down_Wing-1_(click_chandolier)
P -257.0000, -149.0000, 165.0000, 255, 255, 0, 2, to_Upside-Down_Wing-2
P 403.0000, -1249.0000, 265.0000, 0, 0, 240, 2, to_Upside-Down_Wing-1_(click_vase)
P 832.0000, -821.0000, 120.0000, 0, 0, 240, 2, to_Upside-Down_Wing-1_(click_chair)
P 26.3978, -46.9175, 117.2493, 0, 0, 255, 2, to_West_Wing-3_(click_torch)
P 175.0000, -65.0000, 115.0000, 0, 0, 255, 2, to_West_Wing-2_(click_painting)
P -302.0000, -542.0000, 0.0000, 255, 255, 0, 2, Loc#11
P 957.0000, -621.0000, 120.0000, 0, 0, 255, 2, from_Theatre
P -301.0000, -388.0000, 115.0000, 0, 0, 255, 2, from_East_Wing
P 916.0000, -97.0000, 115.0000, 0, 0, 255, 2, from_Garden
P 127.0000, -687.0000, 175.0000, 0, 0, 255, 2, from_Upside-Down_Wing
P -77.0545, -330.5473, 166.5621, 0, 0, 255, 2, Upside-Down_Wing-1
P 413.0000, -1520.0000, 265.0000, 0, 0, 255, 2, from_West_Wing
P -421.0000, -1426.0000, -10.0000, 0, 0, 255, 2, from_Chessboard
P 125.0000, -767.0000, 175.0000, 0, 0, 255, 2, from_Doors_Room
P 450.0000, -298.0000, 0.0000, 255, 255, 0, 2, ----SALVATION
P 160.0000, -300.0000, 0.0000, 255, 255, 0, 2, DEATH!!!----
P -290.0000, -393.0000, 0.0000, 0, 0, 0, 2, Book_A
P 817.0000, -46.0000, 0.0000, 0, 0, 0, 2, Book_a
P -201.9481, -170.7516, 96.4809, 240, 240, 0, 2, Fake_Wall
P -74.8346, -725.8146, 145.4398, 240, 240, 0, 2, Sliding_Door
P -59.4078, -726.7336, 145.4445, 240, 240, 0, 2, Fake_Wall
P -23.4263, -436.0460, 176.4463, 240, 240, 0, 2, Fake_Wall
P 931.1572, -513.7419, 116.4803, 0, 0, 0, 2, Jaxoa_Hrussin
P -25.0813, 640.3627, 92.4916, 240, 240, 0, 2, Invisible_Bridge
P 390.7650, 627.3379, 92.4866, 240, 240, 240, 2, Fake_Bridge
P 849.2659, 633.7694, 90.9707, 240, 240, 0, 2, Invisible_Bridge
P 838.8309, -827.5330, 124.9404, 0, 0, 0, 2, Leea_Brumplefoot
P 1227.5781, 77.6996, 90.9717, 0, 127, 127, 2, Clukker_The_Crazy_(Spontaneous_Generator)
P 1197.5519, 947.2438, 92.4894, 0, 127, 127, 2, Nahas_the_Treasure_Hunter
P 1079.0751, -824.8514, 124.9404, 0, 0, 0, 2, Ronald_Brumplefoot
P 527.0000, -1666.0000, -10.0000, 0, 0, 0, 2, The_Bunny_Behemoth
P 417.0000, -1291.0000, 265.0000, 0, 0, 0, 2, All-Seeing_Eye
P 121.0000, -683.0000, 175.0000, 0, 0, 0, 2, A_Mischievous_Jester
P 125.0000, -938.0000, 175.0000, 240, 127, 0, 2, Bristlebane_King_of_Thieves_(Raid)
P 99, -665, 171, 240, 127, 0, 2, the_Hidden_Jester_(Raid)
P 98.2846, -382.5382, 167.4715, 128, 64, 0, 2, an_asinine_ape_(Hunter)
P 140.0000, -130.0000, 115.0000, 128, 64, 0, 2, an_astray_hand_(Hunter)
P -277.0000, -188.0000, 162.0000, 128, 64, 0, 2, a_barmy_burglar_(Hunter)
P -180.0000, -218.0000, 115.0000, 128, 64, 0, 2, a_bogus_treasure_chest_(Hunter)
P -268.0325, -1409.7499, -9.9980, 127, 64, 0, 2, a_bouncing_bunny_(Hunter)
P 135.4933, 695.0425, 90.9717, 127, 64, 0, 2, Bzzibuzzana_(Hunter)
P 13.0000, -200.0000, 115.0000, 128, 64, 0, 2, a_craven_rascal_(Hunter)
P 720.0000, -708.0000, 115.0000, 128, 64, 0, 2, a_forsaken_hand_(Hunter)
P 387.0000, -93.0000, 115.0000, 128, 64, 0, 2, a_fraudulent_chest_(Hunter)
P -243.0000, -752.0000, 145.0000, 128, 64, 0, 2, a_frolicking_performer_(Hunter)
P -659.5050, 245.2782, 92.4841, 127, 64, 0, 2, a_funky_skunk_(Hunter)
P 809.0000, -64.0000, 115.0000, 128, 64, 0, 2, a_gifted_sphinx_(Hunter)
P 1026.0000, -146.0000, 115.0000, 128, 64, 0, 2, a_gorilla_prodigy_(Hunter)
P 112.9688, -587.6489, 116.4850, 127, 64, 0, 2, _a_gorilla_professor_(Hunter)
P 460.0000, -1300.0000, 265.0000, 128, 64, 0, 2, the_Grand_Gardener_(Hunter)
P 518.0000, -1413.0000, 265.0000, 128, 64, 0, 2, a_hedge_magus_(Hunter)
P 350.0000, -1080.0000, 265.0000, 128, 64, 0, 2, a_hedge_soldier_(Hunter)
P -544.3740, 765.6133, 92.4799, 127, 64, 0, 2, an_irratating_mushroom_(Hunter)
P 1507.6082, 296.2767, 90.9707, 127, 64, 0, 2, a_maddened_mushroom_man_(Hunter)
P -63.7953, -1305.6343, -9.9980, 128, 64, 0, 2, the_Master_of_Mayhem_(Hunter)
P -66.0000, -474.0000, 115.0000, 128, 64, 0, 2, a_method_actor_(Hunter)
P -164.6001, -395.0052, 163.4505, 128, 64, 0, 2, an_obsessed_patron_(Hunter)
P 120.0000, -489.0000, 165.0000, 128, 64, 0, 2, a_paradoxical_sphinx_(Hunter)
P 1156.0000, -348.0000, 115.0000, 128, 64, 0, 2, a_savvy_sphinx_(Hunter)
P -169.0000, -641.0000, 175.0000, 128, 64, 0, 2, a_theatre_fanatic_(Hunter)
P 346.0000, -868.0000, 115.0000, 128, 64, 0, 2, a_troublesome_charlatan_(Hunter)
P -268.0000, -538.0000, 175.0000, 128, 64, 0, 2, a_wicked_performer_(Hunter)
P -290.0000, -275.0000, 115.0000, 128, 64, 0, 2, a_witty_sphinx_(Hunter)