P -126.0000, 347.0000, -182.0000, 255, 0, 0, 3, to_The_Greater_Faydark
P -120.0000, 330.0000, -180.1875, 240, 0, 0, 2, Succor
P -100.8651, 202.9922, -157.9354, 255, 255, 0, 2, Fake_Wall
P -101.9145, 154.2828, -191.9354, 255, 255, 0, 2, Fake_Wall
P -338.2622, 84.1170, -238.6852, 255, 246, 0, 2, Fake_Wall
P -318.7318, 91.9483, -237.9041, 255, 255, 0, 2, Fake_Wall
P -333.6570, 50.5727, -237.9041, 255, 255, 0, 2, Fake_Wall
P -357.0000, 245.0000, -141.0000, 255, 255, 0, 2, Elevator
P -317.0000, 158.0000, -210.0000, 255, 255, 255, 2, Eirod_Haerod`s_Ledge
P -413.0000, 324.0000, -238.0000, 255, 255, 255, 2, Courtyard
P 58.0000, 141.0000, -192.0000, 255, 255, 255, 2, Secret_Passage
P 105.0000, 140.0000, -192.0000, 255, 255, 255, 2, Grand_Dining_Hall
P 3.0000, 142.0000, -196.0000, 255, 255, 255, 2, Grand_Ballroom
P -45.0000, 306.0000, -186.0000, 255, 255, 255, 2, Crypt
P 163.0000, -93.0000, -226.0000, 255, 255, 255, 2, Blood_Wolves
P -79.0000, 73.0000, -164.0000, 255, 255, 255, 2, Library
P 106.0000, 88.0000, -164.0000, 255, 255, 255, 2, Guest_Room
P 95.0244, 200.2670, -191.9354, 255, 255, 255, 2, Gargoyle_Lair
P -150.0000, 73.0000, 0.0000, 255, 255, 255, 2, Garden
P -46.0000, 357.0000, 0.0000, 255, 255, 255, 2, Mistmoore`s_Coffin
P 112.0000, -79.0000, 0.0000, 255, 255, 255, 2, Enynti`s_Ledge
P -392.0000, -89.0000, 0.0000, 255, 255, 255, 2, Graveyard
P -378.0000, 7.0000, 0.0000, 255, 255, 255, 2, Mausoleum
P -183.0000, 233.0000, 0.0000, 255, 255, 255, 2, Torture_Room
P -350.0000, 222.0000, 0.0000, 255, 255, 255, 2, Tower
P -91.4065, 184.9308, -158.9355, 255, 255, 255, 2, Spa
P -314.0000, 74.0000, 0.0000, 255, 255, 255, 2, Jail
P -0.2782, 56.1976, -177.9354, 255, 255, 255, 2, Balcony
P -40.0302, -123.0263, -194.2997, 0, 0, 240, 1, GS:_Gyrospire_Beza_Gyroscope_123`178`015
P -4.6910, 132.5184, -162.4050, 240, 240, 240, 2, Throne_Room
P -79.8872, 119.6056, -157.9354, 240, 240, 240, 2, Drawing_Room
P -3.8029, 4.5052, -191.9354, 240, 240, 240, 2, Entry_Hall
P 116.2486, 255.9943, -190.4162, 240, 240, 240, 2, Kitchen
P 120.3514, 325.3956, -190.4089, 240, 240, 240, 2, Servant`s_Quarters
P 77.8554, 328.1236, -190.4138, 240, 240, 240, 2, Servant`s_Quarters
P -82.4014, 133.4504, -190.4999, 240, 240, 240, 2, Recital_Chamber
P -150.3898, 96.1576, -194.3780, 240, 240, 240, 2, Garden
P -93.5985, -9.6672, -194.3824, 240, 240, 240, 2, Fountain
P -47.0344, 195.7126, -157.9354, 240, 240, 240, 2, Mayong`s_Bedroom
P -323.6894, 64.2046, -237.9041, 240, 240, 0, 2, Fake_Wall
P 56.4245, 86.3494, -191.9354, 240, 240, 0, 2, Fake_Wall
P 56.1487, 192.5123, -191.9354, 240, 240, 0, 2, Fake_Wall
P -23.1607, 132.3857, -156.5860, 0, 0, 0, 2, Princess_Cherista
P -380.9764, 192.1920, -209.9039, 0, 0, 0, 2, The_Stone_Guardian
P -6.2478, -121.0668, -194.3704, 0, 0, 0, 2, Xicotl
P -94.9176, 21.1152, -195.3940, 0, 0, 240, 1, GS:_Dusty_Ribcage
P -359.2291, 58.9790, -236.3655, 0, 0, 0, 2, Ssynthi
P -410.6185, -18.8713, -236.3784, 0, 0, 240, 1, GS:_Rune_of_Yirno
P -307.8613, 151.4396, -208.3640, 0, 0, 0, 2, Eirod_Haerod
P 108.9280, -82.2503, -222.3913, 0, 0, 0, 2, Enynti
P -339.6220, 231.0726, -138.4162, 0, 0, 240, 1, GS:_Taste_of_Enticement_(Mushroom)
P 123.7341, 135.1859, -159.3372, 0, 0, 240, 1, GS:_Leatherbound_Journal
P -323.7154, 67.4245, -236.3700, 127, 64, 0, 2, an_avenging_caitiff_(Hunter,Roam)
P 112.3683, 316.0234, -191.9354, 127, 64, 0, 2, Butler_Syncall_(Hunter)
P -74.8403, 5.7387, -196.9042, 127, 64, 0, 2, a_cloaked_dhampyre_(Hunter)
P -352.3016, 205.5200, -139.9353, 127, 64, 0, 2, Garton_Viswin_(Hunter)
P -515.1234, 385.7250, -222.3699, 127, 64, 0, 2, a_glyphed_ghoul_(Hunter)
P -89.7014, 175.5910, -165.9353, 127, 64, 0, 2, Lasna_Cheroon_(Hunter)
P 88.6142, 338.4757, -191.9354, 127, 64, 0, 2, Maid_Issis_(Hunter)
P 13.4720, 151.1931, -195.9041, 127, 64, 0, 2, Mynthi_Davissi_(Hunter)