P 209.0000, 324.0000, 4.6875, 255, 0, 0, 3, to_The_Plane_of_Knowledge_(Click_Book)
P -1764.1460, 496.6590, 49.4138, 255, 0, 0, 3, to_The_Liberated_Citadel_of_Runnyeye
P 1490.2926, -180.7164, 42.8356, 255, 0, 0, 3, to_Rivervale
P 585.4259, 452.8116, 33.0148, 240, 0, 0, 2, Druid_Ring
P -662.0000, 7.0000, -0.9082, 240, 0, 0, 2, Succor
P -1010.8536, -71.7107, 32.8048, 240, 240, 240, 2, Haunted_Obelisk
P -1197.7461, -877.6395, 27.7734, 240, 240, 240, 2, Orc_Camp
P -1570.1716, -810.8893, 27.2242, 240, 240, 240, 2, Orc_Camp
P -1624.0347, -67.1863, 35.3416, 240, 240, 240, 2, Goblin_Camp

P 1232.6992, -102.4930, 10.0795, 0, 128, 0, 2, Hanga_Higglebun_(Smithing)
P 1129.3743, -394.5789, 16.0488, 0, 127, 0, 2, Tipa_Lighten_(Tailoring)
P 1184.8748, -470.4555, 15.4845, 0, 127, 0, 2, Topper_Drodo_(Pottery)
P 1129.3678, -459.7636, 15.6886, 0, 127, 0, 2, Sonsa_Fromp_(Tailoring)
P 1308.8762, -787.3011, 13.8577, 0, 127, 0, 2, Bim_Buskin_(Baking)
P 989.7667, -730.0592, 11.3390, 0, 0, 0, 2, Haela_Higglebun
P 871.6118, -383.0473, 85.3531, 240, 240, 240, 2, Watch_Tower
P -1038.8257, 797.7452, 29.8467, 240, 240, 240, 2, Goblin_Camp
P -1328.2655, 794.0281, 35.5062, 240, 240, 240, 2, Goblin_Camp
P -1611.4985, 725.4869, 60.9659, 240, 240, 240, 2, Goblin_Camp
P -744.8311, 622.3441, 41.9433, 240, 240, 240, 2, Shadowed_Assassins
P -387.9610, 694.1612, -0.2679, 240, 240, 240, 2, Angry_Farmers
P 1179.0682, 350.7899, 8.7289, 240, 240, 240, 2, Diseased_Rats
P 1165.8230, 613.6505, 18.2376, 0, 0, 0, 2, Rusbek_the_Inhospitable
P 240.5450, -890.4207, 6.5690, 0, 0, 0, 2, Arima_Fae
P 1152.1998, -803.4764, 10.9632, 0, 0, 0, 2, Old_Gourdhead
P 907.0212, -159.0835, 40.3873, 0, 0, 0, 2, Simeena_Sukan
P 531.5364, 466.7367, 32.0013, 0, 0, 0, 2, Faano_Windmaker
P 508.3139, 446.6159, 31.3056, 0, 0, 0, 2, Felawen_Kellthoo
P 545.9197, 415.2222, 31.9494, 0, 0, 0, 2, Relia_Wastein
P 1148.4269, 608.5062, 18.4435, 0, 0, 0, 2, Cozy
P 1176.8914, 616.0145, 18.4977, 0, 0, 0, 2, Rufus
P -572.9045, 86.3034, 2.3175, 0, 0, 0, 2, Fajio_Knejo
P -389.2272, 722.7236, 2.0381, 0, 0, 0, 2, Nettle_Higglesbury
P -466.4726, 580.9854, 77.6943, 0, 0, 0, 2, Bronin_Higginsbot
P -488.9789, 561.2877, 77.7290, 0, 0, 0, 2, Brock_Brawlbottom
P -851.2255, -668.5639, 26.0193, 0, 0, 0, 2, epicurean_halfling
P -722.1666, -332.5520, 1.7983, 0, 0, 0, 2, Tain_Whistleburrow
P 902.3765, -190.8225, 46.0687, 0, 0, 0, 2, Bidils_the_Quickhand
P 1303.5583, -240.7400, 36.8736, 0, 0, 0, 2, Swish_Appletop
P 1191.2007, 610.7376, 19.3607, 0, 0, 0, 2, Joogl_Honeybugger
P 1199.1873, 618.4633, 19.3607, 0, 0, 0, 2, Lil_Honeybugger
P -1372.4645, 631.4811, 22.7957, 0, 0, 0, 2, Ferrigon_Hepplebottom
P 497.9895, -266.3130, 10.1428, 0, 0, 0, 2, Blixkin_Entopop_(Roam)
P -1422.4088, -511.4057, 10.3748, 0, 0, 0, 2, an_orc_lumberjack_(Roam)
P -749.5555, -665.5380, 77.6569, 0, 0, 0, 2, a_bixie_queen
P 1155.6444, -808.3158, 11.4617, 0, 0, 0, 2, Old_Gourdhead
P -35.6616, 555.6259, -7.4163, 0, 0, 0, 2, Prince_Klaknak
P -1527.6991, 687.3224, 53.4474, 0, 0, 0, 2, Mooto_(Roam)
P 427.6309, 633.1580, 13.9674, 0, 0, 0, 2, Princess_Klaknak_(Roam)
P 640.0338, -464.3143, 6.8363, 0, 0, 0, 2, Queen_Klaknak_(Roam,HS)
P -1324.0386, 794.8679, 35.3710, 127, 64, 0, 2, a_goblin_alchemist_(Hunter)
P -1624.9928, 707.0322, 60.8811, 127, 64, 0, 2, a_goblin_alchemist_(Hunter)
P -1650.9772, -67.7060, 36.0038, 127, 64, 0, 2, a_goblin_alchemist_(Hunter)
P -1057.9949, 780.3542, 29.6596, 127, 64, 0, 2, a_goblin_alchemist_(Hunter)
P -1314.1897, -305.2080, -19.0358, 127, 64, 0, 2, a_goblin_alchemist_(Hunter,Roam)