L -1637.0, -93.0, 36.0, -1636.0, -90.0, 36.0, 150, 150, 150
L -1637.0, -99.0, 36.0, -1637.0, -93.0, 36.0, 150, 150, 150
L -1637.0, -101.0, 36.0, -1637.0, -99.0, 36.0, 150, 150, 150
L -1628.0, -106.0, 36.0, -1637.0, -101.0, 36.0, 150, 150, 150
L -1621.0, -102.0, 36.0, -1628.0, -106.0, 36.0, 150, 150, 150
L -1620.0, -101.0, 36.0, -1621.0, -102.0, 36.0, 150, 150, 150
L -1620.0, -92.0, 36.0, -1620.0, -101.0, 36.0, 150, 150, 150
L -1624.0, -89.0, 38.0, -1620.0, -92.0, 36.0, 150, 150, 150
L -1632.0, -88.0, 36.0, -1624.0, -89.0, 38.0, 150, 150, 150
L -1636.0, -90.0, 36.0, -1632.0, -88.0, 36.0, 150, 150, 150
L -1656.0, -74.0, 37.0, -1662.0, -80.0, 37.0, 150, 150, 150
L -1655.0, -59.0, 37.0, -1656.0, -74.0, 37.0, 150, 150, 150
L -1665.0, -54.0, 38.0, -1655.0, -59.0, 37.0, 150, 150, 150
L -1673.0, -53.0, 38.0, -1665.0, -54.0, 38.0, 150, 150, 150
L -1678.0, -60.0, 39.0, -1673.0, -53.0, 38.0, 150, 150, 150
L -1680.0, -69.0, 38.0, -1678.0, -60.0, 39.0, 150, 150, 150
L -1674.0, -77.0, 38.0, -1680.0, -69.0, 38.0, 150, 150, 150
L -1673.0, -78.0, 38.0, -1674.0, -77.0, 38.0, 150, 150, 150
L -1662.0, -80.0, 38.0, -1673.0, -78.0, 38.0, 150, 150, 150
L -1581.0, -812.0, 28.0, -1585.0, -811.0, 28.0, 255, 0, 0
L -1578.0, -808.0, 28.0, -1581.0, -812.0, 28.0, 255, 0, 0
L -1580.0, -805.0, 28.0, -1578.0, -808.0, 28.0, 255, 0, 0
L -1586.0, -810.0, 28.0, -1580.0, -805.0, 28.0, 255, 0, 0
L -1585.0, -811.0, 28.0, -1586.0, -810.0, 28.0, 255, 0, 0
L -1207.0, -891.0, 29.0, -1205.0, -884.0, 29.0, 255, 0, 0
L -1201.0, -889.0, 29.0, -1207.0, -891.0, 29.0, 255, 0, 0
L -1200.0, -886.0, 29.0, -1201.0, -889.0, 29.0, 255, 0, 0
L -1205.0, -884.0, 29.0, -1200.0, -886.0, 29.0, 255, 0, 0
L -1572.0, -864.0, 28.0, -1583.0, -860.0, 28.0, 0, 0, 0
L -1557.0, -869.0, 28.0, -1572.0, -864.0, 28.0, 0, 0, 0
L -1551.0, -858.0, 28.0, -1557.0, -869.0, 28.0, 0, 0, 0
L -1549.0, -854.0, 28.0, -1551.0, -858.0, 28.0, 0, 0, 0
L -1552.0, -847.0, 28.0, -1549.0, -854.0, 28.0, 0, 0, 0
L -1558.0, -845.0, 28.0, -1552.0, -847.0, 28.0, 0, 0, 0
L -1565.0, -841.0, 28.0, -1558.0, -845.0, 28.0, 0, 0, 0
L -1572.0, -848.0, 28.0, -1565.0, -841.0, 28.0, 0, 0, 0
L -1578.0, -854.0, 28.0, -1572.0, -848.0, 28.0, 0, 0, 0
L -1583.0, -860.0, 28.0, -1578.0, -854.0, 28.0, 0, 0, 0
L -1625.0, -835.0, 28.0, -1619.0, -832.0, 28.0, 0, 0, 0
L -1631.0, -839.0, 28.0, -1625.0, -835.0, 28.0, 0, 0, 0
L -1634.0, -842.0, 28.0, -1631.0, -839.0, 28.0, 0, 0, 0
L -1638.0, -847.0, 28.0, -1634.0, -842.0, 28.0, 0, 0, 0
L -1630.0, -856.0, 28.0, -1638.0, -847.0, 28.0, 0, 0, 0
L -1611.0, -871.0, 28.0, -1630.0, -856.0, 28.0, 0, 0, 0
L -1603.0, -863.0, 28.0, -1611.0, -871.0, 28.0, 0, 0, 0
L -1599.0, -859.0, 28.0, -1603.0, -863.0, 28.0, 0, 0, 0
L -1595.0, -852.0, 28.0, -1599.0, -859.0, 28.0, 0, 0, 0
L -1619.0, -832.0, 28.0, -1595.0, -852.0, 28.0, 0, 0, 0
L -1627.0, -781.0, 29.0, -1618.0, -783.0, 29.0, 0, 0, 0
L -1642.0, -779.0, 30.0, -1627.0, -781.0, 29.0, 0, 0, 0
L -1648.0, -808.0, 29.0, -1642.0, -779.0, 30.0, 0, 0, 0
L -1642.0, -812.0, 28.0, -1648.0, -808.0, 29.0, 0, 0, 0
L -1626.0, -815.0, 28.0, -1642.0, -812.0, 28.0, 0, 0, 0
L -1620.0, -795.0, 28.0, -1626.0, -815.0, 28.0, 0, 0, 0
L -1618.0, -783.0, 28.0, -1620.0, -795.0, 28.0, 0, 0, 0
L -1616.0, -743.0, 31.0, -1595.0, -740.0, 29.0, 0, 0, 0
L -1617.0, -743.0, 31.0, -1616.0, -743.0, 31.0, 0, 0, 0
L -1620.0, -755.0, 30.0, -1617.0, -743.0, 31.0, 0, 0, 0
L -1620.0, -761.0, 30.0, -1620.0, -755.0, 30.0, 0, 0, 0
L -1603.0, -765.0, 29.0, -1620.0, -761.0, 30.0, 0, 0, 0
L -1589.0, -748.0, 28.0, -1603.0, -765.0, 29.0, 0, 0, 0
L -1595.0, -740.0, 29.0, -1589.0, -748.0, 28.0, 0, 0, 0
L -1230.0, -900.0, 29.0, -1226.0, -909.0, 30.0, 0, 0, 0
L -1234.0, -887.0, 27.0, -1230.0, -900.0, 29.0, 0, 0, 0
L -1237.0, -886.0, 27.0, -1234.0, -887.0, 27.0, 0, 0, 0
L -1256.0, -904.0, 29.0, -1237.0, -886.0, 27.0, 0, 0, 0
L -1235.0, -908.0, 30.0, -1256.0, -904.0, 29.0, 0, 0, 0
L -1226.0, -909.0, 30.0, -1235.0, -908.0, 30.0, 0, 0, 0
L -1214.0, -917.0, 30.0, -1181.0, -908.0, 29.0, 0, 0, 0
L -1216.0, -921.0, 30.0, -1214.0, -917.0, 30.0, 0, 0, 0
L -1211.0, -942.0, 31.0, -1216.0, -921.0, 30.0, 0, 0, 0
L -1190.0, -935.0, 29.0, -1211.0, -942.0, 31.0, 0, 0, 0
L -1177.0, -930.0, 29.0, -1190.0, -935.0, 29.0, 0, 0, 0
L -1181.0, -908.0, 29.0, -1177.0, -930.0, 29.0, 0, 0, 0
L -1175.0, -881.0, 28.0, -1174.0, -864.0, 28.0, 0, 0, 0
L -1176.0, -890.0, 30.0, -1175.0, -881.0, 28.0, 0, 0, 0
L -1158.0, -886.0, 29.0, -1176.0, -890.0, 30.0, 0, 0, 0
L -1150.0, -884.0, 29.0, -1158.0, -886.0, 29.0, 0, 0, 0
L -1150.0, -879.0, 28.0, -1150.0, -884.0, 29.0, 0, 0, 0
L -1174.0, -864.0, 28.0, -1150.0, -879.0, 28.0, 0, 0, 0
L -1078.0, 780.0, 31.0, -1066.0, 783.0, 30.0, 150, 150, 150
L -1078.0, 766.0, 30.0, -1078.0, 780.0, 31.0, 150, 150, 150
L -1075.0, 764.0, 31.0, -1078.0, 766.0, 30.0, 150, 150, 150
L -1066.0, 764.0, 30.0, -1075.0, 764.0, 31.0, 150, 150, 150
L -1063.0, 766.0, 31.0, -1066.0, 764.0, 30.0, 150, 150, 150
L -1060.0, 771.0, 30.0, -1063.0, 766.0, 31.0, 150, 150, 150
L -1060.0, 773.0, 30.0, -1060.0, 771.0, 30.0, 150, 150, 150
L -1066.0, 783.0, 30.0, -1060.0, 773.0, 30.0, 150, 150, 150
L -1073.0, 824.0, 30.0, -1069.0, 816.0, 30.0, 150, 150, 150
L -1080.0, 825.0, 30.0, -1073.0, 824.0, 30.0, 150, 150, 150
L -1088.0, 818.0, 30.0, -1080.0, 825.0, 30.0, 150, 150, 150
L -1088.0, 814.0, 31.0, -1088.0, 818.0, 30.0, 150, 150, 150
L -1087.0, 811.0, 31.0, -1088.0, 814.0, 31.0, 150, 150, 150
L -1083.0, 807.0, 30.0, -1087.0, 811.0, 31.0, 150, 150, 150
L -1073.0, 808.0, 30.0, -1083.0, 807.0, 30.0, 150, 150, 150
L -1069.0, 816.0, 30.0, -1073.0, 808.0, 30.0, 150, 150, 150
L -1029.0, 832.0, 30.0, -1031.0, 827.0, 30.0, 150, 150, 150
L -1030.0, 841.0, 30.0, -1029.0, 832.0, 30.0, 150, 150, 150
L -1040.0, 845.0, 30.0, -1030.0, 841.0, 30.0, 150, 150, 150
L -1041.0, 844.0, 30.0, -1040.0, 845.0, 30.0, 150, 150, 150
L -1046.0, 838.0, 31.0, -1041.0, 844.0, 30.0, 150, 150, 150
L -1042.0, 827.0, 30.0, -1046.0, 838.0, 31.0, 150, 150, 150
L -1031.0, 827.0, 30.0, -1042.0, 827.0, 30.0, 150, 150, 150
L -1011.0, 804.0, 30.0, -1008.0, 800.0, 30.0, 150, 150, 150
L -1014.0, 811.0, 30.0, -1011.0, 804.0, 30.0, 150, 150, 150
L -1005.0, 820.0, 30.0, -1014.0, 811.0, 30.0, 150, 150, 150
L -1001.0, 819.0, 31.0, -1005.0, 820.0, 30.0, 150, 150, 150
L -997.0, 816.0, 31.0, -1001.0, 819.0, 31.0, 150, 150, 150
L -996.0, 809.0, 31.0, -997.0, 816.0, 31.0, 150, 150, 150
L -1000.0, 802.0, 31.0, -996.0, 809.0, 31.0, 150, 150, 150
L -1008.0, 800.0, 30.0, -1000.0, 802.0, 31.0, 150, 150, 150
L -736.0, 618.0, 43.0, -743.0, 619.0, 42.0, 255, 0, 0
L -737.0, 624.0, 43.0, -736.0, 618.0, 43.0, 255, 0, 0
L -743.0, 619.0, 42.0, -737.0, 624.0, 43.0, 255, 0, 0
L 1115.0, 350.0, 8.0, 1129.0, 353.0, 8.0, 0, 0, 0
L 1114.0, 329.0, 8.0, 1115.0, 350.0, 8.0, 0, 0, 0
L 1129.0, 329.0, 8.0, 1114.0, 329.0, 8.0, 0, 0, 0
L 1129.0, 353.0, 8.0, 1129.0, 329.0, 8.0, 0, 0, 0
L 1121.0, 406.0, 11.0, 1127.0, 407.0, 11.0, 0, 0, 0
L 1114.0, 405.0, 11.0, 1121.0, 406.0, 11.0, 0, 0, 0
L 1113.0, 384.0, 10.0, 1114.0, 405.0, 11.0, 0, 0, 0
L 1125.0, 382.0, 9.0, 1113.0, 384.0, 10.0, 0, 0, 0
L 1127.0, 407.0, 10.0, 1125.0, 382.0, 9.0, 0, 0, 0
L 1197.0, 424.0, 12.0, 1199.0, 395.0, 12.0, 0, 0, 0
L 1214.0, 426.0, 13.0, 1197.0, 424.0, 12.0, 0, 0, 0
L 1216.0, 397.0, 12.0, 1214.0, 426.0, 13.0, 0, 0, 0
L 1204.0, 395.0, 13.0, 1216.0, 397.0, 12.0, 0, 0, 0
L 1199.0, 395.0, 13.0, 1204.0, 395.0, 13.0, 0, 0, 0
L 1201.0, 353.0, 11.0, 1201.0, 328.0, 10.0, 0, 0, 0
L 1214.0, 355.0, 10.0, 1201.0, 353.0, 11.0, 0, 0, 0
L 1215.0, 350.0, 10.0, 1214.0, 355.0, 10.0, 0, 0, 0
L 1214.0, 331.0, 10.0, 1215.0, 350.0, 10.0, 0, 0, 0
L 1208.0, 329.0, 10.0, 1214.0, 331.0, 10.0, 0, 0, 0
L 1201.0, 328.0, 10.0, 1208.0, 329.0, 10.0, 0, 0, 0
L 1188.0, 284.0, 9.0, 1181.0, 284.0, 9.0, 0, 0, 0
L 1198.0, 284.0, 11.0, 1188.0, 284.0, 9.0, 0, 0, 0
L 1209.0, 285.0, 11.0, 1198.0, 284.0, 11.0, 0, 0, 0
L 1210.0, 270.0, 10.0, 1209.0, 285.0, 11.0, 0, 0, 0
L 1185.0, 269.0, 9.0, 1210.0, 270.0, 10.0, 0, 0, 0
L 1182.0, 273.0, 9.0, 1185.0, 269.0, 9.0, 0, 0, 0
L 1181.0, 284.0, 9.0, 1182.0, 273.0, 9.0, 0, 0, 0
L 1189.0, 607.0, 19.0, 1185.0, 612.0, 19.0, 0, 0, 0
L 1194.0, 606.0, 19.0, 1189.0, 607.0, 19.0, 0, 0, 0
L 1198.0, 607.0, 19.0, 1194.0, 606.0, 19.0, 0, 0, 0
L 1204.0, 611.0, 19.0, 1198.0, 607.0, 19.0, 0, 0, 0
L 1205.0, 612.0, 19.0, 1204.0, 611.0, 19.0, 0, 0, 0
L 1206.0, 622.0, 19.0, 1205.0, 612.0, 19.0, 0, 0, 0
L 1203.0, 626.0, 19.0, 1206.0, 622.0, 19.0, 0, 0, 0
L 1200.0, 629.0, 19.0, 1203.0, 626.0, 19.0, 0, 0, 0
L 1195.0, 630.0, 19.0, 1200.0, 629.0, 19.0, 0, 0, 0
L 1191.0, 629.0, 19.0, 1195.0, 630.0, 19.0, 0, 0, 0
L 1185.0, 624.0, 19.0, 1191.0, 629.0, 19.0, 0, 0, 0
L 1183.0, 617.0, 19.0, 1185.0, 624.0, 19.0, 0, 0, 0
L 1149.0, 629.0, 19.0, 1156.0, 624.0, 19.0, 0, 0, 0
L 1148.0, 630.0, 19.0, 1149.0, 629.0, 19.0, 0, 0, 0
L 1147.0, 639.0, 19.0, 1148.0, 630.0, 19.0, 0, 0, 0
L 1149.0, 643.0, 19.0, 1147.0, 639.0, 19.0, 0, 0, 0
L 1154.0, 646.0, 19.0, 1149.0, 643.0, 19.0, 0, 0, 0
L 1162.0, 647.0, 19.0, 1154.0, 646.0, 19.0, 0, 0, 0
L 1168.0, 642.0, 19.0, 1162.0, 647.0, 19.0, 0, 0, 0
L 1169.0, 641.0, 19.0, 1168.0, 642.0, 19.0, 0, 0, 0
L 1170.0, 633.0, 19.0, 1169.0, 641.0, 19.0, 0, 0, 0
L 1167.0, 627.0, 19.0, 1170.0, 633.0, 19.0, 0, 0, 0
L 1242.0, -106.0, 11.0, 1238.0, -109.0, 10.0, 0, 0, 0
L 1244.0, -103.0, 11.0, 1242.0, -106.0, 11.0, 0, 0, 0
L 1245.0, -95.0, 11.0, 1244.0, -103.0, 11.0, 0, 0, 0
L 1242.0, -90.0, 10.0, 1245.0, -95.0, 11.0, 0, 0, 0
L 1238.0, -87.0, 10.0, 1242.0, -90.0, 10.0, 0, 0, 0
L 1234.0, -86.0, 10.0, 1238.0, -87.0, 10.0, 0, 0, 0
L 1229.0, -87.0, 10.0, 1234.0, -86.0, 10.0, 0, 0, 0
L 1225.0, -89.0, 10.0, 1229.0, -87.0, 10.0, 0, 0, 0
L 1223.0, -93.0, 10.0, 1225.0, -89.0, 10.0, 0, 0, 0
L 1222.0, -100.0, 10.0, 1223.0, -93.0, 10.0, 0, 0, 0
L 1226.0, -109.0, 10.0, 1222.0, -100.0, 10.0, 0, 0, 0
L 1134.0, -387.0, 16.0, 1136.0, -391.0, 16.0, 0, 0, 0
L 1131.0, -384.0, 16.0, 1134.0, -387.0, 16.0, 0, 0, 0
L 1127.0, -382.0, 16.0, 1131.0, -384.0, 16.0, 0, 0, 0
L 1122.0, -382.0, 16.0, 1127.0, -382.0, 16.0, 0, 0, 0
L 1117.0, -384.0, 15.0, 1122.0, -382.0, 16.0, 0, 0, 0
L 1114.0, -389.0, 16.0, 1117.0, -384.0, 15.0, 0, 0, 0
L 1112.0, -396.0, 16.0, 1114.0, -389.0, 16.0, 0, 0, 0
L 1114.0, -400.0, 16.0, 1112.0, -396.0, 16.0, 0, 0, 0
L 1118.0, -404.0, 16.0, 1114.0, -400.0, 16.0, 0, 0, 0
L 1121.0, -405.0, 16.0, 1118.0, -404.0, 16.0, 0, 0, 0
L 1126.0, -405.0, 16.0, 1121.0, -405.0, 16.0, 0, 0, 0
L 1131.0, -404.0, 16.0, 1126.0, -405.0, 16.0, 0, 0, 0
L 1134.0, -401.0, 16.0, 1131.0, -404.0, 16.0, 0, 0, 0
L 1171.0, -469.0, 15.0, 1169.0, -475.0, 15.0, 0, 0, 0
L 1177.0, -464.0, 16.0, 1171.0, -469.0, 15.0, 0, 0, 0
L 1182.0, -463.0, 16.0, 1177.0, -464.0, 16.0, 0, 0, 0
L 1192.0, -471.0, 16.0, 1189.0, -466.0, 16.0, 0, 0, 0
L 1192.0, -477.0, 15.0, 1192.0, -471.0, 16.0, 0, 0, 0
L 1191.0, -481.0, 15.0, 1192.0, -477.0, 15.0, 0, 0, 0
L 1188.0, -484.0, 15.0, 1191.0, -481.0, 15.0, 0, 0, 0
L 1184.0, -486.0, 15.0, 1188.0, -484.0, 15.0, 0, 0, 0
L 1180.0, -487.0, 15.0, 1184.0, -486.0, 15.0, 0, 0, 0
L 1173.0, -483.0, 15.0, 1180.0, -487.0, 15.0, 0, 0, 0
L 1169.0, -475.0, 15.0, 1173.0, -483.0, 15.0, 0, 0, 0
L 1121.0, -459.0, 15.0, 1123.0, -455.0, 15.0, 0, 0, 0
L 1120.0, -464.0, 15.0, 1121.0, -459.0, 15.0, 0, 0, 0
L 1122.0, -468.0, 15.0, 1120.0, -464.0, 15.0, 0, 0, 0
L 1125.0, -472.0, 15.0, 1122.0, -468.0, 15.0, 0, 0, 0
L 1129.0, -474.0, 15.0, 1125.0, -472.0, 15.0, 0, 0, 0
L 1133.0, -474.0, 15.0, 1129.0, -474.0, 15.0, 0, 0, 0
L 1138.0, -473.0, 15.0, 1133.0, -474.0, 15.0, 0, 0, 0
L 1142.0, -470.0, 15.0, 1138.0, -473.0, 15.0, 0, 0, 0
L 1143.0, -466.0, 15.0, 1142.0, -470.0, 15.0, 0, 0, 0
L 1144.0, -460.0, 15.0, 1143.0, -466.0, 15.0, 0, 0, 0
L 1143.0, -456.0, 16.0, 1144.0, -460.0, 15.0, 0, 0, 0
L 1140.0, -453.0, 16.0, 1143.0, -456.0, 16.0, 0, 0, 0
L 1135.0, -451.0, 16.0, 1140.0, -453.0, 16.0, 0, 0, 0
L 1128.0, -452.0, 15.0, 1135.0, -451.0, 16.0, 0, 0, 0
L 737.0, -507.0, 30.0, 734.0, -499.0, 30.0, 0, 0, 0
L 740.0, -516.0, 30.0, 737.0, -507.0, 30.0, 0, 0, 0
L 744.0, -524.0, 29.0, 740.0, -516.0, 30.0, 0, 0, 0
L 755.0, -517.0, 31.0, 744.0, -524.0, 29.0, 0, 0, 0
L 750.0, -504.0, 31.0, 755.0, -517.0, 31.0, 0, 0, 0
L 747.0, -496.0, 31.0, 750.0, -504.0, 31.0, 0, 0, 0
L 741.0, -496.0, 31.0, 747.0, -496.0, 31.0, 0, 0, 0
L 734.0, -499.0, 30.0, 741.0, -496.0, 31.0, 0, 0, 0
L 714.0, -476.0, 28.0, 715.0, -460.0, 29.0, 0, 0, 0
L 713.0, -483.0, 28.0, 714.0, -476.0, 28.0, 0, 0, 0
L 716.0, -485.0, 28.0, 713.0, -483.0, 28.0, 0, 0, 0
L 728.0, -484.0, 30.0, 716.0, -485.0, 28.0, 0, 0, 0
L 729.0, -469.0, 31.0, 728.0, -484.0, 30.0, 0, 0, 0
L 727.0, -460.0, 31.0, 729.0, -469.0, 31.0, 0, 0, 0
L 715.0, -460.0, 29.0, 727.0, -460.0, 31.0, 0, 0, 0
L 712.0, -281.0, 23.0, 718.0, -285.0, 25.0, 0, 0, 0
L 705.0, -280.0, 22.0, 712.0, -281.0, 23.0, 0, 0, 0
L 700.0, -289.0, 22.0, 705.0, -280.0, 22.0, 0, 0, 0
L 697.0, -294.0, 23.0, 700.0, -289.0, 22.0, 0, 0, 0
L 696.0, -295.0, 23.0, 697.0, -294.0, 23.0, 0, 0, 0
L 708.0, -304.0, 25.0, 696.0, -295.0, 23.0, 0, 0, 0
L 718.0, -285.0, 25.0, 708.0, -304.0, 25.0, 0, 0, 0
L 910.0, -189.0, 45.0, 910.0, -199.0, 47.0, 0, 0, 0
L 901.0, -186.0, 46.0, 910.0, -189.0, 45.0, 0, 0, 0
L 886.0, -187.0, 46.0, 901.0, -186.0, 46.0, 0, 0, 0
L 885.0, -172.0, 41.0, 886.0, -187.0, 46.0, 0, 0, 0
L 886.0, -171.0, 41.0, 885.0, -172.0, 41.0, 0, 0, 0
L 898.0, -171.0, 43.0, 886.0, -171.0, 41.0, 0, 0, 0
L 907.0, -171.0, 44.0, 898.0, -171.0, 43.0, 0, 0, 0
L 912.0, -174.0, 44.0, 907.0, -171.0, 44.0, 0, 0, 0
L 925.0, -174.0, 44.0, 912.0, -174.0, 44.0, 0, 0, 0
L 924.0, -183.0, 45.0, 925.0, -174.0, 44.0, 0, 0, 0
L 925.0, -197.0, 46.0, 924.0, -183.0, 45.0, 0, 0, 0
L 918.0, -200.0, 47.0, 925.0, -197.0, 46.0, 0, 0, 0
L 914.0, -201.0, 47.0, 918.0, -200.0, 47.0, 0, 0, 0
L 910.0, -199.0, 47.0, 914.0, -201.0, 47.0, 0, 0, 0
L 1008.0, -280.0, 23.0, 997.0, -286.0, 26.0, 0, 0, 0
L 1002.0, -263.0, 23.0, 1008.0, -280.0, 23.0, 0, 0, 0
L 1001.0, -263.0, 23.0, 1002.0, -263.0, 23.0, 0, 0, 0
L 991.0, -265.0, 27.0, 1001.0, -263.0, 23.0, 0, 0, 0
L 993.0, -273.0, 31.0, 991.0, -265.0, 27.0, 0, 0, 0
L 997.0, -286.0, 28.0, 993.0, -273.0, 31.0, 0, 0, 0
L 1018.0, -422.0, 27.0, 1010.0, -422.0, 30.0, 0, 0, 0
L 1021.0, -419.0, 26.0, 1018.0, -422.0, 27.0, 0, 0, 0
L 1020.0, -402.0, 26.0, 1021.0, -419.0, 26.0, 0, 0, 0
L 1011.0, -401.0, 31.0, 1020.0, -402.0, 26.0, 0, 0, 0
L 1010.0, -422.0, 31.0, 1011.0, -401.0, 31.0, 0, 0, 0
L 955.0, -553.0, 37.0, 961.0, -556.0, 36.0, 0, 0, 0
L 952.0, -549.0, 37.0, 955.0, -553.0, 37.0, 0, 0, 0
L 959.0, -540.0, 38.0, 952.0, -549.0, 37.0, 0, 0, 0
L 966.0, -527.0, 39.0, 959.0, -540.0, 38.0, 0, 0, 0
L 979.0, -536.0, 38.0, 966.0, -527.0, 39.0, 0, 0, 0
L 979.0, -538.0, 38.0, 979.0, -536.0, 38.0, 0, 0, 0
L 968.0, -548.0, 38.0, 979.0, -538.0, 38.0, 0, 0, 0
L 961.0, -556.0, 36.0, 968.0, -548.0, 38.0, 0, 0, 0
L 996.0, -737.0, 11.0, 991.0, -740.0, 11.0, 0, 0, 0
L 995.0, -721.0, 11.0, 997.0, -725.0, 11.0, 0, 0, 0
L 991.0, -718.0, 11.0, 995.0, -721.0, 11.0, 0, 0, 0
L 984.0, -718.0, 12.0, 991.0, -718.0, 11.0, 0, 0, 0
L 977.0, -722.0, 12.0, 984.0, -718.0, 12.0, 0, 0, 0
L 975.0, -726.0, 12.0, 977.0, -722.0, 12.0, 0, 0, 0
L 975.0, -731.0, 12.0, 975.0, -726.0, 12.0, 0, 0, 0
L 976.0, -734.0, 11.0, 975.0, -731.0, 12.0, 0, 0, 0
L 980.0, -739.0, 11.0, 976.0, -734.0, 11.0, 0, 0, 0
L 987.0, -741.0, 11.0, 980.0, -739.0, 11.0, 0, 0, 0
L 991.0, -740.0, 11.0, 987.0, -741.0, 11.0, 0, 0, 0
L 999.0, -763.0, 12.0, 1002.0, -764.0, 12.0, 0, 0, 0
L 993.0, -765.0, 11.0, 999.0, -763.0, 12.0, 0, 0, 0
L 992.0, -766.0, 11.0, 993.0, -765.0, 11.0, 0, 0, 0
L 989.0, -771.0, 11.0, 992.0, -766.0, 11.0, 0, 0, 0
L 989.0, -776.0, 12.0, 989.0, -771.0, 11.0, 0, 0, 0
L 990.0, -780.0, 12.0, 989.0, -776.0, 12.0, 0, 0, 0
L 992.0, -784.0, 12.0, 990.0, -780.0, 12.0, 0, 0, 0
L 996.0, -786.0, 12.0, 992.0, -784.0, 12.0, 0, 0, 0
L 1001.0, -787.0, 12.0, 996.0, -786.0, 12.0, 0, 0, 0
L 1005.0, -785.0, 11.0, 1001.0, -787.0, 12.0, 0, 0, 0
L 1009.0, -782.0, 12.0, 1005.0, -785.0, 11.0, 0, 0, 0
L 1011.0, -778.0, 12.0, 1009.0, -782.0, 12.0, 0, 0, 0
L 1012.0, -773.0, 12.0, 1011.0, -778.0, 12.0, 0, 0, 0
L 1010.0, -769.0, 12.0, 1012.0, -773.0, 12.0, 0, 0, 0
L 1300.0, -789.0, 15.0, 1302.0, -784.0, 15.0, 0, 0, 0
L 1299.0, -794.0, 15.0, 1300.0, -789.0, 15.0, 0, 0, 0
L 1301.0, -797.0, 15.0, 1299.0, -794.0, 15.0, 0, 0, 0
L 1304.0, -801.0, 15.0, 1301.0, -797.0, 15.0, 0, 0, 0
L 1319.0, -801.0, 15.0, 1304.0, -801.0, 15.0, 0, 0, 0
L 1322.0, -796.0, 15.0, 1319.0, -801.0, 15.0, 0, 0, 0
L 1323.0, -790.0, 15.0, 1322.0, -796.0, 15.0, 0, 0, 0
L 1321.0, -786.0, 15.0, 1323.0, -790.0, 15.0, 0, 0, 0
L 1318.0, -783.0, 15.0, 1321.0, -786.0, 15.0, 0, 0, 0
L 1315.0, -781.0, 15.0, 1318.0, -783.0, 15.0, 0, 0, 0
L 1310.0, -780.0, 15.0, 1315.0, -781.0, 15.0, 0, 0, 0
L 615.0, 496.0, 34.0, 615.0, 483.0, 34.0, 0, 0, 0
L 607.0, 498.0, 34.0, 615.0, 496.0, 34.0, 0, 0, 0
L 601.0, 497.0, 34.0, 607.0, 498.0, 34.0, 0, 0, 0
L 600.0, 497.0, 34.0, 601.0, 497.0, 34.0, 0, 0, 0
L 598.0, 484.0, 34.0, 600.0, 497.0, 34.0, 0, 0, 0
L 600.0, 481.0, 34.0, 598.0, 484.0, 34.0, 0, 0, 0
L 615.0, 483.0, 34.0, 600.0, 481.0, 34.0, 0, 0, 0
L 624.0, 453.0, 34.0, 625.0, 453.0, 34.0, 0, 0, 0
L 624.0, 460.0, 34.0, 625.0, 449.0, 34.0, 0, 0, 0
L 623.0, 467.0, 34.0, 624.0, 460.0, 34.0, 0, 0, 0
L 628.0, 468.0, 33.0, 623.0, 467.0, 34.0, 0, 0, 0
L 635.0, 470.0, 33.0, 628.0, 468.0, 33.0, 0, 0, 0
L 637.0, 460.0, 33.0, 635.0, 470.0, 33.0, 0, 0, 0
L 637.0, 454.0, 33.0, 637.0, 460.0, 33.0, 0, 0, 0
L 634.0, 452.0, 34.0, 637.0, 454.0, 33.0, 0, 0, 0
L 628.0, 450.0, 34.0, 634.0, 452.0, 34.0, 0, 0, 0
L 625.0, 449.0, 34.0, 628.0, 450.0, 34.0, 0, 0, 0
L 637.0, 420.0, 34.0, 639.0, 415.0, 34.0, 0, 0, 0
L 635.0, 428.0, 34.0, 637.0, 420.0, 34.0, 0, 0, 0
L 640.0, 431.0, 34.0, 635.0, 428.0, 34.0, 0, 0, 0
L 647.0, 432.0, 33.0, 640.0, 431.0, 34.0, 0, 0, 0
L 649.0, 422.0, 33.0, 647.0, 432.0, 33.0, 0, 0, 0
L 645.0, 417.0, 34.0, 649.0, 422.0, 33.0, 0, 0, 0
L 639.0, 415.0, 34.0, 645.0, 417.0, 34.0, 0, 0, 0
L 610.0, 356.0, 33.0, 609.0, 361.0, 33.0, 0, 0, 0
L 617.0, 354.0, 33.0, 610.0, 356.0, 33.0, 0, 0, 0
L 626.0, 365.0, 33.0, 617.0, 354.0, 33.0, 0, 0, 0
L 632.0, 373.0, 34.0, 626.0, 365.0, 33.0, 0, 0, 0
L 640.0, 383.0, 34.0, 632.0, 373.0, 34.0, 0, 0, 0
L 641.0, 385.0, 34.0, 640.0, 383.0, 34.0, 0, 0, 0
L 632.0, 390.0, 34.0, 641.0, 385.0, 34.0, 0, 0, 0
L 620.0, 375.0, 33.0, 632.0, 390.0, 34.0, 0, 0, 0
L 618.0, 372.0, 33.0, 620.0, 375.0, 33.0, 0, 0, 0
L 609.0, 361.0, 33.0, 618.0, 372.0, 33.0, 0, 0, 0
L 624.0, 387.0, 34.0, 610.0, 382.0, 34.0, 0, 0, 0
L 620.0, 401.0, 34.0, 624.0, 387.0, 34.0, 0, 0, 0
L 617.0, 412.0, 34.0, 620.0, 401.0, 34.0, 0, 0, 0
L 605.0, 407.0, 34.0, 617.0, 412.0, 34.0, 0, 0, 0
L 606.0, 402.0, 34.0, 605.0, 407.0, 34.0, 0, 0, 0
L 609.0, 391.0, 34.0, 606.0, 402.0, 34.0, 0, 0, 0
L 610.0, 382.0, 34.0, 609.0, 391.0, 34.0, 0, 0, 0
L 564.0, 345.0, 31.0, 565.0, 339.0, 31.0, 0, 0, 0
L 563.0, 351.0, 32.0, 564.0, 345.0, 31.0, 0, 0, 0
L 570.0, 352.0, 35.0, 563.0, 351.0, 32.0, 0, 0, 0
L 581.0, 355.0, 32.0, 570.0, 352.0, 35.0, 0, 0, 0
L 582.0, 354.0, 32.0, 581.0, 355.0, 32.0, 0, 0, 0
L 584.0, 348.0, 32.0, 582.0, 354.0, 32.0, 0, 0, 0
L 584.0, 340.0, 32.0, 584.0, 348.0, 32.0, 0, 0, 0
L 579.0, 339.0, 34.0, 584.0, 340.0, 32.0, 0, 0, 0
L 573.0, 338.0, 35.0, 579.0, 339.0, 34.0, 0, 0, 0
L 565.0, 339.0, 31.0, 573.0, 338.0, 35.0, 0, 0, 0
L 527.0, 358.0, 31.0, 536.0, 355.0, 31.0, 0, 0, 0
L 526.0, 351.0, 31.0, 527.0, 358.0, 31.0, 0, 0, 0
L 527.0, 343.0, 30.0, 526.0, 351.0, 31.0, 0, 0, 0
L 535.0, 339.0, 30.0, 527.0, 343.0, 30.0, 0, 0, 0
L 540.0, 338.0, 30.0, 535.0, 339.0, 30.0, 0, 0, 0
L 543.0, 341.0, 31.0, 540.0, 338.0, 30.0, 0, 0, 0
L 543.0, 350.0, 31.0, 543.0, 341.0, 31.0, 0, 0, 0
L 536.0, 355.0, 31.0, 543.0, 350.0, 31.0, 0, 0, 0
L 546.0, 377.0, 32.0, 543.0, 390.0, 32.0, 0, 0, 0
L 558.0, 384.0, 33.0, 546.0, 377.0, 32.0, 0, 0, 0
L 556.0, 392.0, 33.0, 558.0, 384.0, 33.0, 0, 0, 0
L 553.0, 398.0, 33.0, 556.0, 392.0, 33.0, 0, 0, 0
L 548.0, 395.0, 32.0, 553.0, 398.0, 33.0, 0, 0, 0
L 543.0, 390.0, 32.0, 548.0, 395.0, 32.0, 0, 0, 0
L 505.0, 425.0, 31.0, 513.0, 432.0, 32.0, 0, 0, 0
L 502.0, 424.0, 31.0, 505.0, 425.0, 31.0, 0, 0, 0
L 515.0, 409.0, 32.0, 502.0, 424.0, 31.0, 0, 0, 0
L 522.0, 403.0, 32.0, 515.0, 409.0, 32.0, 0, 0, 0
L 529.0, 411.0, 32.0, 522.0, 403.0, 32.0, 0, 0, 0
L 524.0, 420.0, 32.0, 529.0, 411.0, 32.0, 0, 0, 0
L 518.0, 425.0, 32.0, 524.0, 420.0, 32.0, 0, 0, 0
L 513.0, 432.0, 32.0, 518.0, 425.0, 32.0, 0, 0, 0
L 516.0, 479.0, 32.0, 522.0, 473.0, 32.0, 0, 0, 0
L 511.0, 484.0, 32.0, 516.0, 479.0, 32.0, 0, 0, 0
L 506.0, 476.0, 31.0, 511.0, 484.0, 32.0, 0, 0, 0
L 507.0, 469.0, 31.0, 506.0, 476.0, 31.0, 0, 0, 0
L 515.0, 462.0, 32.0, 507.0, 469.0, 31.0, 0, 0, 0
L 519.0, 469.0, 32.0, 515.0, 462.0, 32.0, 0, 0, 0
L 522.0, 473.0, 32.0, 519.0, 469.0, 32.0, 0, 0, 0
L 567.0, 506.0, 33.0, 563.0, 509.0, 33.0, 0, 0, 0
L 577.0, 513.0, 34.0, 567.0, 506.0, 33.0, 0, 0, 0
L 577.0, 521.0, 33.0, 577.0, 513.0, 34.0, 0, 0, 0
L 571.0, 527.0, 32.0, 577.0, 521.0, 33.0, 0, 0, 0
L 566.0, 524.0, 33.0, 571.0, 527.0, 32.0, 0, 0, 0
L 558.0, 518.0, 33.0, 566.0, 524.0, 33.0, 0, 0, 0
L 563.0, 509.0, 33.0, 558.0, 518.0, 33.0, 0, 0, 0
L 541.0, 497.0, 32.0, 540.0, 504.0, 32.0, 0, 0, 0
L 527.0, 494.0, 32.0, 541.0, 497.0, 32.0, 0, 0, 0
L 526.0, 495.0, 32.0, 527.0, 494.0, 32.0, 0, 0, 0
L 523.0, 500.0, 32.0, 526.0, 495.0, 32.0, 0, 0, 0
L 522.0, 506.0, 32.0, 523.0, 500.0, 32.0, 0, 0, 0
L 530.0, 508.0, 32.0, 522.0, 506.0, 32.0, 0, 0, 0
L 539.0, 508.0, 32.0, 530.0, 508.0, 32.0, 0, 0, 0
L 540.0, 504.0, 32.0, 539.0, 508.0, 32.0, 0, 0, 0
L 554.0, 433.0, 33.0, 554.0, 442.0, 33.0, 0, 0, 0
L 561.0, 432.0, 33.0, 554.0, 433.0, 33.0, 0, 0, 0
L 566.0, 433.0, 33.0, 561.0, 432.0, 33.0, 0, 0, 0
L 579.0, 433.0, 34.0, 566.0, 433.0, 33.0, 0, 0, 0
L 580.0, 457.0, 34.0, 579.0, 433.0, 34.0, 0, 0, 0
L 555.0, 459.0, 33.0, 580.0, 457.0, 34.0, 0, 0, 0
L 554.0, 442.0, 33.0, 555.0, 459.0, 33.0, 0, 0, 0
L -473.0, 71.0, -1.0, -528.0, 74.0, 1.0, 205, 133, 63
L -453.0, 70.0, -4.0, -473.0, 71.0, -1.0, 205, 133, 63
L -441.0, 69.0, -6.0, -453.0, 70.0, -4.0, 205, 133, 63
L -404.0, 69.0, -12.0, -441.0, 69.0, -6.0, 205, 133, 63
L -384.0, 68.0, -15.0, -404.0, 69.0, -12.0, 205, 133, 63
L -356.0, 65.0, -19.0, -384.0, 68.0, -15.0, 205, 133, 63
L -346.0, 63.0, -20.0, -356.0, 65.0, -19.0, 205, 133, 63
L -339.0, 61.0, -21.0, -346.0, 63.0, -20.0, 205, 133, 63
L -331.0, 57.0, -21.0, -339.0, 61.0, -21.0, 205, 133, 63
L -325.0, 53.0, -21.0, -331.0, 57.0, -21.0, 205, 133, 63
L -321.0, 49.0, -21.0, -325.0, 53.0, -21.0, 205, 133, 63
L -318.0, 46.0, -21.0, -321.0, 49.0, -21.0, 205, 133, 63
L -302.0, 30.0, -20.0, -318.0, 46.0, -21.0, 205, 133, 63
L -281.0, 6.0, -16.0, -302.0, 30.0, -20.0, 205, 133, 63
L -264.0, -15.0, -11.0, -281.0, 6.0, -16.0, 205, 133, 63
L -261.0, -18.0, -10.0, -264.0, -15.0, -11.0, 205, 133, 63
L -240.0, -34.0, -5.0, -261.0, -18.0, -10.0, 205, 133, 63
L -233.0, -41.0, -3.0, -240.0, -34.0, -5.0, 205, 133, 63
L -224.0, -47.0, -2.0, -233.0, -41.0, -3.0, 205, 133, 63
L -215.0, -50.0, -1.0, -224.0, -47.0, -2.0, 205, 133, 63
L -210.0, -50.0, -1.0, -215.0, -50.0, -1.0, 205, 133, 63
L -200.0, -51.0, 0.0, -210.0, -50.0, -1.0, 205, 133, 63
L -190.0, -51.0, 1.0, -200.0, -51.0, 0.0, 205, 133, 63
L -171.0, -51.0, 2.0, -190.0, -51.0, 1.0, 205, 133, 63
L -151.0, -50.0, 2.0, -171.0, -51.0, 2.0, 205, 133, 63
L -129.0, -47.0, 1.0, -151.0, -50.0, 2.0, 205, 133, 63
L -123.0, -46.0, 1.0, -129.0, -47.0, 1.0, 205, 133, 63
L -119.0, -45.0, 1.0, -123.0, -46.0, 1.0, 205, 133, 63
L -108.0, -41.0, 0.0, -119.0, -45.0, 1.0, 205, 133, 63
L -104.0, -40.0, 0.0, -108.0, -41.0, 0.0, 205, 133, 63
L -100.0, -37.0, 0.0, -104.0, -40.0, 0.0, 205, 133, 63
L -89.0, -29.0, 0.0, -100.0, -37.0, 0.0, 205, 133, 63
L -87.0, -26.0, 0.0, -89.0, -29.0, 0.0, 205, 133, 63
L -83.0, -22.0, 0.0, -87.0, -26.0, 0.0, 205, 133, 63
L -80.0, -19.0, 0.0, -83.0, -22.0, 0.0, 205, 133, 63
L -73.0, -7.0, 0.0, -80.0, -19.0, 0.0, 205, 133, 63
L -72.0, 1.0, 0.0, -73.0, -7.0, 0.0, 205, 133, 63
L -74.0, 33.0, -1.0, -72.0, 1.0, 0.0, 205, 133, 63
L -75.0, 68.0, -2.0, -74.0, 33.0, -1.0, 205, 133, 63
L -74.0, 91.0, -3.0, -75.0, 68.0, -2.0, 205, 133, 63
L -72.0, 116.0, -2.0, -74.0, 91.0, -3.0, 205, 133, 63
L -71.0, 121.0, -2.0, -72.0, 116.0, -2.0, 205, 133, 63
L -70.0, 127.0, -2.0, -71.0, 121.0, -2.0, 205, 133, 63
L -68.0, 131.0, -2.0, -70.0, 127.0, -2.0, 205, 133, 63
L -66.0, 136.0, -2.0, -68.0, 131.0, -2.0, 205, 133, 63
L -49.0, 159.0, -1.0, -66.0, 136.0, -2.0, 205, 133, 63
L -45.0, 164.0, -1.0, -49.0, 159.0, -1.0, 205, 133, 63
L -42.0, 167.0, -1.0, -45.0, 164.0, -1.0, 205, 133, 63
L -37.0, 171.0, 0.0, -42.0, 167.0, -1.0, 205, 133, 63
L -31.0, 176.0, 0.0, -37.0, 171.0, 0.0, 205, 133, 63
L -21.0, 182.0, 1.0, -31.0, 176.0, 0.0, 205, 133, 63
L -11.0, 188.0, 1.0, -21.0, 182.0, 1.0, 205, 133, 63
L -2.0, 191.0, 2.0, -11.0, 188.0, 1.0, 205, 133, 63
L 6.0, 194.0, 2.0, -2.0, 191.0, 2.0, 205, 133, 63
L 14.0, 195.0, 2.0, 6.0, 194.0, 2.0, 205, 133, 63
L 58.0, 197.0, 0.0, 14.0, 195.0, 2.0, 205, 133, 63
L 79.0, 198.0, -1.0, 58.0, 197.0, 0.0, 205, 133, 63
L 95.0, 197.0, -1.0, 79.0, 198.0, -1.0, 205, 133, 63
L 106.0, 199.0, -2.0, 95.0, 197.0, -1.0, 205, 133, 63
L 116.0, 201.0, -2.0, 106.0, 199.0, -2.0, 205, 133, 63
L 128.0, 204.0, -3.0, 116.0, 201.0, -2.0, 205, 133, 63
L 136.0, 205.0, -3.0, 128.0, 204.0, -3.0, 205, 133, 63
L 141.0, 207.0, -3.0, 136.0, 205.0, -3.0, 205, 133, 63
L 166.0, 226.0, -2.0, 141.0, 207.0, -3.0, 205, 133, 63
L 175.0, 234.0, -1.0, 166.0, 226.0, -2.0, 205, 133, 63
L 180.0, 239.0, 0.0, 175.0, 234.0, -1.0, 205, 133, 63
L 183.0, 246.0, 0.0, 180.0, 239.0, 0.0, 205, 133, 63
L 186.0, 251.0, 1.0, 183.0, 246.0, 0.0, 205, 133, 63
L 192.0, 258.0, 1.0, 186.0, 251.0, 1.0, 205, 133, 63
L 193.0, 264.0, 2.0, 192.0, 258.0, 1.0, 205, 133, 63
L 193.0, 277.0, 3.0, 193.0, 264.0, 2.0, 205, 133, 63
L 193.0, 284.0, 3.0, 193.0, 277.0, 3.0, 205, 133, 63
L 192.0, 290.0, 4.0, 193.0, 284.0, 3.0, 205, 133, 63
L 191.0, 307.0, 4.0, 192.0, 290.0, 4.0, 205, 133, 63
L 192.0, 318.0, 4.0, 191.0, 307.0, 4.0, 205, 133, 63
L 194.0, 328.0, 3.0, 192.0, 318.0, 4.0, 205, 133, 63
L 199.0, 333.0, 3.0, 194.0, 328.0, 3.0, 205, 133, 63
L 204.0, 335.0, 3.0, 199.0, 333.0, 3.0, 205, 133, 63
L 213.0, 335.0, 3.0, 204.0, 335.0, 3.0, 205, 133, 63
L 221.0, 329.0, 3.0, 213.0, 335.0, 3.0, 205, 133, 63
L 222.0, 321.0, 3.0, 221.0, 329.0, 3.0, 205, 133, 63
L 222.0, 315.0, 3.0, 222.0, 321.0, 3.0, 205, 133, 63
L 219.0, 308.0, 3.0, 222.0, 315.0, 3.0, 205, 133, 63
L 218.0, 304.0, 3.0, 219.0, 308.0, 3.0, 205, 133, 63
L 218.0, 271.0, 2.0, 218.0, 304.0, 3.0, 205, 133, 63
L 217.0, 259.0, 1.0, 218.0, 271.0, 2.0, 205, 133, 63
L 216.0, 252.0, 1.0, 217.0, 259.0, 1.0, 205, 133, 63
L 211.0, 233.0, 0.0, 216.0, 252.0, 1.0, 205, 133, 63
L 206.0, 221.0, -1.0, 211.0, 233.0, 0.0, 205, 133, 63
L 203.0, 215.0, -1.0, 206.0, 221.0, -1.0, 205, 133, 63
L 199.0, 211.0, -1.0, 203.0, 215.0, -1.0, 205, 133, 63
L 192.0, 203.0, -1.0, 199.0, 211.0, -1.0, 205, 133, 63
L 189.0, 201.0, -1.0, 192.0, 203.0, -1.0, 205, 133, 63
L 181.0, 195.0, -2.0, 189.0, 201.0, -1.0, 205, 133, 63
L 178.0, 193.0, -2.0, 181.0, 195.0, -2.0, 205, 133, 63
L 168.0, 188.0, -2.0, 178.0, 193.0, -2.0, 205, 133, 63
L 157.0, 184.0, -2.0, 168.0, 188.0, -2.0, 205, 133, 63
L 152.0, 182.0, -2.0, 157.0, 184.0, -2.0, 205, 133, 63
L 145.0, 182.0, -2.0, 152.0, 182.0, -2.0, 205, 133, 63
L 135.0, 182.0, -2.0, 145.0, 182.0, -2.0, 205, 133, 63
L 124.0, 183.0, -2.0, 135.0, 182.0, -2.0, 205, 133, 63
L 103.0, 182.0, -2.0, 124.0, 183.0, -2.0, 205, 133, 63
L 84.0, 182.0, -1.0, 103.0, 182.0, -2.0, 205, 133, 63
L 66.0, 181.0, 0.0, 84.0, 182.0, -1.0, 205, 133, 63
L 56.0, 180.0, 0.0, 66.0, 181.0, 0.0, 205, 133, 63
L 46.0, 180.0, 0.0, 56.0, 180.0, 0.0, 205, 133, 63
L 41.0, 180.0, 0.0, 46.0, 180.0, 0.0, 205, 133, 63
L 16.0, 175.0, 1.0, 41.0, 180.0, 0.0, 205, 133, 63
L 9.0, 172.0, 2.0, 16.0, 175.0, 1.0, 205, 133, 63
L 6.0, 170.0, 2.0, 9.0, 172.0, 2.0, 205, 133, 63
L 2.0, 167.0, 2.0, 6.0, 170.0, 2.0, 205, 133, 63
L -15.0, 155.0, 1.0, 2.0, 167.0, 2.0, 205, 133, 63
L -23.0, 150.0, 0.0, -15.0, 155.0, 1.0, 205, 133, 63
L -29.0, 145.0, 0.0, -23.0, 150.0, 0.0, 205, 133, 63
L -38.0, 137.0, -1.0, -29.0, 145.0, 0.0, 205, 133, 63
L -44.0, 130.0, -1.0, -38.0, 137.0, -1.0, 205, 133, 63
L -49.0, 123.0, -1.0, -44.0, 130.0, -1.0, 205, 133, 63
L -52.0, 114.0, -2.0, -49.0, 123.0, -1.0, 205, 133, 63
L -54.0, 102.0, -2.0, -52.0, 114.0, -2.0, 205, 133, 63
L -55.0, 92.0, -2.0, -54.0, 102.0, -2.0, 205, 133, 63
L -55.0, 13.0, 0.0, -55.0, 92.0, -2.0, 205, 133, 63
L -55.0, 9.0, 0.0, -55.0, 13.0, 0.0, 205, 133, 63
L -50.0, -4.0, 0.0, -55.0, 9.0, 0.0, 205, 133, 63
L -48.0, -9.0, 0.0, -50.0, -4.0, 0.0, 205, 133, 63
L -41.0, -15.0, 0.0, -48.0, -9.0, 0.0, 205, 133, 63
L -35.0, -21.0, 0.0, -41.0, -15.0, 0.0, 205, 133, 63
L -32.0, -24.0, 0.0, -35.0, -21.0, 0.0, 205, 133, 63
L -5.0, -41.0, 0.0, -32.0, -24.0, 0.0, 205, 133, 63
L 4.0, -46.0, 0.0, -5.0, -41.0, 0.0, 205, 133, 63
L 13.0, -50.0, 0.0, 4.0, -46.0, 0.0, 205, 133, 63
L 24.0, -57.0, 0.0, 13.0, -50.0, 0.0, 205, 133, 63
L 29.0, -60.0, 0.0, 24.0, -57.0, 0.0, 205, 133, 63
L 37.0, -69.0, 0.0, 29.0, -60.0, 0.0, 205, 133, 63
L 47.0, -80.0, 2.0, 37.0, -69.0, 0.0, 205, 133, 63
L 51.0, -86.0, 2.0, 47.0, -80.0, 2.0, 205, 133, 63
L 61.0, -102.0, 2.0, 51.0, -86.0, 2.0, 205, 133, 63
L 65.0, -109.0, 3.0, 61.0, -102.0, 2.0, 205, 133, 63
L 75.0, -132.0, 4.0, 65.0, -109.0, 3.0, 205, 133, 63
L 80.0, -149.0, 6.0, 75.0, -132.0, 4.0, 205, 133, 63
L 84.0, -156.0, 7.0, 80.0, -149.0, 6.0, 205, 133, 63
L 87.0, -161.0, 8.0, 84.0, -156.0, 7.0, 205, 133, 63
L 90.0, -164.0, 8.0, 87.0, -161.0, 8.0, 205, 133, 63
L 116.0, -189.0, 9.0, 90.0, -164.0, 8.0, 205, 133, 63
L 124.0, -197.0, 7.0, 116.0, -189.0, 9.0, 205, 133, 63
L 137.0, -212.0, 3.0, 124.0, -197.0, 7.0, 205, 133, 63
L 140.0, -214.0, 2.0, 137.0, -212.0, 3.0, 205, 133, 63
L 162.0, -232.0, -1.0, 140.0, -214.0, 2.0, 205, 133, 63
L 171.0, -240.0, -2.0, 162.0, -232.0, -1.0, 205, 133, 63
L 176.0, -244.0, -3.0, 171.0, -240.0, -2.0, 205, 133, 63
L 184.0, -253.0, -3.0, 176.0, -244.0, -3.0, 205, 133, 63
L 188.0, -258.0, -4.0, 184.0, -253.0, -3.0, 205, 133, 63
L 195.0, -268.0, -4.0, 188.0, -258.0, -4.0, 205, 133, 63
L 199.0, -273.0, -5.0, 195.0, -268.0, -4.0, 205, 133, 63
L 202.0, -278.0, -4.0, 199.0, -273.0, -5.0, 205, 133, 63
L 204.0, -283.0, -5.0, 202.0, -278.0, -4.0, 205, 133, 63
L 207.0, -293.0, -5.0, 204.0, -283.0, -5.0, 205, 133, 63
L 214.0, -317.0, -5.0, 207.0, -293.0, -5.0, 205, 133, 63
L 216.0, -324.0, -5.0, 214.0, -317.0, -5.0, 205, 133, 63
L 227.0, -363.0, -5.0, 216.0, -324.0, -5.0, 205, 133, 63
L 228.0, -369.0, -4.0, 227.0, -363.0, -5.0, 205, 133, 63
L 230.0, -372.0, -4.0, 228.0, -369.0, -4.0, 205, 133, 63
L 240.0, -392.0, -4.0, 230.0, -372.0, -4.0, 205, 133, 63
L 246.0, -403.0, -3.0, 240.0, -392.0, -4.0, 205, 133, 63
L 248.0, -406.0, -3.0, 246.0, -403.0, -3.0, 205, 133, 63
L 251.0, -411.0, -3.0, 248.0, -406.0, -3.0, 205, 133, 63
L 255.0, -415.0, -2.0, 251.0, -411.0, -3.0, 205, 133, 63
L 264.0, -423.0, -1.0, 255.0, -415.0, -2.0, 205, 133, 63
L 272.0, -432.0, 0.0, 264.0, -423.0, -1.0, 205, 133, 63
L 281.0, -437.0, 1.0, 272.0, -432.0, 0.0, 205, 133, 63
L 302.0, -448.0, 3.0, 281.0, -437.0, 1.0, 205, 133, 63
L 315.0, -456.0, 3.0, 302.0, -448.0, 3.0, 205, 133, 63
L 335.0, -457.0, 3.0, 315.0, -456.0, 3.0, 205, 133, 63
L 345.0, -457.0, 2.0, 335.0, -457.0, 3.0, 205, 133, 63
L 368.0, -458.0, -1.0, 345.0, -457.0, 2.0, 205, 133, 63
L 373.0, -456.0, 0.0, 368.0, -458.0, -1.0, 205, 133, 63
L 398.0, -436.0, 0.0, 373.0, -456.0, 0.0, 205, 133, 63
L 407.0, -427.0, 0.0, 398.0, -436.0, 0.0, 205, 133, 63
L 416.0, -417.0, 0.0, 407.0, -427.0, 0.0, 205, 133, 63
L 419.0, -413.0, 0.0, 416.0, -417.0, 0.0, 205, 133, 63
L 426.0, -402.0, 1.0, 419.0, -413.0, 0.0, 205, 133, 63
L 444.0, -376.0, 1.0, 426.0, -402.0, 1.0, 205, 133, 63
L 461.0, -352.0, 1.0, 444.0, -376.0, 1.0, 205, 133, 63
L 465.0, -347.0, 1.0, 461.0, -352.0, 1.0, 205, 133, 63
L 481.0, -329.0, 0.0, 465.0, -347.0, 1.0, 205, 133, 63
L 486.0, -323.0, 0.0, 481.0, -329.0, 0.0, 205, 133, 63
L 493.0, -316.0, 0.0, 486.0, -323.0, 0.0, 205, 133, 63
L 506.0, -307.0, 0.0, 493.0, -316.0, 0.0, 205, 133, 63
L 530.0, -291.0, 0.0, 506.0, -307.0, 0.0, 205, 133, 63
L 598.0, -248.0, 1.0, 530.0, -291.0, 0.0, 205, 133, 63
L 604.0, -243.0, 1.0, 598.0, -248.0, 1.0, 205, 133, 63
L 611.0, -234.0, 1.0, 604.0, -243.0, 1.0, 205, 133, 63
L 630.0, -212.0, 1.0, 611.0, -234.0, 1.0, 205, 133, 63
L 643.0, -190.0, 1.0, 630.0, -212.0, 1.0, 205, 133, 63
L 664.0, -156.0, 3.0, 643.0, -190.0, 1.0, 205, 133, 63
L 677.0, -136.0, 6.0, 664.0, -156.0, 3.0, 205, 133, 63
L 682.0, -128.0, 6.0, 677.0, -136.0, 6.0, 205, 133, 63
L 692.0, -113.0, 7.0, 682.0, -128.0, 6.0, 205, 133, 63
L 708.0, -93.0, 8.0, 692.0, -113.0, 7.0, 205, 133, 63
L 716.0, -84.0, 8.0, 708.0, -93.0, 8.0, 205, 133, 63
L 729.0, -72.0, 8.0, 716.0, -84.0, 8.0, 205, 133, 63
L 744.0, -59.0, 7.0, 729.0, -72.0, 8.0, 205, 133, 63
L 749.0, -56.0, 7.0, 744.0, -59.0, 7.0, 205, 133, 63
L 753.0, -55.0, 7.0, 749.0, -56.0, 7.0, 205, 133, 63
L 769.0, -52.0, 6.0, 753.0, -55.0, 7.0, 205, 133, 63
L 788.0, -50.0, 8.0, 769.0, -52.0, 6.0, 205, 133, 63
L 798.0, -49.0, 10.0, 788.0, -50.0, 8.0, 205, 133, 63
L 811.0, -48.0, 12.0, 798.0, -49.0, 10.0, 205, 133, 63
L 818.0, -47.0, 13.0, 811.0, -48.0, 12.0, 205, 133, 63
L 824.0, -46.0, 13.0, 818.0, -47.0, 13.0, 205, 133, 63
L 848.0, -46.0, 16.0, 824.0, -46.0, 13.0, 205, 133, 63
L 858.0, -45.0, 17.0, 848.0, -46.0, 16.0, 205, 133, 63
L 868.0, -45.0, 17.0, 858.0, -45.0, 17.0, 205, 133, 63
L 887.0, -46.0, 19.0, 868.0, -45.0, 17.0, 205, 133, 63
L 913.0, -47.0, 20.0, 887.0, -46.0, 19.0, 205, 133, 63
L 923.0, -47.0, 19.0, 913.0, -47.0, 20.0, 205, 133, 63
L 933.0, -46.0, 18.0, 923.0, -47.0, 19.0, 205, 133, 63
L 942.0, -46.0, 17.0, 933.0, -46.0, 18.0, 205, 133, 63
L 952.0, -46.0, 15.0, 942.0, -46.0, 17.0, 205, 133, 63
L 962.0, -46.0, 13.0, 952.0, -46.0, 15.0, 205, 133, 63
L 968.0, -47.0, 13.0, 962.0, -46.0, 13.0, 205, 133, 63
L 975.0, -48.0, 12.0, 968.0, -47.0, 13.0, 205, 133, 63
L 985.0, -50.0, 10.0, 975.0, -48.0, 12.0, 205, 133, 63
L 1004.0, -55.0, 7.0, 985.0, -50.0, 10.0, 205, 133, 63
L 1015.0, -58.0, 5.0, 1004.0, -55.0, 7.0, 205, 133, 63
L 1021.0, -61.0, 5.0, 1015.0, -58.0, 5.0, 205, 133, 63
L 1024.0, -63.0, 4.0, 1021.0, -61.0, 5.0, 205, 133, 63
L 1030.0, -68.0, 4.0, 1024.0, -63.0, 4.0, 205, 133, 63
L 1053.0, -91.0, 3.0, 1030.0, -68.0, 4.0, 205, 133, 63
L 1062.0, -101.0, 3.0, 1053.0, -91.0, 3.0, 205, 133, 63
L 1064.0, -105.0, 3.0, 1062.0, -101.0, 3.0, 205, 133, 63
L 1075.0, -122.0, 3.0, 1064.0, -105.0, 3.0, 205, 133, 63
L 1083.0, -139.0, 3.0, 1075.0, -122.0, 3.0, 205, 133, 63
L 1087.0, -150.0, 3.0, 1083.0, -139.0, 3.0, 205, 133, 63
L 1089.0, -160.0, 3.0, 1087.0, -150.0, 3.0, 205, 133, 63
L 1090.0, -170.0, 4.0, 1089.0, -160.0, 3.0, 205, 133, 63
L 1090.0, -189.0, 4.0, 1090.0, -170.0, 4.0, 205, 133, 63
L 1092.0, -243.0, 8.0, 1090.0, -189.0, 4.0, 205, 133, 63
L 1098.0, -256.0, 8.0, 1092.0, -243.0, 8.0, 205, 133, 63
L 1104.0, -265.0, 9.0, 1098.0, -256.0, 8.0, 205, 133, 63
L 1112.0, -277.0, 10.0, 1104.0, -265.0, 9.0, 205, 133, 63
L 1114.0, -280.0, 10.0, 1112.0, -277.0, 10.0, 205, 133, 63
L 1117.0, -282.0, 11.0, 1114.0, -280.0, 10.0, 205, 133, 63
L 1156.0, -316.0, 16.0, 1117.0, -282.0, 11.0, 205, 133, 63
L 1167.0, -325.0, 17.0, 1156.0, -316.0, 16.0, 205, 133, 63
L 1168.0, -325.0, 17.0, 1167.0, -325.0, 17.0, 205, 133, 63
L 1196.0, -319.0, 21.0, 1168.0, -325.0, 17.0, 205, 133, 63
L 1219.0, -314.0, 24.0, 1196.0, -319.0, 21.0, 205, 133, 63
L 1235.0, -310.0, 27.0, 1219.0, -314.0, 24.0, 205, 133, 63
L 1252.0, -304.0, 32.0, 1235.0, -310.0, 27.0, 205, 133, 63
L 1263.0, -295.0, 35.0, 1252.0, -304.0, 32.0, 205, 133, 63
L 1271.0, -287.0, 37.0, 1263.0, -295.0, 35.0, 205, 133, 63
L -519.0, 43.0, 0.0, -533.0, 43.0, 0.0, 205, 133, 63
L -509.0, 42.0, 0.0, -519.0, 43.0, 0.0, 205, 133, 63
L -490.0, 44.0, -2.0, -509.0, 42.0, 0.0, 205, 133, 63
L -478.0, 44.0, -2.0, -490.0, 44.0, -2.0, 205, 133, 63
L -468.0, 44.0, -3.0, -478.0, 44.0, -2.0, 205, 133, 63
L -458.0, 44.0, -4.0, -468.0, 44.0, -3.0, 205, 133, 63
L -439.0, 44.0, -7.0, -458.0, 44.0, -4.0, 205, 133, 63
L -433.0, 44.0, -8.0, -439.0, 44.0, -7.0, 205, 133, 63
L -422.0, 45.0, -10.0, -433.0, 44.0, -8.0, 205, 133, 63
L -397.0, 46.0, -14.0, -422.0, 45.0, -10.0, 205, 133, 63
L -387.0, 46.0, -16.0, -397.0, 46.0, -14.0, 205, 133, 63
L -382.0, 46.0, -17.0, -387.0, 46.0, -16.0, 205, 133, 63
L -379.0, 46.0, -17.0, -382.0, 46.0, -17.0, 205, 133, 63
L -369.0, 44.0, -18.0, -379.0, 46.0, -17.0, 205, 133, 63
L -357.0, 43.0, -20.0, -369.0, 44.0, -18.0, 205, 133, 63
L -352.0, 41.0, -20.0, -357.0, 43.0, -20.0, 205, 133, 63
L -342.0, 35.0, -21.0, -352.0, 41.0, -20.0, 205, 133, 63
L -326.0, 25.0, -20.0, -342.0, 35.0, -21.0, 205, 133, 63
L -323.0, 22.0, -20.0, -326.0, 25.0, -20.0, 205, 133, 63
L -319.0, 19.0, -20.0, -323.0, 22.0, -20.0, 205, 133, 63
L -286.0, -17.0, -14.0, -319.0, 19.0, -20.0, 205, 133, 63
L -278.0, -26.0, -11.0, -286.0, -17.0, -14.0, 205, 133, 63
L -264.0, -40.0, -8.0, -278.0, -26.0, -11.0, 205, 133, 63
L -257.0, -46.0, -6.0, -264.0, -40.0, -8.0, 205, 133, 63
L -248.0, -53.0, -4.0, -257.0, -46.0, -6.0, 205, 133, 63
L -244.0, -57.0, -4.0, -248.0, -53.0, -4.0, 205, 133, 63
L -240.0, -60.0, -3.0, -244.0, -57.0, -4.0, 205, 133, 63
L -237.0, -62.0, -3.0, -240.0, -60.0, -3.0, 205, 133, 63
L -231.0, -64.0, -2.0, -237.0, -62.0, -3.0, 205, 133, 63
L -219.0, -67.0, -1.0, -231.0, -64.0, -2.0, 205, 133, 63
L -197.0, -69.0, 1.0, -219.0, -67.0, -1.0, 205, 133, 63
L -176.0, -69.0, 2.0, -197.0, -69.0, 1.0, 205, 133, 63
L -153.0, -69.0, 2.0, -176.0, -69.0, 2.0, 205, 133, 63
L -142.0, -69.0, 2.0, -153.0, -69.0, 2.0, 205, 133, 63
L -122.0, -69.0, 3.0, -142.0, -69.0, 2.0, 205, 133, 63
L -112.0, -69.0, 2.0, -122.0, -69.0, 3.0, 205, 133, 63
L -63.0, -66.0, 2.0, -112.0, -69.0, 2.0, 205, 133, 63
L -53.0, -66.0, 2.0, -63.0, -66.0, 2.0, 205, 133, 63
L -43.0, -67.0, 2.0, -53.0, -66.0, 2.0, 205, 133, 63
L -12.0, -69.0, 2.0, -43.0, -67.0, 2.0, 205, 133, 63
L -4.0, -72.0, 2.0, -12.0, -69.0, 2.0, 205, 133, 63
L 1.0, -75.0, 2.0, -4.0, -72.0, 2.0, 205, 133, 63
L 10.0, -82.0, 1.0, 1.0, -75.0, 2.0, 205, 133, 63
L 19.0, -90.0, 1.0, 10.0, -82.0, 1.0, 205, 133, 63
L 30.0, -101.0, 1.0, 19.0, -90.0, 1.0, 205, 133, 63
L 41.0, -115.0, 2.0, 30.0, -101.0, 1.0, 205, 133, 63
L 44.0, -120.0, 2.0, 41.0, -115.0, 2.0, 205, 133, 63
L 49.0, -128.0, 2.0, 44.0, -120.0, 2.0, 205, 133, 63
L 56.0, -140.0, 3.0, 49.0, -128.0, 2.0, 205, 133, 63
L 62.0, -152.0, 4.0, 56.0, -140.0, 3.0, 205, 133, 63
L 68.0, -165.0, 6.0, 62.0, -152.0, 4.0, 205, 133, 63
L 74.0, -177.0, 9.0, 68.0, -165.0, 6.0, 205, 133, 63
L 81.0, -184.0, 10.0, 74.0, -177.0, 9.0, 205, 133, 63
L 99.0, -201.0, 9.0, 81.0, -184.0, 10.0, 205, 133, 63
L 106.0, -208.0, 7.0, 99.0, -201.0, 9.0, 205, 133, 63
L 113.0, -215.0, 5.0, 106.0, -208.0, 7.0, 205, 133, 63
L 133.0, -234.0, 0.0, 113.0, -215.0, 5.0, 205, 133, 63
L 140.0, -241.0, -1.0, 133.0, -234.0, 0.0, 205, 133, 63
L 148.0, -250.0, -3.0, 140.0, -241.0, -1.0, 205, 133, 63
L 154.0, -256.0, -4.0, 148.0, -250.0, -3.0, 205, 133, 63
L 161.0, -265.0, -4.0, 154.0, -256.0, -4.0, 205, 133, 63
L 173.0, -282.0, -5.0, 161.0, -265.0, -4.0, 205, 133, 63
L 183.0, -297.0, -6.0, 173.0, -282.0, -5.0, 205, 133, 63
L 184.0, -301.0, -6.0, 183.0, -297.0, -6.0, 205, 133, 63
L 224.0, -400.0, -5.0, 184.0, -301.0, -6.0, 205, 133, 63
L 232.0, -420.0, -4.0, 224.0, -400.0, -5.0, 205, 133, 63
L 235.0, -425.0, -3.0, 232.0, -420.0, -4.0, 205, 133, 63
L 244.0, -436.0, -2.0, 235.0, -425.0, -3.0, 205, 133, 63
L 250.0, -442.0, -1.0, 244.0, -436.0, -2.0, 205, 133, 63
L 263.0, -453.0, 0.0, 250.0, -442.0, -1.0, 205, 133, 63
L 272.0, -460.0, 1.0, 263.0, -453.0, 0.0, 205, 133, 63
L 285.0, -468.0, 3.0, 272.0, -460.0, 1.0, 205, 133, 63
L 296.0, -471.0, 4.0, 285.0, -468.0, 3.0, 205, 133, 63
L 306.0, -475.0, 4.0, 296.0, -471.0, 4.0, 205, 133, 63
L 316.0, -475.0, 4.0, 306.0, -475.0, 4.0, 205, 133, 63
L 335.0, -476.0, 2.0, 316.0, -475.0, 4.0, 205, 133, 63
L 347.0, -475.0, 1.0, 335.0, -476.0, 2.0, 205, 133, 63
L 360.0, -473.0, 0.0, 347.0, -475.0, 1.0, 205, 133, 63
L 376.0, -471.0, -1.0, 360.0, -473.0, 0.0, 205, 133, 63
L 385.0, -468.0, -1.0, 376.0, -471.0, -1.0, 205, 133, 63
L 392.0, -464.0, -1.0, 385.0, -468.0, -1.0, 205, 133, 63
L 396.0, -462.0, 0.0, 392.0, -464.0, -1.0, 205, 133, 63
L 399.0, -460.0, -1.0, 396.0, -462.0, 0.0, 205, 133, 63
L 432.0, -431.0, -1.0, 399.0, -460.0, -1.0, 205, 133, 63
L 439.0, -425.0, -1.0, 432.0, -431.0, -1.0, 205, 133, 63
L 443.0, -420.0, -1.0, 439.0, -425.0, -1.0, 205, 133, 63
L 445.0, -417.0, -1.0, 443.0, -420.0, -1.0, 205, 133, 63
L 450.0, -410.0, -1.0, 445.0, -417.0, -1.0, 205, 133, 63
L 460.0, -393.0, -1.0, 450.0, -410.0, -1.0, 205, 133, 63
L 466.0, -386.0, -1.0, 460.0, -393.0, -1.0, 205, 133, 63
L 476.0, -373.0, -1.0, 466.0, -386.0, -1.0, 205, 133, 63
L 488.0, -356.0, -1.0, 476.0, -373.0, -1.0, 205, 133, 63
L 492.0, -351.0, -1.0, 488.0, -356.0, -1.0, 205, 133, 63
L 497.0, -346.0, -2.0, 492.0, -351.0, -1.0, 205, 133, 63
L 503.0, -339.0, -2.0, 497.0, -346.0, -2.0, 205, 133, 63
L 512.0, -331.0, -1.0, 503.0, -339.0, -2.0, 205, 133, 63
L 516.0, -328.0, -1.0, 512.0, -331.0, -1.0, 205, 133, 63
L 572.0, -297.0, 0.0, 516.0, -328.0, -1.0, 205, 133, 63
L 577.0, -294.0, 0.0, 572.0, -297.0, 0.0, 205, 133, 63
L 582.0, -291.0, 0.0, 577.0, -294.0, 0.0, 205, 133, 63
L 584.0, -288.0, 0.0, 582.0, -291.0, 0.0, 205, 133, 63
L 596.0, -277.0, 2.0, 584.0, -288.0, 0.0, 205, 133, 63
L 611.0, -263.0, 2.0, 596.0, -277.0, 2.0, 205, 133, 63
L 627.0, -248.0, 2.0, 611.0, -263.0, 2.0, 205, 133, 63
L 630.0, -245.0, 2.0, 627.0, -248.0, 2.0, 205, 133, 63
L 633.0, -242.0, 2.0, 630.0, -245.0, 2.0, 205, 133, 63
L 640.0, -233.0, 2.0, 633.0, -242.0, 2.0, 205, 133, 63
L 662.0, -201.0, 2.0, 640.0, -233.0, 2.0, 205, 133, 63
L 665.0, -196.0, 2.0, 662.0, -201.0, 2.0, 205, 133, 63
L 669.0, -189.0, 3.0, 665.0, -196.0, 2.0, 205, 133, 63
L 678.0, -171.0, 4.0, 669.0, -189.0, 3.0, 205, 133, 63
L 682.0, -164.0, 5.0, 678.0, -171.0, 4.0, 205, 133, 63
L 686.0, -156.0, 6.0, 682.0, -164.0, 5.0, 205, 133, 63
L 688.0, -153.0, 6.0, 686.0, -156.0, 6.0, 205, 133, 63
L 700.0, -135.0, 8.0, 688.0, -153.0, 6.0, 205, 133, 63
L 707.0, -124.0, 8.0, 700.0, -135.0, 8.0, 205, 133, 63
L 712.0, -116.0, 8.0, 707.0, -124.0, 8.0, 205, 133, 63
L 717.0, -110.0, 8.0, 712.0, -116.0, 8.0, 205, 133, 63
L 729.0, -97.0, 8.0, 717.0, -110.0, 8.0, 205, 133, 63
L 737.0, -88.0, 7.0, 729.0, -97.0, 8.0, 205, 133, 63
L 745.0, -84.0, 7.0, 737.0, -88.0, 7.0, 205, 133, 63
L 753.0, -79.0, 7.0, 745.0, -84.0, 7.0, 205, 133, 63
L 761.0, -75.0, 7.0, 753.0, -79.0, 7.0, 205, 133, 63
L 766.0, -73.0, 7.0, 761.0, -75.0, 7.0, 205, 133, 63
L 775.0, -70.0, 8.0, 766.0, -73.0, 7.0, 205, 133, 63
L 793.0, -66.0, 10.0, 775.0, -70.0, 8.0, 205, 133, 63
L 797.0, -65.0, 10.0, 793.0, -66.0, 10.0, 205, 133, 63
L 807.0, -64.0, 12.0, 797.0, -65.0, 10.0, 205, 133, 63
L 817.0, -64.0, 13.0, 807.0, -64.0, 12.0, 205, 133, 63
L 846.0, -62.0, 16.0, 817.0, -64.0, 13.0, 205, 133, 63
L 896.0, -61.0, 21.0, 846.0, -62.0, 16.0, 205, 133, 63
L 908.0, -61.0, 20.0, 896.0, -61.0, 21.0, 205, 133, 63
L 927.0, -59.0, 19.0, 908.0, -61.0, 20.0, 205, 133, 63
L 940.0, -59.0, 17.0, 927.0, -59.0, 19.0, 205, 133, 63
L 950.0, -59.0, 15.0, 940.0, -59.0, 17.0, 205, 133, 63
L 961.0, -60.0, 14.0, 950.0, -59.0, 15.0, 205, 133, 63
L 987.0, -66.0, 9.0, 961.0, -60.0, 14.0, 205, 133, 63
L 1000.0, -72.0, 7.0, 987.0, -66.0, 9.0, 205, 133, 63
L 1012.0, -79.0, 5.0, 1000.0, -72.0, 7.0, 205, 133, 63
L 1017.0, -84.0, 5.0, 1012.0, -79.0, 5.0, 205, 133, 63
L 1033.0, -105.0, 4.0, 1017.0, -84.0, 5.0, 205, 133, 63
L 1036.0, -114.0, 4.0, 1033.0, -105.0, 4.0, 205, 133, 63
L 1056.0, -146.0, 4.0, 1036.0, -114.0, 4.0, 205, 133, 63
L 1059.0, -156.0, 3.0, 1056.0, -146.0, 4.0, 205, 133, 63
L 1068.0, -210.0, 6.0, 1059.0, -156.0, 3.0, 205, 133, 63
L 1072.0, -250.0, 8.0, 1068.0, -210.0, 6.0, 205, 133, 63
L 1072.0, -255.0, 8.0, 1072.0, -250.0, 8.0, 205, 133, 63
L 1076.0, -273.0, 9.0, 1072.0, -255.0, 8.0, 205, 133, 63
L 1077.0, -276.0, 9.0, 1076.0, -273.0, 9.0, 205, 133, 63
L 1079.0, -279.0, 9.0, 1077.0, -276.0, 9.0, 205, 133, 63
L 1085.0, -290.0, 10.0, 1079.0, -279.0, 9.0, 205, 133, 63
L 1092.0, -299.0, 10.0, 1085.0, -290.0, 10.0, 205, 133, 63
L 1119.0, -324.0, 12.0, 1092.0, -299.0, 10.0, 205, 133, 63
L 1134.0, -338.0, 15.0, 1119.0, -324.0, 12.0, 205, 133, 63
L 1139.0, -342.0, 15.0, 1134.0, -338.0, 15.0, 205, 133, 63
L 1143.0, -344.0, 15.0, 1139.0, -342.0, 15.0, 205, 133, 63
L 1148.0, -346.0, 15.0, 1143.0, -344.0, 15.0, 205, 133, 63
L 1168.0, -351.0, 17.0, 1148.0, -346.0, 15.0, 205, 133, 63
L 1172.0, -351.0, 18.0, 1168.0, -351.0, 17.0, 205, 133, 63
L 1182.0, -353.0, 19.0, 1172.0, -351.0, 18.0, 205, 133, 63
L 1208.0, -351.0, 22.0, 1182.0, -353.0, 19.0, 205, 133, 63
L 1215.0, -350.0, 23.0, 1208.0, -351.0, 22.0, 205, 133, 63
L 1233.0, -355.0, 27.0, 1215.0, -350.0, 23.0, 205, 133, 63
L 1242.0, -358.0, 30.0, 1233.0, -355.0, 27.0, 205, 133, 63
L 1252.0, -360.0, 33.0, 1242.0, -358.0, 30.0, 205, 133, 63
L -753.0, -684.0, 10.0, -753.0, -678.0, 9.0, 150, 150, 150
L -753.0, -689.0, 10.0, -753.0, -684.0, 10.0, 150, 150, 150
L -732.0, -922.0, 62.0, -725.0, -933.0, 60.0, 150, 150, 150
L -733.0, -913.0, 59.0, -732.0, -922.0, 62.0, 150, 150, 150
L -735.0, -901.0, 54.0, -733.0, -913.0, 59.0, 150, 150, 150
L -742.0, -860.0, 42.0, -735.0, -901.0, 54.0, 150, 150, 150
L -751.0, -814.0, 30.0, -742.0, -860.0, 42.0, 150, 150, 150
L -752.0, -807.0, 29.0, -751.0, -814.0, 30.0, 150, 150, 150
L -754.0, -794.0, 26.0, -752.0, -807.0, 29.0, 150, 150, 150
L -755.0, -784.0, 24.0, -754.0, -794.0, 26.0, 150, 150, 150
L -756.0, -773.0, 22.0, -755.0, -784.0, 24.0, 150, 150, 150
L -757.0, -724.0, 13.0, -756.0, -773.0, 22.0, 150, 150, 150
L -754.0, -709.0, 12.0, -757.0, -724.0, 13.0, 150, 150, 150
L -753.0, -689.0, 10.0, -754.0, -709.0, 12.0, 150, 150, 150
L -760.0, -676.0, 9.0, -753.0, -678.0, 9.0, 150, 150, 150
L -750.0, -626.0, 9.0, -760.0, -676.0, 9.0, 150, 150, 150
L -742.0, -627.0, 9.0, -750.0, -626.0, 9.0, 150, 150, 150
L -737.0, -588.0, 9.0, -742.0, -627.0, 9.0, 150, 150, 150
L -737.0, -580.0, 9.0, -737.0, -588.0, 9.0, 150, 150, 150
L -738.0, -539.0, 9.0, -737.0, -580.0, 9.0, 150, 150, 150
L -744.0, -497.0, 9.0, -738.0, -539.0, 9.0, 150, 150, 150
L -762.0, -413.0, 9.0, -744.0, -497.0, 9.0, 150, 150, 150
L -767.0, -376.0, 9.0, -762.0, -413.0, 9.0, 150, 150, 150
L -768.0, -323.0, 9.0, -767.0, -376.0, 9.0, 150, 150, 150
L -761.0, -281.0, 9.0, -768.0, -323.0, 9.0, 150, 150, 150
L -746.0, -236.0, 9.0, -761.0, -281.0, 9.0, 150, 150, 150
L -724.0, -190.0, 9.0, -746.0, -236.0, 9.0, 150, 150, 150
L -698.0, -144.0, 9.0, -724.0, -190.0, 9.0, 150, 150, 150
L -670.0, -98.0, 9.0, -698.0, -144.0, 9.0, 150, 150, 150
L -643.0, -49.0, 9.0, -670.0, -98.0, 9.0, 150, 150, 150
L -620.0, -3.0, 9.0, -643.0, -49.0, 9.0, 150, 150, 150
L -604.0, 42.0, 9.0, -620.0, -3.0, 9.0, 150, 150, 150
L -602.0, 49.0, 9.0, -604.0, 42.0, 9.0, 150, 150, 150
L -585.0, 46.0, 2.0, -602.0, 49.0, 9.0, 150, 150, 150
L -587.0, 39.0, 2.0, -585.0, 46.0, 2.0, 150, 150, 150
L -589.0, 33.0, 2.0, -587.0, 39.0, 2.0, 150, 150, 150
L -580.0, -16.0, 1.0, -564.0, 27.8, 0.5, 150, 150, 150
L -590.0, -13.0, 1.0, -580.0, -16.0, 1.0, 150, 150, 150
L -599.0, -9.0, 6.0, -590.0, -13.0, 1.0, 150, 150, 150
L -604.0, -8.0, 9.0, -599.0, -9.0, 6.0, 150, 150, 150
L -627.0, -53.0, 9.0, -604.0, -8.0, 9.0, 150, 150, 150
L -681.0, -145.0, 9.0, -627.0, -53.0, 9.0, 150, 150, 150
L -708.0, -193.0, 9.0, -681.0, -145.0, 9.0, 150, 150, 150
L -729.0, -239.0, 9.0, -708.0, -193.0, 9.0, 150, 150, 150
L -743.0, -284.0, 9.0, -729.0, -239.0, 9.0, 150, 150, 150
L -749.0, -323.0, 9.0, -743.0, -284.0, 9.0, 150, 150, 150
L -750.0, -353.0, 9.0, -749.0, -323.0, 9.0, 150, 150, 150
L -749.0, -374.0, 9.0, -750.0, -353.0, 9.0, 150, 150, 150
L -743.0, -414.0, 9.0, -749.0, -374.0, 9.0, 150, 150, 150
L -725.0, -500.0, 9.0, -743.0, -414.0, 9.0, 150, 150, 150
L -719.0, -543.0, 9.0, -725.0, -500.0, 9.0, 150, 150, 150
L -718.0, -588.0, 9.0, -719.0, -543.0, 9.0, 150, 150, 150
L -725.0, -629.8, 9.0, -718.0, -588.0, 9.0, 150, 150, 150
L -730.0, -701.0, 6.0, -727.7, -686.1, 5.0, 150, 150, 150
L -731.0, -705.0, 9.0, -730.0, -701.0, 6.0, 150, 150, 150
L -734.0, -723.0, 12.0, -731.0, -705.0, 9.0, 150, 150, 150
L -734.0, -739.0, 14.0, -734.0, -723.0, 12.0, 150, 150, 150
L -736.0, -783.0, 24.0, -734.0, -739.0, 14.0, 150, 150, 150
L -736.0, -788.0, 24.0, -736.0, -783.0, 24.0, 150, 150, 150
L -735.0, -792.0, 26.0, -736.0, -788.0, 25.0, 150, 150, 150
L -723.0, -843.0, 37.0, -735.0, -792.0, 26.0, 150, 150, 150
L -712.0, -893.0, 52.0, -723.0, -843.0, 37.0, 150, 150, 150
L -706.0, -920.0, 59.0, -712.0, -893.0, 52.0, 150, 150, 150
L -596.0, 81.0, 9.0, -578.0, 77.0, 3.0, 150, 150, 150
L -595.0, 87.0, 9.0, -596.0, 81.0, 9.0, 150, 150, 150
L -593.0, 131.0, 9.0, -595.0, 87.0, 9.0, 150, 150, 150
L -598.0, 176.0, 9.0, -593.0, 131.0, 9.0, 150, 150, 150
L -616.0, 259.0, 9.0, -598.0, 176.0, 9.0, 150, 150, 150
L -623.0, 301.0, 9.0, -616.0, 259.0, 9.0, 150, 150, 150
L -625.0, 347.0, 9.0, -623.0, 301.0, 9.0, 150, 150, 150
L -621.0, 389.0, 9.0, -625.0, 347.0, 9.0, 150, 150, 150
L -609.0, 434.0, 9.0, -621.0, 389.0, 9.0, 150, 150, 150
L -590.0, 480.0, 9.0, -609.0, 434.0, 9.0, 150, 150, 150
L -566.0, 525.0, 9.0, -590.0, 480.0, 9.0, 150, 150, 150
L -510.0, 619.0, 9.0, -566.0, 525.0, 9.0, 150, 150, 150
L -485.0, 666.0, 9.0, -510.0, 619.0, 9.0, 150, 150, 150
L -466.0, 712.0, 9.0, -485.0, 666.0, 9.0, 150, 150, 150
L -463.0, 726.0, 10.0, -466.0, 712.0, 9.0, 150, 150, 150
L -577.0, 83.0, 3.0, -578.0, 77.0, 3.0, 150, 150, 150
L -577.0, 89.0, 3.0, -577.0, 83.0, 3.0, 150, 150, 150
L -547.0, 124.0, 2.0, -550.1, 84.1, 1.0, 150, 150, 150
L -572.0, 127.0, 9.0, -547.0, 124.0, 2.0, 150, 150, 150
L -575.0, 131.0, 9.0, -572.0, 127.0, 9.0, 150, 150, 150
L -579.0, 171.0, 9.0, -575.0, 131.0, 9.0, 150, 150, 150
L -594.0, 244.0, 9.0, -579.0, 171.0, 9.0, 150, 150, 150
L -604.0, 299.0, 9.0, -594.0, 244.0, 9.0, 150, 150, 150
L -606.0, 328.0, 9.0, -604.0, 299.0, 9.0, 150, 150, 150
L -607.0, 347.0, 9.0, -606.0, 328.0, 9.0, 150, 150, 150
L -604.0, 386.0, 9.0, -607.0, 347.0, 9.0, 150, 150, 150
L -592.0, 431.0, 9.0, -604.0, 386.0, 9.0, 150, 150, 150
L -574.0, 476.0, 9.0, -592.0, 431.0, 9.0, 150, 150, 150
L -550.0, 523.0, 9.0, -574.0, 476.0, 9.0, 150, 150, 150
L -495.0, 615.0, 9.0, -550.0, 523.0, 9.0, 150, 150, 150
L -469.0, 662.0, 9.0, -495.0, 615.0, 9.0, 150, 150, 150
L -449.0, 709.0, 9.0, -469.0, 662.0, 9.0, 150, 150, 150
L -444.0, 726.0, 8.0, -449.0, 709.0, 9.0, 150, 150, 150
L 1464.0, -201.0, 44.0, 1462.0, -210.0, 44.0, 0, 0, 0
L 1478.0, -180.0, 45.0, 1464.0, -201.0, 44.0, 0, 0, 0
L 1482.0, -178.0, 46.0, 1478.0, -180.0, 45.0, 0, 0, 0
L 1500.0, -166.0, 45.0, 1482.0, -178.0, 46.0, 0, 0, 0
L 1525.0, -160.0, 44.0, 1500.0, -166.0, 45.0, 0, 0, 0
L 1547.0, -160.0, 44.0, 1525.0, -160.0, 44.0, 0, 0, 0
L 1526.0, -185.0, 44.0, 1547.0, -184.0, 44.0, 0, 0, 0
L 1510.0, -188.0, 45.0, 1526.0, -185.0, 44.0, 0, 0, 0
L 1496.0, -198.0, 45.0, 1510.0, -188.0, 45.0, 0, 0, 0
L 1487.0, -210.0, 45.0, 1496.0, -198.0, 45.0, 0, 0, 0
L 1484.0, -225.0, 45.0, 1487.0, -210.0, 45.0, 0, 0, 0
L 1484.0, -268.0, 44.0, 1484.0, -225.0, 45.0, 0, 0, 0
L 1479.0, -294.0, 44.0, 1484.0, -268.0, 44.0, 0, 0, 0
L 1464.0, -315.0, 45.0, 1479.0, -294.0, 44.0, 0, 0, 0
L 1443.0, -328.0, 45.0, 1464.0, -315.0, 45.0, 0, 0, 0
L 1419.0, -333.0, 46.0, 1443.0, -328.0, 45.0, 0, 0, 0
L 1402.0, -334.0, 49.0, 1419.0, -333.0, 46.0, 0, 0, 0
L 1392.0, -334.0, 51.0, 1402.0, -334.0, 49.0, 0, 0, 0
L 1380.0, -333.0, 54.0, 1392.0, -334.0, 51.0, 0, 0, 0
L 1373.0, -334.0, 52.0, 1380.0, -333.0, 54.0, 0, 0, 0
L 1359.0, -335.0, 51.0, 1373.0, -334.0, 52.0, 0, 0, 0
L 1358.0, -350.0, 52.0, 1359.0, -335.0, 51.0, 0, 0, 0
L 1359.0, -363.0, 52.0, 1358.0, -350.0, 52.0, 0, 0, 0
L 1358.0, -370.0, 52.0, 1359.0, -363.0, 52.0, 0, 0, 0
L 1357.0, -375.0, 50.0, 1358.0, -370.0, 52.0, 0, 0, 0
L 1354.0, -387.0, 49.0, 1357.0, -375.0, 50.0, 0, 0, 0
L 1352.0, -392.0, 48.0, 1354.0, -387.0, 49.0, 0, 0, 0
L 1351.0, -398.0, 50.0, 1352.0, -392.0, 48.0, 0, 0, 0
L 1349.0, -407.0, 52.0, 1351.0, -398.0, 50.0, 0, 0, 0
L 1348.0, -413.0, 51.0, 1349.0, -407.0, 52.0, 0, 0, 0
L 1342.0, -430.0, 47.0, 1348.0, -413.0, 51.0, 0, 0, 0
L 1334.0, -452.0, 41.0, 1342.0, -430.0, 47.0, 0, 0, 0
L 1332.0, -460.0, 39.0, 1334.0, -452.0, 41.0, 0, 0, 0
L 1321.0, -482.0, 32.0, 1332.0, -460.0, 39.0, 0, 0, 0
L 1320.0, -488.0, 32.0, 1321.0, -482.0, 32.0, 0, 0, 0
L 1318.0, -496.0, 32.0, 1320.0, -488.0, 32.0, 0, 0, 0
L 1301.0, -520.0, 26.0, 1318.0, -496.0, 32.0, 0, 0, 0
L 1299.0, -533.0, 29.0, 1301.0, -520.0, 26.0, 0, 0, 0
L 1300.0, -541.0, 30.0, 1299.0, -533.0, 29.0, 0, 0, 0
L 1301.0, -545.0, 31.0, 1300.0, -541.0, 30.0, 0, 0, 0
L 1303.0, -552.0, 32.0, 1301.0, -545.0, 31.0, 0, 0, 0
L 1306.0, -560.0, 37.0, 1303.0, -552.0, 32.0, 0, 0, 0
L 1308.0, -562.0, 40.0, 1306.0, -560.0, 37.0, 0, 0, 0
L 1310.0, -563.0, 43.0, 1308.0, -562.0, 40.0, 0, 0, 0
L 1320.0, -572.0, 47.0, 1310.0, -563.0, 43.0, 0, 0, 0
L 1327.0, -577.0, 48.0, 1320.0, -572.0, 47.0, 0, 0, 0
L 1335.0, -580.0, 46.0, 1327.0, -577.0, 48.0, 0, 0, 0
L 1344.0, -583.0, 44.0, 1335.0, -580.0, 46.0, 0, 0, 0
L 1351.0, -588.0, 43.0, 1344.0, -583.0, 44.0, 0, 0, 0
L 1354.0, -590.0, 43.0, 1351.0, -588.0, 43.0, 0, 0, 0
L 1361.0, -600.0, 45.0, 1354.0, -590.0, 43.0, 0, 0, 0
L 1365.0, -610.0, 48.0, 1361.0, -600.0, 45.0, 0, 0, 0
L 1369.0, -621.0, 51.0, 1365.0, -610.0, 48.0, 0, 0, 0
L 1372.0, -628.0, 53.0, 1369.0, -621.0, 51.0, 0, 0, 0
L 1376.0, -639.0, 57.0, 1372.0, -628.0, 53.0, 0, 0, 0
L 1377.0, -647.0, 57.0, 1376.0, -639.0, 57.0, 0, 0, 0
L 1378.0, -668.0, 57.0, 1377.0, -647.0, 57.0, 0, 0, 0
L 1379.0, -673.0, 59.0, 1378.0, -668.0, 57.0, 0, 0, 0
L 1380.0, -681.0, 60.0, 1379.0, -673.0, 59.0, 0, 0, 0
L 1401.0, -705.0, 64.0, 1380.0, -681.0, 60.0, 0, 0, 0
L 1426.0, -724.0, 68.0, 1401.0, -705.0, 64.0, 0, 0, 0
L 1441.0, -743.0, 63.0, 1426.0, -724.0, 68.0, 0, 0, 0
L 1448.0, -761.0, 62.0, 1441.0, -743.0, 63.0, 0, 0, 0
L 1452.0, -770.0, 62.0, 1448.0, -761.0, 62.0, 0, 0, 0
L 1453.0, -776.0, 61.0, 1452.0, -770.0, 62.0, 0, 0, 0
L 1452.0, -783.0, 59.0, 1453.0, -776.0, 61.0, 0, 0, 0
L 1452.0, -790.0, 58.0, 1452.0, -783.0, 59.0, 0, 0, 0
L 1451.0, -798.0, 59.0, 1452.0, -790.0, 58.0, 0, 0, 0
L 1449.0, -805.0, 60.0, 1451.0, -798.0, 59.0, 0, 0, 0
L 1449.0, -809.0, 61.0, 1449.0, -805.0, 60.0, 0, 0, 0
L 1428.0, -871.0, 54.0, 1449.0, -809.0, 61.0, 0, 0, 0
L 1424.0, -884.0, 57.0, 1428.0, -871.0, 54.0, 0, 0, 0
L 1418.0, -893.0, 61.0, 1424.0, -884.0, 57.0, 0, 0, 0
L 1402.0, -909.0, 61.0, 1418.0, -893.0, 61.0, 0, 0, 0
L 1393.0, -916.0, 61.0, 1402.0, -909.0, 61.0, 0, 0, 0
L 1384.0, -922.0, 61.0, 1393.0, -916.0, 61.0, 0, 0, 0
L 1373.0, -928.0, 62.0, 1384.0, -922.0, 61.0, 0, 0, 0
L 1360.0, -932.0, 65.0, 1373.0, -928.0, 62.0, 0, 0, 0
L 1343.0, -935.0, 66.0, 1360.0, -932.0, 65.0, 0, 0, 0
L 1314.0, -942.0, 66.0, 1343.0, -935.0, 66.0, 0, 0, 0
L 1305.0, -945.0, 65.0, 1314.0, -942.0, 66.0, 0, 0, 0
L 1296.0, -942.0, 59.0, 1305.0, -945.0, 65.0, 0, 0, 0
L 1295.0, -941.0, 59.0, 1296.0, -942.0, 59.0, 0, 0, 0
L 1283.0, -930.0, 55.0, 1295.0, -941.0, 59.0, 0, 0, 0
L 1271.0, -910.0, 61.0, 1283.0, -930.0, 55.0, 0, 0, 0
L 1270.0, -909.0, 62.0, 1271.0, -910.0, 61.0, 0, 0, 0
L 1259.0, -905.0, 63.0, 1270.0, -909.0, 62.0, 0, 0, 0
L 1233.0, -898.0, 57.0, 1259.0, -905.0, 63.0, 0, 0, 0
L 1215.0, -906.0, 66.0, 1233.0, -898.0, 57.0, 0, 0, 0
L 1197.0, -918.0, 50.0, 1215.0, -906.0, 66.0, 0, 0, 0
L 1167.0, -946.0, 52.0, 1197.0, -918.0, 50.0, 0, 0, 0
L 1119.0, -948.0, 63.0, 1167.0, -946.0, 52.0, 0, 0, 0
L 1109.0, -948.0, 64.0, 1119.0, -948.0, 63.0, 0, 0, 0
L 1053.0, -951.0, 63.0, 1109.0, -948.0, 64.0, 0, 0, 0
L 1000.0, -944.0, 58.0, 1053.0, -951.0, 63.0, 0, 0, 0
L 995.0, -942.0, 56.0, 1000.0, -944.0, 58.0, 0, 0, 0
L 992.0, -940.0, 55.0, 995.0, -942.0, 56.0, 0, 0, 0
L 985.0, -935.0, 52.0, 992.0, -940.0, 55.0, 0, 0, 0
L 978.0, -928.0, 53.0, 985.0, -935.0, 52.0, 0, 0, 0
L 961.0, -904.0, 62.0, 978.0, -928.0, 53.0, 0, 0, 0
L 959.0, -901.0, 63.0, 961.0, -904.0, 62.0, 0, 0, 0
L 953.0, -895.0, 69.0, 959.0, -901.0, 63.0, 0, 0, 0
L 942.0, -886.0, 66.0, 953.0, -895.0, 69.0, 0, 0, 0
L 920.0, -887.0, 72.0, 942.0, -886.0, 66.0, 0, 0, 0
L 831.0, -896.0, 54.0, 920.0, -887.0, 72.0, 0, 0, 0
L 821.0, -897.0, 53.0, 831.0, -896.0, 54.0, 0, 0, 0
L 783.0, -903.0, 50.0, 821.0, -897.0, 53.0, 0, 0, 0
L 753.0, -907.0, 50.0, 783.0, -903.0, 50.0, 0, 0, 0
L 705.0, -900.0, 56.0, 753.0, -907.0, 50.0, 0, 0, 0
L 673.0, -895.0, 65.0, 705.0, -900.0, 56.0, 0, 0, 0
L 636.0, -886.0, 68.0, 673.0, -895.0, 65.0, 0, 0, 0
L 570.0, -855.0, 63.0, 636.0, -886.0, 68.0, 0, 0, 0
L 561.0, -851.0, 69.0, 570.0, -855.0, 63.0, 0, 0, 0
L 551.0, -845.0, 70.0, 561.0, -851.0, 69.0, 0, 0, 0
L 540.0, -838.0, 68.0, 551.0, -845.0, 70.0, 0, 0, 0
L 517.0, -832.0, 62.0, 540.0, -838.0, 68.0, 0, 0, 0
L 507.0, -829.0, 61.0, 517.0, -832.0, 62.0, 0, 0, 0
L 498.0, -827.0, 64.0, 507.0, -829.0, 61.0, 0, 0, 0
L 488.0, -824.0, 67.0, 498.0, -827.0, 64.0, 0, 0, 0
L 479.0, -821.0, 69.0, 488.0, -824.0, 67.0, 0, 0, 0
L 464.0, -820.0, 71.0, 479.0, -821.0, 69.0, 0, 0, 0
L 454.0, -822.0, 76.0, 464.0, -820.0, 71.0, 0, 0, 0
L 445.0, -822.0, 76.0, 454.0, -822.0, 76.0, 0, 0, 0
L 426.0, -823.0, 69.0, 445.0, -822.0, 76.0, 0, 0, 0
L 409.0, -830.0, 64.0, 426.0, -823.0, 69.0, 0, 0, 0
L 383.0, -875.0, 55.0, 409.0, -830.0, 64.0, 0, 0, 0
L 372.0, -894.0, 62.0, 383.0, -875.0, 55.0, 0, 0, 0
L 351.0, -926.0, 61.0, 372.0, -894.0, 62.0, 0, 0, 0
L 333.0, -952.0, 57.0, 351.0, -926.0, 61.0, 0, 0, 0
L 321.0, -969.0, 51.0, 333.0, -952.0, 57.0, 0, 0, 0
L 301.0, -979.0, 43.0, 321.0, -969.0, 51.0, 0, 0, 0
L 256.0, -977.0, 42.0, 301.0, -979.0, 43.0, 0, 0, 0
L 224.0, -976.0, 44.0, 256.0, -977.0, 42.0, 0, 0, 0
L 185.0, -959.0, 40.0, 224.0, -976.0, 44.0, 0, 0, 0
L 156.0, -947.0, 45.0, 185.0, -959.0, 40.0, 0, 0, 0
L 116.0, -911.0, 52.0, 156.0, -947.0, 45.0, 0, 0, 0
L 107.0, -903.0, 58.0, 116.0, -911.0, 52.0, 0, 0, 0
L 74.0, -882.0, 68.0, 107.0, -903.0, 58.0, 0, 0, 0
L 64.0, -876.0, 69.0, 74.0, -882.0, 68.0, 0, 0, 0
L -2.0, -860.0, 75.0, 64.0, -876.0, 69.0, 0, 0, 0
L -36.0, -869.0, 77.0, -2.0, -860.0, 75.0, 0, 0, 0
L -66.0, -878.0, 69.0, -36.0, -869.0, 77.0, 0, 0, 0
L -103.0, -898.0, 69.0, -66.0, -878.0, 69.0, 0, 0, 0
L -122.0, -908.0, 63.0, -103.0, -898.0, 69.0, 0, 0, 0
L -143.0, -924.0, 61.0, -122.0, -908.0, 63.0, 0, 0, 0
L -150.0, -931.0, 59.0, -143.0, -924.0, 61.0, 0, 0, 0
L -160.0, -938.0, 54.0, -150.0, -931.0, 59.0, 0, 0, 0
L -176.0, -950.0, 54.0, -160.0, -938.0, 54.0, 0, 0, 0
L -199.0, -957.0, 61.0, -176.0, -950.0, 54.0, 0, 0, 0
L -228.0, -953.0, 62.0, -199.0, -957.0, 61.0, 0, 0, 0
L -259.0, -948.0, 68.0, -228.0, -953.0, 62.0, 0, 0, 0
L -339.0, -921.0, 80.0, -259.0, -948.0, 68.0, 0, 0, 0
L -368.0, -902.0, 85.0, -339.0, -921.0, 80.0, 0, 0, 0
L -376.0, -896.0, 85.0, -368.0, -902.0, 85.0, 0, 0, 0
L -383.0, -893.0, 85.0, -376.0, -896.0, 85.0, 0, 0, 0
L -390.0, -892.0, 84.0, -383.0, -893.0, 85.0, 0, 0, 0
L -402.0, -890.0, 82.0, -390.0, -892.0, 84.0, 0, 0, 0
L -413.0, -889.0, 75.0, -402.0, -890.0, 82.0, 0, 0, 0
L -422.0, -889.0, 69.0, -413.0, -889.0, 75.0, 0, 0, 0
L -428.0, -890.0, 68.0, -422.0, -889.0, 69.0, 0, 0, 0
L -430.0, -893.0, 74.0, -428.0, -890.0, 68.0, 0, 0, 0
L -454.0, -922.0, 78.0, -430.0, -893.0, 74.0, 0, 0, 0
L -460.0, -930.0, 61.0, -454.0, -922.0, 78.0, 0, 0, 0
L -461.0, -931.0, 56.0, -460.0, -930.0, 61.0, 0, 0, 0
L -465.0, -940.0, 63.0, -461.0, -931.0, 56.0, 0, 0, 0
L -477.0, -951.0, 63.0, -465.0, -940.0, 63.0, 0, 0, 0
L -516.0, -979.0, 59.0, -477.0, -951.0, 63.0, 0, 0, 0
L -530.0, -982.0, 60.0, -516.0, -979.0, 59.0, 0, 0, 0
L -542.0, -975.0, 62.0, -530.0, -982.0, 60.0, 0, 0, 0
L -558.0, -958.0, 66.0, -542.0, -975.0, 62.0, 0, 0, 0
L -570.0, -938.0, 69.0, -558.0, -958.0, 66.0, 0, 0, 0
L -577.0, -918.0, 70.0, -570.0, -938.0, 69.0, 0, 0, 0
L -581.0, -910.0, 79.0, -577.0, -918.0, 70.0, 0, 0, 0
L -594.0, -883.0, 69.0, -581.0, -910.0, 79.0, 0, 0, 0
L -600.0, -870.0, 75.0, -594.0, -883.0, 69.0, 0, 0, 0
L -601.0, -869.0, 76.0, -600.0, -870.0, 75.0, 0, 0, 0
L -607.0, -860.0, 73.0, -601.0, -869.0, 76.0, 0, 0, 0
L -610.0, -858.0, 76.0, -607.0, -860.0, 73.0, 0, 0, 0
L -619.0, -854.0, 76.0, -610.0, -858.0, 76.0, 0, 0, 0
L -624.0, -852.0, 74.0, -619.0, -854.0, 76.0, 0, 0, 0
L -629.0, -853.0, 73.0, -624.0, -852.0, 74.0, 0, 0, 0
L -642.0, -860.0, 76.0, -629.0, -853.0, 73.0, 0, 0, 0
L -652.0, -865.0, 72.0, -642.0, -860.0, 76.0, 0, 0, 0
L -662.0, -871.0, 72.0, -652.0, -865.0, 72.0, 0, 0, 0
L -678.0, -887.0, 75.0, -662.0, -871.0, 72.0, 0, 0, 0
L -681.0, -890.0, 72.0, -678.0, -887.0, 75.0, 0, 0, 0
L -695.0, -913.0, 62.0, -681.0, -890.0, 72.0, 0, 0, 0
L -756.0, -954.0, 58.0, -725.0, -933.0, 60.0, 0, 0, 0
L -771.0, -943.0, 81.0, -756.0, -954.0, 58.0, 0, 0, 0
L -807.0, -928.0, 89.0, -771.0, -943.0, 81.0, 0, 0, 0
L -863.0, -911.0, 96.0, -807.0, -928.0, 89.0, 0, 0, 0
L -881.0, -907.0, 102.0, -863.0, -911.0, 96.0, 0, 0, 0
L -914.0, -905.0, 85.0, -881.0, -907.0, 102.0, 0, 0, 0
L -944.0, -925.0, 78.0, -914.0, -905.0, 85.0, 0, 0, 0
L -970.0, -943.0, 75.0, -944.0, -925.0, 78.0, 0, 0, 0
L -1014.0, -948.0, 74.0, -970.0, -943.0, 75.0, 0, 0, 0
L -1025.0, -949.0, 69.0, -1014.0, -948.0, 74.0, 0, 0, 0
L -1057.0, -963.0, 73.0, -1025.0, -949.0, 69.0, 0, 0, 0
L -1073.0, -974.0, 68.0, -1057.0, -963.0, 73.0, 0, 0, 0
L -1092.0, -979.0, 70.0, -1073.0, -974.0, 68.0, 0, 0, 0
L -1151.0, -995.0, 71.0, -1092.0, -979.0, 70.0, 0, 0, 0
L -1161.0, -998.0, 69.0, -1151.0, -995.0, 71.0, 0, 0, 0
L -1219.0, -1015.0, 65.0, -1161.0, -998.0, 69.0, 0, 0, 0
L -1262.0, -1048.0, 64.0, -1219.0, -1015.0, 65.0, 0, 0, 0
L -1282.0, -1057.0, 66.0, -1262.0, -1048.0, 64.0, 0, 0, 0
L -1311.0, -1069.0, 63.0, -1282.0, -1057.0, 66.0, 0, 0, 0
L -1345.0, -1078.0, 60.0, -1311.0, -1069.0, 63.0, 0, 0, 0
L -1355.0, -1081.0, 61.0, -1345.0, -1078.0, 60.0, 0, 0, 0
L -1390.0, -1072.0, 65.0, -1355.0, -1081.0, 61.0, 0, 0, 0
L -1411.0, -1067.0, 57.0, -1390.0, -1072.0, 65.0, 0, 0, 0
L -1447.0, -1067.0, 59.0, -1411.0, -1067.0, 57.0, 0, 0, 0
L -1471.0, -1053.0, 63.0, -1447.0, -1067.0, 59.0, 0, 0, 0
L -1480.0, -1048.0, 66.0, -1471.0, -1053.0, 63.0, 0, 0, 0
L -1513.0, -1028.0, 68.0, -1480.0, -1048.0, 66.0, 0, 0, 0
L -1523.0, -1023.0, 66.0, -1513.0, -1028.0, 68.0, 0, 0, 0
L -1554.0, -1017.0, 76.0, -1523.0, -1023.0, 66.0, 0, 0, 0
L -1565.0, -1014.0, 72.0, -1554.0, -1017.0, 76.0, 0, 0, 0
L -1596.0, -1013.0, 68.0, -1565.0, -1014.0, 72.0, 0, 0, 0
L -1627.0, -1011.0, 73.0, -1596.0, -1013.0, 68.0, 0, 0, 0
L -1668.0, -990.0, 81.0, -1627.0, -1011.0, 73.0, 0, 0, 0
L -1685.0, -986.0, 83.0, -1668.0, -990.0, 81.0, 0, 0, 0
L -1704.0, -981.0, 76.0, -1685.0, -986.0, 83.0, 0, 0, 0
L -1733.0, -974.0, 76.0, -1704.0, -981.0, 76.0, 0, 0, 0
L -1744.0, -963.0, 74.0, -1733.0, -974.0, 76.0, 0, 0, 0
L -1768.0, -918.0, 72.0, -1744.0, -963.0, 74.0, 0, 0, 0
L -1769.0, -866.0, 76.0, -1768.0, -918.0, 72.0, 0, 0, 0
L -1770.0, -845.0, 77.0, -1769.0, -866.0, 76.0, 0, 0, 0
L -1770.0, -823.0, 77.0, -1770.0, -845.0, 77.0, 0, 0, 0
L -1771.0, -798.0, 79.0, -1770.0, -823.0, 77.0, 0, 0, 0
L -1767.0, -775.0, 84.0, -1771.0, -798.0, 79.0, 0, 0, 0
L -1766.0, -768.0, 84.0, -1767.0, -775.0, 84.0, 0, 0, 0
L -1761.0, -762.0, 83.0, -1766.0, -768.0, 84.0, 0, 0, 0
L -1760.0, -761.0, 83.0, -1761.0, -762.0, 83.0, 0, 0, 0
L -1760.0, -733.0, 73.0, -1760.0, -761.0, 83.0, 0, 0, 0
L -1768.0, -720.0, 71.0, -1760.0, -733.0, 73.0, 0, 0, 0
L -1786.0, -697.0, 71.0, -1768.0, -720.0, 71.0, 0, 0, 0
L -1780.0, -675.0, 72.0, -1786.0, -697.0, 71.0, 0, 0, 0
L -1771.0, -646.0, 79.0, -1780.0, -675.0, 72.0, 0, 0, 0
L -1762.0, -624.0, 90.0, -1771.0, -646.0, 79.0, 0, 0, 0
L -1752.0, -597.0, 89.0, -1762.0, -624.0, 90.0, 0, 0, 0
L -1750.0, -593.0, 87.0, -1752.0, -597.0, 89.0, 0, 0, 0
L -1747.0, -582.0, 86.0, -1750.0, -593.0, 87.0, 0, 0, 0
L -1739.0, -554.0, 88.0, -1747.0, -582.0, 86.0, 0, 0, 0
L -1736.0, -542.0, 95.0, -1739.0, -554.0, 88.0, 0, 0, 0
L -1701.0, -519.0, 93.0, -1736.0, -542.0, 95.0, 0, 0, 0
L -1690.0, -515.0, 93.0, -1701.0, -519.0, 93.0, 0, 0, 0
L -1682.0, -515.0, 93.0, -1690.0, -515.0, 93.0, 0, 0, 0
L -1651.0, -506.0, 89.0, -1682.0, -515.0, 93.0, 0, 0, 0
L -1647.0, -499.0, 93.0, -1651.0, -506.0, 89.0, 0, 0, 0
L -1635.0, -493.0, 89.0, -1647.0, -499.0, 93.0, 0, 0, 0
L -1632.0, -487.0, 90.0, -1635.0, -493.0, 89.0, 0, 0, 0
L -1629.0, -481.0, 89.0, -1632.0, -487.0, 90.0, 0, 0, 0
L -1626.0, -470.0, 86.0, -1629.0, -481.0, 89.0, 0, 0, 0
L -1624.0, -464.0, 84.0, -1626.0, -470.0, 86.0, 0, 0, 0
L -1623.0, -461.0, 83.0, -1624.0, -464.0, 84.0, 0, 0, 0
L -1623.0, -443.0, 79.0, -1623.0, -461.0, 83.0, 0, 0, 0
L -1624.0, -438.0, 79.0, -1623.0, -443.0, 79.0, 0, 0, 0
L -1627.0, -426.0, 78.0, -1624.0, -438.0, 79.0, 0, 0, 0
L -1628.0, -421.0, 77.0, -1627.0, -426.0, 78.0, 0, 0, 0
L -1630.0, -413.0, 75.0, -1628.0, -421.0, 77.0, 0, 0, 0
L -1632.0, -404.0, 73.0, -1630.0, -413.0, 75.0, 0, 0, 0
L -1632.0, -400.0, 72.0, -1632.0, -404.0, 73.0, 0, 0, 0
L -1635.0, -388.0, 71.0, -1632.0, -400.0, 72.0, 0, 0, 0
L -1636.0, -383.0, 70.0, -1635.0, -388.0, 71.0, 0, 0, 0
L -1669.0, -337.0, 71.0, -1636.0, -383.0, 70.0, 0, 0, 0
L -1671.0, -334.0, 71.0, -1669.0, -337.0, 71.0, 0, 0, 0
L -1688.0, -320.0, 74.0, -1671.0, -334.0, 71.0, 0, 0, 0
L -1712.0, -301.0, 72.0, -1688.0, -320.0, 74.0, 0, 0, 0
L -1718.0, -289.0, 73.0, -1712.0, -301.0, 72.0, 0, 0, 0
L -1726.0, -271.0, 72.0, -1718.0, -289.0, 73.0, 0, 0, 0
L -1738.0, -242.0, 74.0, -1726.0, -271.0, 72.0, 0, 0, 0
L -1746.0, -219.0, 71.0, -1738.0, -242.0, 74.0, 0, 0, 0
L -1753.0, -198.0, 66.0, -1746.0, -219.0, 71.0, 0, 0, 0
L -1752.0, -185.0, 68.0, -1753.0, -198.0, 66.0, 0, 0, 0
L -1752.0, -173.0, 70.0, -1752.0, -185.0, 68.0, 0, 0, 0
L -1751.0, -157.0, 72.0, -1752.0, -173.0, 70.0, 0, 0, 0
L -1750.0, -144.0, 73.0, -1751.0, -157.0, 72.0, 0, 0, 0
L -1750.0, -135.0, 73.0, -1750.0, -144.0, 73.0, 0, 0, 0
L -1749.0, -127.0, 70.0, -1750.0, -135.0, 73.0, 0, 0, 0
L -1748.0, -122.0, 67.0, -1749.0, -127.0, 70.0, 0, 0, 0
L -1748.0, -116.0, 67.0, -1748.0, -122.0, 67.0, 0, 0, 0
L -1747.0, -111.0, 65.0, -1748.0, -116.0, 67.0, 0, 0, 0
L -1745.0, -97.0, 66.0, -1747.0, -111.0, 65.0, 0, 0, 0
L -1743.0, -80.0, 68.0, -1745.0, -97.0, 66.0, 0, 0, 0
L -1741.0, -68.0, 69.0, -1743.0, -80.0, 68.0, 0, 0, 0
L -1740.0, -64.0, 70.0, -1741.0, -68.0, 69.0, 0, 0, 0
L -1740.0, -61.0, 70.0, -1740.0, -64.0, 70.0, 0, 0, 0
L -1738.0, -50.0, 71.0, -1740.0, -61.0, 70.0, 0, 0, 0
L -1736.0, -40.0, 71.0, -1738.0, -50.0, 71.0, 0, 0, 0
L -1735.0, -33.0, 72.0, -1736.0, -40.0, 71.0, 0, 0, 0
L -1733.0, -22.0, 75.0, -1735.0, -33.0, 72.0, 0, 0, 0
L -1732.0, -16.0, 78.0, -1733.0, -22.0, 75.0, 0, 0, 0
L -1730.0, -7.0, 81.0, -1732.0, -16.0, 78.0, 0, 0, 0
L -1696.0, 6.0, 80.0, -1730.0, -7.0, 81.0, 0, 0, 0
L -1685.0, 10.0, 79.0, -1696.0, 6.0, 80.0, 0, 0, 0
L -1666.0, 25.0, 83.0, -1685.0, 10.0, 79.0, 0, 0, 0
L -1658.0, 31.0, 82.0, -1666.0, 25.0, 83.0, 0, 0, 0
L -1656.0, 39.0, 83.0, -1658.0, 31.0, 82.0, 0, 0, 0
L -1653.0, 53.0, 85.0, -1656.0, 39.0, 83.0, 0, 0, 0
L -1652.0, 63.0, 85.0, -1653.0, 53.0, 85.0, 0, 0, 0
L -1651.0, 72.0, 84.0, -1652.0, 63.0, 85.0, 0, 0, 0
L -1652.0, 79.0, 83.0, -1651.0, 72.0, 84.0, 0, 0, 0
L -1652.0, 86.0, 82.0, -1652.0, 79.0, 83.0, 0, 0, 0
L -1653.0, 95.0, 83.0, -1652.0, 86.0, 82.0, 0, 0, 0
L -1654.0, 100.0, 84.0, -1653.0, 95.0, 83.0, 0, 0, 0
L -1654.0, 107.0, 86.0, -1654.0, 100.0, 84.0, 0, 0, 0
L -1654.0, 116.0, 85.0, -1654.0, 107.0, 86.0, 0, 0, 0
L -1651.0, 126.0, 81.0, -1654.0, 116.0, 85.0, 0, 0, 0
L -1647.0, 142.0, 84.0, -1651.0, 126.0, 81.0, 0, 0, 0
L -1641.0, 161.0, 86.0, -1647.0, 142.0, 84.0, 0, 0, 0
L -1639.0, 169.0, 84.0, -1641.0, 161.0, 86.0, 0, 0, 0
L -1639.0, 176.0, 83.0, -1639.0, 169.0, 84.0, 0, 0, 0
L -1638.0, 184.0, 81.0, -1639.0, 176.0, 83.0, 0, 0, 0
L -1637.0, 190.0, 82.0, -1638.0, 184.0, 81.0, 0, 0, 0
L -1631.0, 195.0, 80.0, -1637.0, 190.0, 82.0, 0, 0, 0
L -1626.0, 199.0, 81.0, -1631.0, 195.0, 80.0, 0, 0, 0
L -1615.0, 207.0, 91.0, -1626.0, 199.0, 81.0, 0, 0, 0
L -1614.0, 208.0, 92.0, -1615.0, 207.0, 91.0, 0, 0, 0
L -1603.0, 219.0, 92.0, -1614.0, 208.0, 92.0, 0, 0, 0
L -1599.0, 224.0, 90.0, -1603.0, 219.0, 92.0, 0, 0, 0
L -1596.0, 234.0, 84.0, -1599.0, 224.0, 90.0, 0, 0, 0
L -1623.0, 268.0, 83.0, -1596.0, 234.0, 84.0, 0, 0, 0
L -1625.0, 271.0, 81.0, -1623.0, 268.0, 83.0, 0, 0, 0
L -1650.0, 284.0, 82.0, -1625.0, 271.0, 81.0, 0, 0, 0
L -1672.0, 298.0, 75.0, -1650.0, 284.0, 82.0, 0, 0, 0
L -1692.0, 320.0, 83.0, -1672.0, 298.0, 75.0, 0, 0, 0
L -1700.0, 330.0, 80.0, -1692.0, 320.0, 83.0, 0, 0, 0
L -1712.0, 345.0, 77.0, -1700.0, 330.0, 80.0, 0, 0, 0
L -1713.0, 352.0, 74.0, -1712.0, 345.0, 77.0, 0, 0, 0
L -1714.0, 358.0, 75.0, -1713.0, 352.0, 74.0, 0, 0, 0
L -1715.0, 366.0, 79.0, -1714.0, 358.0, 75.0, 0, 0, 0
L -1714.0, 371.0, 80.0, -1715.0, 366.0, 79.0, 0, 0, 0
L -1712.0, 383.0, 82.0, -1714.0, 371.0, 80.0, 0, 0, 0
L -1712.0, 386.0, 80.0, -1712.0, 383.0, 82.0, 0, 0, 0
L -1710.0, 398.0, 73.0, -1712.0, 386.0, 80.0, 0, 0, 0
L -1709.0, 403.0, 70.0, -1710.0, 398.0, 73.0, 0, 0, 0
L -1708.0, 408.0, 69.0, -1709.0, 403.0, 70.0, 0, 0, 0
L -1708.0, 411.0, 70.0, -1708.0, 408.0, 69.0, 0, 0, 0
L -1707.0, 415.0, 71.0, -1708.0, 411.0, 70.0, 0, 0, 0
L -1706.0, 422.0, 73.0, -1707.0, 415.0, 71.0, 0, 0, 0
L -1704.0, 432.0, 72.0, -1706.0, 422.0, 73.0, 0, 0, 0
L -1698.0, 439.0, 65.0, -1704.0, 432.0, 72.0, 0, 0, 0
L -1693.0, 445.0, 59.0, -1698.0, 439.0, 65.0, 0, 0, 0
L -1684.0, 453.0, 50.0, -1693.0, 445.0, 59.0, 0, 0, 0
L -1685.0, 456.0, 55.0, -1684.0, 453.0, 50.0, 0, 0, 0
L -1686.0, 459.0, 60.0, -1685.0, 456.0, 55.0, 0, 0, 0
L -1692.0, 461.0, 56.0, -1686.0, 459.0, 60.0, 0, 0, 0
L -1697.0, 464.0, 52.0, -1692.0, 461.0, 56.0, 0, 0, 0
L -1717.0, 464.0, 52.0, -1697.0, 464.0, 52.0, 0, 0, 0
L -1740.0, 470.0, 52.0, -1717.0, 464.0, 52.0, 0, 0, 0
L -1760.0, 483.0, 52.0, -1740.0, 470.0, 52.0, 0, 0, 0
L -1773.0, 503.0, 52.0, -1760.0, 483.0, 52.0, 0, 0, 0
L -1781.0, 541.0, 52.0, -1773.0, 503.0, 52.0, 0, 0, 0
L -1789.0, 554.0, 52.0, -1781.0, 541.0, 52.0, 0, 0, 0
L -1814.0, 570.0, 52.0, -1807.0, 565.0, 52.0, 0, 0, 0
L -1773.0, 570.0, 52.0, -1794.0, 584.0, 52.0, 0, 0, 0
L -1760.0, 550.0, 52.0, -1773.0, 570.0, 52.0, 0, 0, 0
L -1754.0, 521.0, 52.0, -1760.0, 550.0, 52.0, 0, 0, 0
L -1753.0, 516.0, 52.0, -1754.0, 521.0, 52.0, 0, 0, 0
L -1752.0, 512.0, 52.0, -1753.0, 516.0, 52.0, 0, 0, 0
L -1744.0, 499.0, 52.0, -1752.0, 512.0, 52.0, 0, 0, 0
L -1732.0, 491.0, 52.0, -1744.0, 499.0, 52.0, 0, 0, 0
L -1719.0, 488.0, 52.0, -1732.0, 491.0, 52.0, 0, 0, 0
L -1709.0, 488.0, 52.0, -1719.0, 488.0, 52.0, 0, 0, 0
L -1698.0, 488.0, 52.0, -1709.0, 488.0, 52.0, 0, 0, 0
L -1688.0, 493.0, 49.0, -1698.0, 488.0, 52.0, 0, 0, 0
L -1686.0, 497.0, 54.0, -1688.0, 493.0, 49.0, 0, 0, 0
L -1685.0, 499.0, 58.0, -1686.0, 497.0, 54.0, 0, 0, 0
L -1685.0, 502.0, 61.0, -1685.0, 499.0, 58.0, 0, 0, 0
L -1683.0, 507.0, 61.0, -1685.0, 502.0, 61.0, 0, 0, 0
L -1683.0, 512.0, 61.0, -1683.0, 507.0, 61.0, 0, 0, 0
L -1684.0, 519.0, 59.0, -1683.0, 512.0, 61.0, 0, 0, 0
L -1685.0, 524.0, 60.0, -1684.0, 519.0, 59.0, 0, 0, 0
L -1686.0, 530.0, 60.0, -1685.0, 524.0, 60.0, 0, 0, 0
L -1688.0, 537.0, 62.0, -1686.0, 530.0, 60.0, 0, 0, 0
L -1690.0, 541.0, 65.0, -1688.0, 537.0, 62.0, 0, 0, 0
L -1690.0, 545.0, 68.0, -1690.0, 541.0, 65.0, 0, 0, 0
L -1688.0, 552.0, 70.0, -1690.0, 545.0, 68.0, 0, 0, 0
L -1684.0, 563.0, 76.0, -1688.0, 552.0, 70.0, 0, 0, 0
L -1679.0, 575.0, 81.0, -1684.0, 563.0, 76.0, 0, 0, 0
L -1675.0, 585.0, 88.0, -1679.0, 575.0, 81.0, 0, 0, 0
L -1664.0, 602.0, 95.0, -1675.0, 585.0, 88.0, 0, 0, 0
L -1663.0, 607.0, 97.0, -1664.0, 602.0, 95.0, 0, 0, 0
L -1661.0, 618.0, 101.0, -1663.0, 607.0, 97.0, 0, 0, 0
L -1654.0, 624.0, 96.0, -1661.0, 618.0, 101.0, 0, 0, 0
L -1653.0, 626.0, 95.0, -1654.0, 624.0, 96.0, 0, 0, 0
L -1654.0, 632.0, 101.0, -1653.0, 626.0, 95.0, 0, 0, 0
L -1657.0, 640.0, 104.0, -1654.0, 632.0, 101.0, 0, 0, 0
L -1703.0, 645.0, 109.0, -1657.0, 640.0, 104.0, 0, 0, 0
L -1723.0, 652.0, 107.0, -1703.0, 645.0, 109.0, 0, 0, 0
L -1734.0, 657.0, 110.0, -1723.0, 652.0, 107.0, 0, 0, 0
L -1745.0, 677.0, 119.0, -1734.0, 657.0, 110.0, 0, 0, 0
L -1746.0, 687.0, 121.0, -1745.0, 677.0, 119.0, 0, 0, 0
L -1747.0, 701.0, 121.0, -1746.0, 687.0, 121.0, 0, 0, 0
L -1747.0, 717.0, 120.0, -1747.0, 701.0, 121.0, 0, 0, 0
L -1735.0, 745.0, 123.0, -1747.0, 717.0, 120.0, 0, 0, 0
L -1727.0, 765.0, 124.0, -1735.0, 745.0, 123.0, 0, 0, 0
L -1712.0, 791.0, 120.0, -1727.0, 765.0, 124.0, 0, 0, 0
L -1678.0, 804.0, 103.0, -1712.0, 791.0, 120.0, 0, 0, 0
L -1620.0, 806.0, 99.0, -1678.0, 804.0, 103.0, 0, 0, 0
L -1610.0, 806.0, 99.0, -1620.0, 806.0, 99.0, 0, 0, 0
L -1580.0, 804.0, 95.0, -1610.0, 806.0, 99.0, 0, 0, 0
L -1548.0, 801.0, 96.0, -1580.0, 804.0, 95.0, 0, 0, 0
L -1500.0, 822.0, 91.0, -1548.0, 801.0, 96.0, 0, 0, 0
L -1455.0, 847.0, 96.0, -1500.0, 822.0, 91.0, 0, 0, 0
L -1429.0, 862.0, 85.0, -1455.0, 847.0, 96.0, 0, 0, 0
L -1404.0, 872.0, 82.0, -1429.0, 862.0, 85.0, 0, 0, 0
L -1374.0, 883.0, 79.0, -1404.0, 872.0, 82.0, 0, 0, 0
L -1305.0, 871.0, 77.0, -1374.0, 883.0, 79.0, 0, 0, 0
L -1245.0, 866.0, 67.0, -1305.0, 871.0, 77.0, 0, 0, 0
L -1215.0, 860.0, 68.0, -1245.0, 866.0, 67.0, 0, 0, 0
L -1186.0, 854.0, 77.0, -1215.0, 860.0, 68.0, 0, 0, 0
L -1180.0, 853.0, 77.0, -1186.0, 854.0, 77.0, 0, 0, 0
L -1139.0, 859.0, 74.0, -1180.0, 853.0, 77.0, 0, 0, 0
L -1112.0, 880.0, 72.0, -1139.0, 859.0, 74.0, 0, 0, 0
L -1086.0, 898.0, 67.0, -1112.0, 880.0, 72.0, 0, 0, 0
L -1071.0, 905.0, 65.0, -1086.0, 898.0, 67.0, 0, 0, 0
L -1037.0, 896.0, 69.0, -1071.0, 905.0, 65.0, 0, 0, 0
L -1012.0, 886.0, 71.0, -1037.0, 896.0, 69.0, 0, 0, 0
L -938.0, 843.0, 85.0, -1012.0, 886.0, 71.0, 0, 0, 0
L -910.0, 827.0, 81.0, -938.0, 843.0, 85.0, 0, 0, 0
L -879.0, 786.0, 89.0, -910.0, 827.0, 81.0, 0, 0, 0
L -872.0, 777.0, 86.0, -879.0, 786.0, 89.0, 0, 0, 0
L -824.0, 760.0, 82.0, -872.0, 777.0, 86.0, 0, 0, 0
L -794.0, 750.0, 77.0, -824.0, 760.0, 82.0, 0, 0, 0
L -755.0, 705.0, 81.0, -794.0, 750.0, 77.0, 0, 0, 0
L -747.0, 696.0, 79.0, -755.0, 705.0, 81.0, 0, 0, 0
L -717.0, 689.0, 88.0, -747.0, 696.0, 79.0, 0, 0, 0
L -706.0, 686.0, 82.0, -717.0, 689.0, 88.0, 0, 0, 0
L -682.0, 694.0, 82.0, -706.0, 686.0, 82.0, 0, 0, 0
L -664.0, 701.0, 72.0, -682.0, 694.0, 82.0, 0, 0, 0
L -652.0, 708.0, 67.0, -664.0, 701.0, 72.0, 0, 0, 0
L -626.0, 726.0, 62.0, -652.0, 708.0, 67.0, 0, 0, 0
L -592.0, 742.0, 51.0, -626.0, 726.0, 62.0, 0, 0, 0
L -557.0, 749.0, 41.0, -592.0, 742.0, 51.0, 0, 0, 0
L -549.0, 750.0, 36.0, -557.0, 749.0, 41.0, 0, 0, 0
L -539.0, 752.0, 34.0, -549.0, 750.0, 36.0, 0, 0, 0
L -512.0, 748.0, 28.0, -539.0, 752.0, 34.0, 0, 0, 0
L -488.0, 743.0, 23.0, -512.0, 748.0, 28.0, 0, 0, 0
L -477.0, 733.0, 14.0, -488.0, 743.0, 23.0, 0, 0, 0
L -469.0, 727.0, 12.0, -477.0, 733.0, 14.0, 0, 0, 0
L -463.0, 726.0, 10.0, -469.0, 727.0, 12.0, 0, 0, 0
L -421.0, 727.0, 6.0, -442.0, 726.0, 8.0, 0, 0, 0
L -410.0, 728.0, 11.0, -421.0, 727.0, 6.0, 0, 0, 0
L -395.0, 736.0, 25.0, -410.0, 728.0, 11.0, 0, 0, 0
L -385.0, 742.0, 24.0, -395.0, 736.0, 25.0, 0, 0, 0
L -376.0, 756.0, 29.0, -385.0, 742.0, 24.0, 0, 0, 0
L -357.0, 777.0, 38.0, -376.0, 756.0, 29.0, 0, 0, 0
L -336.0, 796.0, 48.0, -357.0, 777.0, 38.0, 0, 0, 0
L -311.0, 809.0, 54.0, -336.0, 796.0, 48.0, 0, 0, 0
L -291.0, 813.0, 50.0, -311.0, 809.0, 54.0, 0, 0, 0
L -278.0, 810.0, 47.0, -291.0, 813.0, 50.0, 0, 0, 0
L -256.0, 798.0, 50.0, -278.0, 810.0, 47.0, 0, 0, 0
L -183.0, 790.0, 66.0, -256.0, 798.0, 50.0, 0, 0, 0
L -172.0, 788.0, 64.0, -183.0, 790.0, 66.0, 0, 0, 0
L -132.0, 807.0, 65.0, -172.0, 788.0, 64.0, 0, 0, 0
L -100.0, 832.0, 59.0, -132.0, 807.0, 65.0, 0, 0, 0
L -45.0, 853.0, 58.0, -100.0, 832.0, 59.0, 0, 0, 0
L -15.0, 856.0, 54.0, -45.0, 853.0, 58.0, 0, 0, 0
L 9.0, 856.0, 55.0, -15.0, 856.0, 54.0, 0, 0, 0
L 80.0, 843.0, 65.0, 9.0, 856.0, 55.0, 0, 0, 0
L 111.0, 836.0, 74.0, 80.0, 843.0, 65.0, 0, 0, 0
L 142.0, 829.0, 72.0, 111.0, 836.0, 74.0, 0, 0, 0
L 193.0, 833.0, 81.0, 142.0, 829.0, 72.0, 0, 0, 0
L 205.0, 827.0, 80.0, 193.0, 833.0, 81.0, 0, 0, 0
L 232.0, 813.0, 77.0, 205.0, 827.0, 80.0, 0, 0, 0
L 250.0, 792.0, 72.0, 232.0, 813.0, 77.0, 0, 0, 0
L 262.0, 775.0, 75.0, 250.0, 792.0, 72.0, 0, 0, 0
L 272.0, 763.0, 73.0, 262.0, 775.0, 75.0, 0, 0, 0
L 274.0, 763.0, 73.0, 272.0, 763.0, 73.0, 0, 0, 0
L 281.0, 760.0, 72.0, 274.0, 763.0, 73.0, 0, 0, 0
L 286.0, 759.0, 71.0, 281.0, 760.0, 72.0, 0, 0, 0
L 298.0, 757.0, 66.0, 286.0, 759.0, 71.0, 0, 0, 0
L 337.0, 769.0, 62.0, 298.0, 757.0, 66.0, 0, 0, 0
L 348.0, 773.0, 59.0, 337.0, 769.0, 62.0, 0, 0, 0
L 375.0, 785.0, 55.0, 348.0, 773.0, 59.0, 0, 0, 0
L 405.0, 794.0, 60.0, 375.0, 785.0, 55.0, 0, 0, 0
L 457.0, 818.0, 59.0, 405.0, 794.0, 60.0, 0, 0, 0
L 486.0, 818.0, 53.0, 457.0, 818.0, 59.0, 0, 0, 0
L 498.0, 817.0, 53.0, 486.0, 818.0, 53.0, 0, 0, 0
L 529.0, 813.0, 56.0, 498.0, 817.0, 53.0, 0, 0, 0
L 565.0, 806.0, 61.0, 529.0, 813.0, 56.0, 0, 0, 0
L 597.0, 794.0, 56.0, 565.0, 806.0, 61.0, 0, 0, 0
L 607.0, 791.0, 55.0, 597.0, 794.0, 56.0, 0, 0, 0
L 648.0, 774.0, 58.0, 607.0, 791.0, 55.0, 0, 0, 0
L 658.0, 770.0, 55.0, 648.0, 774.0, 58.0, 0, 0, 0
L 695.0, 776.0, 62.0, 658.0, 770.0, 55.0, 0, 0, 0
L 724.0, 792.0, 65.0, 695.0, 776.0, 62.0, 0, 0, 0
L 741.0, 799.0, 65.0, 724.0, 792.0, 65.0, 0, 0, 0
L 770.0, 811.0, 62.0, 741.0, 799.0, 65.0, 0, 0, 0
L 801.0, 816.0, 56.0, 770.0, 811.0, 62.0, 0, 0, 0
L 810.0, 818.0, 59.0, 801.0, 816.0, 56.0, 0, 0, 0
L 830.0, 813.0, 59.0, 810.0, 818.0, 59.0, 0, 0, 0
L 856.0, 803.0, 64.0, 830.0, 813.0, 59.0, 0, 0, 0
L 883.0, 791.0, 64.0, 856.0, 803.0, 64.0, 0, 0, 0
L 906.0, 790.0, 67.0, 883.0, 791.0, 64.0, 0, 0, 0
L 927.0, 789.0, 61.0, 906.0, 790.0, 67.0, 0, 0, 0
L 957.0, 808.0, 66.0, 927.0, 789.0, 61.0, 0, 0, 0
L 984.0, 818.0, 67.0, 957.0, 808.0, 66.0, 0, 0, 0
L 1007.0, 828.0, 71.0, 984.0, 818.0, 67.0, 0, 0, 0
L 1029.0, 824.0, 71.0, 1007.0, 828.0, 71.0, 0, 0, 0
L 1051.0, 815.0, 69.0, 1029.0, 824.0, 71.0, 0, 0, 0
L 1075.0, 800.0, 65.0, 1051.0, 815.0, 69.0, 0, 0, 0
L 1081.0, 789.0, 63.0, 1075.0, 800.0, 65.0, 0, 0, 0
L 1084.0, 778.0, 67.0, 1081.0, 789.0, 63.0, 0, 0, 0
L 1090.0, 773.0, 72.0, 1084.0, 778.0, 67.0, 0, 0, 0
L 1107.0, 759.0, 71.0, 1090.0, 773.0, 72.0, 0, 0, 0
L 1136.0, 756.0, 84.0, 1107.0, 759.0, 71.0, 0, 0, 0
L 1146.0, 755.0, 82.0, 1136.0, 756.0, 84.0, 0, 0, 0
L 1178.0, 758.0, 81.0, 1146.0, 755.0, 82.0, 0, 0, 0
L 1187.0, 760.0, 82.0, 1178.0, 758.0, 81.0, 0, 0, 0
L 1200.0, 758.0, 84.0, 1187.0, 760.0, 82.0, 0, 0, 0
L 1204.0, 756.0, 83.0, 1200.0, 758.0, 84.0, 0, 0, 0
L 1214.0, 751.0, 77.0, 1204.0, 756.0, 83.0, 0, 0, 0
L 1223.0, 744.0, 70.0, 1214.0, 751.0, 77.0, 0, 0, 0
L 1230.0, 736.0, 67.0, 1223.0, 744.0, 70.0, 0, 0, 0
L 1239.0, 723.0, 65.0, 1230.0, 736.0, 67.0, 0, 0, 0
L 1254.0, 698.0, 58.0, 1239.0, 723.0, 65.0, 0, 0, 0
L 1259.0, 689.0, 60.0, 1254.0, 698.0, 58.0, 0, 0, 0
L 1265.0, 679.0, 60.0, 1259.0, 689.0, 60.0, 0, 0, 0
L 1267.0, 671.0, 61.0, 1265.0, 679.0, 60.0, 0, 0, 0
L 1269.0, 663.0, 65.0, 1267.0, 671.0, 61.0, 0, 0, 0
L 1270.0, 657.0, 67.0, 1269.0, 663.0, 65.0, 0, 0, 0
L 1270.0, 654.0, 66.0, 1270.0, 657.0, 67.0, 0, 0, 0
L 1271.0, 647.0, 63.0, 1270.0, 654.0, 66.0, 0, 0, 0
L 1273.0, 639.0, 67.0, 1271.0, 647.0, 63.0, 0, 0, 0
L 1274.0, 632.0, 70.0, 1273.0, 639.0, 67.0, 0, 0, 0
L 1274.0, 627.0, 67.0, 1274.0, 632.0, 70.0, 0, 0, 0
L 1284.0, 612.0, 61.0, 1274.0, 627.0, 67.0, 0, 0, 0
L 1288.0, 599.0, 59.0, 1284.0, 612.0, 61.0, 0, 0, 0
L 1290.0, 584.0, 55.0, 1288.0, 599.0, 59.0, 0, 0, 0
L 1286.0, 571.0, 55.0, 1290.0, 584.0, 55.0, 0, 0, 0
L 1281.0, 563.0, 59.0, 1286.0, 571.0, 55.0, 0, 0, 0
L 1278.0, 556.0, 64.0, 1281.0, 563.0, 59.0, 0, 0, 0
L 1274.0, 546.0, 72.0, 1278.0, 556.0, 64.0, 0, 0, 0
L 1266.0, 537.0, 70.0, 1274.0, 546.0, 72.0, 0, 0, 0
L 1264.0, 529.0, 71.0, 1266.0, 537.0, 70.0, 0, 0, 0
L 1264.0, 520.0, 69.0, 1264.0, 529.0, 71.0, 0, 0, 0
L 1286.0, 503.0, 70.0, 1264.0, 520.0, 69.0, 0, 0, 0
L 1296.0, 493.0, 66.0, 1286.0, 503.0, 70.0, 0, 0, 0
L 1304.0, 485.0, 70.0, 1296.0, 493.0, 66.0, 0, 0, 0
L 1305.0, 476.0, 64.0, 1304.0, 485.0, 70.0, 0, 0, 0
L 1306.0, 470.0, 60.0, 1305.0, 476.0, 64.0, 0, 0, 0
L 1306.0, 464.0, 58.0, 1306.0, 470.0, 60.0, 0, 0, 0
L 1307.0, 458.0, 57.0, 1306.0, 464.0, 58.0, 0, 0, 0
L 1307.0, 454.0, 54.0, 1307.0, 458.0, 57.0, 0, 0, 0
L 1307.0, 445.0, 52.0, 1307.0, 454.0, 54.0, 0, 0, 0
L 1298.0, 433.0, 44.0, 1307.0, 445.0, 52.0, 0, 0, 0
L 1293.0, 423.0, 43.0, 1298.0, 433.0, 44.0, 0, 0, 0
L 1278.0, 393.0, 30.0, 1293.0, 423.0, 43.0, 0, 0, 0
L 1277.0, 387.0, 29.0, 1278.0, 393.0, 30.0, 0, 0, 0
L 1276.0, 381.0, 30.0, 1277.0, 387.0, 29.0, 0, 0, 0
L 1274.0, 375.0, 33.0, 1276.0, 381.0, 30.0, 0, 0, 0
L 1273.0, 369.0, 34.0, 1274.0, 375.0, 33.0, 0, 0, 0
L 1272.0, 363.0, 35.0, 1273.0, 369.0, 34.0, 0, 0, 0
L 1272.0, 360.0, 36.0, 1272.0, 363.0, 35.0, 0, 0, 0
L 1270.0, 350.0, 38.0, 1272.0, 360.0, 36.0, 0, 0, 0
L 1268.0, 342.0, 40.0, 1270.0, 350.0, 38.0, 0, 0, 0
L 1266.0, 333.0, 45.0, 1268.0, 342.0, 40.0, 0, 0, 0
L 1266.0, 331.0, 47.0, 1266.0, 333.0, 45.0, 0, 0, 0
L 1264.0, 323.0, 52.0, 1266.0, 331.0, 47.0, 0, 0, 0
L 1264.0, 321.0, 54.0, 1264.0, 323.0, 52.0, 0, 0, 0
L 1262.0, 311.0, 63.0, 1264.0, 321.0, 54.0, 0, 0, 0
L 1259.0, 299.0, 67.0, 1262.0, 311.0, 63.0, 0, 0, 0
L 1258.0, 293.0, 69.0, 1259.0, 299.0, 67.0, 0, 0, 0
L 1258.0, 287.0, 72.0, 1258.0, 293.0, 69.0, 0, 0, 0
L 1259.0, 281.0, 75.0, 1258.0, 287.0, 72.0, 0, 0, 0
L 1259.0, 276.0, 77.0, 1259.0, 281.0, 75.0, 0, 0, 0
L 1260.0, 270.0, 78.0, 1259.0, 276.0, 77.0, 0, 0, 0
L 1261.0, 262.0, 78.0, 1260.0, 270.0, 78.0, 0, 0, 0
L 1261.0, 258.0, 77.0, 1261.0, 262.0, 78.0, 0, 0, 0
L 1262.0, 252.0, 75.0, 1261.0, 258.0, 77.0, 0, 0, 0
L 1295.0, 216.0, 76.0, 1262.0, 252.0, 75.0, 0, 0, 0
L 1303.0, 201.0, 78.0, 1295.0, 216.0, 76.0, 0, 0, 0
L 1306.0, 188.0, 79.0, 1303.0, 201.0, 78.0, 0, 0, 0
L 1307.0, 184.0, 81.0, 1306.0, 188.0, 79.0, 0, 0, 0
L 1308.0, 180.0, 82.0, 1307.0, 184.0, 81.0, 0, 0, 0
L 1309.0, 174.0, 84.0, 1308.0, 180.0, 82.0, 0, 0, 0
L 1312.0, 160.0, 81.0, 1309.0, 174.0, 84.0, 0, 0, 0
L 1315.0, 145.0, 79.0, 1312.0, 160.0, 81.0, 0, 0, 0
L 1315.0, 139.0, 82.0, 1315.0, 145.0, 79.0, 0, 0, 0
L 1316.0, 131.0, 82.0, 1315.0, 139.0, 82.0, 0, 0, 0
L 1317.0, 121.0, 82.0, 1316.0, 131.0, 82.0, 0, 0, 0
L 1317.0, 112.0, 84.0, 1317.0, 121.0, 82.0, 0, 0, 0
L 1318.0, 104.0, 83.0, 1317.0, 112.0, 84.0, 0, 0, 0
L 1319.0, 96.0, 79.0, 1318.0, 104.0, 83.0, 0, 0, 0
L 1322.0, 87.0, 79.0, 1319.0, 96.0, 79.0, 0, 0, 0
L 1331.0, 67.0, 80.0, 1322.0, 87.0, 79.0, 0, 0, 0
L 1331.0, 64.0, 79.0, 1331.0, 67.0, 80.0, 0, 0, 0
L 1332.0, 59.0, 79.0, 1331.0, 64.0, 79.0, 0, 0, 0
L 1333.0, 54.0, 78.0, 1332.0, 59.0, 79.0, 0, 0, 0
L 1333.0, 49.0, 78.0, 1333.0, 54.0, 78.0, 0, 0, 0
L 1334.0, 41.0, 78.0, 1333.0, 49.0, 78.0, 0, 0, 0
L 1335.0, 38.0, 77.0, 1334.0, 41.0, 78.0, 0, 0, 0
L 1336.0, 31.0, 76.0, 1335.0, 38.0, 77.0, 0, 0, 0
L 1337.0, 26.0, 75.0, 1336.0, 31.0, 76.0, 0, 0, 0
L 1337.0, 21.0, 74.0, 1337.0, 26.0, 75.0, 0, 0, 0
L 1340.0, 12.0, 73.0, 1337.0, 21.0, 74.0, 0, 0, 0
L 1351.0, -24.0, 66.0, 1340.0, 12.0, 73.0, 0, 0, 0
L 1352.0, -33.0, 64.0, 1351.0, -24.0, 66.0, 0, 0, 0
L 1351.0, -39.0, 62.0, 1352.0, -33.0, 64.0, 0, 0, 0
L 1350.0, -49.0, 63.0, 1351.0, -39.0, 62.0, 0, 0, 0
L 1349.0, -56.0, 63.0, 1350.0, -49.0, 63.0, 0, 0, 0
L 1348.0, -62.0, 66.0, 1349.0, -56.0, 63.0, 0, 0, 0
L 1347.0, -68.0, 71.0, 1348.0, -62.0, 66.0, 0, 0, 0
L 1347.0, -80.0, 75.0, 1347.0, -68.0, 71.0, 0, 0, 0
L 1346.0, -92.0, 73.0, 1347.0, -80.0, 75.0, 0, 0, 0
L 1346.0, -104.0, 70.0, 1346.0, -92.0, 73.0, 0, 0, 0
L 1353.0, -133.0, 69.0, 1346.0, -104.0, 70.0, 0, 0, 0
L 1354.0, -152.0, 68.0, 1353.0, -133.0, 69.0, 0, 0, 0
L 1354.0, -172.0, 78.0, 1354.0, -152.0, 68.0, 0, 0, 0
L 1353.0, -178.0, 80.0, 1354.0, -172.0, 78.0, 0, 0, 0
L 1352.0, -183.0, 83.0, 1353.0, -178.0, 80.0, 0, 0, 0
L 1351.0, -190.0, 84.0, 1352.0, -183.0, 83.0, 0, 0, 0
L 1350.0, -195.0, 84.0, 1351.0, -190.0, 84.0, 0, 0, 0
L 1350.0, -200.0, 83.0, 1350.0, -195.0, 84.0, 0, 0, 0
L 1349.0, -208.0, 81.0, 1350.0, -200.0, 83.0, 0, 0, 0
L 1348.0, -220.0, 83.0, 1349.0, -208.0, 81.0, 0, 0, 0
L 1348.0, -230.0, 84.0, 1348.0, -220.0, 83.0, 0, 0, 0
L 1356.0, -251.0, 91.0, 1348.0, -230.0, 84.0, 0, 0, 0
L 1361.0, -262.0, 85.0, 1356.0, -251.0, 91.0, 0, 0, 0
L 1363.0, -272.0, 81.0, 1361.0, -262.0, 85.0, 0, 0, 0
L 1362.0, -275.0, 78.0, 1363.0, -272.0, 81.0, 0, 0, 0
L 1361.0, -282.0, 71.0, 1362.0, -275.0, 78.0, 0, 0, 0
L 1361.0, -288.0, 66.0, 1361.0, -282.0, 71.0, 0, 0, 0
L 1360.0, -304.0, 52.0, 1361.0, -288.0, 66.0, 0, 0, 0
L 1359.0, -305.0, 51.0, 1360.0, -304.0, 52.0, 0, 0, 0
L 1379.0, -308.0, 54.0, 1359.0, -305.0, 51.0, 0, 0, 0
L 1397.0, -309.0, 50.0, 1379.0, -308.0, 54.0, 0, 0, 0
L 1418.0, -309.0, 46.0, 1397.0, -309.0, 50.0, 0, 0, 0
L 1433.0, -306.0, 44.0, 1418.0, -309.0, 46.0, 0, 0, 0
L 1437.0, -303.0, 44.0, 1433.0, -306.0, 44.0, 0, 0, 0
L 1447.0, -297.0, 44.0, 1437.0, -303.0, 44.0, 0, 0, 0
L 1456.0, -284.0, 44.0, 1447.0, -297.0, 44.0, 0, 0, 0
L 1459.0, -270.0, 43.0, 1456.0, -284.0, 44.0, 0, 0, 0
L 1459.0, -238.0, 44.0, 1459.0, -270.0, 43.0, 0, 0, 0
L 1461.0, -227.0, 42.0, 1459.0, -238.0, 44.0, 0, 0, 0
L 1461.0, -224.0, 43.0, 1461.0, -227.0, 42.0, 0, 0, 0
L 1462.0, -210.0, 44.0, 1461.0, -224.0, 43.0, 0, 0, 0
L -1308.0, 798.0, 36.0, -1315.0, 803.0, 36.0, 150, 150, 150
L -1315.0, 803.0, 36.0, -1314.0, 813.0, 36.0, 150, 150, 150
L -1314.0, 813.0, 36.0, -1303.0, 816.0, 35.0, 150, 150, 150
L -1303.0, 816.0, 35.0, -1298.0, 813.0, 35.0, 150, 150, 150
L -1298.0, 813.0, 35.0, -1298.0, 811.0, 35.0, 150, 150, 150
L -1298.0, 811.0, 35.0, -1297.0, 803.0, 35.0, 150, 150, 150
L -1297.0, 803.0, 35.0, -1303.0, 798.0, 35.0, 150, 150, 150
L -1303.0, 798.0, 35.0, -1308.0, 798.0, 36.0, 150, 150, 150
L -1348.0, 808.0, 36.0, -1352.0, 799.0, 36.0, 150, 150, 150
L -1352.0, 799.0, 36.0, -1365.0, 801.0, 37.0, 150, 150, 150
L -1365.0, 801.0, 37.0, -1367.0, 804.0, 37.0, 150, 150, 150
L -1367.0, 804.0, 37.0, -1364.0, 813.0, 37.0, 150, 150, 150
L -1364.0, 813.0, 37.0, -1359.0, 816.0, 36.0, 150, 150, 150
L -1359.0, 816.0, 36.0, -1353.0, 815.0, 36.0, 150, 150, 150
L -1353.0, 815.0, 36.0, -1351.0, 813.0, 36.0, 150, 150, 150
L -1351.0, 813.0, 36.0, -1348.0, 808.0, 36.0, 150, 150, 150
L -1334.0, 795.0, 36.0, -1327.0, 791.0, 36.0, 150, 150, 150
L -1327.0, 791.0, 36.0, -1328.0, 790.0, 36.0, 150, 150, 150
L -1328.0, 790.0, 36.0, -1334.0, 795.0, 36.0, 150, 150, 150
L -1606.0, 753.0, 62.0, -1619.0, 756.0, 62.0, 150, 150, 150
L -1619.0, 756.0, 62.0, -1620.0, 759.0, 63.0, 150, 150, 150
L -1620.0, 759.0, 63.0, -1619.0, 766.0, 63.0, 150, 150, 150
L -1619.0, 766.0, 63.0, -1616.0, 769.0, 63.0, 150, 150, 150
L -1616.0, 769.0, 63.0, -1610.0, 770.0, 63.0, 150, 150, 150
L -1610.0, 770.0, 63.0, -1604.0, 765.0, 63.0, 150, 150, 150
L -1604.0, 765.0, 63.0, -1603.0, 764.0, 63.0, 150, 150, 150
L -1603.0, 764.0, 63.0, -1603.0, 757.0, 62.0, 150, 150, 150
L -1603.0, 757.0, 62.0, -1606.0, 753.0, 62.0, 150, 150, 150
L -1639.0, 733.0, 62.0, -1641.0, 725.0, 62.0, 150, 150, 150
L -1641.0, 725.0, 62.0, -1642.0, 719.0, 62.0, 150, 150, 150
L -1642.0, 719.0, 62.0, -1648.0, 714.0, 62.0, 150, 150, 150
L -1648.0, 714.0, 62.0, -1654.0, 712.0, 62.0, 150, 150, 150
L -1654.0, 712.0, 62.0, -1660.0, 714.0, 62.0, 150, 150, 150
L -1660.0, 714.0, 62.0, -1662.0, 714.0, 62.0, 150, 150, 150
L -1662.0, 714.0, 62.0, -1667.0, 720.0, 62.0, 150, 150, 150
L -1667.0, 720.0, 62.0, -1669.0, 728.0, 62.0, 150, 150, 150
L -1669.0, 728.0, 62.0, -1668.0, 732.0, 62.0, 150, 150, 150
L -1668.0, 732.0, 62.0, -1664.0, 738.0, 62.0, 150, 150, 150
L -1664.0, 738.0, 62.0, -1658.0, 742.0, 62.0, 150, 150, 150
L -1658.0, 742.0, 62.0, -1645.0, 739.0, 62.0, 150, 150, 150
L -1645.0, 739.0, 62.0, -1639.0, 733.0, 62.0, 150, 150, 150
L -1618.0, 698.0, 61.0, -1607.0, 697.0, 61.0, 150, 150, 150
L -1607.0, 697.0, 61.0, -1603.0, 691.0, 61.0, 150, 150, 150
L -1603.0, 691.0, 61.0, -1604.0, 685.0, 61.0, 150, 150, 150
L -1604.0, 685.0, 61.0, -1609.0, 680.0, 60.0, 150, 150, 150
L -1609.0, 680.0, 60.0, -1615.0, 680.0, 60.0, 150, 150, 150
L -1615.0, 680.0, 60.0, -1619.0, 683.0, 60.0, 150, 150, 150
L -1619.0, 683.0, 60.0, -1622.0, 687.0, 60.0, 150, 150, 150
L -1622.0, 687.0, 60.0, -1621.0, 694.0, 61.0, 150, 150, 150
L -1621.0, 694.0, 61.0, -1618.0, 698.0, 61.0, 150, 150, 150
L -1612.0, 722.0, 61.0, -1610.0, 725.0, 61.0, 150, 150, 150
L -1610.0, 725.0, 61.0, -1603.0, 725.0, 61.0, 150, 150, 150
L -1603.0, 725.0, 61.0, -1603.0, 721.0, 61.0, 150, 150, 150
L -1603.0, 721.0, 61.0, -1612.0, 722.0, 61.0, 150, 150, 150
L -1630.0, -47.0, 37.0, -1619.0, -47.0, 36.0, 150, 150, 150
L -1619.0, -47.0, 36.0, -1615.0, -35.0, 38.0, 150, 150, 150
L -1615.0, -35.0, 38.0, -1616.0, -33.0, 38.0, 150, 150, 150
L -1616.0, -33.0, 38.0, -1625.0, -30.0, 38.0, 150, 150, 150
L -1625.0, -30.0, 38.0, -1627.0, -30.0, 38.0, 150, 150, 150
L -1627.0, -30.0, 38.0, -1633.0, -37.0, 38.0, 150, 150, 150
L -1633.0, -37.0, 38.0, -1632.0, -42.0, 37.0, 150, 150, 150
L -1632.0, -42.0, 37.0, -1630.0, -47.0, 37.0, 150, 150, 150
L -1628.0, -63.0, 36.0, -1627.0, -65.0, 36.0, 150, 150, 150
L -1627.0, -65.0, 36.0, -1635.0, -63.0, 36.0, 150, 150, 150
L -1635.0, -63.0, 36.0, -1632.0, -61.0, 36.0, 150, 150, 150
L -1632.0, -61.0, 36.0, -1628.0, -63.0, 36.0, 150, 150, 150
L -442.0, 726.0, 8.0, -463.0, 726.0, 10.0, 0, 0, 0
L -725.0, -933.0, 60.0, -695.0, -913.0, 62.0, 0, 0, 0
L 1547.0, -160.0, 44.0, 1569.0, -160.0, 44.0, 0, 0, 0
L 1547.0, -184.0, 44.0, 1558.0, -184.0, 44.0, 0, 0, 0
L 1547.0, -160.0, 44.0, 1547.0, -184.0, 44.0, 199, 21, 133
L -1794.0, 584.0, 52.0, -1803.0, 590.0, 52.0, 0, 0, 0
L -1807.0, 565.0, 52.0, -1789.0, 554.0, 52.0, 0, 0, 0
L -1794.0, 584.0, 52.0, -1807.0, 565.0, 52.0, 199, 21, 133
L 1196.0, -768.0, 10.0, 1196.0, -754.0, 10.0, 0, 0, 0
L 1196.0, -768.0, 10.0, 1172.0, -768.0, 10.0, 0, 0, 0
L 1196.0, -754.0, 10.0, 1172.0, -754.0, 10.0, 0, 0, 0
L 1172.0, -768.0, 10.0, 1172.0, -754.0, 10.0, 0, 0, 0
L 1195.0, -812.0, 15.0, 1210.0, -812.0, 15.0, 0, 0, 0
L 1195.0, -812.0, 15.0, 1195.0, -837.0, 15.0, 0, 0, 0
L 1210.0, -812.0, 15.0, 1210.0, -837.0, 15.0, 0, 0, 0
L 1195.0, -837.0, 15.0, 1210.0, -837.0, 15.0, 0, 0, 0
L 1153.0, -849.0, 15.0, 1153.0, -835.0, 15.0, 0, 0, 0
L 1153.0, -849.0, 15.0, 1127.0, -849.0, 15.0, 0, 0, 0
L 1127.0, -849.0, 15.0, 1127.0, -835.0, 15.0, 0, 0, 0
L 1127.0, -835.0, 15.0, 1153.0, -835.0, 15.0, 0, 0, 0
L 1105.0, -803.0, 11.0, 1116.0, -803.0, 11.0, 0, 0, 0
L 1105.0, -803.0, 11.0, 1105.0, -826.0, 11.0, 0, 0, 0
L 1105.0, -826.0, 11.0, 1116.0, -826.0, 11.0, 0, 0, 0
L 1116.0, -826.0, 11.0, 1116.0, -803.0, 11.0, 0, 0, 0
L -666.9, -212.1, 8.1, -675.4, -230.8, 8.1, 0, 0, 0
L -675.4, -230.8, 8.0, -672.1, -232.3, 8.0, 0, 0, 0
L -704.5, -192.1, 8.0, -662.5, -211.2, 8.0, 0, 0, 0
L -672.1, -232.3, 8.0, -662.5, -211.2, 8.0, 0, 0, 0
L -704.5, -192.1, 8.0, -726.6, -240.3, 8.1, 0, 0, 0
L -726.6, -240.3, 8.0, -684.5, -259.6, 8.0, 0, 0, 0
L -684.5, -259.6, 8.0, -681.3, -252.6, 8.0, 0, 0, 0
L -681.3, -252.6, 8.0, -684.6, -251.0, 8.0, 0, 0, 0
L -684.6, -251.0, 8.1, -686.1, -254.2, 8.1, 0, 0, 0
L -686.1, -254.2, 8.1, -722.2, -237.7, 8.1, 0, 0, 0
L -722.2, -237.7, 8.1, -703.0, -195.6, 8.1, 0, 0, 0
L -703.0, -195.6, 8.1, -666.9, -212.1, 8.1, 0, 0, 0
L -693.5, -207.0, 8.1, -687.2, -211.7, 77.5, 255, 165, 0
L -687.2, -211.7, 77.5, -689.2, -215.8, 77.5, 255, 165, 0
L -689.2, -215.8, 77.5, -695.2, -211.2, 8.1, 255, 165, 0
L -695.2, -211.2, 8.1, -693.3, -207.0, 8.1, 255, 165, 0
L -662.7, -211.5, 77.6, -704.8, -192.3, 77.6, 0, 204, 0
L -704.8, -192.3, 77.6, -726.6, -240.0, 77.5, 0, 204, 0
L -726.6, -240.0, 77.6, -684.4, -259.2, 77.6, 0, 204, 0
L -684.4, -259.2, 77.5, -662.7, -211.5, 77.5, 0, 204, 0
L -712.9, -655.8, 8.1, -708.9, -635.7, 8.1, 0, 0, 0
L -708.9, -635.7, 8.1, -747.9, -628.0, 8.1, 0, 0, 0
L -747.9, -628.0, 8.1, -756.9, -673.4, 8.1, 0, 0, 0
L -756.9, -673.4, 8.1, -717.9, -681.1, 8.1, 0, 0, 0
L -717.9, -681.1, 8.1, -717.2, -677.6, 8.1, 0, 0, 0
L -717.2, -677.6, 8.1, -713.6, -678.3, 8.1, 0, 0, 0
L -713.6, -678.3, 8.1, -715.0, -685.5, 8.1, 0, 0, 0
L -715.0, -685.5, 8.1, -727.7, -686.1, 9.0, 0, 0, 0
L -709.3, -656.5, 8.1, -704.8, -633.8, 8.1, 0, 0, 0
L -704.8, -633.8, 8.1, -725.0, -629.8, 8.2, 0, 0, 0
L -709.3, -656.5, 8.1, -712.9, -655.8, 8.1, 0, 0, 0
L -740.1, -638.8, 8.1, -729.0, -639.8, 77.6, 255, 165, 0
L -729.0, -639.8, 77.6, -729.9, -644.2, 77.6, 255, 165, 0
L -729.9, -644.2, 77.6, -741.3, -643.0, 8.1, 255, 165, 0
L -741.3, -643.0, 8.1, -740.3, -639.0, 8.1, 255, 165, 0
L -705.0, -634.1, 77.6, -750.4, -625.1, 77.6, 0, 204, 0
L -750.4, -625.1, 77.6, -760.3, -675.5, 77.6, 0, 204, 0
L -760.3, -675.5, 77.6, -715.1, -685.7, 77.6, 0, 204, 0
L -715.1, -685.7, 77.6, -705.0, -634.1, 77.6, 0, 204, 0
L -589.0, 33.0, 2.0, -590.4, 29.2, 5.7, 150, 150, 150
L -600.2, 2.8, 32.0, -577.3, -5.9, 35.3, 150, 150, 150
L -577.3, -5.9, 35.3, -575.6, -1.7, 30.9, 150, 150, 150
L -550.1, 84.1, 1.0, -550.0, 88.0, 5.4, 150, 150, 150
L -549.4, 115.1, 35.7, -575.2, 116.4, 32.0, 150, 150, 150
L -575.2, 116.4, 32.0, -575.4, 113.0, 28.3, 150, 150, 150
L -497.4, 606.8, 8.2, -457.5, 583.4, 8.2, 0, 0, 0
L -457.5, 583.4, 8.2, -469.2, 563.5, 8.2, 0, 0, 0
L -480.4, 544.2, 8.2, -484.3, 537.6, 8.2, 0, 0, 0
L -484.3, 537.6, 8.2, -524.2, 561.0, 8.2, 0, 0, 0
L -524.2, 561.0, 8.2, -497.4, 606.8, 8.3, 0, 0, 0
L -469.2, 563.5, 8.2, -472.3, 565.3, 8.2, 0, 0, 0
L -472.3, 565.3, 8.2, -461.9, 583.0, 8.2, 0, 0, 0
L -461.9, 583.0, 8.2, -496.2, 603.1, 8.2, 0, 0, 0
L -496.2, 603.1, 8.2, -519.6, 563.1, 8.2, 0, 0, 0
L -519.6, 563.1, 8.2, -485.3, 543.1, 8.2, 0, 0, 0
L -485.3, 543.1, 8.2, -483.6, 546.1, 8.2, 0, 0, 0
L -483.6, 546.1, 8.2, -480.4, 544.2, 8.2, 0, 0, 0
L -490.3, 589.6, 8.2, -481.5, 587.1, 77.7, 255, 165, 0
L -481.5, 587.1, 77.7, -483.8, 583.3, 77.7, 255, 165, 0
L -483.8, 583.3, 77.7, -492.5, 586.3, 8.2, 255, 165, 0
L -492.5, 586.3, 8.2, -490.4, 589.8, 8.2, 255, 165, 0
L -457.7, 583.2, 77.7, -497.7, 606.6, 77.7, 0, 204, 0
L -497.7, 606.6, 77.7, -524.2, 561.3, 77.7, 0, 204, 0
L -524.2, 561.3, 77.7, -484.2, 538.0, 77.7, 0, 204, 0
L -484.2, 538.0, 77.7, -457.7, 583.2, 77.7, 0, 204, 0
L -551.3, 262.5, 8.2, -590.1, 253.8, 8.2, 0, 0, 0
L -590.1, 253.8, 8.2, -580.0, 208.6, 8.2, 0, 0, 0
L -580.0, 208.6, 8.2, -541.2, 217.3, 8.2, 0, 0, 0
L -541.2, 217.3, 8.2, -542.0, 220.7, 8.2, 0, 0, 0
L -542.0, 220.7, 8.2, -538.4, 221.5, 8.2, 0, 0, 0
L -538.4, 221.5, 8.2, -536.7, 214.0, 8.2, 0, 0, 0
L -536.7, 214.0, 8.2, -581.9, 203.9, 8.2, 0, 0, 0
L -581.9, 203.9, 8.2, -593.4, 255.8, 8.3, 0, 0, 0
L -593.4, 255.8, 8.2, -548.3, 265.8, 8.2, 0, 0, 0
L -548.3, 265.8, 8.2, -543.2, 243.3, 8.2, 0, 0, 0
L -543.2, 243.3, 8.2, -546.8, 242.5, 8.2, 0, 0, 0
L -546.8, 242.5, 8.2, -551.3, 262.5, 8.2, 0, 0, 0
L -575.3, 247.0, 8.3, -568.1, 250.2, 77.7, 255, 165, 0
L -568.1, 250.2, 77.7, -567.2, 246.0, 77.7, 255, 165, 0
L -567.2, 246.0, 77.7, -574.6, 242.4, 8.2, 255, 165, 0
L -574.6, 242.4, 8.2, -575.3, 246.8, 8.2, 255, 165, 0
L -548.3, 265.5, 77.8, -593.5, 255.4, 77.8, 0, 204, 0
L -593.5, 255.4, 77.7, -582.1, 204.2, 77.7, 0, 204, 0
L -582.1, 204.2, 77.8, -536.9, 214.3, 77.8, 0, 204, 0
L -536.9, 214.3, 77.7, -548.3, 265.5, 77.7, 0, 204, 0
L 134.0, 276.3, -0.1, 129.5, 274.9, -0.1, 0, 0, 0
L 129.5, 274.9, -0.1, 124.5, 275.2, -0.1, 0, 0, 0
L 124.5, 275.2, -0.1, 120.4, 277.5, 0.0, 0, 0, 0
L 120.4, 277.5, 0.0, 117.4, 281.0, 0.2, 0, 0, 0
L 117.4, 281.0, 0.2, 116.0, 285.6, 0.3, 0, 0, 0
L 116.0, 285.6, 0.3, 116.6, 291.2, 0.4, 0, 0, 0
L 116.6, 291.2, 0.4, 118.7, 294.7, 0.4, 0, 0, 0
L 118.7, 294.7, 0.4, 121.9, 297.3, 0.4, 0, 0, 0
L 121.9, 297.3, 0.4, 127.3, 299.1, 0.4, 0, 0, 0
L 127.3, 299.1, 0.4, 131.8, 298.5, 0.4, 0, 0, 0
L 131.8, 298.5, 0.4, 135.2, 296.6, 0.3, 0, 0, 0
L 135.2, 296.6, 0.3, 138.5, 293.0, 0.2, 0, 0, 0
L 138.5, 293.0, 0.2, 140.1, 288.3, 0.1, 0, 0, 0
L 140.1, 288.3, 0.1, 139.8, 284.0, 0.0, 0, 0, 0
L -1022.9, -68.7, 33.2, -1004.2, -87.6, 32.7, 0, 0, 0
L -1004.2, -87.6, 32.7, -1023.0, -107.0, 34.1, 0, 0, 0
L -1023.0, -107.0, 34.1, -1042.4, -88.4, 32.5, 0, 0, 0
L -1042.4, -88.4, 32.5, -1022.9, -68.7, 33.2, 0, 0, 0
L 902.4, -374.5, 86.7, 902.4, -334.8, 86.7, 0, 0, 0
L 902.4, -334.8, 86.7, 856.2, -334.8, 86.7, 0, 0, 0
L 856.2, -334.8, 86.7, 856.2, -374.5, 86.7, 0, 0, 0
L 856.2, -374.5, 86.7, 859.7, -374.5, 86.7, 0, 0, 0
L 859.7, -374.5, 86.7, 859.5, -378.2, 86.4, 0, 0, 0
L 859.5, -378.2, 86.7, 852.0, -378.2, 86.7, 0, 0, 0
L 852.0, -378.2, 86.7, 852.0, -331.9, 86.7, 0, 0, 0
L 852.0, -331.9, 86.7, 905.1, -331.9, 86.7, 0, 0, 0
L 905.1, -331.9, 86.7, 905.1, -378.2, 86.7, 0, 0, 0
L 905.1, -378.2, 86.7, 881.9, -378.2, 86.7, 0, 0, 0
L 881.9, -378.2, 86.7, 881.9, -374.5, 86.7, 0, 0, 0
L 881.9, -374.5, 86.7, 902.4, -374.5, 86.7, 0, 0, 0
L 894.7, -349.5, 86.7, 895.2, -355.4, 156.2, 255, 165, 0
L 895.2, -355.4, 156.2, 890.7, -355.4, 156.2, 255, 165, 0
L 890.8, -355.5, 156.2, 890.4, -349.5, 86.7, 255, 165, 0
L 890.4, -349.5, 86.7, 894.7, -349.5, 86.7, 255, 165, 0
L 904.8, -378.1, 156.2, 904.8, -331.8, 156.2, 0, 204, 0
L 904.8, -331.8, 156.2, 852.3, -331.8, 156.2, 0, 204, 0
L 852.3, -331.8, 156.2, 852.3, -378.1, 156.2, 0, 204, 0
L 852.3, -378.1, 156.2, 904.8, -378.1, 156.2, 0, 204, 0
L -564.0, 27.8, 0.5, -589.0, 33.0, 2.0, 150, 150, 150
L -577.0, 89.0, 3.0, -550.1, 84.1, 1.0, 150, 150, 150
L -594.6, 17.9, 17.0, -596.0, 14.1, 20.7, 150, 150, 150
L -570.6, 11.0, 17.9, -569.0, 15.2, 13.5, 150, 150, 150
L -594.6, 17.9, 17.0, -570.6, 11.0, 17.9, 150, 150, 150
L -597.4, 10.3, 24.5, -598.8, 6.5, 28.2, 150, 150, 150
L -574.0, 2.5, 26.6, -572.3, 6.7, 22.2, 150, 150, 150
L -597.4, 10.3, 24.5, -574.0, 2.5, 26.6, 150, 150, 150
L -598.8, 6.5, 28.2, -600.2, 2.8, 32.0, 150, 150, 150
L -575.6, -1.7, 30.9, -574.0, 2.5, 26.6, 150, 150, 150
L -598.8, 6.5, 28.2, -575.6, -1.7, 30.9, 150, 150, 150
L -596.0, 14.1, 20.7, -597.4, 10.3, 24.5, 150, 150, 150
L -572.3, 6.7, 22.2, -570.6, 11.0, 17.9, 150, 150, 150
L -596.0, 14.1, 20.7, -572.3, 6.7, 22.2, 150, 150, 150
L -591.8, 25.4, 9.5, -593.2, 21.7, 13.2, 150, 150, 150
L -567.3, 19.4, 9.2, -565.6, 23.6, 4.8, 150, 150, 150
L -591.8, 25.4, 9.5, -567.3, 19.4, 9.2, 150, 150, 150
L -593.2, 21.7, 13.2, -594.6, 17.9, 17.0, 150, 150, 150
L -569.0, 15.2, 13.5, -567.3, 19.4, 9.2, 150, 150, 150
L -593.2, 21.7, 13.2, -569.0, 15.2, 13.5, 150, 150, 150
L -590.4, 29.2, 5.7, -591.8, 25.4, 9.5, 150, 150, 150
L -565.6, 23.6, 4.8, -564.0, 27.8, 0.5, 150, 150, 150
L -590.4, 29.2, 5.7, -565.6, 23.6, 4.8, 150, 150, 150
L -576.1, 102.7, 17.5, -576.3, 99.3, 13.9, 150, 150, 150
L -549.7, 99.6, 18.4, -549.7, 103.5, 22.7, 150, 150, 150
L -576.1, 102.7, 17.5, -549.7, 99.6, 18.4, 150, 150, 150
L -576.6, 95.9, 10.2, -576.8, 92.4, 6.6, 150, 150, 150
L -549.9, 91.8, 9.7, -549.8, 95.7, 14.0, 150, 150, 150
L -576.6, 95.9, 10.2, -549.9, 91.8, 9.7, 150, 150, 150
L -576.8, 92.4, 6.6, -577.0, 89.0, 3.0, 150, 150, 150
L -550.0, 88.0, 5.4, -549.9, 91.8, 9.7, 150, 150, 150
L -576.8, 92.4, 6.6, -550.0, 88.0, 5.4, 150, 150, 150
L -576.3, 99.3, 13.9, -576.6, 95.9, 10.2, 150, 150, 150
L -549.8, 95.7, 14.0, -549.7, 99.6, 18.4, 150, 150, 150
L -576.3, 99.3, 13.9, -549.8, 95.7, 14.0, 150, 150, 150
L -575.7, 109.6, 24.7, -575.9, 106.1, 21.1, 150, 150, 150
L -549.6, 107.4, 27.1, -549.5, 111.2, 31.4, 150, 150, 150
L -575.7, 109.6, 24.7, -549.6, 107.4, 27.1, 150, 150, 150
L -575.9, 106.1, 21.1, -576.1, 102.7, 17.5, 150, 150, 150
L -549.7, 103.5, 22.7, -549.6, 107.4, 27.1, 150, 150, 150
L -575.9, 106.1, 21.1, -549.7, 103.5, 22.7, 150, 150, 150
L -575.4, 113.0, 28.3, -575.7, 109.6, 24.7, 150, 150, 150
L -549.5, 111.2, 31.4, -549.4, 115.1, 35.7, 150, 150, 150
L -575.4, 113.0, 28.3, -549.5, 111.2, 31.4, 150, 150, 150
L 1252.0, -360.0, 33.0, 1271.0, -287.0, 37.0, 205, 133, 63
L -533.0, 43.0, 0.0, -528.0, 74.0, 1.0, 205, 133, 63
