L 124.0, -237.0, -14.0, 124.0, -222.0, -14.0, 0, 0, 0
L 124.0, -222.0, -14.0, 138.0, -209.0, -14.0, 0, 0, 0
L 138.0, -209.0, -14.0, 137.0, -182.0, -14.0, 0, 0, 0
L 137.0, -182.0, -14.0, 125.0, -156.0, -14.0, 0, 0, 0
L 125.0, -156.0, -14.0, 99.0, -156.0, -14.0, 0, 0, 0
L 99.0, -156.0, -14.0, 85.0, -170.0, -13.0, 0, 0, 0
L 85.0, -170.0, -13.0, 84.0, -171.0, -14.0, 0, 0, 0
L 84.0, -171.0, -14.0, 75.0, -175.0, -14.0, 0, 0, 0
L 75.0, -175.0, -14.0, 59.0, -183.0, -14.0, 0, 0, 0
L 59.0, -183.0, -14.0, 71.0, -208.0, -14.0, 0, 0, 0
L 71.0, -208.0, -14.0, 85.0, -208.0, -14.0, 0, 0, 0
L 85.0, -208.0, -14.0, 100.0, -223.0, -14.0, 0, 0, 0
L 100.0, -223.0, -14.0, 100.0, -253.0, -14.0, 0, 0, 0
L 100.0, -253.0, -14.0, 85.0, -268.0, -14.0, 0, 0, 0
L 85.0, -268.0, -14.0, 83.0, -268.0, -14.0, 0, 0, 0
L 83.0, -268.0, -14.0, 82.0, -267.0, -14.0, 0, 0, 0
L 82.0, -267.0, -14.0, 76.0, -256.0, -14.0, 0, 0, 0
L 76.0, -256.0, -14.0, 75.0, -256.0, -14.0, 0, 0, 0
L 75.0, -256.0, -14.0, 71.0, -257.0, -11.0, 0, 0, 0
L 71.0, -257.0, -11.0, 70.0, -257.0, -10.0, 0, 0, 0
L 70.0, -257.0, -10.0, 64.0, -253.0, -14.0, 0, 0, 0
L 64.0, -253.0, -14.0, 59.0, -248.0, -14.0, 0, 0, 0
L 59.0, -248.0, -14.0, 54.0, -245.0, -14.0, 0, 0, 0
L 54.0, -245.0, -14.0, 49.0, -240.0, -14.0, 0, 0, 0
L 49.0, -240.0, -14.0, 40.0, -240.0, -14.0, 0, 0, 0
L 40.0, -240.0, -14.0, 39.0, -210.0, -14.0, 0, 0, 0
L 39.0, -210.0, -14.0, 26.0, -183.0, -15.0, 0, 0, 0
L 26.0, -183.0, -15.0, 26.0, -181.0, -15.0, 0, 0, 0
L 26.0, -181.0, -15.0, 40.0, -147.0, -14.0, 0, 0, 0
L 40.0, -147.0, -14.0, 54.0, -133.0, -14.0, 0, 0, 0
L 54.0, -133.0, -14.0, 54.0, -125.0, -14.0, 0, 0, 0
L 54.0, -125.0, -14.0, 56.0, -124.0, -14.0, 0, 0, 0
L 56.0, -124.0, -14.0, 57.0, -124.0, -13.0, 0, 0, 0
L 57.0, -124.0, -13.0, 73.0, -125.0, -11.0, 0, 0, 0
L 73.0, -125.0, -11.0, 80.0, -125.0, -8.0, 0, 0, 0
L 124.0, -237.0, -14.0, 110.0, -251.0, -14.0, 0, 0, 0
L 110.0, -251.0, -14.0, 110.0, -253.0, -14.0, 0, 0, 0
L 110.0, -253.0, -14.0, 123.0, -266.0, -14.0, 0, 0, 0
L 123.0, -266.0, -14.0, 110.0, -293.0, -14.0, 0, 0, 0
L 110.0, -293.0, -14.0, 110.0, -295.0, -14.0, 0, 0, 0
L 110.0, -295.0, -14.0, 111.0, -296.0, -15.0, 0, 0, 0
L 111.0, -296.0, -15.0, 123.0, -309.0, -13.0, 0, 0, 0
L 123.0, -309.0, -13.0, 110.0, -377.0, 0.0, 0, 0, 0
L 110.0, -377.0, 0.0, 110.0, -379.0, 0.0, 0, 0, 0
L 110.0, -379.0, 0.0, 123.0, -406.0, 0.0, 0, 0, 0
L -54.0, -351.0, 0.0, -54.0, -349.0, 0.0, 0, 0, 0
L -54.0, -349.0, 0.0, -68.0, -325.0, 0.0, 0, 0, 0
L -68.0, -325.0, 0.0, -67.0, -309.0, 0.0, 0, 0, 0
L -17.0, -338.0, 0.0, -17.0, -334.0, -4.0, 0, 0, 0
L -17.0, -334.0, -4.0, -30.0, -294.0, -15.0, 0, 0, 0
L -30.0, -294.0, -15.0, -30.0, -292.0, -15.0, 0, 0, 0
L -30.0, -292.0, -15.0, -21.0, -284.0, -15.0, 0, 0, 0
L -21.0, -284.0, -15.0, -15.0, -278.0, -14.0, 0, 0, 0
L -15.0, -278.0, -14.0, -13.0, -278.0, -14.0, 0, 0, 0
L -13.0, -278.0, -14.0, -12.0, -279.0, -14.0, 0, 0, 0
L -12.0, -279.0, -14.0, 1.0, -306.0, -14.0, 0, 0, 0
L 1.0, -306.0, -14.0, 28.0, -306.0, -14.0, 0, 0, 0
L 28.0, -306.0, -14.0, 83.0, -278.0, -14.0, 0, 0, 0
L 83.0, -278.0, -14.0, 85.0, -278.0, -14.0, 0, 0, 0
L 85.0, -278.0, -14.0, 100.0, -293.0, -14.0, 0, 0, 0
L 100.0, -293.0, -14.0, 100.0, -295.0, -14.0, 0, 0, 0
L 100.0, -295.0, -14.0, 99.0, -296.0, -15.0, 0, 0, 0
L 99.0, -296.0, -15.0, 86.0, -322.0, -10.0, 0, 0, 0
L 86.0, -322.0, -10.0, 100.0, -377.0, 0.0, 0, 0, 0
L 100.0, -377.0, 0.0, 100.0, -379.0, 0.0, 0, 0, 0
L 100.0, -379.0, 0.0, 98.0, -380.0, 0.0, 0, 0, 0
L 98.0, -380.0, 0.0, 56.0, -394.0, 0.0, 0, 0, 0
L 56.0, -394.0, 0.0, 54.0, -394.0, 0.0, 0, 0, 0
L 54.0, -394.0, 0.0, 37.0, -388.0, 0.0, 0, 0, 0
L 37.0, -388.0, 0.0, 32.0, -389.0, 0.0, 0, 0, 0
L 32.0, -389.0, 0.0, 31.0, -391.0, 0.0, 0, 0, 0
L 31.0, -391.0, 0.0, 30.0, -392.0, 0.0, 0, 0, 0
L -29.0, -362.0, 0.0, 13.0, -362.0, 0.0, 0, 0, 0
L 13.0, -362.0, 0.0, 27.0, -348.0, 0.0, 0, 0, 0
L 27.0, -348.0, 0.0, 31.0, -348.0, 0.0, 0, 0, 0
L 31.0, -348.0, 0.0, 32.0, -351.0, 0.0, 0, 0, 0
L 32.0, -351.0, 0.0, 44.0, -363.0, 0.0, 0, 0, 0
L 44.0, -363.0, 0.0, 44.0, -364.0, 0.0, 0, 0, 0
L 44.0, -364.0, 0.0, 45.0, -376.0, 0.0, 0, 0, 0
L 45.0, -376.0, 0.0, 82.0, -376.0, 0.0, 0, 0, 0
L 82.0, -376.0, 0.0, 82.0, -374.0, 0.0, 0, 0, 0
L 82.0, -374.0, 0.0, 81.0, -366.0, 0.0, 0, 0, 0
L 81.0, -366.0, 0.0, 69.0, -366.0, 0.0, 0, 0, 0
L 69.0, -366.0, 0.0, 68.0, -365.0, 0.0, 0, 0, 0
L 68.0, -365.0, 0.0, 67.0, -324.0, 0.0, 0, 0, 0
L 67.0, -324.0, 0.0, 44.0, -324.0, 0.0, 0, 0, 0
L 44.0, -324.0, 0.0, 44.0, -337.0, 0.0, 0, 0, 0
L 44.0, -337.0, 0.0, 42.0, -338.0, 0.0, 0, 0, 0
L 42.0, -338.0, 0.0, 27.0, -338.0, 0.0, 0, 0, 0
L 27.0, -338.0, 0.0, 26.0, -337.0, 0.0, 0, 0, 0
L 26.0, -337.0, 0.0, 24.0, -336.0, 0.0, 0, 0, 0
L 24.0, -336.0, 0.0, 23.0, -334.0, 0.0, 0, 0, 0
L 23.0, -334.0, 0.0, 13.0, -324.0, 0.0, 0, 0, 0
L 13.0, -324.0, 0.0, 1.0, -324.0, 0.0, 0, 0, 0
L 1.0, -324.0, 0.0, -13.0, -338.0, 0.0, 0, 0, 0
L -13.0, -338.0, 0.0, -17.0, -338.0, 0.0, 0, 0, 0
L 34.0, -84.0, -2.0, 39.0, -103.0, -13.0, 0, 0, 0
L 39.0, -103.0, -13.0, 39.0, -105.0, -14.0, 0, 0, 0
L 39.0, -105.0, -14.0, 40.0, -110.0, -14.0, 0, 0, 0
L 40.0, -110.0, -14.0, 40.0, -111.0, -14.0, 0, 0, 0
L 40.0, -111.0, -14.0, 24.0, -121.0, -14.0, 0, 0, 0
L 24.0, -121.0, -14.0, 28.0, -144.0, -14.0, 0, 0, 0
L 28.0, -144.0, -14.0, 27.0, -150.0, -15.0, 0, 0, 0
L 27.0, -150.0, -15.0, 26.0, -150.0, -15.0, 0, 0, 0
L 26.0, -150.0, -15.0, -70.0, -170.0, -16.0, 0, 0, 0
L -70.0, -170.0, -16.0, -72.0, -169.0, -17.0, 0, 0, 0
L -72.0, -169.0, -17.0, -86.0, -126.0, -17.0, 0, 0, 0
L -86.0, -126.0, -17.0, -86.0, -124.0, -17.0, 0, 0, 0
L -86.0, -124.0, -17.0, -56.0, -110.0, -20.0, 0, 0, 0
L -56.0, -110.0, -20.0, -55.0, -110.0, -21.0, 0, 0, 0
L -55.0, -110.0, -21.0, -54.0, -112.0, -24.0, 0, 0, 0
L -54.0, -112.0, -24.0, -41.0, -138.0, -24.0, 0, 0, 0
L -41.0, -138.0, -24.0, -29.0, -138.0, -24.0, 0, 0, 0
L -29.0, -138.0, -24.0, -15.0, -124.0, -23.0, 0, 0, 0
L -15.0, -124.0, -23.0, -13.0, -124.0, -23.0, 0, 0, 0
L -13.0, -124.0, -23.0, -12.0, -125.0, -25.0, 0, 0, 0
L -12.0, -125.0, -25.0, -10.0, -126.0, -25.0, 0, 0, 0
L -10.0, -126.0, -25.0, -1.0, -136.0, -25.0, 0, 0, 0
L -1.0, -136.0, -25.0, 9.0, -118.0, -25.0, 0, 0, 0
L 9.0, -118.0, -25.0, 0.0, -111.0, -25.0, 0, 0, 0
L 0.0, -111.0, -25.0, -2.0, -110.0, -25.0, 0, 0, 0
L -2.0, -110.0, -25.0, -5.0, -106.0, -25.0, 0, 0, 0
L -5.0, -106.0, -25.0, -6.0, -107.0, -25.0, 0, 0, 0
L -6.0, -107.0, -25.0, -13.0, -114.0, -24.0, 0, 0, 0
L -13.0, -114.0, -24.0, -15.0, -114.0, -23.0, 0, 0, 0
L -15.0, -114.0, -23.0, -16.0, -112.0, -23.0, 0, 0, 0
L -16.0, -112.0, -23.0, -23.0, -92.0, -24.0, 0, 0, 0
L -23.0, -92.0, -24.0, -29.0, -73.0, -24.0, 0, 0, 0
L -29.0, -73.0, -24.0, -56.0, -86.0, -24.0, 0, 0, 0
L -56.0, -86.0, -24.0, -57.0, -86.0, -24.0, 0, 0, 0
L -57.0, -86.0, -24.0, -59.0, -85.0, -26.0, 0, 0, 0
L -59.0, -85.0, -26.0, -61.0, -84.0, -22.0, 0, 0, 0
L -61.0, -84.0, -22.0, -62.0, -83.0, -21.0, 0, 0, 0
L -62.0, -83.0, -21.0, -71.0, -79.0, -27.0, 0, 0, 0
L -71.0, -79.0, -27.0, -84.0, -73.0, -28.0, 0, 0, 0
L -84.0, -73.0, -28.0, -86.0, -73.0, -28.0, 0, 0, 0
L -86.0, -73.0, -28.0, -87.0, -75.0, -28.0, 0, 0, 0
L -87.0, -75.0, -28.0, -87.0, -77.0, -27.0, 0, 0, 0
L -87.0, -77.0, -27.0, -86.0, -78.0, -27.0, 0, 0, 0
L -86.0, -78.0, -27.0, -86.0, -80.0, -27.0, 0, 0, 0
L -86.0, -80.0, -27.0, -86.0, -82.0, -25.0, 0, 0, 0
L -86.0, -82.0, -25.0, -87.0, -84.0, -24.0, 0, 0, 0
L -87.0, -84.0, -24.0, -88.0, -86.0, -25.0, 0, 0, 0
L -88.0, -86.0, -25.0, -94.0, -87.0, -25.0, 0, 0, 0
L -94.0, -87.0, -25.0, -102.0, -85.0, -25.0, 0, 0, 0
L -102.0, -85.0, -25.0, -104.0, -84.0, -26.0, 0, 0, 0
L -104.0, -84.0, -26.0, -105.0, -83.0, -26.0, 0, 0, 0
L -105.0, -83.0, -26.0, -109.0, -85.0, -26.0, 0, 0, 0
L -109.0, -85.0, -26.0, -110.0, -87.0, -25.0, 0, 0, 0
L -110.0, -87.0, -25.0, -109.0, -98.0, -23.0, 0, 0, 0
L -109.0, -98.0, -23.0, -96.0, -125.0, -17.0, 0, 0, 0
L -96.0, -125.0, -17.0, -96.0, -127.0, -17.0, 0, 0, 0
L -96.0, -127.0, -17.0, -97.0, -128.0, -17.0, 0, 0, 0
L -97.0, -128.0, -17.0, -123.0, -141.0, -17.0, 0, 0, 0
L -123.0, -141.0, -17.0, -110.0, -194.0, -17.0, 0, 0, 0
L -110.0, -194.0, -17.0, -98.0, -194.0, -17.0, 0, 0, 0
L -98.0, -194.0, -17.0, -70.0, -180.0, -16.0, 0, 0, 0
L -70.0, -180.0, -16.0, -14.0, -180.0, -16.0, 0, 0, 0
L -14.0, -180.0, -16.0, -12.0, -181.0, -15.0, 0, 0, 0
L -12.0, -181.0, -15.0, -10.0, -181.0, -15.0, 0, 0, 0
L -10.0, -181.0, -15.0, -4.0, -178.0, -15.0, 0, 0, 0
L -4.0, -178.0, -15.0, -2.0, -178.0, -15.0, 0, 0, 0
L -2.0, -178.0, -15.0, -1.0, -179.0, -15.0, 0, 0, 0
L -1.0, -179.0, -15.0, 5.0, -183.0, -15.0, 0, 0, 0
L 5.0, -183.0, -15.0, 6.0, -185.0, -15.0, 0, 0, 0
L 6.0, -185.0, -15.0, 6.0, -191.0, -15.0, 0, 0, 0
L 6.0, -191.0, -15.0, 5.0, -193.0, -15.0, 0, 0, 0
L 5.0, -193.0, -15.0, 2.0, -195.0, -15.0, 0, 0, 0
L 2.0, -195.0, -15.0, 2.0, -197.0, -15.0, 0, 0, 0
L 2.0, -197.0, -15.0, 1.0, -198.0, -16.0, 0, 0, 0
L 1.0, -198.0, -16.0, -4.0, -206.0, -21.0, 0, 204, 204
L -4.0, -206.0, -21.0, -21.0, -231.0, -20.0, 0, 204, 204
L -21.0, -231.0, -20.0, -26.0, -240.0, -15.0, 0, 204, 204
L -26.0, -240.0, -15.0, -28.0, -240.0, -15.0, 0, 0, 0
L -28.0, -240.0, -15.0, -54.0, -253.0, -15.0, 0, 0, 0
L -54.0, -253.0, -15.0, -53.0, -266.0, -15.0, 0, 0, 0
L -53.0, -266.0, -15.0, -40.0, -293.0, -15.0, 0, 0, 0
L -40.0, -293.0, -15.0, -42.0, -289.0, -15.0, 0, 0, 0
L -26.0, -240.0, -15.0, -16.0, -256.0, -45.0, 0, 0, 255
L -16.0, -256.0, -45.0, -13.0, -263.0, -45.0, 0, 0, 255
L -13.0, -263.0, -45.0, 7.0, -253.0, -44.0, 0, 0, 255
L 7.0, -253.0, -44.0, -3.0, -242.0, -40.0, 0, 0, 255
L -3.0, -242.0, -40.0, 4.0, -226.0, -16.0, 0, 0, 255
L 4.0, -226.0, -16.0, 5.0, -222.0, -23.0, 0, 0, 255
L 5.0, -222.0, -23.0, 7.0, -224.0, -24.0, 0, 0, 255
L 7.0, -224.0, -24.0, 9.0, -224.0, -25.0, 0, 0, 255
L 9.0, -224.0, -25.0, 23.0, -229.0, -25.0, 0, 0, 255
L 23.0, -229.0, -25.0, 22.0, -227.0, -28.0, 0, 0, 255
L 22.0, -227.0, -28.0, 16.0, -208.0, -29.0, 0, 0, 255
L 16.0, -208.0, -29.0, 12.0, -198.0, -27.0, 0, 0, 255
L 12.0, -198.0, -27.0, 10.0, -198.0, -28.0, 0, 0, 255
L 10.0, -198.0, -28.0, 1.0, -198.0, -16.0, 0, 0, 255
L -80.0, -343.0, 0.0, -105.0, -368.0, 0.0, 0, 0, 0
L -105.0, -368.0, 0.0, -130.0, -343.0, 0.0, 0, 0, 0
L -130.0, -343.0, 0.0, -110.0, -323.0, 0.0, 0, 0, 0
L -100.0, -323.0, 0.0, -80.0, -343.0, 0.0, 0, 0, 0
L -110.0, -293.0, 0.0, -111.0, -291.0, -1.0, 0, 0, 0
L -111.0, -291.0, -1.0, -112.0, -290.0, -2.0, 0, 0, 0
L -112.0, -290.0, -2.0, -119.0, -279.0, -8.0, 0, 0, 0
L -119.0, -279.0, -8.0, -119.0, -277.0, -9.0, 0, 0, 0
L -119.0, -277.0, -9.0, -118.0, -266.0, -15.0, 0, 0, 0
L -118.0, -266.0, -15.0, -117.0, -264.0, -15.0, 0, 0, 0
L -117.0, -264.0, -15.0, -110.0, -253.0, -21.0, 0, 0, 0
L -110.0, -253.0, -21.0, -110.0, -251.0, -22.0, 0, 0, 0
L -110.0, -251.0, -22.0, -110.0, -250.0, -22.0, 0, 0, 0
L -110.0, -250.0, -22.0, -116.0, -238.0, -27.0, 0, 0, 255
L -116.0, -238.0, -27.0, -118.0, -235.0, -27.0, 0, 0, 255
L -118.0, -235.0, -27.0, -118.0, -233.0, -27.0, 0, 0, 255
L -118.0, -233.0, -27.0, -117.0, -224.0, -28.0, 0, 0, 255
L -117.0, -224.0, -28.0, -111.0, -212.0, -29.0, 0, 0, 255
L -111.0, -212.0, -29.0, -109.0, -212.0, -29.0, 0, 0, 255
L -109.0, -212.0, -29.0, -83.0, -212.0, -26.0, 0, 0, 255
L -85.0, -212.0, -26.0, -84.0, -214.0, -26.0, 0, 204, 204
L -84.0, -214.0, -26.0, -73.0, -224.0, -21.0, 0, 204, 204
L -73.0, -224.0, -21.0, -80.0, -231.0, -26.0, 0, 0, 255
L -80.0, -231.0, -26.0, -100.0, -251.0, -24.0, 0, 0, 255
L -100.0, -251.0, -24.0, -100.0, -253.0, -22.0, 0, 0, 0
L -100.0, -253.0, -22.0, -92.0, -261.0, -17.0, 0, 0, 0
L -92.0, -261.0, -17.0, -87.0, -266.0, -15.0, 0, 0, 0
L -87.0, -266.0, -15.0, -100.0, -293.0, 0.0, 0, 0, 0
L -100.0, -293.0, 0.0, -100.0, -312.0, 0.0, 0, 0, 0
L -110.0, -250.0, -22.0, -100.0, -251.0, -24.0, 0, 0, 255
L -73.0, -224.0, -21.0, -71.0, -222.0, -40.0, 0, 0, 255
L -71.0, -222.0, -40.0, -69.0, -222.0, -41.0, 0, 0, 255
L -69.0, -222.0, -41.0, -67.0, -221.0, -41.0, 0, 0, 255
L -67.0, -221.0, -41.0, -40.0, -218.0, -38.0, 0, 0, 255
L -40.0, -218.0, -38.0, -26.0, -237.0, -41.0, 0, 0, 255
L -26.0, -237.0, -41.0, -25.0, -239.0, -42.0, 0, 0, 255
L -25.0, -239.0, -42.0, -21.0, -247.0, -45.0, 0, 0, 255
L -21.0, -247.0, -45.0, -15.0, -258.0, -45.0, 0, 0, 255
L -83.0, -212.0, -26.0, -63.0, -188.0, -37.0, 0, 0, 255
L -63.0, -188.0, -37.0, -30.0, -187.0, -37.0, 0, 0, 255
L -30.0, -187.0, -37.0, 0.0, -198.0, -41.0, 0, 0, 255
L -195.0, -310.0, -29.0, -194.0, -309.0, -28.0, 178, 102, 255
L -128.0, -276.0, -28.0, -128.0, -306.0, -28.0, 178, 102, 255
L -128.0, -276.0, -28.0, -128.0, -272.0, -28.0, 178, 102, 255
L -138.0, -208.0, -28.0, -152.0, -208.0, -28.0, 178, 102, 255
L -152.0, -208.0, -28.0, -152.0, -194.0, -28.0, 178, 102, 255
L -152.0, -194.0, -28.0, -191.0, -194.0, -28.0, 178, 102, 255
L -198.0, -184.0, -28.0, -191.0, -184.0, -28.0, 178, 102, 255
L -152.0, -184.0, -28.0, -152.0, -124.0, -28.0, 178, 102, 255
L -142.0, -198.0, -28.0, -142.0, -114.0, -28.0, 178, 102, 255
L -152.0, -124.0, -28.0, -166.0, -124.0, -28.0, 178, 102, 255
L -166.0, -124.0, -28.0, -166.0, -110.0, -28.0, 178, 102, 255
L -166.0, -110.0, -28.0, -212.0, -110.0, -28.0, 178, 102, 255
L -156.0, -100.0, -28.0, -184.0, -100.0, -28.0, 178, 102, 255
L -156.0, -100.0, -28.0, -156.0, -114.0, -28.0, 178, 102, 255
L -156.0, -114.0, -28.0, -142.0, -114.0, -28.0, 178, 102, 255
L -184.0, -100.0, -28.0, -184.0, -68.0, -28.0, 178, 102, 255
L -194.0, -100.0, -28.0, -194.0, -68.0, -28.0, 178, 102, 255
L -194.0, -100.0, -28.0, -212.0, -100.0, -28.0, 178, 102, 255
L -194.0, -68.0, -28.0, -208.0, -68.0, -28.0, 178, 102, 255
L -208.0, -68.0, -28.0, -208.0, -44.0, -28.0, 178, 102, 255
L -208.0, -44.0, -28.0, -170.0, -44.0, -28.0, 178, 102, 255
L -170.0, -44.0, -28.0, -170.0, -68.0, -28.0, 178, 102, 255
L -170.0, -68.0, -28.0, -184.0, -68.0, -28.0, 178, 102, 255
L -142.0, -198.0, -28.0, -128.0, -198.0, -28.0, 178, 102, 255
L -212.0, -100.0, -28.0, -212.0, -86.0, -28.0, 178, 102, 255
L -212.0, -110.0, -28.0, -212.0, -124.0, -28.0, 178, 102, 255
L -212.0, -124.0, -28.0, -268.0, -124.0, -28.0, 178, 102, 255
L -212.0, -86.0, -28.0, -251.0, -86.0, -28.0, 178, 102, 255
L -251.0, -86.0, -28.0, -278.0, -113.0, -28.0, 178, 102, 255
L -278.0, -113.0, -28.0, -278.0, -152.0, -28.0, 178, 102, 255
L -278.0, -152.0, -28.0, -265.0, -152.0, -28.0, 178, 102, 255
L -265.0, -152.0, -28.0, -251.0, -166.0, -28.0, 178, 102, 255
L -251.0, -166.0, -28.0, -208.0, -166.0, -28.0, 178, 102, 255
L -194.0, -142.0, -28.0, -268.0, -142.0, -28.0, 178, 102, 255
L -268.0, -142.0, -28.0, -268.0, -124.0, -28.0, 178, 102, 255
L -194.0, -142.0, -28.0, -194.0, -128.0, -28.0, 178, 102, 255
L -194.0, -128.0, -28.0, -184.0, -128.0, -28.0, 178, 102, 255
L -184.0, -128.0, -28.0, -184.0, -142.0, -28.0, 178, 102, 255
L -184.0, -142.0, -28.0, -170.0, -142.0, -28.0, 178, 102, 255
L -170.0, -142.0, -28.0, -170.0, -152.0, -28.0, 178, 102, 255
L -170.0, -152.0, -28.0, -184.0, -152.0, -28.0, 178, 102, 255
L -184.0, -152.0, -28.0, -184.0, -166.0, -28.0, 178, 102, 255
L -184.0, -166.0, -28.0, -198.0, -166.0, -28.0, 178, 102, 255
L -208.0, -166.0, -28.0, -208.0, -171.0, -28.0, 178, 102, 255
L -198.0, -166.0, -28.0, -198.0, -171.0, -28.0, 178, 102, 255
L -198.0, -171.0, -28.0, -198.0, -184.0, -28.0, 178, 102, 255
L -208.0, -222.0, -28.0, -191.0, -222.0, -28.0, 178, 102, 255
L -198.0, -212.0, -28.0, -198.0, -194.0, -28.0, 178, 102, 255
L -250.0, -198.0, -14.0, -250.0, -227.0, -14.0, 0, 0, 0
L -240.0, -254.0, -14.0, -235.0, -254.0, -14.0, 0, 0, 0
L -278.0, -264.0, -14.0, -227.0, -264.0, -14.0, 0, 0, 0
L -250.0, -236.0, -14.0, -250.0, -254.0, -14.0, 0, 0, 0
L -250.0, -227.0, -14.0, -250.0, -236.0, -14.0, 0, 0, 0
L -191.0, -194.0, -28.0, -198.0, -194.0, -28.0, 178, 102, 255
L -170.0, -240.0, -28.0, -156.0, -240.0, -28.0, 178, 102, 255
L -156.0, -240.0, -28.0, -156.0, -278.0, -28.0, 178, 102, 255
L -156.0, -278.0, -28.0, -194.0, -278.0, -28.0, 178, 102, 255
L -194.0, -278.0, -28.0, -194.0, -240.0, -28.0, 178, 102, 255
L -194.0, -240.0, -28.0, -180.0, -240.0, -28.0, 178, 102, 255
L -170.0, -240.0, -28.0, -170.0, -212.0, -28.0, 178, 102, 255
L -170.0, -212.0, -28.0, -191.0, -212.0, -28.0, 178, 102, 255
L -180.0, -222.0, -28.0, -180.0, -240.0, -28.0, 178, 102, 255
L -229.0, -254.0, -14.0, -212.0, -254.0, -14.0, 0, 0, 0
L -235.0, -254.0, -14.0, -229.0, -254.0, -14.0, 0, 0, 0
L -212.0, -264.0, -14.0, -212.0, -254.0, -14.0, 0, 0, 0
L -222.0, -128.0, 0.0, -236.0, -128.0, 0.0, 0, 0, 0
L -236.0, -128.0, 0.0, -236.0, -180.0, 0.0, 0, 0, 0
L -212.0, -128.0, 0.0, -198.0, -128.0, 0.0, 0, 0, 0
L -198.0, -128.0, 0.0, -198.0, -142.0, 1.0, 0, 0, 0
L -198.0, -142.0, 1.0, -170.0, -142.0, 0.0, 0, 0, 0
L -170.0, -142.0, 0.0, -170.0, -166.0, 0.0, 0, 0, 0
L -170.0, -166.0, 0.0, -198.0, -166.0, 0.0, 0, 0, 0
L -198.0, -166.0, 0.0, -198.0, -180.0, 2.0, 0, 0, 0
L -198.0, -180.0, 2.0, -236.0, -180.0, 0.0, 0, 0, 0
L -282.0, -100.0, 0.0, -268.0, -100.0, 0.0, 0, 0, 0
L -268.0, -100.0, 0.0, -268.0, -138.0, 0.0, 0, 0, 0
L 180.0, 128.0, -28.0, 180.0, 16.0, -28.0, 178, 102, 255
L 180.0, 16.0, -28.0, 124.0, 16.0, -28.0, 178, 102, 255
L 124.0, 16.0, -28.0, 124.0, 2.0, -28.0, 178, 102, 255
L 124.0, 2.0, -28.0, 58.0, 2.0, -28.0, 178, 102, 255
L 58.0, 2.0, -28.0, 58.0, 86.0, -28.0, 178, 102, 255
L 170.0, 96.0, -28.0, 170.0, 138.0, -28.0, 178, 102, 255
L 198.0, 128.0, -28.0, 186.0, 128.0, -28.0, 178, 102, 255
L 198.0, 58.0, -27.0, 225.0, 58.0, -28.0, 178, 102, 255
L 208.0, 138.0, -28.0, 186.0, 138.0, -28.0, 178, 102, 255
L 278.0, 2.0, -14.0, 250.0, 2.0, -14.0, 0, 0, 0
L 240.0, 12.0, -14.0, 240.0, -16.0, -14.0, 0, 0, 0
L 250.0, 2.0, -14.0, 250.0, -24.0, -14.0, 0, 0, 0
L 240.0, -16.0, -14.0, 201.0, -16.0, -14.0, 0, 0, 0
L 180.0, -26.0, -14.0, 201.0, -26.0, -14.0, 0, 0, 0
L 240.0, -26.0, -14.0, 240.0, -58.0, -14.0, 0, 0, 0
L 250.0, -24.0, -14.0, 250.0, -27.0, -14.0, 0, 0, 0
L 250.0, -58.0, -14.0, 250.0, -24.0, -14.0, 0, 0, 0
L 250.0, -58.0, -14.0, 268.0, -58.0, -14.0, 0, 0, 0
L 240.0, -58.0, -14.0, 212.0, -58.0, -14.0, 0, 0, 0
L 170.0, -16.0, -14.0, 170.0, 4.0, -14.0, 0, 0, 0
L 180.0, -16.0, -14.0, 180.0, 4.0, -14.0, 0, 0, 0
L 170.0, 40.0, -14.0, 197.0, 40.0, -14.0, 0, 0, 0
L 180.0, 30.0, -14.0, 197.0, 30.0, -14.0, 0, 0, 0
L 197.0, 40.0, -14.0, 211.0, 54.0, -14.0, 0, 0, 0
L 211.0, 54.0, -14.0, 223.0, 54.0, -14.0, 0, 0, 0
L 223.0, 54.0, -14.0, 236.0, 41.0, -14.0, 0, 0, 0
L 236.0, 41.0, -14.0, 236.0, 29.0, -14.0, 0, 0, 0
L 197.0, 30.0, -14.0, 211.0, 16.0, -14.0, 0, 0, 0
L 211.0, 16.0, -14.0, 223.0, 16.0, -14.0, 0, 0, 0
L 223.0, 16.0, -14.0, 236.0, 29.0, -14.0, 0, 0, 0
L 278.0, -68.0, -14.0, 278.0, -40.0, -14.0, 0, 0, 0
L 268.0, -58.0, -14.0, 268.0, -30.0, -14.0, 0, 0, 0
L 268.0, -30.0, -14.0, 294.0, -30.0, -14.0, 0, 0, 0
L 278.0, -40.0, -14.0, 294.0, -40.0, -14.0, 0, 0, 0
L 296.0, -40.0, -14.0, 296.0, -54.0, -14.0, 0, 0, 0
L 296.0, -54.0, -14.0, 334.0, -54.0, -14.0, 0, 0, 0
L 334.0, -54.0, -14.0, 334.0, -16.0, -14.0, 0, 0, 0
L 334.0, -16.0, -14.0, 296.0, -16.0, -14.0, 0, 0, 0
L 296.0, -30.0, -14.0, 296.0, -16.0, -14.0, 0, 0, 0
L -324.0, -170.0, 0.0, -324.0, -156.0, 0.0, 0, 0, 0
L -320.0, -212.0, 0.0, -296.0, -212.0, 0.0, 0, 0, 0
L -320.0, -254.0, 0.0, -320.0, -238.0, 0.0, 0, 0, 0
L -338.0, -254.0, 0.0, -320.0, -254.0, 0.0, 0, 0, 0
L -338.0, -254.0, 0.0, -338.0, -237.0, 0.0, 0, 0, 0
L -348.0, -114.0, 0.0, -362.0, -114.0, 0.0, 0, 0, 0
L -324.0, -114.0, 0.0, -338.0, -114.0, 0.0, 0, 0, 0
L -324.0, -180.0, 0.0, -324.0, -194.0, 0.0, 0, 0, 0
L -338.0, -194.0, 0.0, -324.0, -194.0, 0.0, 0, 0, 0
L -348.0, -194.0, 0.0, -348.0, -237.0, 0.0, 0, 0, 0
L -362.0, -194.0, 0.0, -348.0, -194.0, 0.0, 0, 0, 0
L -362.0, -114.0, 0.0, -362.0, -154.0, 0.0, 0, 0, 0
L -295.0, -180.0, 0.0, -278.0, -180.0, 0.0, 0, 0, 0
L -295.0, -180.0, 0.0, -324.0, -180.0, 0.0, 0, 0, 0
L -268.0, -170.0, 0.0, -324.0, -170.0, 0.0, 0, 0, 0
L -296.0, -236.0, 0.0, -310.0, -236.0, 0.0, 0, 0, 0
L -296.0, -212.0, 0.0, -296.0, -236.0, 0.0, 0, 0, 0
L -348.0, -237.0, 0.0, -348.0, -264.0, 0.0, 0, 0, 0
L -292.0, -100.0, 0.0, -306.0, -100.0, 0.0, 0, 0, 0
L -306.0, -100.0, 0.0, -306.0, -138.0, 0.0, 0, 0, 0
L -268.0, -138.0, 0.0, -306.0, -138.0, 0.0, 0, 0, 0
L -162.0, -503.0, 0.0, -160.0, -504.0, 0.0, 0, 0, 0
L -163.0, -504.0, 0.0, -162.0, -503.0, 0.0, 0, 0, 0
L -165.0, -504.0, 0.0, -163.0, -504.0, 0.0, 0, 0, 0
L -167.0, -503.0, 0.0, -165.0, -504.0, 0.0, 0, 0, 0
L -176.0, -490.0, 0.0, -167.0, -503.0, 0.0, 0, 0, 0
L -180.0, -491.0, 0.0, -176.0, -490.0, 0.0, 0, 0, 0
L -182.0, -492.0, 0.0, -180.0, -491.0, 0.0, 0, 0, 0
L -184.0, -491.0, 0.0, -182.0, -492.0, 0.0, 0, 0, 0
L -184.0, -461.0, 0.0, -184.0, -491.0, 0.0, 0, 0, 0
L -183.0, -460.0, 0.0, -184.0, -461.0, 0.0, 0, 0, 0
L -152.0, -460.0, 0.0, -183.0, -460.0, 0.0, 0, 0, 0
L -56.0, -492.0, 0.0, -57.0, -492.0, 0.0, 0, 0, 0
L -40.0, -461.0, 0.0, -40.0, -463.0, 0.0, 0, 0, 0
L -86.0, -461.0, 0.0, -72.0, -447.0, 0.0, 0, 0, 0
L -72.0, -405.0, 0.0, -29.0, -362.0, 0.0, 0, 0, 0
L -150.0, -487.0, 0.0, -153.0, -478.0, 0.0, 0, 0, 0
L -152.0, -477.0, 0.0, -152.0, -460.0, 0.0, 0, 0, 0
L -153.0, -478.0, 0.0, -152.0, -477.0, 0.0, 0, 0, 0
L 23.0, -395.0, 0.0, 13.0, -398.0, 0.0, 0, 0, 0
L -60.0, -489.0, 0.0, -86.0, -463.0, 0.0, 0, 0, 0
L 5.0, -395.0, 0.0, 3.0, -395.0, 0.0, 0, 0, 0
L 3.0, -395.0, 0.0, -4.0, -391.0, 0.0, 0, 0, 0
L -53.0, -421.0, 0.0, -40.0, -461.0, 0.0, 0, 0, 0
L -160.0, -504.0, 0.0, -158.0, -502.0, 0.0, 0, 0, 0
L 7.0, -395.0, 0.0, 5.0, -395.0, 0.0, 0, 0, 0
L -40.0, -463.0, 0.0, -54.0, -491.0, 0.0, 0, 0, 0
L -157.0, -500.0, 0.0, -150.0, -490.0, 0.0, 0, 0, 0
L -59.0, -491.0, 0.0, -60.0, -489.0, 0.0, 0, 0, 0
L -158.0, -502.0, 0.0, -157.0, -500.0, 0.0, 0, 0, 0
L -4.0, -391.0, 0.0, -53.0, -421.0, 0.0, 0, 0, 0
L 13.0, -398.0, 0.0, 11.0, -398.0, 0.0, 0, 0, 0
L 11.0, -398.0, 0.0, 7.0, -395.0, 0.0, 0, 0, 0
L -183.0, -516.0, 0.0, -182.0, -516.0, 0.0, 0, 0, 0
L -54.0, -491.0, 0.0, -56.0, -492.0, 0.0, 0, 0, 0
L -72.0, -447.0, 0.0, -72.0, -405.0, 0.0, 0, 0, 0
L -57.0, -492.0, 0.0, -59.0, -491.0, 0.0, 0, 0, 0
L -150.0, -490.0, 0.0, -150.0, -487.0, 0.0, 0, 0, 0
L -86.0, -463.0, 0.0, -86.0, -461.0, 0.0, 0, 0, 0
L -97.0, -478.0, 0.0, -96.0, -476.0, 0.0, 0, 0, 0
L -126.0, -478.0, 0.0, -97.0, -478.0, 0.0, 0, 0, 0
L -223.0, -436.0, 0.0, -167.0, -436.0, 0.0, 0, 0, 0
L -222.0, -529.0, 0.0, -236.0, -489.0, 0.0, 0, 0, 0
L -166.0, -435.0, 0.0, -159.0, -414.0, 0.0, 0, 0, 0
L -156.0, -413.0, 0.0, -155.0, -414.0, 0.0, 0, 0, 0
L -235.0, -448.0, 0.0, -223.0, -436.0, 0.0, 0, 0, 0
L -159.0, -414.0, 0.0, -156.0, -413.0, 0.0, 0, 0, 0
L -128.0, -477.0, 0.0, -126.0, -478.0, 0.0, 0, 0, 0
L -55.0, -376.0, 0.0, -56.0, -374.0, 0.0, 0, 0, 0
L -128.0, -475.0, 0.0, -128.0, -477.0, 0.0, 0, 0, 0
L -127.0, -451.0, 0.0, -125.0, -452.0, 0.0, 0, 0, 0
L -115.0, -462.0, 0.0, -128.0, -475.0, 0.0, 0, 0, 0
L -197.0, -530.0, 0.0, -222.0, -529.0, 0.0, 0, 0, 0
L -128.0, -447.0, 0.0, -128.0, -449.0, 0.0, 0, 0, 0
L -138.0, -407.0, 0.0, -124.0, -402.0, 0.0, 0, 0, 0
L -236.0, -489.0, 0.0, -235.0, -448.0, 0.0, 0, 0, 0
L -67.0, -364.0, 0.0, -54.0, -351.0, 0.0, 0, 0, 0
L -54.0, -379.0, 0.0, -54.0, -377.0, 0.0, 0, 0, 0
L -167.0, -436.0, 0.0, -166.0, -435.0, 0.0, 0, 0, 0
L -54.0, -377.0, 0.0, -55.0, -376.0, 0.0, 0, 0, 0
L 26.0, -394.0, 0.0, 25.0, -394.0, 0.0, 0, 0, 0
L -155.0, -414.0, 0.0, -150.0, -414.0, 0.0, 0, 0, 0
L -95.0, -420.0, 0.0, -54.0, -379.0, 0.0, 0, 0, 0
L 30.0, -392.0, 0.0, 26.0, -394.0, 0.0, 0, 0, 0
L -56.0, -374.0, 0.0, -67.0, -364.0, 0.0, 0, 0, 0
L -128.0, -449.0, 0.0, -127.0, -451.0, 0.0, 0, 0, 0
L -96.0, -476.0, 0.0, -95.0, -420.0, 0.0, 0, 0, 0
L -115.0, -407.0, 0.0, -128.0, -447.0, 0.0, 0, 0, 0
L 25.0, -394.0, 0.0, 23.0, -395.0, 0.0, 0, 0, 0
L -125.0, -452.0, 0.0, -115.0, -462.0, 0.0, 0, 0, 0
L -124.0, -402.0, 0.0, -115.0, -407.0, 0.0, 0, 0, 0
L -147.0, -412.0, 0.0, -138.0, -407.0, 0.0, 0, 0, 0
L -150.0, -414.0, 0.0, -147.0, -412.0, 0.0, 0, 0, 0
L 123.0, -406.0, 0.0, 111.0, -432.0, 0.0, 0, 0, 0
L 111.0, -432.0, 0.0, 98.0, -432.0, 0.0, 0, 0, 0
L 98.0, -432.0, 0.0, 70.0, -418.0, 0.0, 0, 0, 0
L 70.0, -418.0, 0.0, 69.0, -418.0, 0.0, 0, 0, 0
L 69.0, -418.0, 0.0, 28.0, -432.0, 0.0, 0, 0, 0
L 28.0, -432.0, 0.0, 13.0, -432.0, 0.0, 0, 0, 0
L 13.0, -432.0, 0.0, -16.0, -460.0, 0.0, 0, 0, 0
L -16.0, -460.0, 0.0, -17.0, -503.0, 0.0, 0, 0, 0
L -17.0, -503.0, 0.0, -43.0, -516.0, 0.0, 0, 0, 0
L -43.0, -516.0, 0.0, -57.0, -516.0, 0.0, 0, 0, 0
L -57.0, -516.0, 0.0, -63.0, -522.0, 0.0, 0, 0, 0
L -92.0, -520.0, 0.0, -78.0, -520.0, 0.0, 0, 0, 0
L -78.0, -520.0, 0.0, -67.0, -521.0, 0.0, 0, 0, 0
L -67.0, -521.0, 0.0, -65.0, -522.0, 0.0, 0, 0, 0
L -65.0, -522.0, 0.0, -63.0, -522.0, 0.0, 0, 0, 0
L -92.0, -520.0, 0.0, -97.0, -516.0, 0.0, 0, 0, 0
L -97.0, -516.0, 0.0, -99.0, -516.0, 0.0, 0, 0, 0
L -99.0, -516.0, 0.0, -127.0, -544.0, 0.0, 0, 0, 0
L -127.0, -544.0, 0.0, -153.0, -543.0, 0.0, 0, 0, 0
L -153.0, -543.0, 0.0, -181.0, -516.0, 0.0, 0, 0, 0
L -181.0, -516.0, 0.0, -182.0, -516.0, 0.0, 0, 0, 0
L -183.0, -516.0, 0.0, -197.0, -530.0, 0.0, 0, 0, 0
L 33.0, -82.0, 0.0, 34.0, -84.0, -2.0, 0, 0, 0
L 107.0, -100.0, 0.0, 110.0, -97.0, 0.0, 0, 0, 0
L 86.0, -121.0, 0.0, 107.0, -100.0, 0.0, 0, 0, 0
L 110.0, -97.0, 0.0, 110.0, -95.0, 0.0, 0, 0, 0
L 166.0, -138.0, 0.0, 166.0, -100.0, 0.0, 0, 0, 0
L 128.0, -138.0, 0.0, 166.0, -138.0, 0.0, 0, 0, 0
L 128.0, -100.0, 0.0, 128.0, -138.0, 0.0, 0, 0, 0
L 142.0, -100.0, 0.0, 128.0, -100.0, 0.0, 0, 0, 0
L 166.0, -100.0, 0.0, 152.0, -100.0, 0.0, 0, 0, 0
L -25.0, 26.0, 0.0, 25.0, 26.0, 0.0, 0, 0, 0
L -187.0, -47.0, 0.0, -194.0, -54.0, 0.0, 0, 0, 0
L -70.0, -2.0, 0.0, -69.0, -2.0, 0.0, 0, 0, 0
L -26.0, -26.0, 0.0, -26.0, -13.0, 0.0, 0, 0, 0
L -26.0, -1.0, 0.0, -25.0, 26.0, 0.0, 0, 0, 0
L -267.0, -38.0, 0.0, -264.0, -38.0, 0.0, 0, 0, 0
L -254.0, -72.0, 0.0, -212.0, -72.0, 0.0, 0, 0, 0
L -254.0, -38.0, 0.0, -254.0, -72.0, 0.0, 0, 0, 0
L -264.0, -82.0, 0.0, -222.0, -82.0, 0.0, 0, 0, 0
L -447.0, 30.0, 0.0, -446.0, 29.0, 0.0, 0, 0, 0
L 25.0, -26.0, 0.0, -26.0, -26.0, 0.0, 0, 0, 0
L -421.0, -30.0, 0.0, -436.0, -30.0, 0.0, 0, 0, 0
L -590.0, 68.0, 0.0, -590.0, 97.0, 0.0, 0, 0, 0
L -405.0, -46.0, 0.0, -421.0, -30.0, 0.0, 0, 0, 0
L -502.0, -55.0, 0.0, -502.0, -40.0, 0.0, 0, 0, 0
L -488.0, -82.0, 0.0, -502.0, -55.0, 0.0, 0, 0, 0
L -600.0, 58.0, 0.0, -614.0, 100.0, 0.0, 0, 0, 0
L -544.0, 68.0, 0.0, -530.0, 96.0, 0.0, 0, 0, 0
L -842.0, 62.0, 0.0, -842.0, 2.0, 0.0, 0, 0, 0
L -779.0, 62.0, 0.0, -842.0, 62.0, 0.0, 0, 0, 0
L -490.0, 60.0, 0.0, -461.0, 30.0, 0.0, 0, 0, 0
L -749.0, 32.0, 0.0, -779.0, 62.0, 0.0, 0, 0, 0
L -514.0, 32.0, 0.0, -529.0, -14.0, 0.0, 0, 0, 0
L -421.0, -68.0, 0.0, -405.0, -52.0, 0.0, 0, 0, 0
L -449.0, 82.0, 0.0, -434.0, 52.0, 0.0, 0, 0, 0
L -478.0, 7.0, 0.0, -478.0, 13.0, 0.0, 0, 0, 0
L -478.0, -5.0, 0.0, -478.0, 7.0, 0.0, 0, 0, 0
L -475.0, 82.0, 0.0, -449.0, 82.0, 0.0, 0, 0, 0
L -507.0, 27.0, 0.0, -492.0, 20.0, 0.0, 0, 0, 0
L -490.0, 67.0, 0.0, -475.0, 82.0, 0.0, 0, 0, 0
L -461.0, 30.0, 0.0, -447.0, 30.0, 0.0, 0, 0, 0
L -478.0, -35.0, 0.0, -478.0, -5.0, 0.0, 0, 0, 0
L -448.0, -2.0, 0.0, -462.0, -2.0, 0.0, 0, 0, 0
L -432.0, 2.0, 0.0, -446.0, 29.0, 0.0, 0, 0, 0
L -418.0, 2.0, 0.0, -432.0, 2.0, 0.0, 0, 0, 0
L -365.0, -30.0, 0.0, -387.0, -19.0, 0.0, 0, 0, 0
L -418.0, -12.0, 0.0, -418.0, 2.0, 0.0, 0, 0, 0
L -749.0, 118.0, 0.0, -721.0, 118.0, 0.0, 0, 0, 0
L -721.0, 118.0, 0.0, -701.0, 68.0, 0.0, 0, 0, 0
L -407.0, -12.0, 0.0, -418.0, -12.0, 0.0, 0, 0, 0
L -378.0, 17.0, 0.0, -407.0, -12.0, 0.0, 0, 0, 0
L -867.0, 88.0, 0.0, -779.0, 88.0, 0.0, 0, 0, 0
L -378.0, 24.0, 0.0, -363.0, 39.0, 0.0, 0, 0, 0
L -867.0, 38.0, 0.0, -867.0, 88.0, 0.0, 0, 0, 0
L -842.0, 2.0, 0.0, -857.0, 2.0, 0.0, 0, 0, 0
L -394.0, 54.0, 0.0, -378.0, 24.0, 0.0, 0, 0, 0
L -419.0, 67.0, 0.0, -394.0, 54.0, 0.0, 0, 0, 0
L -26.0, -13.0, 0.0, -28.0, -12.0, 0.0, 0, 0, 0
L -434.0, 52.0, 0.0, -419.0, 67.0, 0.0, 0, 0, 0
L -478.0, -35.0, 0.0, -462.0, -2.0, 0.0, 0, 0, 0
L -478.0, 13.0, 0.0, -492.0, 20.0, 0.0, 0, 0, 0
L -519.0, 96.0, 0.0, -490.0, 67.0, 0.0, 0, 0, 0
L -530.0, 96.0, 0.0, -519.0, 96.0, 0.0, 0, 0, 0
L -363.0, 39.0, 0.0, -339.0, 27.0, 0.0, 0, 0, 0
L -320.0, 55.0, 0.0, -334.0, -14.0, 0.0, 0, 0, 0
L -436.0, -30.0, 0.0, -436.0, -15.0, 0.0, 0, 0, 0
L -281.0, 80.0, 0.0, -320.0, 55.0, 0.0, 0, 0, 0
L -282.0, -44.0, 0.0, -282.0, -100.0, 0.0, 0, 0, 0
L -464.0, -40.0, 0.0, -464.0, -69.0, 0.0, 0, 0, 0
L -432.0, -68.0, 0.0, -421.0, -68.0, 0.0, 0, 0, 0
L -502.0, -40.0, 0.0, -516.0, -40.0, 0.0, 0, 0, 0
L -387.0, -19.0, 0.0, -391.0, -17.0, 0.0, 0, 0, 0
L -464.0, -69.0, 0.0, -477.0, -82.0, 0.0, 0, 0, 0
L -181.0, -40.0, 0.0, -187.0, -47.0, 0.0, 0, 0, 0
L -196.0, -54.0, 0.0, -205.0, -54.0, 0.0, 0, 0, 0
L -194.0, -54.0, 0.0, -196.0, -54.0, 0.0, 0, 0, 0
L -223.0, -54.0, 0.0, -236.0, -27.0, 0.0, 0, 0, 0
L -205.0, -54.0, 0.0, -223.0, -54.0, 0.0, 0, 0, 0
L -237.0, -26.0, 0.0, -239.0, -26.0, 0.0, 0, 0, 0
L -236.0, -27.0, 0.0, -237.0, -26.0, 0.0, 0, 0, 0
L -240.0, -27.0, 0.0, -251.0, -38.0, 0.0, 0, 0, 0
L -239.0, -26.0, 0.0, -240.0, -27.0, 0.0, 0, 0, 0
L -179.0, -39.0, 0.0, -181.0, -40.0, 0.0, 0, 0, 0
L -173.0, -31.0, 0.0, -179.0, -39.0, 0.0, 0, 0, 0
L -477.0, -82.0, 0.0, -488.0, -82.0, 0.0, 0, 0, 0
L -446.0, -40.0, 0.0, -432.0, -68.0, 0.0, 0, 0, 0
L -82.0, -12.0, 0.0, -82.0, 30.0, 0.0, 0, 0, 0
L -264.0, -38.0, 0.0, -264.0, -82.0, 0.0, 0, 0, 0
L -251.0, -38.0, 0.0, -254.0, -38.0, 0.0, 0, 0, 0
L -72.0, 40.0, 0.0, -72.0, -1.0, 0.0, 0, 0, 0
L -185.0, 59.0, 0.0, -184.0, 58.0, 0.0, 0, 0, 0
L -292.0, 16.0, 0.0, -292.0, -13.0, 0.0, 0, 0, 0
L 39.0, -62.0, 0.0, 31.0, -71.0, 0.0, 0, 0, 0
L 39.0, -62.0, 0.0, 48.0, -54.0, 0.0, 0, 0, 0
L 48.0, -54.0, 0.0, 55.0, -46.0, 0.0, 0, 0, 0
L -292.0, -13.0, 0.0, -267.0, -38.0, 0.0, 0, 0, 0
L 55.0, -46.0, 0.0, 58.0, -46.0, 0.0, 0, 0, 0
L 31.0, -71.0, 0.0, 33.0, -82.0, 0.0, 0, 0, 0
L 94.0, -56.0, 0.0, 92.0, -55.0, 0.0, 0, 0, 0
L -212.0, -72.0, 0.0, -212.0, -128.0, 0.0, 0, 0, 0
L -238.0, 54.0, 0.0, -236.0, 54.0, 0.0, 0, 0, 0
L -339.0, 27.0, 0.0, -351.0, 2.0, 0.0, 0, 0, 0
L -222.0, -82.0, 0.0, -222.0, -128.0, 0.0, 0, 0, 0
L -130.0, 40.0, 0.0, -128.0, 39.0, 0.0, 0, 0, 0
L -137.0, 36.0, 0.0, -136.0, 37.0, 0.0, 0, 0, 0
L -141.0, 36.0, 0.0, -137.0, 36.0, 0.0, 0, 0, 0
L -292.0, -54.0, 0.0, -292.0, -100.0, 0.0, 0, 0, 0
L -127.0, 26.0, 0.0, -122.0, 26.0, 0.0, 0, 0, 0
L -135.0, 38.0, 0.0, -132.0, 40.0, 0.0, 0, 0, 0
L -122.0, 26.0, 0.0, -122.0, 24.0, 0.0, 0, 0, 0
L 95.0, -57.0, 0.0, 94.0, -56.0, 0.0, 0, 0, 0
L 92.0, -55.0, 0.0, 87.0, -52.0, 0.0, 0, 0, 0
L 109.0, -70.0, 0.0, 95.0, -57.0, 0.0, 0, 0, 0
L 87.0, -52.0, 0.0, 82.0, -48.0, 0.0, 0, 0, 0
L 82.0, -48.0, 0.0, 81.0, -47.0, 0.0, 0, 0, 0
L 81.0, -47.0, 0.0, 80.0, -45.0, 0.0, 0, 0, 0
L 80.0, -45.0, 0.0, 79.0, -43.0, 0.0, 0, 0, 0
L 79.0, -43.0, 0.0, 79.0, -41.0, 0.0, 0, 0, 0
L 79.0, -41.0, 0.0, 82.0, -33.0, 0.0, 0, 0, 0
L 82.0, -33.0, 0.0, 82.0, -12.0, 0.0, 0, 0, 0
L 110.0, -95.0, 0.0, 109.0, -70.0, 0.0, 0, 0, 0
L 142.0, -54.0, 0.0, 142.0, -100.0, 0.0, 0, 0, 0
L 152.0, -44.0, 0.0, 152.0, -100.0, 0.0, 0, 0, 0
L -514.0, 32.0, 0.0, -546.0, 16.0, 0.0, 0, 0, 0
L -354.0, -26.0, 0.0, -363.0, -30.0, 0.0, 0, 0, 0
L -338.0, -66.0, 0.0, -332.0, -66.0, 0.0, 0, 0, 0
L -631.0, 100.0, 0.0, -614.0, 100.0, 0.0, 0, 0, 0
L -378.0, -82.0, 0.0, -390.0, -82.0, 0.0, 0, 0, 0
L -629.0, 124.0, 0.0, -656.0, 97.0, 0.0, 0, 0, 0
L -309.0, -44.0, 0.0, -282.0, -44.0, 0.0, 0, 0, 0
L -631.0, 100.0, 0.0, -645.0, 58.0, 0.0, 0, 0, 0
L -617.0, 124.0, 0.0, -629.0, 124.0, 0.0, 0, 0, 0
L -446.0, -40.0, 0.0, -464.0, -40.0, 0.0, 0, 0, 0
L -128.0, 39.0, 0.0, -128.0, 27.0, 0.0, 0, 0, 0
L -338.0, -114.0, 0.0, -338.0, -66.0, 0.0, 0, 0, 0
L -645.0, 58.0, 0.0, -701.0, 58.0, 0.0, 0, 0, 0
L -281.0, 80.0, 0.0, -238.0, 54.0, 0.0, 0, 0, 0
L -363.0, 2.0, 0.0, -378.0, 17.0, 0.0, 0, 0, 0
L -363.0, -30.0, 0.0, -365.0, -30.0, 0.0, 0, 0, 0
L -209.0, 82.0, 0.0, -207.0, 82.0, 0.0, 0, 0, 0
L -334.0, -14.0, 0.0, -335.0, -16.0, 0.0, 0, 0, 0
L -545.0, 58.0, 0.0, -600.0, 58.0, 0.0, 0, 0, 0
L -543.0, 56.0, 0.0, -545.0, 58.0, 0.0, 0, 0, 0
L -557.0, 16.0, 0.0, -543.0, 56.0, 0.0, 0, 0, 0
L -122.0, 24.0, 0.0, -121.0, 22.0, 0.0, 0, 0, 0
L -390.0, -82.0, 0.0, -405.0, -52.0, 0.0, 0, 0, 0
L -779.0, 88.0, 0.0, -749.0, 118.0, 0.0, 0, 0, 0
L -378.0, -82.0, 0.0, -348.0, -66.0, 0.0, 0, 0, 0
L -348.0, -66.0, 0.0, -348.0, -114.0, 0.0, 0, 0, 0
L -516.0, -40.0, 0.0, -529.0, -14.0, 0.0, 0, 0, 0
L -544.0, 68.0, 0.0, -590.0, 68.0, 0.0, 0, 0, 0
L -309.0, -44.0, 0.0, -324.0, -14.0, 0.0, 0, 0, 0
L -544.0, 58.0, 0.0, -545.0, 58.0, 0.0, 0, 0, 0
L -309.0, 16.0, 0.0, -292.0, 16.0, 0.0, 0, 0, 0
L 110.0, 30.0, 0.0, 142.0, 30.0, 0.0, 0, 0, 0
L -335.0, -16.0, 0.0, -354.0, -26.0, 0.0, 0, 0, 0
L -145.0, 39.0, 0.0, -144.0, 37.0, 0.0, 0, 0, 0
L -136.0, 37.0, 0.0, -135.0, 38.0, 0.0, 0, 0, 0
L -546.0, 16.0, 0.0, -557.0, 16.0, 0.0, 0, 0, 0
L -28.0, -12.0, 0.0, -82.0, -12.0, 0.0, 0, 0, 0
L -147.0, 40.0, 0.0, -145.0, 39.0, 0.0, 0, 0, 0
L -100.0, 30.0, 0.0, -100.0, 2.0, 0.0, 0, 0, 0
L -60.0, -2.0, 0.0, -27.0, -2.0, 0.0, 0, 0, 0
L -69.0, -2.0, 0.0, -60.0, -2.0, 0.0, 0, 0, 0
L -132.0, 40.0, 0.0, -130.0, 40.0, 0.0, 0, 0, 0
L 124.0, -44.0, 0.0, 152.0, -44.0, 0.0, 0, 0, 0
L -128.0, 27.0, 0.0, -127.0, 26.0, 0.0, 0, 0, 0
L -144.0, 37.0, 0.0, -143.0, 36.0, 0.0, 0, 0, 0
L 114.0, -54.0, 0.0, 142.0, -54.0, 0.0, 0, 0, 0
L -143.0, 36.0, 0.0, -141.0, 36.0, 0.0, 0, 0, 0
L 114.0, -40.0, 0.0, 114.0, -54.0, 0.0, 0, 0, 0
L -100.0, 30.0, 0.0, -82.0, 30.0, 0.0, 0, 0, 0
L 124.0, -30.0, 0.0, 124.0, -44.0, 0.0, 0, 0, 0
L -167.0, -24.0, 0.0, -173.0, -31.0, 0.0, 0, 0, 0
L 110.0, -30.0, 0.0, 124.0, -30.0, 0.0, 0, 0, 0
L -164.0, -20.0, 0.0, -167.0, -24.0, 0.0, 0, 0, 0
L -156.0, -13.0, 0.0, -164.0, -20.0, 0.0, 0, 0, 0
L -155.0, -12.0, 0.0, -156.0, -13.0, 0.0, 0, 0, 0
L -147.0, -12.0, 0.0, -155.0, -12.0, 0.0, 0, 0, 0
L -145.0, -10.0, 0.0, -147.0, -12.0, 0.0, 0, 0, 0
L -145.0, -9.0, 0.0, -145.0, -10.0, 0.0, 0, 0, 0
L -143.0, -8.0, 0.0, -145.0, -9.0, 0.0, 0, 0, 0
L -138.0, -8.0, 0.0, -143.0, -8.0, 0.0, 0, 0, 0
L -324.0, -14.0, 0.0, -309.0, 16.0, 0.0, 0, 0, 0
L -136.0, -8.0, 0.0, -138.0, -8.0, 0.0, 0, 0, 0
L -135.0, -10.0, 0.0, -136.0, -8.0, 0.0, 0, 0, 0
L -135.0, -12.0, 0.0, -135.0, -10.0, 0.0, 0, 0, 0
L -129.0, -12.0, 0.0, -135.0, -12.0, 0.0, 0, 0, 0
L -128.0, 1.0, 0.0, -129.0, -12.0, 0.0, 0, 0, 0
L -127.0, 2.0, 0.0, -128.0, 1.0, 0.0, 0, 0, 0
L -100.0, 2.0, 0.0, -127.0, 2.0, 0.0, 0, 0, 0
L -110.0, 26.0, 0.0, -110.0, 40.0, 0.0, 0, 0, 0
L -114.0, 26.0, 0.0, -110.0, 26.0, 0.0, 0, 0, 0
L -207.0, 82.0, 0.0, -196.0, 82.0, 0.0, 0, 0, 0
L -236.0, 54.0, 0.0, -209.0, 82.0, 0.0, 0, 0, 0
L -183.0, 56.0, 0.0, -181.0, 56.0, 0.0, 0, 0, 0
L -116.0, 22.0, 0.0, -114.0, 26.0, 0.0, 0, 0, 0
L -121.0, 22.0, 0.0, -116.0, 22.0, 0.0, 0, 0, 0
L -72.0, -1.0, 0.0, -70.0, -2.0, 0.0, 0, 0, 0
L -195.0, 80.0, 0.0, -185.0, 59.0, 0.0, 0, 0, 0
L -196.0, 82.0, 0.0, -195.0, 80.0, 0.0, 0, 0, 0
L 100.0, -40.0, 0.0, 114.0, -40.0, 0.0, 0, 0, 0
L 100.0, -12.0, 0.0, 100.0, -40.0, 0.0, 0, 0, 0
L 110.0, -30.0, 0.0, 110.0, 30.0, 0.0, 0, 0, 0
L -27.0, -2.0, 0.0, -26.0, -1.0, 0.0, 0, 0, 0
L -156.0, 48.0, 0.0, -156.0, 41.0, 0.0, 0, 0, 0
L -156.0, 50.0, 0.0, -156.0, 48.0, 0.0, 0, 0, 0
L -155.0, 40.0, 0.0, -153.0, 39.0, 0.0, 0, 0, 0
L -156.0, 41.0, 0.0, -155.0, 40.0, 0.0, 0, 0, 0
L 100.0, -12.0, 0.0, 82.0, -12.0, 0.0, 0, 0, 0
L -149.0, 40.0, 0.0, -147.0, 40.0, 0.0, 0, 0, 0
L -153.0, 39.0, 0.0, -149.0, 40.0, 0.0, 0, 0, 0
L -184.0, 58.0, 0.0, -183.0, 56.0, 0.0, 0, 0, 0
L -161.0, 53.0, 0.0, -160.0, 52.0, 0.0, 0, 0, 0
L -181.0, 56.0, 0.0, -161.0, 53.0, 0.0, 0, 0, 0
L -158.0, 51.0, 0.0, -156.0, 50.0, 0.0, 0, 0, 0
L -160.0, 52.0, 0.0, -158.0, 51.0, 0.0, 0, 0, 0
L -312.0, -54.0, 0.0, -292.0, -54.0, 0.0, 0, 0, 0
L -656.0, 97.0, 0.0, -655.0, 68.0, 0.0, 0, 0, 0
L -655.0, 68.0, 0.0, -701.0, 68.0, 0.0, 0, 0, 0
L -312.0, -54.0, 0.0, -312.0, -56.0, 0.0, 0, 0, 0
L -701.0, 58.0, 0.0, -721.0, 32.0, 0.0, 0, 0, 0
L -721.0, 32.0, 0.0, -749.0, 32.0, 0.0, 0, 0, 0
L -590.0, 97.0, 0.0, -617.0, 124.0, 0.0, 0, 0, 0
L -363.0, 2.0, 0.0, -351.0, 2.0, 0.0, 0, 0, 0
L -490.0, 60.0, 0.0, -507.0, 27.0, 0.0, 0, 0, 0
L -332.0, -66.0, 0.0, -312.0, -56.0, 0.0, 0, 0, 0
L -391.0, -17.0, 0.0, -405.0, -46.0, 0.0, 0, 0, 0
L -110.0, 40.0, 0.0, -72.0, 40.0, 0.0, 0, 0, 0
L 44.0, 110.0, -28.0, 58.0, 110.0, -28.0, 178, 102, 255
L 44.0, 96.0, -28.0, 44.0, 110.0, -28.0, 178, 102, 255
L 26.0, 110.0, -28.0, 26.0, 96.0, -28.0, 178, 102, 255
L -12.0, 110.0, -28.0, 26.0, 110.0, -28.0, 178, 102, 255
L -12.0, 72.0, -28.0, -12.0, 110.0, -28.0, 178, 102, 255
L 26.0, 72.0, -28.0, -12.0, 72.0, -28.0, 178, 102, 255
L 26.0, 86.0, -28.0, 26.0, 72.0, -28.0, 178, 102, 255
L 125.0, 166.0, -28.0, 138.0, 153.0, -28.0, 178, 102, 255
L 113.0, 166.0, -28.0, 125.0, 166.0, -28.0, 178, 102, 255
L 47.0, 86.0, -28.0, 36.0, 86.0, -28.0, 178, 102, 255
L 53.0, 86.0, -28.0, 47.0, 86.0, -28.0, 178, 102, 255
L 138.0, 153.0, -28.0, 138.0, 141.0, -28.0, 178, 102, 255
L 254.0, 86.0, -28.0, 268.0, 86.0, -28.0, 178, 102, 255
L 254.0, 100.0, -28.0, 254.0, 86.0, -28.0, 178, 102, 255
L 292.0, 86.0, -28.0, 278.0, 86.0, -28.0, 178, 102, 255
L 292.0, 125.0, -28.0, 292.0, 86.0, -28.0, 178, 102, 255
L 279.0, 138.0, -28.0, 292.0, 125.0, -28.0, 178, 102, 255
L 267.0, 138.0, -28.0, 279.0, 138.0, -28.0, 178, 102, 255
L 254.0, 125.0, -28.0, 267.0, 138.0, -28.0, 178, 102, 255
L 254.0, 110.0, -28.0, 254.0, 125.0, -28.0, 178, 102, 255
L 113.0, 128.0, -28.0, 99.0, 142.0, -28.0, 178, 102, 255
L 99.0, 152.0, -28.0, 113.0, 166.0, -28.0, 178, 102, 255
L 125.0, 128.0, -28.0, 113.0, 128.0, -28.0, 178, 102, 255
L 138.0, 141.0, -28.0, 125.0, 128.0, -28.0, 178, 102, 255
L 82.0, 142.0, -28.0, 82.0, 128.0, -28.0, 178, 102, 255
L 82.0, 152.0, -28.0, 86.0, 152.0, -28.0, 178, 102, 255
L 82.0, 142.0, -28.0, 86.0, 142.0, -28.0, 178, 102, 255
L 208.0, 110.0, -28.0, 208.0, 138.0, -28.0, 178, 102, 255
L 82.0, 152.0, -28.0, 82.0, 166.0, -28.0, 178, 102, 255
L 44.0, 166.0, -28.0, 82.0, 166.0, -28.0, 178, 102, 255
L 44.0, 128.0, -28.0, 44.0, 166.0, -28.0, 178, 102, 255
L 58.0, 128.0, -28.0, 44.0, 128.0, -28.0, 178, 102, 255
L 208.0, 110.0, -28.0, 254.0, 110.0, -28.0, 178, 102, 255
L 208.0, 100.0, -28.0, 254.0, 100.0, -28.0, 178, 102, 255
L 208.0, 68.0, -28.0, 208.0, 100.0, -28.0, 178, 102, 255
L 197.0, -194.0, -15.0, 184.0, -181.0, -14.0, 0, 0, 0
L 237.0, -194.0, -15.0, 197.0, -194.0, -15.0, 0, 0, 0
L 212.0, -82.0, -14.0, 170.0, -82.0, -14.0, 0, 0, 0
L 170.0, -26.0, -14.0, 170.0, -47.0, -14.0, 0, 0, 0
L 222.0, -142.0, -14.0, 237.0, -142.0, -14.0, 0, 0, 0
L 212.0, -72.0, -14.0, 180.0, -72.0, -14.0, 0, 0, 0
L 212.0, -58.0, -14.0, 212.0, -72.0, -14.0, 0, 0, 0
L 184.0, -181.0, -14.0, 184.0, -155.0, -14.0, 0, 0, 0
L 212.0, -82.0, -14.0, 212.0, -124.0, -14.0, 0, 0, 0
L 278.0, -68.0, -14.0, 222.0, -68.0, -14.0, 0, 0, 0
L 250.0, -181.0, -14.0, 237.0, -194.0, -15.0, 0, 0, 0
L 222.0, -68.0, -14.0, 222.0, -124.0, -14.0, 0, 0, 0
L 237.0, -142.0, -14.0, 250.0, -155.0, -14.0, 0, 0, 0
L 197.0, -142.0, -14.0, 212.0, -142.0, -14.0, 0, 0, 0
L 212.0, -142.0, -14.0, 212.0, -124.0, -14.0, 0, 0, 0
L 184.0, -155.0, -14.0, 197.0, -142.0, -14.0, 0, 0, 0
L 250.0, -155.0, -14.0, 250.0, -181.0, -14.0, 0, 0, 0
L 198.0, 58.0, -27.0, 198.0, 128.0, -28.0, 178, 102, 255
L 53.0, 86.0, -28.0, 58.0, 86.0, -28.0, 178, 102, 255
L -138.0, -208.0, -28.0, -138.0, -272.0, -28.0, 178, 102, 255
L -448.0, -2.0, 0.0, -436.0, -15.0, 0.0, 0, 0, 0
L 0.0, -198.0, -41.0, 1.0, -198.0, -16.0, 0, 0, 255
L 86.0, -121.0, 0.0, 80.0, -125.0, -8.0, 0, 0, 0
L -67.0, -309.0, 0.0, -40.0, -293.0, -15.0, 0, 0, 0
L -210.0, -309.0, 0.0, -195.0, -310.0, -29.0, 0, 204, 0
L -278.0, -264.0, -14.0, -278.0, -254.0, -14.0, 0, 0, 0
L -250.0, -254.0, -14.0, -268.0, -254.0, -14.0, 0, 0, 0
L -278.0, -180.0, 0.0, -278.0, -184.0, 0.0, 0, 0, 0
L -268.0, -170.0, 0.0, -268.0, -180.0, 0.0, 0, 0, 0
L -268.0, -180.0, 0.0, -268.0, -184.0, 0.0, 0, 0, 0
L -208.0, -198.0, -28.0, -208.0, -171.0, -28.0, 178, 102, 255
L -240.0, -254.0, -14.0, -240.0, -208.0, -14.0, 0, 0, 0
L -250.0, -198.0, -14.0, -240.0, -198.0, -14.0, 0, 0, 0
L -208.0, -198.0, -28.0, -212.0, -198.0, -26.0, 178, 102, 255
L -208.0, -208.0, -28.0, -212.0, -208.0, -26.0, 178, 102, 255
L -208.0, -222.0, -28.0, -208.0, -208.0, -28.0, 178, 102, 255
L 240.0, 12.0, -14.0, 268.0, 12.0, -14.0, 0, 0, 0
L 278.0, 2.0, -14.0, 278.0, 12.0, -14.0, 0, 0, 0
L 268.0, 86.0, -28.0, 268.0, 81.4, -27.1, 0, 0, 0
L 278.0, 12.0, -14.0, 278.0, 16.6, -14.9, 0, 0, 0
L -222.0, -283.0, 0.0, -222.0, -316.0, 0.0, 0, 204, 0
L -210.0, -352.0, -13.0, -210.0, -347.5, -11.4, 255, 0, 0
L -210.0, -309.0, 0.0, -211.0, -283.0, 0.0, 0, 204, 0
L -222.0, -280.0, 0.0, -222.0, -267.0, 0.0, 0, 204, 0
L -867.0, 38.0, 0.0, -875.0, 38.0, 0.0, 0, 0, 0
L -857.0, 2.0, 0.0, -875.0, 2.0, 0.0, 0, 0, 0
L -875.0, 38.0, 0.0, -883.0, 38.0, 0.0, 0, 0, 0
L -875.0, 2.0, 0.0, -883.0, 2.0, 0.0, 0, 0, 0
L -875.0, 38.0, 0.0, -875.0, 2.0, 0.0, 199, 21, 133
L -362.0, -154.0, 0.0, -362.0, -156.0, 0.0, 0, 0, 0
L -324.0, -154.0, 0.0, -324.0, -114.0, 0.0, 0, 0, 0
L -362.0, -154.0, 0.0, -324.0, -154.0, 0.0, 255, 255, 0
L -324.0, -156.0, 0.0, -324.0, -154.0, 0.0, 0, 0, 0
L -362.0, -156.0, 0.0, -362.0, -194.0, 0.0, 0, 0, 0
L -362.0, -156.0, 0.0, -324.0, -156.0, 0.0, 255, 255, 0
L -320.0, -238.0, 0.0, -320.0, -212.0, 0.0, 0, 0, 0
L -312.0, -240.0, 0.0, -317.0, -240.0, 0.0, 205, 133, 63
L -312.0, -236.0, 0.0, -317.0, -236.0, 0.0, 205, 133, 63
L -312.0, -240.0, 0.0, -312.0, -238.0, 0.0, 205, 133, 63
L -317.0, -240.0, 0.0, -317.0, -238.0, 0.0, 205, 133, 63
L -320.0, -238.0, 0.0, -317.0, -238.0, 0.0, 205, 133, 63
L -312.0, -238.0, 0.0, -312.0, -236.0, 0.0, 205, 133, 63
L -317.0, -238.0, 0.0, -317.0, -236.0, 0.0, 205, 133, 63
L -312.0, -238.0, 0.0, -310.0, -238.0, 0.0, 205, 133, 63
L -338.0, -237.0, 0.0, -338.0, -194.0, 0.0, 0, 0, 0
L -340.0, -240.0, 0.0, -345.0, -240.0, 0.0, 205, 133, 63
L -345.0, -235.0, 0.0, -340.0, -235.0, 0.0, 205, 133, 63
L -340.0, -240.0, 0.0, -340.0, -237.0, 0.0, 205, 133, 63
L -345.0, -240.0, 0.0, -345.0, -237.0, 0.0, 205, 133, 63
L -348.0, -237.0, 0.0, -345.0, -237.0, 0.0, 205, 133, 63
L -340.0, -237.0, 0.0, -340.0, -235.0, 0.0, 205, 133, 63
L -345.0, -237.0, 0.0, -345.0, -235.0, 0.0, 205, 133, 63
L -340.0, -237.0, 0.0, -338.0, -237.0, 0.0, 205, 133, 63
L -191.0, -222.0, -28.0, -180.0, -222.0, -28.0, 178, 102, 255
L -194.0, -219.0, -28.0, -194.0, -214.0, -28.0, 205, 133, 63
L -189.0, -219.0, -28.0, -189.0, -214.0, -28.0, 205, 133, 63
L -191.0, -212.0, -28.0, -198.0, -212.0, -28.0, 178, 102, 255
L -191.0, -222.0, -28.0, -191.0, -219.0, -28.0, 205, 133, 63
L -194.0, -214.0, -28.0, -191.0, -214.0, -28.0, 205, 133, 63
L -191.0, -214.0, -28.0, -191.0, -212.0, -28.0, 205, 133, 63
L -191.0, -214.0, -28.0, -189.0, -214.0, -28.0, 205, 133, 63
L -194.0, -219.0, -28.0, -191.0, -219.0, -28.0, 205, 133, 63
L -191.0, -219.0, -28.0, -189.0, -219.0, -28.0, 205, 133, 63
L -186.0, -184.0, -28.0, -152.0, -184.0, -28.0, 178, 102, 255
L -191.0, -184.0, -28.0, -186.0, -184.0, -28.0, 178, 102, 255
L -194.0, -191.0, -28.0, -194.0, -186.0, -28.0, 205, 133, 63
L -189.0, -191.0, -28.0, -189.0, -186.0, -28.0, 205, 133, 63
L -191.0, -194.0, -28.0, -191.0, -191.0, -28.0, 205, 133, 63
L -194.0, -186.0, -28.0, -191.0, -186.0, -28.0, 205, 133, 63
L -191.0, -186.0, -28.0, -191.0, -184.0, -28.0, 205, 133, 63
L -191.0, -186.0, -28.0, -189.0, -186.0, -28.0, 205, 133, 63
L -194.0, -191.0, -28.0, -191.0, -191.0, -28.0, 205, 133, 63
L -191.0, -191.0, -28.0, -189.0, -191.0, -28.0, 205, 133, 63
L -205.0, -168.0, -28.0, -200.0, -168.0, -28.0, 205, 133, 63
L -200.0, -174.0, -28.0, -205.0, -174.0, -28.0, 205, 133, 63
L -208.0, -171.0, -28.0, -205.0, -171.0, -28.0, 205, 133, 63
L -200.0, -174.0, -28.0, -200.0, -171.0, -28.0, 205, 133, 63
L -200.0, -171.0, -28.0, -198.0, -171.0, -28.0, 205, 133, 63
L -200.0, -171.0, -28.0, -200.0, -168.0, -28.0, 205, 133, 63
L -205.0, -174.0, -28.0, -205.0, -171.0, -28.0, 205, 133, 63
L -205.0, -171.0, -28.0, -205.0, -168.0, -28.0, 205, 133, 63
L -222.0, -283.0, 0.0, -222.0, -280.0, 0.0, 178, 102, 255
L -211.0, -283.0, 0.0, -211.0, -280.0, 0.0, 0, 204, 0
L -219.0, -283.0, 0.0, -214.0, -283.0, 0.0, 205, 133, 63
L -222.0, -280.0, 0.0, -219.0, -280.0, 0.0, 205, 133, 63
L -214.0, -278.0, 0.0, -214.0, -280.0, 0.0, 205, 133, 63
L -214.0, -280.0, 0.0, -211.0, -280.0, 0.0, 205, 133, 63
L -214.0, -280.0, 0.0, -214.0, -283.0, 0.0, 205, 133, 63
L -219.0, -278.0, 0.0, -219.0, -280.0, 0.0, 205, 133, 63
L -219.0, -280.0, 0.0, -219.0, -283.0, 0.0, 205, 133, 63
L -227.0, -264.0, -14.0, -212.0, -264.0, -14.0, 0, 0, 0
L -222.0, -267.0, 0.0, -216.5, -267.0, 0.0, 255, 255, 0
L -211.0, -267.0, 0.0, -211.0, -280.0, 0.0, 0, 204, 0
L -214.0, -278.0, 0.0, -219.0, -278.0, 0.0, 205, 133, 63
L -128.0, -272.0, -28.0, -128.0, -198.0, -28.0, 178, 102, 255
L -138.0, -272.0, -28.0, -138.0, -296.0, -28.0, 178, 102, 255
L -135.0, -275.0, -28.0, -130.0, -275.0, -28.0, 205, 133, 63
L -135.0, -269.0, -28.0, -130.0, -269.0, -28.0, 205, 133, 63
L -128.0, -272.0, -28.0, -130.0, -272.0, -28.0, 205, 133, 63
L -135.0, -275.0, -28.0, -135.0, -272.0, -28.0, 205, 133, 63
L -135.0, -272.0, -28.0, -138.0, -272.0, -28.0, 205, 133, 63
L -135.0, -272.0, -28.0, -135.0, -269.0, -28.0, 205, 133, 63
L -130.0, -275.0, -28.0, -130.0, -272.0, -28.0, 205, 133, 63
L -130.0, -272.0, -28.0, -130.0, -269.0, -28.0, 205, 133, 63
L -208.0, -208.0, -28.0, -208.0, -198.0, -28.0, 150, 150, 150
L -240.0, -208.0, -14.0, -240.0, -198.0, -14.0, 150, 150, 150
L -224.0, -198.0, -21.0, -228.0, -198.0, -19.0, 178, 102, 255
L -224.0, -208.0, -21.0, -228.0, -208.0, -19.0, 178, 102, 255
L -224.0, -198.0, -21.0, -224.0, -208.0, -21.0, 150, 150, 150
L -232.0, -198.0, -17.0, -236.0, -198.0, -15.0, 178, 102, 255
L -232.0, -208.0, -17.0, -236.0, -208.0, -15.0, 178, 102, 255
L -232.0, -198.0, -17.0, -232.0, -208.0, -17.0, 150, 150, 150
L -216.0, -198.0, -24.0, -220.0, -198.0, -22.0, 178, 102, 255
L -216.0, -208.0, -24.0, -220.0, -208.0, -22.0, 178, 102, 255
L -216.0, -198.0, -24.0, -216.0, -208.0, -24.0, 150, 150, 150
L -212.0, -198.0, -26.0, -216.0, -198.0, -24.0, 178, 102, 255
L -212.0, -208.0, -26.0, -216.0, -208.0, -24.0, 178, 102, 255
L -212.0, -198.0, -26.0, -212.0, -208.0, -26.0, 150, 150, 150
L -220.0, -198.0, -22.0, -224.0, -198.0, -21.0, 178, 102, 255
L -220.0, -208.0, -22.0, -224.0, -208.0, -21.0, 178, 102, 255
L -220.0, -198.0, -22.0, -220.0, -208.0, -22.0, 150, 150, 150
L -228.0, -198.0, -19.0, -232.0, -198.0, -17.0, 178, 102, 255
L -228.0, -208.0, -19.0, -232.0, -208.0, -17.0, 178, 102, 255
L -228.0, -198.0, -19.0, -228.0, -208.0, -19.0, 150, 150, 150
L -236.0, -198.0, -15.0, -240.0, -198.0, -14.0, 178, 102, 255
L -236.0, -208.0, -15.0, -240.0, -208.0, -14.0, 178, 102, 255
L -236.0, -198.0, -15.0, -236.0, -208.0, -15.0, 150, 150, 150
L -268.0, -254.0, -14.0, -278.0, -254.0, -14.0, 150, 150, 150
L -278.0, -180.0, 0.0, -268.0, -180.0, 0.0, 150, 150, 150
L -278.0, -217.0, -7.0, -278.0, -221.0, -7.0, 0, 0, 0
L -268.0, -217.0, -7.0, -268.0, -221.0, -7.0, 0, 0, 0
L -278.0, -217.0, -7.0, -268.0, -217.0, -7.0, 150, 150, 150
L -278.0, -235.0, -10.0, -278.0, -240.0, -11.0, 0, 0, 0
L -268.0, -235.0, -10.0, -268.0, -240.0, -11.0, 0, 0, 0
L -278.0, -235.0, -10.0, -268.0, -235.0, -10.0, 150, 150, 150
L -278.0, -198.0, -3.0, -278.0, -203.0, -4.0, 0, 0, 0
L -268.0, -198.0, -3.0, -268.0, -203.0, -4.0, 0, 0, 0
L -278.0, -198.0, -3.0, -268.0, -198.0, -3.0, 150, 150, 150
L -278.0, -189.0, -1.0, -278.0, -193.0, -2.0, 0, 0, 0
L -268.0, -189.0, -1.0, -268.0, -193.0, -2.0, 0, 0, 0
L -278.0, -189.0, -1.0, -268.0, -189.0, -1.0, 150, 150, 150
L -278.0, -207.0, -5.0, -278.0, -212.0, -6.0, 0, 0, 0
L -268.0, -207.0, -5.0, -268.0, -212.0, -6.0, 0, 0, 0
L -278.0, -207.0, -5.0, -268.0, -207.0, -5.0, 150, 150, 150
L -278.0, -226.0, -8.0, -278.0, -230.0, -9.0, 0, 0, 0
L -268.0, -226.0, -8.0, -268.0, -230.0, -9.0, 0, 0, 0
L -278.0, -226.0, -8.0, -268.0, -226.0, -8.0, 150, 150, 150
L -278.0, -244.0, -12.0, -278.0, -249.0, -13.0, 0, 0, 0
L -268.0, -244.0, -12.0, -268.0, -249.0, -13.0, 0, 0, 0
L -278.0, -244.0, -12.0, -268.0, -244.0, -12.0, 150, 150, 150
L -278.0, -249.0, -13.0, -278.0, -254.0, -14.0, 0, 0, 0
L -268.0, -249.0, -13.0, -268.0, -254.0, -14.0, 0, 0, 0
L -278.0, -249.0, -13.0, -268.0, -249.0, -13.0, 150, 150, 150
L -278.0, -240.0, -11.0, -278.0, -244.0, -12.0, 0, 0, 0
L -268.0, -240.0, -11.0, -268.0, -244.0, -12.0, 0, 0, 0
L -278.0, -240.0, -11.0, -268.0, -240.0, -11.0, 150, 150, 150
L -278.0, -230.0, -9.0, -278.0, -235.0, -10.0, 0, 0, 0
L -268.0, -230.0, -9.0, -268.0, -235.0, -10.0, 0, 0, 0
L -278.0, -230.0, -9.0, -268.0, -230.0, -9.0, 150, 150, 150
L -278.0, -221.0, -7.0, -278.0, -226.0, -8.0, 0, 0, 0
L -268.0, -221.0, -7.0, -268.0, -226.0, -8.0, 0, 0, 0
L -278.0, -221.0, -7.0, -268.0, -221.0, -7.0, 150, 150, 150
L -278.0, -212.0, -6.0, -278.0, -217.0, -7.0, 0, 0, 0
L -268.0, -212.0, -6.0, -268.0, -217.0, -7.0, 0, 0, 0
L -278.0, -212.0, -6.0, -268.0, -212.0, -6.0, 150, 150, 150
L -278.0, -203.0, -4.0, -278.0, -207.0, -5.0, 0, 0, 0
L -268.0, -203.0, -4.0, -268.0, -207.0, -5.0, 0, 0, 0
L -278.0, -203.0, -4.0, -268.0, -203.0, -4.0, 150, 150, 150
L -278.0, -193.0, -2.0, -278.0, -198.0, -3.0, 0, 0, 0
L -268.0, -193.0, -2.0, -268.0, -198.0, -3.0, 0, 0, 0
L -278.0, -193.0, -2.0, -268.0, -193.0, -2.0, 150, 150, 150
L -278.0, -184.0, 0.0, -278.0, -189.0, -1.0, 0, 0, 0
L -268.0, -184.0, 0.0, -268.0, -189.0, -1.0, 0, 0, 0
L -278.0, -184.0, 0.0, -268.0, -184.0, 0.0, 150, 150, 150
L -310.0, -236.0, 0.0, -310.0, -238.0, 0.0, 0, 0, 0
L -310.0, -290.0, 0.0, -320.0, -290.0, 0.0, 0, 0, 0
L -310.0, -238.0, 0.0, -310.0, -290.0, 0.0, 0, 0, 0
L -348.0, -264.0, 0.0, -320.0, -264.0, 0.0, 0, 0, 0
L -320.0, -264.0, 0.0, -320.0, -290.0, 0.0, 0, 0, 0
L -110.0, -323.0, 0.0, -110.0, -312.0, 0.0, 0, 0, 0
L -110.0, -312.0, 0.0, -110.0, -293.0, 0.0, 0, 0, 0
L -100.0, -312.0, 0.0, -100.0, -323.0, 0.0, 0, 0, 0
L -107.0, -314.0, 0.0, -102.0, -314.0, 0.0, 255, 255, 0
L -102.0, -310.0, 0.0, -107.0, -310.0, 0.0, 255, 255, 0
L -102.0, -314.0, 0.0, -102.0, -312.0, 0.0, 255, 255, 0
L -107.0, -314.0, 0.0, -107.0, -312.0, 0.0, 255, 255, 0
L -110.0, -312.0, 0.0, -107.0, -312.0, 0.0, 255, 255, 0
L -102.0, -312.0, 0.0, -102.0, -310.0, 0.0, 255, 255, 0
L -107.0, -312.0, 0.0, -107.0, -310.0, 0.0, 255, 255, 0
L -102.0, -312.0, 0.0, -100.0, -312.0, 0.0, 255, 255, 0
L 292.0, -32.0, -14.0, 292.0, -37.0, -14.0, 205, 133, 63
L 296.0, -32.0, -14.0, 296.0, -37.0, -14.0, 205, 133, 63
L 292.0, -37.0, -14.0, 294.0, -37.0, -14.0, 205, 133, 63
L 292.0, -32.0, -14.0, 294.0, -32.0, -14.0, 205, 133, 63
L 294.0, -30.0, -14.0, 296.0, -30.0, -14.0, 0, 0, 0
L 294.0, -40.0, -14.0, 296.0, -40.0, -14.0, 0, 0, 0
L 294.0, -30.0, -14.0, 294.0, -32.0, -14.0, 205, 133, 63
L 294.0, -37.0, -14.0, 296.0, -37.0, -14.0, 205, 133, 63
L 294.0, -32.0, -14.0, 296.0, -32.0, -14.0, 205, 133, 63
L 294.0, -37.0, -14.0, 294.0, -40.0, -14.0, 205, 133, 63
L 222.0, -124.0, -14.0, 222.0, -142.0, -14.0, 0, 0, 0
L 214.0, -127.0, -14.0, 219.0, -127.0, -14.0, 205, 133, 63
L 214.0, -122.0, -14.0, 219.0, -122.0, -14.0, 205, 133, 63
L 219.0, -127.0, -14.0, 219.0, -124.0, -14.0, 205, 133, 63
L 214.0, -122.0, -14.0, 214.0, -124.0, -14.0, 205, 133, 63
L 212.0, -124.0, -14.0, 214.0, -124.0, -14.0, 205, 133, 63
L 219.0, -124.0, -14.0, 219.0, -122.0, -14.0, 205, 133, 63
L 214.0, -124.0, -14.0, 214.0, -127.0, -14.0, 205, 133, 63
L 219.0, -124.0, -14.0, 222.0, -124.0, -14.0, 205, 133, 63
L 201.0, -16.0, -14.0, 180.0, -16.0, -14.0, 0, 0, 0
L 201.0, -26.0, -14.0, 240.0, -26.0, -14.0, 0, 0, 0
L 197.0, -23.0, -14.0, 197.0, -18.0, -14.0, 205, 133, 63
L 204.0, -23.0, -14.0, 204.0, -18.0, -14.0, 205, 133, 63
L 201.0, -26.0, -14.0, 201.0, -23.0, -14.0, 205, 133, 63
L 197.0, -18.0, -14.0, 201.0, -18.0, -14.0, 205, 133, 63
L 201.0, -18.0, -14.0, 201.0, -16.0, -14.0, 205, 133, 63
L 201.0, -18.0, -14.0, 204.0, -18.0, -14.0, 205, 133, 63
L 197.0, -23.0, -14.0, 201.0, -23.0, -14.0, 205, 133, 63
L 201.0, -23.0, -14.0, 204.0, -23.0, -14.0, 205, 133, 63
L 180.0, 4.0, -14.0, 180.0, 30.0, -14.0, 0, 0, 0
L 170.0, 4.0, -14.0, 170.0, 40.0, -14.0, 0, 0, 0
L 172.0, 2.0, -14.0, 177.0, 2.0, -14.0, 255, 255, 0
L 177.0, 6.0, -14.0, 172.0, 6.0, -14.0, 255, 255, 0
L 177.0, 2.0, -14.0, 177.0, 4.0, -14.0, 255, 255, 0
L 172.0, 2.0, -14.0, 172.0, 4.0, -14.0, 255, 255, 0
L 170.0, 4.0, -14.0, 172.0, 4.0, -14.0, 255, 255, 0
L 177.0, 4.0, -14.0, 177.0, 6.0, -14.0, 255, 255, 0
L 172.0, 4.0, -14.0, 172.0, 6.0, -14.0, 255, 255, 0
L 177.0, 4.0, -14.0, 180.0, 4.0, -14.0, 255, 255, 0
L 86.0, 142.0, -28.0, 99.0, 142.0, -28.0, 178, 102, 255
L 86.0, 152.0, -28.0, 99.0, 152.0, -28.0, 178, 102, 255
L 83.0, 149.0, -28.0, 83.0, 144.0, -28.0, 255, 255, 0
L 89.0, 144.0, -28.0, 89.0, 149.0, -28.0, 255, 255, 0
L 86.0, 142.0, -28.0, 86.0, 144.0, -28.0, 255, 255, 0
L 83.0, 149.0, -28.0, 86.0, 149.0, -28.0, 255, 255, 0
L 86.0, 149.0, -28.0, 86.0, 152.0, -28.0, 255, 255, 0
L 86.0, 149.0, -28.0, 89.0, 149.0, -28.0, 255, 255, 0
L 83.0, 144.0, -28.0, 86.0, 144.0, -28.0, 255, 255, 0
L 86.0, 144.0, -28.0, 89.0, 144.0, -28.0, 255, 255, 0
L 58.0, 128.0, -28.0, 58.0, 117.0, -28.0, 178, 102, 255
L 68.0, 96.0, -28.0, 170.0, 96.0, -28.0, 178, 102, 255
L 68.0, 96.0, -28.0, 68.0, 117.0, -28.0, 178, 102, 255
L 68.0, 128.0, -28.0, 82.0, 128.0, -28.0, 178, 102, 255
L 58.0, 117.0, -28.0, 58.0, 110.0, -28.0, 178, 102, 255
L 68.0, 117.0, -28.0, 68.0, 128.0, -28.0, 178, 102, 255
L 60.0, 114.0, -28.0, 65.0, 114.0, -28.0, 255, 255, 0
L 60.0, 121.0, -28.0, 65.0, 121.0, -28.0, 255, 255, 0
L 65.0, 114.0, -28.0, 65.0, 117.0, -28.0, 255, 255, 0
L 60.0, 114.0, -28.0, 60.0, 117.0, -28.0, 255, 255, 0
L 58.0, 117.0, -28.0, 60.0, 117.0, -28.0, 255, 255, 0
L 65.0, 117.0, -28.0, 65.0, 121.0, -28.0, 255, 255, 0
L 60.0, 117.0, -28.0, 60.0, 121.0, -28.0, 255, 255, 0
L 65.0, 117.0, -28.0, 68.0, 117.0, -28.0, 255, 255, 0
L 44.0, 96.0, -28.0, 36.0, 96.0, -28.0, 178, 102, 255
L 36.0, 86.0, -28.0, 26.0, 86.0, -28.0, 178, 102, 255
L 36.0, 96.0, -28.0, 26.0, 96.0, -28.0, 178, 102, 255
L 33.0, 88.0, -28.0, 33.0, 93.0, -28.0, 255, 255, 0
L 40.0, 93.0, -28.0, 40.0, 88.0, -28.0, 255, 255, 0
L 40.0, 88.0, -28.0, 36.0, 88.0, -28.0, 255, 255, 0
L 33.0, 93.0, -28.0, 36.0, 93.0, -28.0, 255, 255, 0
L 36.0, 86.0, -28.0, 36.0, 88.0, -28.0, 255, 255, 0
L 36.0, 88.0, -28.0, 33.0, 88.0, -28.0, 255, 255, 0
L 36.0, 93.0, -28.0, 40.0, 93.0, -28.0, 255, 255, 0
L 36.0, 93.0, -28.0, 36.0, 96.0, -28.0, 255, 255, 0
L 186.0, 128.0, -28.0, 180.0, 128.0, -28.0, 178, 102, 255
L 183.0, 130.0, -28.0, 183.0, 135.0, -28.0, 205, 133, 63
L 190.0, 130.0, -28.0, 190.0, 135.0, -28.0, 205, 133, 63
L 186.0, 138.0, -28.0, 170.0, 138.0, -28.0, 178, 102, 255
L 186.0, 128.0, -28.0, 186.0, 130.0, -28.0, 205, 133, 63
L 183.0, 135.0, -28.0, 186.0, 135.0, -28.0, 205, 133, 63
L 186.0, 135.0, -28.0, 186.0, 138.0, -28.0, 205, 133, 63
L 186.0, 135.0, -28.0, 190.0, 135.0, -28.0, 205, 133, 63
L 183.0, 130.0, -28.0, 186.0, 130.0, -28.0, 205, 133, 63
L 186.0, 130.0, -28.0, 190.0, 130.0, -28.0, 205, 133, 63
L 170.0, 26.0, -28.0, 170.0, 72.0, -28.0, 178, 102, 255
L 124.0, 72.0, -28.0, 124.0, 26.0, -28.0, 178, 102, 255
L 114.0, 12.0, -28.0, 67.0, 12.0, -28.0, 178, 102, 255
L 124.0, 26.0, -28.0, 170.0, 26.0, -28.0, 178, 102, 255
L 142.0, 72.0, -28.0, 124.0, 72.0, -28.0, 178, 102, 255
L 170.0, 72.0, -28.0, 151.0, 72.0, -28.0, 178, 102, 255
L 144.0, 72.0, -28.0, 144.0, 73.0, -28.0, 255, 255, 0
L 149.0, 72.0, -28.0, 149.0, 73.0, -28.0, 255, 255, 0
L 149.0, 73.0, -28.0, 144.0, 73.0, -28.0, 255, 255, 0
L 122.0, 73.0, -28.0, 122.0, 23.0, -28.0, 178, 102, 255
L 122.0, 23.0, -28.0, 171.0, 23.0, -28.0, 178, 102, 255
L 171.0, 23.0, -28.0, 171.0, 73.0, -28.0, 178, 102, 255
L 144.0, 72.0, -28.0, 142.0, 72.0, -28.0, 255, 255, 0
L 142.0, 73.0, -28.0, 122.0, 73.0, -28.0, 178, 102, 255
L 142.0, 72.0, -28.0, 142.0, 73.0, -28.0, 178, 102, 255
L 151.0, 72.0, -28.0, 149.0, 72.0, -28.0, 255, 255, 0
L 151.0, 73.0, -28.0, 171.0, 73.0, -28.0, 178, 102, 255
L 151.0, 72.0, -28.0, 151.0, 73.0, -28.0, 178, 102, 255
L 149.0, 70.0, -28.0, 149.0, 72.0, -28.0, 255, 255, 0
L 144.0, 70.0, -28.0, 144.0, 72.0, -28.0, 255, 255, 0
L 149.0, 70.0, -28.0, 144.0, 70.0, -28.0, 255, 255, 0
L 67.0, 12.0, -28.0, 67.0, 59.0, -28.0, 178, 102, 255
L 114.0, 59.0, -28.0, 95.0, 59.0, -28.0, 178, 102, 255
L 114.0, 12.0, -28.0, 114.0, 59.0, -28.0, 178, 102, 255
L 112.0, 56.0, -28.0, 95.0, 56.0, -28.0, 178, 102, 255
L 112.0, 15.0, -28.0, 112.0, 56.0, -28.0, 178, 102, 255
L 68.0, 15.0, -28.0, 68.0, 56.0, -28.0, 178, 102, 255
L 112.0, 15.0, -28.0, 68.0, 15.0, -28.0, 178, 102, 255
L 86.0, 59.0, -28.0, 67.0, 59.0, -28.0, 178, 102, 255
L 95.0, 59.0, -28.0, 95.0, 57.5, -28.0, 178, 102, 255
L 86.0, 59.0, -28.0, 86.0, 57.5, -28.0, 178, 102, 255
L 142.0, 2.0, 0.0, 142.0, 30.0, 0.0, 0, 0, 0
L 152.0, -16.0, -7.0, 152.0, -11.0, -5.0, 0, 0, 0
L 142.0, -16.0, -7.0, 142.0, -11.0, -5.0, 0, 0, 0
L 152.0, 2.0, 0.0, 142.0, 2.0, 0.0, 150, 150, 150
L 170.0, -26.0, -14.0, 165.0, -26.0, -12.0, 0, 0, 0
L 152.0, -26.0, -7.0, 142.0, -26.0, -7.0, 0, 0, 0
L 170.0, -16.0, -14.0, 165.0, -16.0, -12.0, 0, 0, 0
L 142.0, -16.0, -7.0, 142.0, -26.0, -7.0, 0, 0, 0
L 152.0, -16.0, -7.0, 152.0, -26.0, -7.0, 150, 150, 150
L 152.0, -16.0, -7.0, 142.0, -16.0, -7.0, 150, 150, 150
L 170.0, -16.0, -14.0, 170.0, -26.0, -14.0, 150, 150, 150
L 161.0, -16.0, -10.0, 156.0, -16.0, -9.0, 0, 0, 0
L 161.0, -26.0, -10.0, 156.0, -26.0, -9.0, 0, 0, 0
L 161.0, -16.0, -10.0, 161.0, -26.0, -10.0, 150, 150, 150
L 156.0, -16.0, -9.0, 152.0, -16.0, -7.0, 0, 0, 0
L 156.0, -26.0, -9.0, 152.0, -26.0, -7.0, 0, 0, 0
L 156.0, -16.0, -9.0, 156.0, -26.0, -9.0, 150, 150, 150
L 165.0, -16.0, -12.0, 161.0, -16.0, -10.0, 0, 0, 0
L 165.0, -26.0, -12.0, 161.0, -26.0, -10.0, 0, 0, 0
L 165.0, -16.0, -12.0, 165.0, -26.0, -12.0, 150, 150, 150
L 152.0, -6.0, -3.0, 152.0, -2.0, -1.0, 0, 0, 0
L 142.0, -6.0, -3.0, 142.0, -2.0, -1.0, 0, 0, 0
L 152.0, -6.0, -3.0, 142.0, -6.0, -3.0, 150, 150, 150
L 152.0, -11.0, -5.0, 152.0, -6.0, -3.0, 0, 0, 0
L 142.0, -11.0, -5.0, 142.0, -6.0, -3.0, 0, 0, 0
L 152.0, -11.0, -5.0, 142.0, -11.0, -5.0, 150, 150, 150
L 152.0, -2.0, -1.0, 152.0, 2.0, 0.0, 0, 0, 0
L 142.0, -2.0, -1.0, 142.0, 2.0, 0.0, 0, 0, 0
L 152.0, -2.0, -1.0, 142.0, -2.0, -1.0, 150, 150, 150
L 25.0, -26.0, 0.0, 25.0, -12.0, 0.0, 0, 0, 0
L 25.0, 11.0, 0.0, 25.0, 26.0, 0.0, 0, 0, 0
L 25.0, -12.0, 0.0, 58.0, -12.0, 0.0, 0, 0, 0
L 58.0, -46.0, 0.0, 58.0, -13.0, 0.0, 0, 0, 0
L 58.0, -13.0, 0.0, 58.0, -12.0, 0.0, 0, 0, 0
L 100.0, 12.0, 0.0, 25.0, 11.0, 0.0, 0, 0, 0
L 152.0, 2.0, 0.0, 152.0, 40.0, 0.0, 0, 0, 0
L 152.0, 58.0, 0.0, 142.0, 58.0, 0.0, 0, 0, 0
L 68.0, 40.0, 0.0, 82.0, 40.0, 0.0, 0, 0, 0
L 142.0, 40.0, 0.0, 142.0, 43.2, 0.0, 0, 0, 0
L 100.0, 40.0, 0.0, 142.0, 40.0, 0.0, 0, 0, 0
L 100.0, 12.0, 0.0, 100.0, 29.0, 0.0, 0, 0, 0
L 100.0, 29.0, 0.0, 100.0, 31.8, 0.0, 255, 255, 0
L 82.0, 40.0, 0.0, 86.2, 40.0, 0.0, 0, 0, 0
L 100.0, 29.0, 0.0, 82.0, 40.0, 0.0, 255, 255, 0
L 68.0, 40.0, 0.0, 68.0, 54.0, 0.0, 0, 0, 0
L 57.0, 54.0, 0.0, 68.0, 54.0, 0.0, 0, 0, 0
L 86.0, 56.0, -28.0, 68.0, 56.0, -28.0, 178, 102, 255
L 100.0, 29.0, 0.0, 95.5, 29.0, 0.0, 0, 0, 0
L 82.0, 29.0, 0.0, 57.0, 29.0, 0.0, 0, 0, 0
L 82.0, 40.0, 0.0, 82.0, 37.2, 0.0, 255, 255, 0
L 57.0, 54.0, 0.0, 57.0, 29.0, 0.0, 0, 0, 0
L 152.0, 40.0, 0.0, 152.0, 43.2, 0.0, 0, 0, 0
L 142.0, 40.0, 0.0, 144.5, 40.0, 0.0, 255, 255, 0
L 152.0, 55.0, 0.0, 152.0, 58.0, 0.0, 0, 0, 0
L 142.0, 55.0, 0.0, 142.0, 58.0, 0.0, 0, 0, 0
L 149.0, 54.0, 0.0, 144.0, 54.0, 0.0, 205, 133, 63
L 149.0, 56.0, 0.0, 144.0, 56.0, 0.0, 205, 133, 63
L 149.0, 54.0, 0.0, 149.0, 55.0, 0.0, 205, 133, 63
L 144.0, 54.0, 0.0, 144.0, 55.0, 0.0, 205, 133, 63
L 142.0, 55.0, 0.0, 144.0, 55.0, 0.0, 205, 133, 63
L 149.0, 55.0, 0.0, 149.0, 56.0, 0.0, 205, 133, 63
L 144.0, 55.0, 0.0, 144.0, 56.0, 0.0, 205, 133, 63
L 149.0, 55.0, 0.0, 152.0, 55.0, 0.0, 205, 133, 63
L 152.0, 53.0, 0.0, 152.0, 55.0, 0.0, 0, 0, 0
L 142.0, 53.0, 0.0, 142.0, 55.0, 0.0, 0, 0, 0
L 152.0, 53.0, 0.0, 149.5, 53.0, 0.0, 255, 255, 0
L 225.0, 58.0, -28.0, 225.0, 68.0, -28.0, 178, 102, 255
L 225.0, 68.0, -28.0, 208.0, 68.0, -28.0, 178, 102, 255
L 99.0, 40.0, 0.0, 100.0, 40.0, 0.0, 0, 0, 0
L 100.0, 34.5, 0.0, 100.0, 37.2, 0.0, 255, 255, 0
L 90.5, 40.0, 0.0, 95.2, 40.0, 0.0, 0, 0, 0
L 100.0, 34.5, 0.0, 90.5, 40.0, 0.0, 255, 255, 0
L 100.0, 37.2, 0.0, 100.0, 40.0, 0.0, 255, 255, 0
L 95.2, 40.0, 0.0, 99.0, 40.0, 0.0, 0, 0, 0
L 100.0, 37.2, 0.0, 95.2, 40.0, 0.0, 255, 255, 0
L 100.0, 31.8, 0.0, 100.0, 34.5, 0.0, 255, 255, 0
L 86.2, 40.0, 0.0, 90.5, 40.0, 0.0, 0, 0, 0
L 100.0, 31.8, 0.0, 86.2, 40.0, 0.0, 255, 255, 0
L 91.0, 29.0, 0.0, 86.5, 29.0, 0.0, 0, 0, 0
L 82.0, 34.5, 0.0, 82.0, 31.8, 0.0, 255, 255, 0
L 91.0, 29.0, 0.0, 82.0, 34.5, 0.0, 255, 255, 0
L 95.5, 29.0, 0.0, 91.0, 29.0, 0.0, 0, 0, 0
L 82.0, 37.2, 0.0, 82.0, 34.5, 0.0, 255, 255, 0
L 95.5, 29.0, 0.0, 82.0, 37.2, 0.0, 255, 255, 0
L 86.5, 29.0, 0.0, 82.0, 29.0, 0.0, 0, 0, 0
L 82.0, 31.8, 0.0, 82.0, 29.0, 0.0, 255, 255, 0
L 86.5, 29.0, 0.0, 82.0, 31.8, 0.0, 255, 255, 0
L 86.0, 57.5, -28.0, 86.0, 56.0, -28.0, 178, 102, 255
L 86.0, 57.5, -28.0, 89.0, 57.5, -28.0, 255, 255, 0
L 89.0, 56.0, -28.0, 89.0, 59.0, -28.0, 255, 255, 0
L 89.0, 56.0, -28.0, 92.0, 56.0, -28.0, 255, 255, 0
L 89.0, 59.0, -28.0, 92.0, 59.0, -28.0, 255, 255, 0
L 92.0, 56.0, -28.0, 92.0, 57.5, -28.0, 255, 255, 0
L 92.0, 57.5, -28.0, 92.0, 59.0, -28.0, 255, 255, 0
L 95.0, 57.5, -28.0, 95.0, 56.0, -28.0, 178, 102, 255
L 92.0, 57.5, -28.0, 95.0, 57.5, -28.0, 255, 255, 0
L 152.0, 40.0, 0.0, 142.0, 53.0, 0.0, 255, 255, 0
L 152.0, 46.5, 0.0, 152.0, 49.8, 0.0, 0, 0, 0
L 147.0, 53.0, 0.0, 144.5, 53.0, 0.0, 255, 255, 0
L 152.0, 46.5, 0.0, 147.0, 53.0, 0.0, 255, 255, 0
L 152.0, 49.8, 0.0, 152.0, 53.0, 0.0, 0, 0, 0
L 149.5, 53.0, 0.0, 147.0, 53.0, 0.0, 255, 255, 0
L 152.0, 49.8, 0.0, 149.5, 53.0, 0.0, 255, 255, 0
L 152.0, 43.2, 0.0, 152.0, 46.5, 0.0, 0, 0, 0
L 144.5, 53.0, 0.0, 142.0, 53.0, 0.0, 255, 255, 0
L 152.0, 43.2, 0.0, 144.5, 53.0, 0.0, 255, 255, 0
L 147.0, 40.0, 0.0, 149.5, 40.0, 0.0, 255, 255, 0
L 142.0, 46.5, 0.0, 142.0, 49.8, 0.0, 0, 0, 0
L 147.0, 40.0, 0.0, 142.0, 46.5, 0.0, 255, 255, 0
L 149.5, 40.0, 0.0, 152.0, 40.0, 0.0, 255, 255, 0
L 142.0, 49.8, 0.0, 142.0, 53.0, 0.0, 0, 0, 0
L 149.5, 40.0, 0.0, 142.0, 49.8, 0.0, 255, 255, 0
L 144.5, 40.0, 0.0, 147.0, 40.0, 0.0, 255, 255, 0
L 142.0, 43.2, 0.0, 142.0, 46.5, 0.0, 0, 0, 0
L 144.5, 40.0, 0.0, 142.0, 43.2, 0.0, 255, 255, 0
L -216.5, -267.0, 0.0, -211.0, -267.0, 0.0, 255, 255, 0
L -216.5, -267.0, 0.0, -213.8, -271.4, 0.0, 255, 255, 0
L -216.5, -267.0, 0.0, -219.2, -271.4, 0.0, 255, 255, 0
L -219.2, -271.4, 0.0, -213.8, -271.4, 0.0, 255, 255, 0
L 268.0, 12.0, -14.0, 278.0, 12.0, -14.0, 150, 150, 150
L 268.0, 86.0, -28.0, 278.0, 86.0, -28.0, 150, 150, 150
L 268.0, 49.0, -21.0, 268.0, 44.4, -20.1, 0, 0, 0
L 278.0, 49.0, -21.0, 278.0, 53.6, -21.9, 0, 0, 0
L 268.0, 49.0, -21.0, 278.0, 49.0, -21.0, 150, 150, 150
L 268.0, 30.5, -17.5, 268.0, 25.9, -16.6, 0, 0, 0
L 278.0, 30.5, -17.5, 278.0, 35.1, -18.4, 0, 0, 0
L 268.0, 30.5, -17.5, 278.0, 30.5, -17.5, 150, 150, 150
L 268.0, 21.2, -15.8, 268.0, 16.6, -14.9, 0, 0, 0
L 278.0, 21.2, -15.8, 278.0, 25.9, -16.6, 0, 0, 0
L 268.0, 21.2, -15.8, 278.0, 21.2, -15.8, 150, 150, 150
L 268.0, 16.6, -14.9, 268.0, 12.0, -14.0, 0, 0, 0
L 278.0, 16.6, -14.9, 278.0, 21.2, -15.8, 0, 0, 0
L 268.0, 16.6, -14.9, 278.0, 16.6, -14.9, 150, 150, 150
L 268.0, 25.9, -16.6, 268.0, 21.2, -15.8, 0, 0, 0
L 278.0, 25.9, -16.6, 278.0, 30.5, -17.5, 0, 0, 0
L 268.0, 25.9, -16.6, 278.0, 25.9, -16.6, 150, 150, 150
L 268.0, 39.8, -19.2, 268.0, 35.1, -18.4, 0, 0, 0
L 278.0, 39.8, -19.2, 278.0, 44.4, -20.1, 0, 0, 0
L 268.0, 39.8, -19.2, 278.0, 39.8, -19.2, 150, 150, 150
L 268.0, 35.1, -18.4, 268.0, 30.5, -17.5, 0, 0, 0
L 278.0, 35.1, -18.4, 278.0, 39.8, -19.2, 0, 0, 0
L 268.0, 35.1, -18.4, 278.0, 35.1, -18.4, 150, 150, 150
L 268.0, 44.4, -20.1, 268.0, 39.8, -19.2, 0, 0, 0
L 278.0, 44.4, -20.1, 278.0, 49.0, -21.0, 0, 0, 0
L 268.0, 44.4, -20.1, 278.0, 44.4, -20.1, 150, 150, 150
L 268.0, 67.5, -24.5, 268.0, 62.9, -23.6, 0, 0, 0
L 278.0, 67.5, -24.5, 278.0, 72.1, -25.4, 0, 0, 0
L 268.0, 67.5, -24.5, 278.0, 67.5, -24.5, 150, 150, 150
L 268.0, 58.2, -22.8, 268.0, 53.6, -21.9, 0, 0, 0
L 278.0, 58.2, -22.8, 278.0, 62.9, -23.6, 0, 0, 0
L 268.0, 58.2, -22.8, 278.0, 58.2, -22.8, 150, 150, 150
L 268.0, 53.6, -21.9, 268.0, 49.0, -21.0, 0, 0, 0
L 278.0, 53.6, -21.9, 278.0, 58.2, -22.8, 0, 0, 0
L 268.0, 53.6, -21.9, 278.0, 53.6, -21.9, 150, 150, 150
L 268.0, 62.9, -23.6, 268.0, 58.2, -22.8, 0, 0, 0
L 278.0, 62.9, -23.6, 278.0, 67.5, -24.5, 0, 0, 0
L 268.0, 62.9, -23.6, 278.0, 62.9, -23.6, 150, 150, 150
L 268.0, 76.8, -26.2, 268.0, 72.1, -25.4, 0, 0, 0
L 278.0, 76.8, -26.2, 278.0, 81.4, -27.1, 0, 0, 0
L 268.0, 76.8, -26.2, 278.0, 76.8, -26.2, 150, 150, 150
L 268.0, 72.1, -25.4, 268.0, 67.5, -24.5, 0, 0, 0
L 278.0, 72.1, -25.4, 278.0, 76.8, -26.2, 0, 0, 0
L 268.0, 72.1, -25.4, 278.0, 72.1, -25.4, 150, 150, 150
L 268.0, 81.4, -27.1, 268.0, 76.8, -26.2, 0, 0, 0
L 278.0, 81.4, -27.1, 278.0, 86.0, -28.0, 0, 0, 0
L 268.0, 81.4, -27.1, 278.0, 81.4, -27.1, 150, 150, 150
L -222.0, -316.0, 0.0, -210.0, -316.0, 0.0, 150, 150, 150
L -210.0, -316.0, 0.0, -210.0, -309.0, 0.0, 255, 0, 0
L -210.0, -352.0, -13.0, -222.0, -352.0, -13.0, 150, 150, 150
L -222.0, -362.0, -13.0, -222.0, -352.0, -13.0, 0, 204, 0
L -222.0, -352.0, -13.0, -222.0, -347.5, -11.4, 0, 204, 0
L -210.0, -334.0, -6.5, -210.0, -329.5, -4.9, 255, 0, 0
L -222.0, -334.0, -6.5, -222.0, -329.5, -4.9, 0, 204, 0
L -210.0, -334.0, -6.5, -222.0, -334.0, -6.5, 150, 150, 150
L -210.0, -343.0, -9.8, -210.0, -338.5, -8.1, 255, 0, 0
L -222.0, -343.0, -9.8, -222.0, -338.5, -8.1, 0, 204, 0
L -210.0, -343.0, -9.8, -222.0, -343.0, -9.8, 150, 150, 150
L -210.0, -325.0, -3.2, -210.0, -320.5, -1.6, 255, 0, 0
L -222.0, -325.0, -3.2, -222.0, -320.5, -1.6, 0, 204, 0
L -210.0, -325.0, -3.2, -222.0, -325.0, -3.2, 150, 150, 150
L -210.0, -320.5, -1.6, -210.0, -316.0, 0.0, 255, 0, 0
L -222.0, -320.5, -1.6, -222.0, -316.0, 0.0, 0, 204, 0
L -210.0, -320.5, -1.6, -222.0, -320.5, -1.6, 150, 150, 150
L -210.0, -329.5, -4.9, -210.0, -325.0, -3.2, 255, 0, 0
L -222.0, -329.5, -4.9, -222.0, -325.0, -3.2, 0, 204, 0
L -210.0, -329.5, -4.9, -222.0, -329.5, -4.9, 150, 150, 150
L -210.0, -338.5, -8.1, -210.0, -334.0, -6.5, 255, 0, 0
L -222.0, -338.5, -8.1, -222.0, -334.0, -6.5, 0, 204, 0
L -210.0, -338.5, -8.1, -222.0, -338.5, -8.1, 150, 150, 150
L -210.0, -347.5, -11.4, -210.0, -343.0, -9.8, 255, 0, 0
L -222.0, -347.5, -11.4, -222.0, -343.0, -9.8, 0, 204, 0
L -210.0, -347.5, -11.4, -222.0, -347.5, -11.4, 150, 150, 150
L -210.0, -352.0, -13.0, -210.0, -362.0, -13.0, 150, 150, 150
L -222.0, -362.0, -13.0, -210.0, -362.0, -13.0, 0, 204, 0
L -170.0, -362.0, -20.0, -181.0, -362.0, -20.0, 0, 204, 0
L -181.0, -350.0, -20.0, -170.0, -350.0, -20.0, 150, 150, 150
L -170.0, -350.0, -20.0, -170.0, -362.0, -20.0, 0, 204, 0
L -181.0, -350.0, -20.0, -181.0, -362.0, -20.0, 150, 150, 150
L -210.0, -352.0, -13.0, -206.4, -351.8, -13.9, 255, 0, 0
L -181.0, -362.0, -20.0, -184.6, -362.0, -19.1, 0, 204, 0
L -181.0, -323.0, -28.0, -195.0, -310.0, -29.0, 255, 0, 0
L -194.0, -309.0, -28.0, -193.0, -296.0, -28.0, 178, 102, 255
L -193.0, -296.0, -28.0, -138.0, -296.0, -28.0, 178, 102, 255
L -128.0, -306.0, -28.0, -154.0, -306.0, -28.0, 178, 102, 255
L -181.0, -323.0, -28.0, -170.0, -323.0, -28.0, 150, 150, 150
L -170.0, -323.0, -28.0, -154.0, -306.0, -28.0, 178, 102, 255
L -181.0, -350.0, -20.0, -181.0, -346.6, -21.0, 255, 0, 0
L -170.0, -350.0, -20.0, -170.0, -346.6, -21.0, 0, 204, 0
L -181.0, -336.5, -24.0, -181.0, -333.1, -25.0, 255, 0, 0
L -170.0, -336.5, -24.0, -170.0, -333.1, -25.0, 0, 204, 0
L -181.0, -336.5, -24.0, -170.0, -336.5, -24.0, 150, 150, 150
L -181.0, -343.2, -22.0, -181.0, -339.9, -23.0, 255, 0, 0
L -170.0, -343.2, -22.0, -170.0, -339.9, -23.0, 0, 204, 0
L -181.0, -343.2, -22.0, -170.0, -343.2, -22.0, 150, 150, 150
L -181.0, -329.8, -26.0, -181.0, -326.4, -27.0, 255, 0, 0
L -170.0, -329.8, -26.0, -170.0, -326.4, -27.0, 0, 204, 0
L -181.0, -329.8, -26.0, -170.0, -329.8, -26.0, 150, 150, 150
L -181.0, -326.4, -27.0, -181.0, -323.0, -28.0, 255, 0, 0
L -170.0, -326.4, -27.0, -170.0, -323.0, -28.0, 0, 204, 0
L -181.0, -326.4, -27.0, -170.0, -326.4, -27.0, 150, 150, 150
L -181.0, -333.1, -25.0, -181.0, -329.8, -26.0, 255, 0, 0
L -170.0, -333.1, -25.0, -170.0, -329.8, -26.0, 0, 204, 0
L -181.0, -333.1, -25.0, -170.0, -333.1, -25.0, 150, 150, 150
L -181.0, -339.9, -23.0, -181.0, -336.5, -24.0, 255, 0, 0
L -170.0, -339.9, -23.0, -170.0, -336.5, -24.0, 0, 204, 0
L -181.0, -339.9, -23.0, -170.0, -339.9, -23.0, 150, 150, 150
L -181.0, -346.6, -21.0, -181.0, -343.2, -22.0, 255, 0, 0
L -170.0, -346.6, -21.0, -170.0, -343.2, -22.0, 0, 204, 0
L -181.0, -346.6, -21.0, -170.0, -346.6, -21.0, 150, 150, 150
L -195.5, -351.0, -16.5, -191.9, -350.8, -17.4, 255, 0, 0
L -195.5, -362.0, -16.5, -199.1, -362.0, -15.6, 0, 204, 0
L -195.5, -351.0, -16.5, -195.5, -362.0, -16.5, 150, 150, 150
L -188.2, -350.5, -18.2, -184.6, -350.2, -19.1, 255, 0, 0
L -188.2, -362.0, -18.2, -191.9, -362.0, -17.4, 0, 204, 0
L -188.2, -350.5, -18.2, -188.2, -362.0, -18.2, 150, 150, 150
L -202.8, -351.5, -14.8, -199.1, -351.2, -15.6, 255, 0, 0
L -202.8, -362.0, -14.8, -206.4, -362.0, -13.9, 0, 204, 0
L -202.8, -351.5, -14.8, -202.8, -362.0, -14.8, 150, 150, 150
L -206.4, -351.8, -13.9, -202.8, -351.5, -14.8, 255, 0, 0
L -206.4, -362.0, -13.9, -210.0, -362.0, -13.0, 0, 204, 0
L -206.4, -351.8, -13.9, -206.4, -362.0, -13.9, 150, 150, 150
L -199.1, -351.2, -15.6, -195.5, -351.0, -16.5, 255, 0, 0
L -199.1, -362.0, -15.6, -202.8, -362.0, -14.8, 0, 204, 0
L -199.1, -351.2, -15.6, -199.1, -362.0, -15.6, 150, 150, 150
L -191.9, -350.8, -17.4, -188.2, -350.5, -18.2, 255, 0, 0
L -191.9, -362.0, -17.4, -195.5, -362.0, -16.5, 0, 204, 0
L -191.9, -350.8, -17.4, -191.9, -362.0, -17.4, 150, 150, 150
L -184.6, -350.2, -19.1, -181.0, -350.0, -20.0, 255, 0, 0
L -184.6, -362.0, -19.1, -188.2, -362.0, -18.2, 0, 204, 0
L -184.6, -350.2, -19.1, -184.6, -362.0, -19.1, 150, 150, 150
L 180.0, -72.0, -14.0, 180.0, -47.0, -14.0, 0, 0, 0
L 170.0, -47.0, -14.0, 170.0, -82.0, -14.0, 0, 0, 0
L 170.0, -47.0, -14.0, 173.3, -47.0, -14.0, 205, 133, 63
L 173.3, -48.4, -14.0, 173.3, -45.6, -14.0, 205, 133, 63
L 173.3, -48.4, -14.0, 176.7, -48.4, -14.0, 205, 133, 63
L 173.3, -45.6, -14.0, 176.7, -45.6, -14.0, 205, 133, 63
L 176.7, -48.4, -14.0, 176.7, -47.0, -14.0, 205, 133, 63
L 176.7, -47.0, -14.0, 176.7, -45.6, -14.0, 205, 133, 63
L 180.0, -47.0, -14.0, 180.0, -26.0, -14.0, 0, 0, 0
L 176.7, -47.0, -14.0, 180.0, -47.0, -14.0, 205, 133, 63
