L 1511.0, -106.0, 3.0, 1542.0, -49.0, 4.0, 0, 0, 0
L 1542.0, -49.0, 4.0, 1708.0, 36.0, 68.0, 0, 0, 0
L 1708.0, 36.0, 68.0, 1913.0, 118.0, 44.0, 0, 0, 0
L 1913.0, 118.0, 44.0, 2020.0, 154.0, 28.0, 0, 0, 0
L 2020.0, 154.0, 28.0, 2058.0, 134.0, 22.0, 0, 0, 0
L 2058.0, 134.0, 22.0, 2156.0, 157.0, 76.0, 0, 0, 0
L 2156.0, 157.0, 76.0, 2225.0, 193.0, 64.0, 0, 0, 0
L 2225.0, 193.0, 64.0, 2267.0, 197.0, 56.0, 0, 0, 0
L 2267.0, 197.0, 56.0, 2326.0, 219.0, 47.0, 0, 0, 0
L 2326.0, 219.0, 47.0, 2501.0, 237.0, 77.0, 0, 0, 0
L 2501.0, 237.0, 77.0, 2441.0, 188.0, 13.0, 0, 0, 0
L 2441.0, 188.0, 13.0, 2500.0, 61.0, 3.0, 0, 0, 0
L 2500.0, 61.0, 3.0, 2370.0, 61.0, 3.0, 0, 0, 0
L 2366.0, 48.0, 13.0, 2579.0, 47.0, 13.0, 0, 0, 0
L 2579.0, 47.0, 13.0, 2580.0, 61.0, 13.0, 0, 0, 0
L 2580.0, 61.0, 13.0, 2569.0, 61.0, 13.0, 0, 0, 0
L 2569.0, 61.0, 13.0, 2510.0, 190.0, 13.0, 0, 0, 0
L 2510.0, 190.0, 13.0, 2511.0, 238.0, 13.0, 0, 0, 0
L 2511.0, 238.0, 13.0, 2668.0, 316.0, 13.0, 0, 0, 0
L 2668.0, 316.0, 13.0, 2784.0, 317.0, 13.0, 0, 0, 0
L 2784.0, 317.0, 13.0, 2900.0, 204.0, 13.0, 0, 0, 0
L 2900.0, 204.0, 13.0, 2905.0, 77.0, 13.0, 0, 0, 0
L 2905.0, 77.0, 13.0, 2866.0, -78.0, 13.0, 0, 0, 0
L 2866.0, -78.0, 13.0, 2772.0, -98.0, 13.0, 0, 0, 0
L 2772.0, -98.0, 13.0, 2665.0, -98.0, 13.0, 0, 0, 0
L 2665.0, -98.0, 13.0, 2573.0, -22.0, 13.0, 0, 0, 0
L 2573.0, -22.0, 13.0, 2580.0, -20.0, 13.0, 0, 0, 0
L 2580.0, -20.0, 13.0, 2580.0, -10.0, 13.0, 0, 0, 0
L 2580.0, -10.0, 13.0, 2368.0, -8.0, 14.0, 0, 0, 0
L 2366.0, -21.0, 11.0, 2516.0, -23.0, 3.0, 0, 0, 0
L 2516.0, -23.0, 3.0, 2616.0, -136.0, 3.0, 0, 0, 0
L 2616.0, -136.0, 3.0, 2791.0, -137.0, 10.0, 0, 0, 0
L 2791.0, -137.0, 10.0, 2813.0, -185.0, 36.0, 0, 0, 0
L 2813.0, -185.0, 36.0, 2783.0, -244.0, 25.0, 0, 0, 0
L 2783.0, -244.0, 25.0, 2706.0, -357.0, 3.0, 0, 0, 0
L 2706.0, -357.0, 3.0, 2662.0, -353.0, 3.0, 0, 0, 0
L 2662.0, -353.0, 3.0, 2629.0, -472.0, 21.0, 0, 0, 0
L 2629.0, -472.0, 21.0, 2388.0, -637.0, 0.0, 0, 0, 0
L 2388.0, -637.0, 0.0, 2267.0, -805.0, 33.0, 0, 0, 0
L 2267.0, -805.0, 33.0, 2258.0, -886.0, 59.0, 0, 0, 0
L 2258.0, -886.0, 59.0, 2232.0, -913.0, 51.0, 0, 0, 0
L 2232.0, -913.0, 51.0, 2093.0, -1025.0, 13.0, 0, 0, 0
L 2093.0, -1025.0, 13.0, 2067.0, -1038.0, 8.0, 0, 0, 0
L 2067.0, -1038.0, 8.0, 1911.0, -1116.0, 3.0, 0, 0, 0
L 1911.0, -1116.0, 3.0, 1864.0, -1088.0, 4.0, 0, 0, 0
L 1864.0, -1088.0, 4.0, 1807.0, -1101.0, 3.0, 0, 0, 0
L 1807.0, -1101.0, 3.0, 1807.0, -1196.0, 15.0, 0, 0, 0
L 1807.0, -1196.0, 15.0, 1699.0, -1322.0, 3.0, 0, 0, 0
L 1699.0, -1322.0, 3.0, 1643.0, -1352.0, 3.0, 0, 0, 0
L 1643.0, -1352.0, 3.0, 1627.0, -1397.0, 3.0, 0, 0, 0
L 1627.0, -1397.0, 3.0, 1505.0, -1477.0, 3.0, 0, 0, 0
L 1505.0, -1477.0, 3.0, 1452.0, -1481.0, 3.0, 0, 0, 0
L 1452.0, -1481.0, 3.0, 1431.0, -1553.0, 73.0, 0, 0, 0
L 1431.0, -1553.0, 73.0, 1320.0, -1620.0, 43.0, 0, 0, 0
L 1320.0, -1620.0, 43.0, 1151.0, -1676.0, 71.0, 0, 0, 0
L 1151.0, -1676.0, 71.0, 1089.0, -1704.0, 55.0, 0, 0, 0
L 1089.0, -1704.0, 55.0, 979.0, -1717.0, 28.0, 0, 0, 0
L 979.0, -1717.0, 28.0, 902.0, -1718.0, 46.0, 0, 0, 0
L 902.0, -1718.0, 46.0, 743.0, -1750.0, 13.0, 0, 0, 0
L 743.0, -1750.0, 13.0, 530.0, -1793.0, 72.0, 0, 0, 0
L 530.0, -1793.0, 72.0, 487.0, -1797.0, 72.0, 0, 0, 0
L 487.0, -1797.0, 72.0, 421.0, -1799.0, 54.0, 0, 0, 0
L 421.0, -1799.0, 54.0, 341.0, -1819.0, 36.0, 0, 0, 0
L 341.0, -1819.0, 36.0, 190.0, -1837.0, 7.0, 0, 0, 0
L 190.0, -1837.0, 7.0, 166.0, -1813.0, 4.0, 0, 0, 0
L 166.0, -1813.0, 4.0, 133.0, -1837.0, 3.0, 0, 0, 0
L 133.0, -1837.0, 3.0, 95.0, -1837.0, 3.0, 0, 0, 0
L 95.0, -1837.0, 3.0, 102.0, -1760.0, 32.0, 0, 0, 0
L 102.0, -1760.0, 32.0, 92.0, -1732.0, 25.0, 0, 0, 0
L 92.0, -1732.0, 25.0, 81.0, -1715.0, 19.0, 0, 0, 0
L 81.0, -1715.0, 19.0, 69.0, -1692.0, 13.0, 0, 0, 0
L 69.0, -1692.0, 13.0, 77.0, -1690.0, 11.0, 0, 0, 0
L 77.0, -1690.0, 11.0, 281.0, -1690.0, 3.0, 0, 0, 0
L 281.0, -1690.0, 3.0, 281.0, -1469.0, 3.0, 0, 0, 0
L 281.0, -1469.0, 3.0, 148.0, -1467.0, 3.0, 0, 0, 0
L 148.0, -1467.0, 3.0, 147.0, -1482.0, 4.0, 0, 0, 0
L 147.0, -1482.0, 4.0, 147.0, -1491.0, 8.0, 0, 0, 0
L 147.0, -1491.0, 8.0, 247.0, -1492.0, 8.0, 0, 0, 0
L 247.0, -1492.0, 8.0, 247.0, -1667.0, 8.0, 0, 0, 0
L 247.0, -1667.0, 8.0, -8.0, -1667.0, 8.0, 0, 0, 0
L -8.0, -1667.0, 8.0, -8.0, -1492.0, 8.0, 0, 0, 0
L -8.0, -1492.0, 8.0, 87.0, -1492.0, 8.0, 0, 0, 0
L 87.0, -1492.0, 8.0, 91.0, -1482.0, 3.0, 0, 0, 0
L 91.0, -1482.0, 3.0, 91.0, -1469.0, 4.0, 0, 0, 0
L 91.0, -1469.0, 4.0, -28.0, -1468.0, 3.0, 0, 0, 0
L -28.0, -1468.0, 3.0, -28.0, -1342.0, 3.0, 0, 0, 0
L -28.0, -1342.0, 3.0, 31.0, -1341.0, 4.0, 0, 0, 0
L 31.0, -1341.0, 4.0, 31.0, -1282.0, 3.0, 0, 0, 0
L 31.0, -1282.0, 3.0, 74.0, -1282.0, 3.0, 0, 0, 0
L 74.0, -1282.0, 3.0, 76.0, -1240.0, 8.0, 0, 0, 0
L 76.0, -1240.0, 8.0, -43.0, -1237.0, 9.0, 0, 0, 0
L -43.0, -1237.0, 9.0, -43.0, -1162.0, 8.0, 0, 0, 0
L -43.0, -1162.0, 8.0, 75.0, -1161.0, 8.0, 0, 0, 0
L 75.0, -1161.0, 8.0, 76.0, -1079.0, 8.0, 0, 0, 0
L 76.0, -1079.0, 8.0, -43.0, -1077.0, 8.0, 0, 0, 0
L -43.0, -1077.0, 8.0, -43.0, -1002.0, 8.0, 0, 0, 0
L -43.0, -1002.0, 8.0, 75.0, -1002.0, 8.0, 0, 0, 0
L 75.0, -1002.0, 8.0, 75.0, -918.0, 9.0, 0, 0, 0
L 75.0, -918.0, 9.0, -3.0, -917.0, 8.0, 0, 0, 0
L -3.0, -917.0, 8.0, -4.0, -758.1, 8.0, 0, 0, 0
L -87.0, -758.1, 8.0, -87.0, -877.0, 8.0, 0, 0, 0
L -87.0, -877.0, 8.0, -198.0, -877.0, 3.0, 0, 0, 0
L -198.0, -877.0, 3.0, -207.0, -882.0, 3.0, 0, 0, 0
L -207.0, -882.0, 3.0, -207.0, -1241.0, 3.0, 0, 0, 0
L -207.0, -1241.0, 3.0, -47.0, -1242.0, 3.0, 0, 0, 0
L -47.0, -1242.0, 3.0, -37.0, -1467.0, 3.0, 0, 0, 0
L -37.0, -1467.0, 3.0, -41.0, -1467.0, 4.0, 0, 0, 0
L -41.0, -1467.0, 4.0, -40.0, -1693.0, 3.0, 0, 0, 0
L -40.0, -1693.0, 3.0, -6.0, -1692.0, 3.0, 0, 0, 0
L -6.0, -1692.0, 3.0, -13.0, -1726.0, 3.0, 0, 0, 0
L -13.0, -1726.0, 3.0, -30.0, -1746.0, 4.0, 0, 0, 0
L -30.0, -1746.0, 4.0, -30.0, -1758.0, 3.0, 0, 0, 0
L -30.0, -1758.0, 3.0, -39.0, -1775.0, 3.0, 0, 0, 0
L -39.0, -1775.0, 3.0, -36.0, -1799.0, 12.0, 0, 0, 0
L -36.0, -1799.0, 12.0, -47.0, -1831.0, 6.0, 0, 0, 0
L -47.0, -1831.0, 6.0, -126.0, -1818.0, 3.0, 0, 0, 0
L -126.0, -1818.0, 3.0, -138.0, -1793.0, 3.0, 0, 0, 0
L -138.0, -1793.0, 3.0, -166.0, -1785.0, 6.0, 0, 0, 0
L -166.0, -1785.0, 6.0, -212.0, -1802.0, 17.0, 0, 0, 0
L -212.0, -1802.0, 17.0, -326.0, -1786.0, 38.0, 0, 0, 0
L -326.0, -1786.0, 38.0, -409.0, -1750.0, 45.0, 0, 0, 0
L -409.0, -1750.0, 45.0, -484.0, -1702.0, 53.0, 0, 0, 0
L -484.0, -1702.0, 53.0, -519.0, -1662.0, 41.0, 0, 0, 0
L -519.0, -1662.0, 41.0, -643.0, -1582.0, 58.0, 0, 0, 0
L -643.0, -1582.0, 58.0, -687.0, -1539.0, 77.0, 0, 0, 0
L -687.0, -1539.0, 77.0, -763.0, -1443.0, 53.0, 0, 0, 0
L -763.0, -1443.0, 53.0, -807.0, -1356.0, 35.0, 0, 0, 0
L -807.0, -1356.0, 35.0, -830.0, -1316.0, 44.0, 0, 0, 0
L -830.0, -1316.0, 44.0, -870.0, -1235.0, 23.0, 0, 0, 0
L -870.0, -1235.0, 23.0, -874.0, -1232.0, 22.0, 0, 0, 0
L -874.0, -1232.0, 22.0, -938.0, -1191.0, 31.0, 0, 0, 0
L -938.0, -1191.0, 31.0, -959.0, -1159.0, 22.0, 0, 0, 0
L -959.0, -1159.0, 22.0, -1005.0, -1130.0, 56.0, 0, 0, 0
L -1005.0, -1130.0, 56.0, -1026.0, -1104.0, 47.0, 0, 0, 0
L -1026.0, -1104.0, 47.0, -1094.0, -1054.0, 66.0, 0, 0, 0
L -1094.0, -1054.0, 66.0, -1114.0, -1042.0, 61.0, 0, 0, 0
L -1114.0, -1042.0, 61.0, -1226.0, -989.0, 65.0, 0, 0, 0
L -1226.0, -989.0, 65.0, -1247.0, -919.0, 53.0, 0, 0, 0
L -1247.0, -919.0, 53.0, -1327.0, -839.0, 29.0, 0, 0, 0
L -1327.0, -839.0, 29.0, -1328.0, -798.0, 20.0, 0, 0, 0
L -1328.0, -798.0, 20.0, -1370.0, -757.0, 10.0, 0, 0, 0
L -1370.0, -757.0, 10.0, -1449.0, -717.0, 3.0, 0, 0, 0
L -1449.0, -717.0, 3.0, -1489.0, -675.0, 3.0, 0, 0, 0
L -1489.0, -675.0, 3.0, -1527.0, -600.0, 3.0, 0, 0, 0
L -1527.0, -600.0, 3.0, -1567.0, -559.0, 3.0, 0, 0, 0
L -1567.0, -559.0, 3.0, -1567.0, -525.0, 3.0, 0, 0, 0
L -1567.0, -525.0, 3.0, -1609.0, -437.0, 3.0, 0, 0, 0
L -1609.0, -437.0, 3.0, -1687.0, -359.0, 3.0, 0, 0, 0
L -1687.0, -359.0, 3.0, -1726.0, -282.0, 3.0, 0, 0, 0
L -1726.0, -282.0, 3.0, -1765.0, -241.0, 3.0, 0, 0, 0
L -1765.0, -241.0, 3.0, -1791.0, -191.0, 25.0, 0, 0, 0
L -1791.0, -191.0, 25.0, -1849.0, -158.0, 30.0, 0, 0, 0
L -1849.0, -158.0, 30.0, -1886.0, -120.0, 19.0, 0, 0, 0
L -1886.0, -120.0, 19.0, -1969.0, -117.0, 6.0, 0, 0, 0
L -1969.0, -117.0, 6.0, -2126.0, 39.0, 3.0, 0, 0, 0
L -2126.0, 39.0, 3.0, -2127.0, 116.0, 3.0, 0, 0, 0
L -2127.0, 116.0, 3.0, -1969.0, 276.0, 3.0, 0, 0, 0
L -1969.0, 276.0, 3.0, -1904.0, 293.0, 3.0, 0, 0, 0
L -1904.0, 293.0, 3.0, -1891.0, 280.0, 3.0, 0, 0, 0
L -1891.0, 280.0, 3.0, -1879.0, 285.0, 8.0, 0, 0, 0
L -1879.0, 285.0, 8.0, -1809.0, 316.0, 6.0, 0, 0, 0
L -1809.0, 316.0, 6.0, -1692.0, 277.0, 3.0, 0, 0, 0
L -1692.0, 277.0, 3.0, -1622.0, 277.0, 3.0, 0, 0, 0
L -1622.0, 277.0, 3.0, -1567.0, 235.0, 43.0, 0, 0, 0
L -1567.0, 235.0, 43.0, -1519.0, 211.0, 31.0, 0, 0, 0
L -1519.0, 211.0, 31.0, -1483.0, 162.0, 15.0, 0, 0, 0
L -1483.0, 162.0, 15.0, -1460.0, 166.0, 20.0, 0, 0, 0
L -1460.0, 166.0, 20.0, -1336.0, -31.0, 69.0, 0, 0, 0
L -1336.0, -31.0, 69.0, -1281.0, -151.0, 46.0, 0, 0, 0
L -1281.0, -151.0, 46.0, -1248.0, -245.0, 23.0, 0, 0, 0
L -1248.0, -245.0, 23.0, -1165.0, -304.0, 76.0, 0, 0, 0
L -1165.0, -304.0, 76.0, -1022.0, -320.0, 43.0, 0, 0, 0
L -1022.0, -320.0, 43.0, -932.0, -322.0, 25.0, 0, 0, 0
L -932.0, -322.0, 25.0, -868.0, -416.0, 5.0, 0, 0, 0
L -868.0, -416.0, 5.0, -838.0, -477.0, 3.0, 0, 0, 0
L -838.0, -477.0, 3.0, -779.0, -493.0, 39.0, 0, 0, 0
L -779.0, -493.0, 39.0, -745.0, -499.0, 31.0, 0, 0, 0
L -745.0, -499.0, 31.0, -754.0, -521.0, 29.0, 0, 0, 0
L -754.0, -521.0, 29.0, -676.0, -518.0, 40.0, 0, 0, 0
L -676.0, -518.0, 40.0, -654.0, -522.0, 37.0, 0, 0, 0
L -654.0, -522.0, 37.0, -483.0, -522.0, 16.0, 0, 0, 0
L -483.0, -522.0, 16.0, -417.0, -491.0, 39.0, 0, 0, 0
L -417.0, -491.0, 39.0, -177.0, -521.0, 3.0, 0, 0, 0
L -177.0, -521.0, 3.0, -53.0, -553.0, 65.0, 0, 0, 0
L -53.0, -553.0, 65.0, 95.0, -598.0, 49.0, 0, 0, 0
L 95.0, -598.0, 49.0, -205.0, -598.0, 3.0, 0, 0, 0
L -205.0, -598.0, 3.0, -207.0, -800.0, 3.0, 0, 0, 0
L -166.0, -802.0, 5.0, -163.0, -682.0, 8.0, 0, 0, 0
L -163.0, -682.0, 8.0, 72.0, -682.0, 8.0, 0, 0, 0
L 72.0, -682.0, 8.0, 72.0, -799.0, 8.0, 0, 0, 0
L 72.0, -799.0, 8.0, 116.0, -801.0, 8.0, 0, 0, 0
L 116.0, -801.0, 8.0, 116.0, -682.0, 8.0, 0, 0, 0
L 116.0, -682.0, 8.0, 192.0, -682.0, 8.0, 0, 0, 0
L 192.0, -682.0, 8.0, 192.0, -842.0, 8.0, 0, 0, 0
L 192.0, -842.0, 8.0, 312.0, -842.0, 8.0, 0, 0, 0
L 312.0, -842.0, 8.0, 312.0, -917.0, 8.0, 0, 0, 0
L 312.0, -917.0, 8.0, 194.0, -917.0, 8.0, 0, 0, 0
L 194.0, -917.0, 8.0, 192.0, -1000.0, 8.0, 0, 0, 0
L 192.0, -1000.0, 8.0, 312.0, -1002.0, 8.0, 0, 0, 0
L 312.0, -1002.0, 8.0, 312.0, -1077.0, 8.0, 0, 0, 0
L 312.0, -1077.0, 8.0, 194.0, -1077.0, 8.0, 0, 0, 0
L 194.0, -1077.0, 8.0, 192.0, -1160.0, 8.0, 0, 0, 0
L 192.0, -1160.0, 8.0, 312.0, -1162.0, 8.0, 0, 0, 0
L 312.0, -1162.0, 8.0, 312.0, -1232.0, 8.0, 0, 0, 0
L 312.0, -1232.0, 8.0, 194.0, -1237.0, 8.0, 0, 0, 0
L 194.0, -1237.0, 8.0, 192.0, -1279.0, 4.0, 0, 0, 0
L 192.0, -1279.0, 4.0, 241.0, -1282.0, 3.0, 0, 0, 0
L 241.0, -1282.0, 3.0, 252.0, -1340.0, 3.0, 0, 0, 0
L 252.0, -1340.0, 3.0, 312.0, -1342.0, 3.0, 0, 0, 0
L 312.0, -1342.0, 3.0, 312.0, -1380.0, 3.0, 0, 0, 0
L 312.0, -1380.0, 3.0, 337.0, -1381.0, 3.0, 0, 0, 0
L 337.0, -1381.0, 3.0, 336.0, -685.0, 3.0, 0, 0, 0
L 336.0, -685.0, 3.0, 352.0, -682.0, 3.0, 0, 0, 0
L 352.0, -682.0, 3.0, 440.0, -668.0, 3.0, 0, 0, 0
L 440.0, -668.0, 3.0, 536.0, -645.0, 66.0, 0, 0, 0
L 536.0, -645.0, 66.0, 631.0, -602.0, 53.0, 0, 0, 0
L 631.0, -602.0, 53.0, 655.0, -602.0, 47.0, 0, 0, 0
L 655.0, -602.0, 47.0, 749.0, -562.0, 27.0, 0, 0, 0
L 749.0, -562.0, 27.0, 831.0, -482.0, 13.0, 0, 0, 0
L 831.0, -482.0, 13.0, 865.0, -480.0, 8.0, 0, 0, 0
L 865.0, -480.0, 8.0, 908.0, -473.0, 3.0, 0, 0, 0
L 908.0, -473.0, 3.0, 951.0, -406.0, 65.0, 0, 0, 0
L 951.0, -406.0, 65.0, 1065.0, -363.0, 39.0, 0, 0, 0
L 1065.0, -363.0, 39.0, 1219.0, -287.0, 71.0, 0, 0, 0
L 1219.0, -287.0, 71.0, 1390.0, -155.0, 28.0, 0, 0, 0
L 506.0, -1552.0, 8.0, 506.0, -1487.0, 8.0, 0, 0, 0
L 506.0, -1487.0, 8.0, 520.0, -1486.0, 9.0, 0, 0, 0
L 520.0, -1486.0, 9.0, 519.0, -1477.0, 5.0, 0, 0, 0
L 519.0, -1477.0, 5.0, 498.0, -1477.0, 3.0, 0, 0, 0
L 498.0, -1477.0, 3.0, 498.0, -1562.0, 3.0, 0, 0, 0
L 498.0, -1562.0, 3.0, 580.0, -1561.0, 4.0, 0, 0, 0
L 580.0, -1561.0, 4.0, 580.0, -1478.0, 4.0, 0, 0, 0
L 580.0, -1478.0, 4.0, 558.0, -1477.0, 7.0, 0, 0, 0
L 558.0, -1477.0, 7.0, 557.0, -1484.0, 8.0, 0, 0, 0
L 557.0, -1484.0, 8.0, 572.0, -1487.0, 8.0, 0, 0, 0
L 572.0, -1487.0, 8.0, 572.0, -1545.0, 13.0, 0, 0, 0
L 572.0, -1545.0, 13.0, 506.0, -1552.0, 8.0, 0, 0, 0
L 1521.0, -802.0, 3.0, 1716.0, -802.0, 3.0, 0, 0, 0
L 1716.0, -802.0, 3.0, 1716.0, -997.0, 3.0, 0, 0, 0
L 1716.0, -997.0, 3.0, 1476.0, -999.0, 3.0, 0, 0, 0
L 1476.0, -999.0, 3.0, 1477.0, -1041.0, 8.0, 0, 0, 0
L 1477.0, -1041.0, 8.0, 1759.0, -1042.0, 3.0, 0, 0, 0
L 1759.0, -1042.0, 3.0, 1761.0, -759.0, 3.0, 0, 0, 0
L 1761.0, -759.0, 3.0, 1478.0, -758.0, 4.0, 0, 0, 0
L 1478.0, -758.0, 4.0, 1476.0, -920.0, 3.0, 0, 0, 0
L 1476.0, -920.0, 3.0, 1521.0, -920.0, 3.0, 0, 0, 0
L 1521.0, -920.0, 3.0, 1521.0, -802.0, 3.0, 0, 0, 0
L -408.0, -682.0, 9.0, -332.0, -682.0, 8.0, 0, 0, 0
L -332.0, -682.0, 8.0, -332.0, -807.0, 8.0, 0, 0, 0
L -332.0, -807.0, 8.0, -330.0, -817.0, 8.0, 0, 0, 0
L -330.0, -817.0, 8.0, -319.0, -817.0, 6.0, 0, 0, 0
L -319.0, -817.0, 6.0, -318.0, -670.0, 3.0, 0, 0, 0
L -318.0, -670.0, 3.0, -420.0, -667.0, 3.0, 0, 0, 0
L -420.0, -667.0, 3.0, -422.0, -815.0, 4.0, 0, 0, 0
L -422.0, -815.0, 4.0, -411.0, -817.0, 3.0, 0, 0, 0
L -411.0, -817.0, 3.0, -410.0, -817.0, 8.0, 0, 0, 0
L -410.0, -817.0, 8.0, -408.0, -807.0, 8.0, 0, 0, 0
L -408.0, -807.0, 8.0, -408.0, -682.0, 8.0, 0, 0, 0
L -612.0, -757.0, 8.0, -707.0, -757.0, 8.0, 0, 0, 0
L -707.0, -757.0, 8.0, -708.0, -717.0, 8.0, 0, 0, 0
L -708.0, -717.0, 8.0, -748.0, -717.0, 8.0, 0, 0, 0
L -748.0, -717.0, 8.0, -752.0, -721.0, 8.0, 0, 0, 0
L -752.0, -721.0, 8.0, -751.0, -782.0, 4.0, 0, 0, 0
L -751.0, -782.0, 4.0, -588.0, -781.0, 3.0, 0, 0, 0
L -588.0, -781.0, 3.0, -588.0, -578.0, 3.0, 0, 0, 0
L -588.0, -578.0, 3.0, -750.0, -578.0, 3.0, 0, 0, 0
L -750.0, -578.0, 3.0, -752.0, -640.0, 3.0, 0, 0, 0
L -752.0, -640.0, 3.0, -747.0, -642.0, 8.0, 0, 0, 0
L -747.0, -642.0, 8.0, -708.0, -642.0, 8.0, 0, 0, 0
L -708.0, -642.0, 8.0, -707.0, -602.0, 8.0, 0, 0, 0
L -707.0, -602.0, 8.0, -612.0, -602.0, 8.0, 0, 0, 0
L -612.0, -602.0, 8.0, -612.0, -757.0, 8.0, 0, 0, 0
L -1087.0, -957.0, 9.0, -1087.0, -862.0, 8.0, 0, 0, 0
L -1087.0, -862.0, 8.0, -1090.0, -857.0, 4.0, 0, 0, 0
L -1090.0, -857.0, 4.0, -1112.0, -859.0, 3.0, 0, 0, 0
L -1112.0, -859.0, 3.0, -1111.0, -981.0, 3.0, 0, 0, 0
L -1111.0, -981.0, 3.0, -989.0, -982.0, 3.0, 0, 0, 0
L -989.0, -982.0, 3.0, -988.0, -858.0, 3.0, 0, 0, 0
L -988.0, -858.0, 3.0, -1008.0, -857.0, 3.0, 0, 0, 0
L -1008.0, -857.0, 3.0, -1012.0, -862.0, 8.0, 0, 0, 0
L -1012.0, -862.0, 8.0, -1012.0, -957.0, 8.0, 0, 0, 0
L -1012.0, -957.0, 8.0, -1087.0, -957.0, 8.0, 0, 0, 0
L -735.0, -1037.0, 3.0, -735.0, -1162.0, 3.0, 0, 0, 0
L -735.0, -1162.0, 3.0, -642.0, -1158.0, 3.0, 0, 0, 0
L -642.0, -1158.0, 3.0, -643.0, -1098.0, 3.0, 0, 0, 0
L -644.0, -1038.0, 3.0, -689.7, -1037.5, 3.0, 205, 133, 63
L -1241.0, -484.0, 3.0, -1128.0, -484.0, 3.0, 0, 0, 0
L -1128.0, -484.0, 3.0, -1128.0, -556.0, 3.0, 0, 0, 0
L -1128.0, -556.0, 3.0, -1241.0, -556.0, 3.0, 0, 0, 0
L -1241.0, -556.0, 3.0, -1241.0, -484.0, 3.0, 0, 0, 0
L -748.0, -1110.0, 3.0, -748.0, -1142.0, 3.0, 0, 0, 0
L -748.0, -1142.0, 3.0, -780.0, -1142.0, 3.0, 0, 0, 0
L -780.0, -1142.0, 3.0, -780.0, -1110.0, 3.0, 0, 0, 0
L -780.0, -1110.0, 3.0, -748.0, -1110.0, 3.0, 0, 0, 0
L -208.0, -921.0, 3.0, -248.0, -921.0, 3.0, 0, 0, 0
L -248.0, -921.0, 3.0, -248.0, -881.0, 3.0, 0, 0, 0
L -248.0, -881.0, 3.0, -208.0, -881.0, 3.0, 0, 0, 0
L -208.0, -881.0, 3.0, -208.0, -921.0, 3.0, 0, 0, 0
L -209.0, -800.0, 3.0, -248.0, -800.0, 3.0, 0, 0, 0
L -248.0, -800.0, 3.0, -248.0, -760.0, 3.0, 0, 0, 0
L -248.0, -760.0, 3.0, -209.0, -760.0, 3.0, 0, 0, 0
L -209.0, -760.0, 3.0, -209.0, -800.0, 3.0, 0, 0, 0
L 841.0, 220.0, -255.0, 820.0, 301.0, -256.0, 102, 0, 204
L 820.0, 301.0, -256.0, 800.0, 361.0, -256.0, 102, 0, 204
L 800.0, 361.0, -256.0, 758.0, 361.0, -256.0, 102, 0, 204
L 758.0, 361.0, -256.0, 695.0, 341.0, -255.0, 102, 0, 204
L 695.0, 341.0, -255.0, 639.0, 341.0, -255.0, 102, 0, 204
L 639.0, 341.0, -255.0, 615.0, 299.0, -255.0, 102, 0, 204
L 615.0, 299.0, -255.0, 576.0, 260.0, -256.0, 102, 0, 204
L 576.0, 260.0, -256.0, 499.0, 261.0, -250.0, 102, 0, 204
L 499.0, 261.0, -250.0, 476.0, 179.0, -256.0, 102, 0, 204
L 476.0, 179.0, -256.0, 439.0, 144.0, -261.0, 102, 0, 204
L 439.0, 144.0, -261.0, 401.0, 122.0, -256.0, 102, 0, 204
L 401.0, 122.0, -256.0, 358.0, 141.0, -256.0, 102, 0, 204
L 358.0, 141.0, -256.0, 319.0, 122.0, -253.0, 102, 0, 204
L 319.0, 122.0, -253.0, 281.0, 141.0, -255.0, 102, 0, 204
L 281.0, 141.0, -255.0, 259.0, 142.0, -256.0, 102, 0, 204
L 259.0, 142.0, -256.0, 240.0, 161.0, -256.0, 102, 0, 204
L 240.0, 161.0, -256.0, 221.0, 161.0, -256.0, 102, 0, 204
L 221.0, 161.0, -256.0, 221.0, 217.0, -256.0, 102, 0, 204
L 221.0, 217.0, -256.0, 203.0, 257.0, -232.0, 102, 0, 204
L 203.0, 257.0, -232.0, 202.0, 319.0, -230.0, 102, 0, 204
L 202.0, 319.0, -230.0, 221.0, 347.0, -239.0, 102, 0, 204
L 221.0, 347.0, -239.0, 221.0, 357.0, -241.0, 102, 0, 204
L 221.0, 357.0, -241.0, 238.0, 357.0, -245.0, 102, 0, 204
L 238.0, 357.0, -245.0, 241.0, 377.0, -250.0, 102, 0, 204
L 241.0, 377.0, -250.0, 260.0, 417.0, -256.0, 102, 0, 204
L 260.0, 417.0, -256.0, 280.0, 437.0, -255.0, 102, 0, 204
L 280.0, 437.0, -255.0, 322.0, 437.0, -251.0, 102, 0, 204
L 322.0, 437.0, -251.0, 362.0, 455.0, -227.0, 102, 0, 204
L 362.0, 455.0, -227.0, 402.0, 430.0, -237.0, 102, 0, 204
L 402.0, 430.0, -237.0, 427.0, 393.0, -248.0, 102, 0, 204
L 427.0, 393.0, -248.0, 462.0, 331.0, -255.0, 102, 0, 204
L 462.0, 331.0, -255.0, 480.0, 316.0, -256.0, 102, 0, 204
L 480.0, 316.0, -256.0, 500.0, 317.0, -256.0, 102, 0, 204
L 500.0, 317.0, -256.0, 539.0, 337.0, -256.0, 102, 0, 204
L 539.0, 337.0, -256.0, 554.0, 351.0, -256.0, 102, 0, 204
L 554.0, 351.0, -256.0, 601.0, 378.0, -251.0, 102, 0, 204
L 601.0, 378.0, -251.0, 559.0, 446.0, -246.0, 102, 0, 204
L 559.0, 446.0, -246.0, 541.0, 499.0, -246.0, 102, 0, 204
L 541.0, 499.0, -246.0, 562.0, 542.0, -246.0, 102, 0, 204
L 562.0, 542.0, -246.0, 561.0, 577.0, -217.0, 102, 0, 204
L 561.0, 577.0, -217.0, 599.0, 577.0, -226.0, 102, 0, 204
L 599.0, 577.0, -226.0, 645.0, 592.0, -237.0, 102, 0, 204
L 645.0, 592.0, -237.0, 749.0, 591.0, -199.0, 102, 0, 204
L 749.0, 591.0, -199.0, 776.0, 558.0, -208.0, 102, 0, 204
L 776.0, 558.0, -208.0, 776.0, 538.0, -214.0, 102, 0, 204
L 776.0, 538.0, -214.0, 799.0, 473.0, -233.0, 102, 0, 204
L 799.0, 473.0, -233.0, 819.0, 436.0, -244.0, 102, 0, 204
L 819.0, 436.0, -244.0, 849.0, 437.0, -250.0, 102, 0, 204
L 849.0, 437.0, -250.0, 898.0, 395.0, -256.0, 102, 0, 204
L 898.0, 395.0, -256.0, 916.0, 335.0, -256.0, 102, 0, 204
L 916.0, 335.0, -256.0, 917.0, 278.0, -256.0, 102, 0, 204
L 917.0, 278.0, -256.0, 956.0, 258.0, -255.0, 102, 0, 204
L 956.0, 258.0, -255.0, 998.0, 257.0, -256.0, 102, 0, 204
L 998.0, 257.0, -256.0, 1061.0, 229.0, -283.0, 102, 0, 204
L 1061.0, 243.0, -287.0, 1061.0, 295.0, -272.0, 0, 0, 255
L 1061.0, 295.0, -272.0, 1079.0, 335.0, -280.0, 0, 0, 255
L 1079.0, 335.0, -280.0, 1121.0, 357.0, -288.0, 0, 0, 255
L 1121.0, 357.0, -288.0, 1177.0, 357.0, -296.0, 0, 0, 255
L 1177.0, 357.0, -296.0, 1219.0, 376.0, -265.0, 0, 0, 255
L 1219.0, 376.0, -265.0, 1276.0, 335.0, -261.0, 0, 0, 255
L 1276.0, 335.0, -261.0, 1316.0, 257.0, -261.0, 0, 0, 255
L 1316.0, 257.0, -261.0, 1316.0, 218.0, -261.0, 0, 0, 255
L 1316.0, 218.0, -261.0, 1293.0, 177.0, -261.0, 0, 0, 255
L 1293.0, 177.0, -261.0, 1235.0, 121.0, -261.0, 0, 0, 255
L 1235.0, 121.0, -261.0, 1213.0, 121.0, -261.0, 0, 0, 255
L 1213.0, 121.0, -261.0, 1134.0, 124.0, -260.0, 0, 0, 255
L 1134.0, 124.0, -260.0, 1101.0, 140.0, -260.0, 0, 0, 255
L 1101.0, 140.0, -260.0, 1078.0, 142.0, -261.0, 0, 0, 255
L 1078.0, 142.0, -261.0, 1061.0, 141.0, -262.0, 0, 0, 255
L 1061.0, 141.0, -262.0, 1061.0, 229.0, -283.0, 0, 0, 255
L 1219.0, 376.0, -265.0, 1259.0, 416.0, -256.0, 102, 0, 204
L 1259.0, 416.0, -256.0, 1321.0, 437.0, -256.0, 102, 0, 204
L 1321.0, 437.0, -256.0, 1357.0, 437.0, -256.0, 102, 0, 204
L 1357.0, 437.0, -256.0, 1399.0, 396.0, -255.0, 102, 0, 204
L 1399.0, 396.0, -255.0, 1437.0, 377.0, -255.0, 102, 0, 204
L 1437.0, 377.0, -255.0, 1477.0, 396.0, -256.0, 102, 0, 204
L 1477.0, 396.0, -256.0, 1558.0, 356.0, -256.0, 102, 0, 204
L 1558.0, 356.0, -256.0, 1577.0, 337.0, -256.0, 102, 0, 204
L 1577.0, 337.0, -256.0, 1597.0, 297.0, -256.0, 102, 0, 204
L 1597.0, 297.0, -256.0, 1622.0, 298.0, -255.0, 102, 0, 204
L 1622.0, 298.0, -255.0, 1658.0, 316.0, -256.0, 102, 0, 204
L 1658.0, 316.0, -256.0, 1677.0, 297.0, -256.0, 102, 0, 204
L 1677.0, 297.0, -256.0, 1663.0, 286.0, -256.0, 102, 0, 204
L 1663.0, 286.0, -256.0, 1681.0, 251.0, -255.0, 102, 0, 204
L 1681.0, 251.0, -255.0, 1676.0, 240.0, -256.0, 102, 0, 204
L 1676.0, 240.0, -256.0, 1695.0, 219.0, -256.0, 102, 0, 204
L 1695.0, 219.0, -256.0, 1758.0, 216.0, -256.0, 102, 0, 204
L 1758.0, 216.0, -256.0, 1778.0, 197.0, -255.0, 102, 0, 204
L 1778.0, 197.0, -255.0, 1822.0, 197.0, -256.0, 102, 0, 204
L 1822.0, 197.0, -256.0, 1840.0, 216.0, -226.0, 102, 0, 204
L 1840.0, 216.0, -226.0, 1922.0, 172.0, -237.0, 102, 0, 204
L 1922.0, 172.0, -237.0, 1941.0, 142.0, -242.0, 102, 0, 204
L 1941.0, 142.0, -242.0, 1953.0, 108.0, -246.0, 102, 0, 204
L 1953.0, 108.0, -246.0, 1975.0, 77.0, -239.0, 102, 0, 204
L 1975.0, 77.0, -239.0, 1913.0, 1.0, -249.0, 102, 0, 204
L 1913.0, 1.0, -249.0, 1878.0, 1.0, -253.0, 102, 0, 204
L 1878.0, 1.0, -253.0, 1876.0, -12.0, -255.0, 102, 0, 204
L 1876.0, -12.0, -255.0, 1857.0, -77.0, -256.0, 102, 0, 204
L 1857.0, -77.0, -256.0, 1836.0, -100.0, -255.0, 102, 0, 204
L 1836.0, -100.0, -255.0, 1835.0, -142.0, -256.0, 102, 0, 204
L 1835.0, -142.0, -256.0, 1817.0, -178.0, -256.0, 102, 0, 204
L 1817.0, -178.0, -256.0, 1832.0, -213.0, -256.0, 102, 0, 204
L 1832.0, -213.0, -256.0, 1856.0, -240.0, -245.0, 102, 0, 204
L 1856.0, -240.0, -245.0, 1856.0, -280.0, -248.0, 102, 0, 204
L 1856.0, -280.0, -248.0, 1880.0, -304.0, -252.0, 102, 0, 204
L 1880.0, -304.0, -252.0, 1931.0, -320.0, -256.0, 102, 0, 204
L 1931.0, -320.0, -256.0, 1972.0, -356.0, -256.0, 102, 0, 204
L 1972.0, -356.0, -256.0, 1976.0, -419.0, -256.0, 102, 0, 204
L 1976.0, -419.0, -256.0, 2019.0, -466.0, -256.0, 102, 0, 204
L 2019.0, -466.0, -256.0, 2035.0, -498.0, -256.0, 102, 0, 204
L 2035.0, -498.0, -256.0, 2036.0, -541.0, -256.0, 102, 0, 204
L 2036.0, -541.0, -256.0, 2056.0, -580.0, -256.0, 102, 0, 204
L 2056.0, -580.0, -256.0, 2077.0, -601.0, -255.0, 102, 0, 204
L 2077.0, -601.0, -255.0, 2106.0, -586.0, -231.0, 102, 0, 204
L 2106.0, -586.0, -231.0, 2139.0, -602.0, -235.0, 102, 0, 204
L 2139.0, -602.0, -235.0, 2161.0, -561.0, -242.0, 102, 0, 204
L 2161.0, -561.0, -242.0, 2200.0, -541.0, -247.0, 102, 0, 204
L 2200.0, -541.0, -247.0, 2191.0, -510.0, -251.0, 102, 0, 204
L 2191.0, -510.0, -251.0, 2180.0, -442.0, -256.0, 102, 0, 204
L 2180.0, -442.0, -256.0, 2170.0, -418.0, -256.0, 102, 0, 204
L 2170.0, -418.0, -256.0, 2181.0, -403.0, -255.0, 102, 0, 204
L 2181.0, -403.0, -255.0, 2181.0, -379.0, -248.0, 102, 0, 204
L 2181.0, -379.0, -248.0, 2200.0, -320.0, -254.0, 102, 0, 204
L 2200.0, -320.0, -254.0, 2179.0, -278.0, -256.0, 102, 0, 204
L 2179.0, -278.0, -256.0, 2137.0, -258.0, -256.0, 102, 0, 204
L 2137.0, -258.0, -256.0, 2063.0, -258.0, -256.0, 102, 0, 204
L 2063.0, -258.0, -256.0, 1959.0, -237.0, -256.0, 102, 0, 204
L 1959.0, -237.0, -256.0, 1943.0, -204.0, -256.0, 102, 0, 204
L 1943.0, -204.0, -256.0, 1942.0, -179.0, -256.0, 102, 0, 204
L 1942.0, -179.0, -256.0, 1960.0, -161.0, -256.0, 102, 0, 204
L 1960.0, -161.0, -256.0, 1980.0, -121.0, -256.0, 102, 0, 204
L 1980.0, -121.0, -256.0, 2023.0, -80.0, -256.0, 102, 0, 204
L 2023.0, -80.0, -256.0, 2065.0, -60.0, -256.0, 102, 0, 204
L 2065.0, -60.0, -256.0, 2119.0, -42.0, -253.0, 102, 0, 204
L 2119.0, -42.0, -253.0, 2237.0, -22.0, -246.0, 102, 0, 204
L 2237.0, -22.0, -246.0, 2300.0, 37.0, -246.0, 102, 0, 204
L 2300.0, 37.0, -246.0, 2396.0, 56.0, -251.0, 255, 0, 0
L 2415.0, -77.0, -251.0, 2359.0, -58.0, -251.0, 255, 0, 0
L 2359.0, -58.0, -251.0, 2300.0, 37.0, -246.0, 255, 0, 0
L 2359.0, -58.0, -251.0, 2275.0, -79.0, -246.0, 102, 0, 204
L 2275.0, -79.0, -246.0, 2238.0, -97.0, -225.0, 102, 0, 204
L 2238.0, -97.0, -225.0, 2155.0, -78.0, -243.0, 102, 0, 204
L 2155.0, -78.0, -243.0, 2097.0, -98.0, -256.0, 102, 0, 204
L 2097.0, -98.0, -256.0, 2067.0, -98.0, -256.0, 102, 0, 204
L 2067.0, -98.0, -256.0, 2018.0, -137.0, -256.0, 102, 0, 204
L 2018.0, -137.0, -256.0, 2034.0, -159.0, -256.0, 102, 0, 204
L 2034.0, -159.0, -256.0, 2065.0, -164.0, -256.0, 102, 0, 204
L 2065.0, -164.0, -256.0, 2117.0, -177.0, -256.0, 102, 0, 204
L 2117.0, -177.0, -256.0, 2177.0, -202.0, -256.0, 102, 0, 204
L 2177.0, -202.0, -256.0, 2196.0, -241.0, -256.0, 102, 0, 204
L 2196.0, -241.0, -256.0, 2217.0, -264.0, -256.0, 102, 0, 204
L 2217.0, -264.0, -256.0, 2224.0, -284.0, -256.0, 102, 0, 204
L 2224.0, -284.0, -256.0, 2236.0, -356.0, -256.0, 102, 0, 204
L 2236.0, -356.0, -256.0, 2218.0, -377.0, -256.0, 102, 0, 204
L 2218.0, -377.0, -256.0, 2216.0, -438.0, -256.0, 102, 0, 204
L 2216.0, -438.0, -256.0, 2233.0, -474.0, -250.0, 102, 0, 204
L 2233.0, -474.0, -250.0, 2217.0, -498.0, -255.0, 102, 0, 204
L 2217.0, -498.0, -255.0, 2216.0, -560.0, -256.0, 102, 0, 204
L 2216.0, -560.0, -256.0, 2197.0, -597.0, -256.0, 102, 0, 204
L 2197.0, -597.0, -256.0, 2176.0, -618.0, -256.0, 102, 0, 204
L 2176.0, -618.0, -256.0, 2137.0, -638.0, -256.0, 102, 0, 204
L 2137.0, -638.0, -256.0, 2119.0, -655.0, -256.0, 102, 0, 204
L 2119.0, -655.0, -256.0, 2060.0, -638.0, -256.0, 102, 0, 204
L 2060.0, -638.0, -256.0, 2040.0, -637.0, -256.0, 102, 0, 204
L 2040.0, -637.0, -256.0, 2019.0, -617.0, -256.0, 102, 0, 204
L 2019.0, -617.0, -256.0, 2008.0, -595.0, -256.0, 102, 0, 204
L 2008.0, -595.0, -256.0, 2015.0, -592.0, -256.0, 102, 0, 204
L 2015.0, -592.0, -256.0, 2013.0, -566.0, -256.0, 102, 0, 204
L 2013.0, -566.0, -256.0, 2000.0, -562.0, -256.0, 102, 0, 204
L 2000.0, -562.0, -256.0, 2000.0, -548.0, -256.0, 102, 0, 204
L 2000.0, -548.0, -256.0, 1980.0, -518.0, -256.0, 102, 0, 204
L 1980.0, -518.0, -256.0, 1960.0, -457.0, -256.0, 102, 0, 204
L 1960.0, -457.0, -256.0, 1941.0, -420.0, -256.0, 102, 0, 204
L 1941.0, -420.0, -256.0, 1940.0, -382.0, -256.0, 102, 0, 204
L 1940.0, -382.0, -256.0, 1899.0, -358.0, -256.0, 102, 0, 204
L 1899.0, -358.0, -256.0, 1867.0, -347.0, -256.0, 102, 0, 204
L 1867.0, -347.0, -256.0, 1867.0, -337.0, -256.0, 102, 0, 204
L 1867.0, -337.0, -256.0, 1841.0, -316.0, -256.0, 102, 0, 204
L 1841.0, -316.0, -256.0, 1834.0, -321.0, -256.0, 102, 0, 204
L 1834.0, -321.0, -256.0, 1822.0, -283.0, -256.0, 102, 0, 204
L 1822.0, -283.0, -256.0, 1801.0, -241.0, -256.0, 102, 0, 204
L 1801.0, -241.0, -256.0, 1754.0, -238.0, -255.0, 102, 0, 204
L 1754.0, -238.0, -255.0, 1700.0, -198.0, -245.0, 102, 0, 204
L 1700.0, -198.0, -245.0, 1659.0, -236.0, -255.0, 102, 0, 204
L 1659.0, -236.0, -255.0, 1636.0, -278.0, -255.0, 102, 0, 204
L 1636.0, -278.0, -255.0, 1594.0, -299.0, -256.0, 102, 0, 204
L 1594.0, -299.0, -256.0, 1538.0, -318.0, -256.0, 102, 0, 204
L 1538.0, -318.0, -256.0, 1497.0, -338.0, -252.0, 102, 0, 204
L 1497.0, -338.0, -252.0, 1477.0, -378.0, -256.0, 102, 0, 204
L 1477.0, -378.0, -256.0, 1418.0, -437.0, -256.0, 102, 0, 204
L 1418.0, -437.0, -256.0, 1376.0, -500.0, -256.0, 102, 0, 204
L 1376.0, -500.0, -256.0, 1356.0, -559.0, -256.0, 102, 0, 204
L 1356.0, -559.0, -256.0, 1365.0, -577.0, -256.0, 102, 0, 204
L 1365.0, -577.0, -256.0, 1362.0, -599.0, -249.0, 102, 0, 204
L 1362.0, -599.0, -249.0, 1365.0, -610.0, -251.0, 102, 0, 204
L 1365.0, -610.0, -251.0, 1341.0, -634.0, -256.0, 102, 0, 204
L 1341.0, -634.0, -256.0, 1296.0, -761.0, -255.0, 102, 0, 204
L 1296.0, -761.0, -255.0, 1316.0, -820.0, -256.0, 102, 0, 204
L 1316.0, -820.0, -256.0, 1294.0, -862.0, -256.0, 102, 0, 204
L 1294.0, -862.0, -256.0, 1250.0, -924.0, -256.0, 102, 0, 204
L 1250.0, -924.0, -256.0, 1219.0, -955.0, -256.0, 102, 0, 204
L 1219.0, -955.0, -256.0, 1058.0, -997.0, -256.0, 102, 0, 204
L 1058.0, -997.0, -256.0, 983.0, -978.0, -256.0, 102, 0, 204
L 983.0, -978.0, -256.0, 926.0, -995.0, -217.0, 102, 0, 204
L 926.0, -995.0, -217.0, 876.0, -977.0, -225.0, 102, 0, 204
L 876.0, -977.0, -225.0, 836.0, -978.0, -235.0, 102, 0, 204
L 836.0, -978.0, -235.0, 822.0, -993.0, -239.0, 102, 0, 204
L 822.0, -993.0, -239.0, 778.0, -977.0, -247.0, 102, 0, 204
L 778.0, -977.0, -247.0, 756.0, -1041.0, -256.0, 102, 0, 204
L 756.0, -1041.0, -256.0, 756.0, -1117.0, -256.0, 102, 0, 204
L 756.0, -1117.0, -256.0, 776.0, -1196.0, -256.0, 102, 0, 204
L 776.0, -1196.0, -256.0, 736.0, -1282.0, -256.0, 102, 0, 204
L 736.0, -1282.0, -256.0, 736.0, -1378.0, -255.0, 102, 0, 204
L 736.0, -1378.0, -255.0, 669.0, -1425.0, -246.0, 102, 0, 204
L 669.0, -1425.0, -246.0, 659.0, -1436.0, -230.0, 102, 0, 204
L 659.0, -1436.0, -230.0, 638.0, -1416.0, -234.0, 102, 0, 204
L 638.0, -1416.0, -234.0, 572.0, -1441.0, -246.0, 102, 0, 204
L 572.0, -1441.0, -246.0, 556.0, -1458.0, -250.0, 102, 0, 204
L 556.0, -1458.0, -250.0, 515.0, -1477.0, -255.0, 102, 0, 204
L 515.0, -1477.0, -255.0, 468.0, -1477.0, -256.0, 102, 0, 204
L 468.0, -1477.0, -256.0, 465.0, -1466.0, -253.0, 102, 0, 204
L 465.0, -1466.0, -253.0, 451.0, -1461.0, -255.0, 102, 0, 204
L 451.0, -1461.0, -255.0, 443.0, -1469.0, -255.0, 102, 0, 204
L 443.0, -1469.0, -255.0, 448.0, -1481.0, -239.0, 102, 0, 204
L 448.0, -1481.0, -239.0, 428.0, -1487.0, -256.0, 102, 0, 204
L 428.0, -1487.0, -256.0, 371.0, -1512.0, -275.0, 0, 0, 255
L 371.0, -1512.0, -275.0, 294.0, -1516.0, -288.0, 0, 0, 255
L 294.0, -1516.0, -288.0, 261.0, -1483.0, -292.0, 0, 0, 255
L 261.0, -1483.0, -292.0, 238.0, -1497.0, -294.0, 0, 0, 255
L 238.0, -1497.0, -294.0, 222.0, -1488.0, -296.0, 0, 0, 255
L 222.0, -1488.0, -296.0, 221.0, -1480.0, -295.0, 0, 0, 255
L 221.0, -1480.0, -295.0, 225.0, -1467.0, -296.0, 0, 0, 255
L 225.0, -1467.0, -296.0, 239.0, -1462.0, -295.0, 0, 0, 255
L 239.0, -1462.0, -295.0, 241.0, -1446.0, -296.0, 0, 0, 255
L 241.0, -1446.0, -296.0, 254.0, -1437.0, -296.0, 0, 0, 255
L 254.0, -1437.0, -296.0, 292.0, -1418.0, -293.0, 0, 0, 255
L 292.0, -1418.0, -293.0, 327.0, -1389.0, -296.0, 0, 0, 255
L 327.0, -1389.0, -296.0, 387.0, -1382.0, -285.0, 0, 0, 255
L 387.0, -1382.0, -285.0, 426.0, -1386.0, -281.0, 0, 0, 255
L 426.0, -1386.0, -281.0, 428.0, -1487.0, -256.0, 0, 0, 255
L 426.0, -1386.0, -281.0, 435.0, -1400.0, -256.0, 102, 0, 204
L 435.0, -1400.0, -256.0, 466.0, -1404.0, -254.0, 102, 0, 204
L 466.0, -1404.0, -254.0, 519.0, -1422.0, -254.0, 102, 0, 204
L 519.0, -1422.0, -254.0, 540.0, -1403.0, -252.0, 102, 0, 204
L 540.0, -1403.0, -252.0, 622.0, -1362.0, -255.0, 102, 0, 204
L 622.0, -1362.0, -255.0, 658.0, -1362.0, -256.0, 102, 0, 204
L 658.0, -1362.0, -256.0, 681.0, -1340.0, -251.0, 102, 0, 204
L 681.0, -1340.0, -251.0, 681.0, -1280.0, -253.0, 102, 0, 204
L 681.0, -1280.0, -253.0, 701.0, -1221.0, -255.0, 102, 0, 204
L 701.0, -1221.0, -255.0, 679.0, -1157.0, -256.0, 102, 0, 204
L 679.0, -1157.0, -256.0, 640.0, -1138.0, -257.0, 102, 0, 204
L 640.0, -1138.0, -257.0, 597.0, -1158.0, -256.0, 102, 0, 204
L 597.0, -1158.0, -256.0, 579.0, -1176.0, -256.0, 102, 0, 204
L 579.0, -1176.0, -256.0, 539.0, -1197.0, -256.0, 102, 0, 204
L 539.0, -1197.0, -256.0, 510.0, -1168.0, -253.0, 102, 0, 204
L 510.0, -1168.0, -253.0, 502.0, -1159.0, -247.0, 102, 0, 204
L 502.0, -1159.0, -247.0, 520.0, -1123.0, -250.0, 102, 0, 204
L 520.0, -1123.0, -250.0, 561.0, -1142.0, -255.0, 102, 0, 204
L 561.0, -1142.0, -255.0, 585.0, -1140.0, -256.0, 102, 0, 204
L 585.0, -1140.0, -256.0, 639.0, -1122.0, -265.0, 102, 0, 204
L 639.0, -1122.0, -265.0, 679.0, -1122.0, -256.0, 102, 0, 204
L 679.0, -1122.0, -256.0, 700.0, -1062.0, -256.0, 102, 0, 204
L 700.0, -1062.0, -256.0, 723.0, -959.0, -253.0, 102, 0, 204
L 723.0, -959.0, -253.0, 759.0, -922.0, -256.0, 102, 0, 204
L 759.0, -922.0, -256.0, 822.0, -921.0, -256.0, 102, 0, 204
L 822.0, -921.0, -256.0, 820.0, -898.0, -256.0, 102, 0, 204
L 820.0, -898.0, -256.0, 781.0, -820.0, -255.0, 102, 0, 204
L 781.0, -820.0, -255.0, 717.0, -818.0, -256.0, 102, 0, 204
L 717.0, -818.0, -256.0, 679.0, -836.0, -256.0, 102, 0, 204
L 679.0, -836.0, -256.0, 660.0, -817.0, -256.0, 102, 0, 204
L 660.0, -817.0, -256.0, 620.0, -738.0, -256.0, 102, 0, 204
L 620.0, -738.0, -256.0, 597.0, -716.0, -255.0, 102, 0, 204
L 597.0, -716.0, -255.0, 559.0, -697.0, -256.0, 102, 0, 204
L 559.0, -697.0, -256.0, 517.0, -696.0, -255.0, 102, 0, 204
L 517.0, -696.0, -255.0, 480.0, -678.0, -256.0, 102, 0, 204
L 480.0, -678.0, -256.0, 439.0, -697.0, -223.0, 102, 0, 204
L 439.0, -697.0, -223.0, 400.0, -658.0, -234.0, 102, 0, 204
L 400.0, -658.0, -234.0, 382.0, -657.0, -238.0, 102, 0, 204
L 382.0, -657.0, -238.0, 361.0, -618.0, -248.0, 102, 0, 204
L 361.0, -618.0, -248.0, 321.0, -617.0, -255.0, 102, 0, 204
L 321.0, -617.0, -255.0, 299.0, -597.0, -256.0, 102, 0, 204
L 299.0, -597.0, -256.0, 279.0, -616.0, -256.0, 102, 0, 204
L 279.0, -616.0, -256.0, 257.0, -658.0, -256.0, 102, 0, 204
L 257.0, -658.0, -256.0, 257.0, -761.0, -256.0, 102, 0, 204
L 257.0, -761.0, -256.0, 297.0, -781.0, -256.0, 102, 0, 204
L 297.0, -781.0, -256.0, 335.0, -819.0, -256.0, 102, 0, 204
L 335.0, -819.0, -256.0, 356.0, -858.0, -236.0, 102, 0, 204
L 356.0, -858.0, -236.0, 337.0, -901.0, -243.0, 102, 0, 204
L 337.0, -901.0, -243.0, 337.0, -937.0, -250.0, 102, 0, 204
L 337.0, -937.0, -250.0, 278.0, -997.0, -256.0, 102, 0, 204
L 278.0, -997.0, -256.0, 238.0, -996.0, -254.0, 102, 0, 204
L 238.0, -996.0, -254.0, 221.0, -979.0, -256.0, 102, 0, 204
L 221.0, -979.0, -256.0, 208.0, -977.0, -255.0, 102, 0, 204
L 208.0, -977.0, -255.0, 182.0, -977.0, -246.0, 102, 0, 204
L 182.0, -977.0, -246.0, 172.0, -968.0, -248.0, 102, 0, 204
L 144.0, -942.0, -255.0, 122.0, -899.0, -253.0, 102, 0, 204
L 122.0, -899.0, -253.0, 141.0, -860.0, -248.0, 102, 0, 204
L 141.0, -860.0, -248.0, 182.0, -818.0, -251.0, 102, 0, 204
L 182.0, -818.0, -251.0, 221.0, -741.0, -255.0, 102, 0, 204
L 221.0, -741.0, -255.0, 202.0, -701.0, -256.0, 102, 0, 204
L 202.0, -701.0, -256.0, 183.0, -680.0, -222.0, 102, 0, 204
L 183.0, -680.0, -222.0, 203.0, -640.0, -225.0, 102, 0, 204
L 203.0, -640.0, -225.0, 241.0, -621.0, -233.0, 102, 0, 204
L 241.0, -621.0, -233.0, 280.0, -562.0, -238.0, 102, 0, 204
L 280.0, -562.0, -238.0, 282.0, -519.0, -242.0, 102, 0, 204
L 282.0, -519.0, -242.0, 299.0, -484.0, -245.0, 102, 0, 204
L 299.0, -484.0, -245.0, 343.0, -462.0, -248.0, 102, 0, 204
L 343.0, -462.0, -248.0, 360.0, -462.0, -249.0, 102, 0, 204
L 360.0, -462.0, -249.0, 396.0, -444.0, -251.0, 102, 0, 204
L 396.0, -444.0, -251.0, 362.0, -399.0, -254.0, 102, 0, 204
L 362.0, -399.0, -254.0, 380.0, -363.0, -256.0, 178, 102, 255
L 380.0, -363.0, -256.0, 419.0, -382.0, -255.0, 102, 0, 204
L 419.0, -382.0, -255.0, 440.0, -362.0, -256.0, 102, 0, 204
L 440.0, -362.0, -256.0, 477.0, -343.0, -256.0, 102, 0, 204
L 477.0, -343.0, -256.0, 499.0, -323.0, -236.0, 102, 0, 204
L 499.0, -323.0, -236.0, 523.0, -344.0, -239.0, 102, 0, 204
L 523.0, -344.0, -239.0, 558.0, -362.0, -242.0, 102, 0, 204
L 558.0, -362.0, -242.0, 583.0, -337.0, -245.0, 102, 0, 204
L 583.0, -337.0, -245.0, 600.0, -302.0, -248.0, 102, 0, 204
L 600.0, -302.0, -248.0, 601.0, -259.0, -249.0, 102, 0, 204
L 601.0, -259.0, -249.0, 560.0, -238.0, -252.0, 102, 0, 204
L 560.0, -238.0, -252.0, 518.0, -197.0, -255.0, 102, 0, 204
L 518.0, -197.0, -255.0, 517.0, -236.0, -256.0, 102, 0, 204
L 517.0, -236.0, -256.0, 493.0, -224.0, -250.0, 102, 0, 204
L 481.0, -219.0, -248.0, 481.0, -182.0, -250.0, 102, 0, 204
L 481.0, -182.0, -250.0, 515.0, -182.0, -252.0, 102, 0, 204
L 515.0, -182.0, -252.0, 560.0, -222.0, -255.0, 102, 0, 204
L 560.0, -222.0, -255.0, 599.0, -183.0, -255.0, 102, 0, 204
L 599.0, -183.0, -255.0, 600.0, -176.0, -256.0, 102, 0, 204
L 600.0, -176.0, -256.0, 579.0, -117.0, -256.0, 102, 0, 204
L 579.0, -117.0, -256.0, 557.0, -96.0, -256.0, 102, 0, 204
L 557.0, -96.0, -256.0, 519.0, -97.0, -256.0, 102, 0, 204
L 519.0, -97.0, -256.0, 501.0, -79.0, -256.0, 102, 0, 204
L 501.0, -79.0, -256.0, 455.0, -76.0, -254.0, 102, 0, 204
L 455.0, -76.0, -254.0, 401.0, -58.0, -256.0, 155, 155, 155
L 401.0, -58.0, -256.0, 401.0, -21.0, -247.0, 102, 0, 204
L 401.0, -21.0, -247.0, 424.0, 0.0, -247.0, 102, 0, 204
L 424.0, 0.0, -247.0, 459.0, 16.0, -245.0, 102, 0, 204
L 459.0, 16.0, -245.0, 497.0, -2.0, -247.0, 102, 0, 204
L 497.0, -2.0, -247.0, 516.0, -40.0, -249.0, 102, 0, 204
L 516.0, -40.0, -249.0, 596.0, -81.0, -254.0, 102, 0, 204
L 596.0, -81.0, -254.0, 616.0, -101.0, -255.0, 102, 0, 204
L 616.0, -101.0, -255.0, 636.0, -142.0, -256.0, 102, 0, 204
L 636.0, -142.0, -256.0, 637.0, -178.0, -256.0, 102, 0, 204
L 637.0, -178.0, -256.0, 680.0, -162.0, -255.0, 102, 0, 204
L 680.0, -162.0, -255.0, 700.0, -142.0, -256.0, 102, 0, 204
L 700.0, -142.0, -256.0, 718.0, -142.0, -252.0, 102, 0, 204
L 736.0, -142.0, -249.0, 736.0, -151.0, -249.0, 102, 0, 204
L 736.0, -172.0, -249.0, 699.0, -178.0, -251.0, 102, 0, 204
L 699.0, -178.0, -251.0, 655.0, -202.0, -254.0, 102, 0, 204
L 655.0, -202.0, -254.0, 637.0, -239.0, -256.0, 102, 0, 204
L 637.0, -239.0, -256.0, 636.0, -279.0, -256.0, 102, 0, 204
L 636.0, -279.0, -256.0, 616.0, -320.0, -252.0, 102, 0, 204
L 616.0, -320.0, -252.0, 616.0, -439.0, -256.0, 102, 0, 204
L 616.0, -439.0, -256.0, 636.0, -480.0, -256.0, 102, 0, 204
L 636.0, -480.0, -256.0, 674.0, -465.0, -256.0, 102, 0, 204
L 674.0, -465.0, -256.0, 696.0, -499.0, -255.0, 155, 155, 155
L 696.0, -499.0, -255.0, 679.0, -516.0, -256.0, 102, 0, 204
L 679.0, -516.0, -256.0, 676.0, -559.0, -256.0, 102, 0, 204
L 676.0, -559.0, -256.0, 696.0, -602.0, -256.0, 155, 155, 155
L 696.0, -602.0, -256.0, 696.0, -639.0, -256.0, 102, 0, 204
L 696.0, -639.0, -256.0, 658.0, -658.0, -256.0, 102, 0, 204
L 658.0, -658.0, -256.0, 636.0, -704.0, -256.0, 102, 0, 204
L 636.0, -704.0, -256.0, 657.0, -722.0, -256.0, 102, 0, 204
L 657.0, -722.0, -256.0, 677.0, -761.0, -256.0, 102, 0, 204
L 677.0, -761.0, -256.0, 696.0, -780.0, -256.0, 102, 0, 204
L 696.0, -780.0, -256.0, 795.0, -782.0, -256.0, 102, 0, 204
L 795.0, -782.0, -256.0, 818.0, -803.0, -256.0, 102, 0, 204
L 818.0, -803.0, -256.0, 835.0, -837.0, -256.0, 102, 0, 204
L 835.0, -837.0, -256.0, 836.0, -878.0, -256.0, 102, 0, 204
L 836.0, -878.0, -256.0, 855.0, -900.0, -256.0, 102, 0, 204
L 855.0, -900.0, -256.0, 917.0, -922.0, -244.0, 102, 0, 204
L 917.0, -922.0, -244.0, 958.0, -902.0, -246.0, 102, 0, 204
L 958.0, -902.0, -246.0, 1042.0, -922.0, -250.0, 102, 0, 204
L 1042.0, -922.0, -250.0, 1060.0, -922.0, -252.0, 102, 0, 204
L 1060.0, -922.0, -252.0, 1085.0, -909.0, -253.0, 102, 0, 204
L 1085.0, -909.0, -253.0, 1096.0, -922.0, -254.0, 102, 0, 204
L 1096.0, -922.0, -254.0, 1111.0, -918.0, -254.0, 102, 0, 204
L 1111.0, -918.0, -254.0, 1120.0, -922.0, -255.0, 102, 0, 204
L 1120.0, -922.0, -255.0, 1180.0, -902.0, -256.0, 102, 0, 204
L 1180.0, -902.0, -256.0, 1221.0, -860.0, -255.0, 102, 0, 204
L 1221.0, -860.0, -255.0, 1241.0, -818.0, -256.0, 102, 0, 204
L 1241.0, -818.0, -256.0, 1260.0, -763.0, -256.0, 102, 0, 204
L 1260.0, -763.0, -256.0, 1242.0, -739.0, -240.0, 102, 0, 204
L 1242.0, -739.0, -240.0, 1261.0, -698.0, -239.0, 102, 0, 204
L 1261.0, -698.0, -239.0, 1283.0, -636.0, -244.0, 102, 0, 204
L 1283.0, -636.0, -244.0, 1300.0, -602.0, -246.0, 102, 0, 204
L 1300.0, -602.0, -246.0, 1301.0, -560.0, -248.0, 102, 0, 204
L 1301.0, -560.0, -248.0, 1379.0, -403.0, -256.0, 102, 0, 204
L 1379.0, -403.0, -256.0, 1381.0, -360.0, -256.0, 102, 0, 204
L 1381.0, -360.0, -256.0, 1316.0, -322.0, -244.0, 102, 0, 204
L 1316.0, -322.0, -244.0, 1243.0, -298.0, -217.0, 102, 0, 204
L 1243.0, -298.0, -217.0, 1199.0, -317.0, -168.0, 102, 0, 204
L 1199.0, -317.0, -168.0, 1161.0, -297.0, -180.0, 102, 0, 204
L 1161.0, -297.0, -180.0, 1161.0, -260.0, -188.0, 102, 0, 204
L 1161.0, -260.0, -188.0, 1182.0, -218.0, -176.0, 102, 0, 204
L 1182.0, -218.0, -176.0, 1199.0, -185.0, -168.0, 102, 0, 204
L 1199.0, -185.0, -168.0, 1182.0, -131.0, -147.0, 102, 0, 204
L 1182.0, -131.0, -147.0, 1182.0, -78.0, -142.0, 102, 0, 204
L 1182.0, -78.0, -142.0, 1181.0, -26.0, -121.0, 102, 0, 204
L 1181.0, -26.0, -121.0, 1219.0, 36.0, -114.0, 102, 0, 204
L 1219.0, 36.0, -114.0, 1293.0, 55.0, -96.0, 102, 0, 204
L 1293.0, 55.0, -96.0, 1335.0, 38.0, -66.0, 102, 0, 204
L 1335.0, 38.0, -66.0, 1377.0, 37.0, -43.0, 102, 0, 204
L 1377.0, 37.0, -43.0, 1417.0, -2.0, -28.0, 102, 0, 204
L 1417.0, -2.0, -28.0, 1436.0, -59.0, -13.0, 102, 0, 204
L 1436.0, -59.0, -13.0, 1511.0, -106.0, 3.0, 102, 0, 204
L 1390.0, -155.0, 28.0, 1390.0, -155.0, 2.0, 102, 0, 204
L 1390.0, -155.0, 2.0, 1380.0, -96.0, -16.0, 102, 0, 204
L 1380.0, -96.0, -16.0, 1357.0, -17.0, -39.0, 102, 0, 204
L 1357.0, -17.0, -39.0, 1314.0, 1.0, -68.0, 102, 0, 204
L 1314.0, 1.0, -68.0, 1255.0, 0.0, -98.0, 102, 0, 204
L 1255.0, 0.0, -98.0, 1236.0, -19.0, -106.0, 102, 0, 204
L 1236.0, -19.0, -106.0, 1236.0, -60.0, -121.0, 102, 0, 204
L 1236.0, -60.0, -121.0, 1256.0, -101.0, -123.0, 102, 0, 204
L 1256.0, -101.0, -123.0, 1217.0, -217.0, -176.0, 102, 0, 204
L 1217.0, -217.0, -176.0, 1217.0, -222.0, -181.0, 102, 0, 204
L 1217.0, -222.0, -181.0, 1257.0, -242.0, -196.0, 102, 0, 204
L 1257.0, -242.0, -196.0, 1297.0, -242.0, -228.0, 102, 0, 204
L 1297.0, -242.0, -228.0, 1419.0, -323.0, -255.0, 102, 0, 204
L 1419.0, -323.0, -255.0, 1459.0, -302.0, -256.0, 102, 0, 204
L 1459.0, -302.0, -256.0, 1471.0, -290.0, -256.0, 102, 0, 204
L 1471.0, -290.0, -256.0, 1580.0, -262.0, -256.0, 102, 0, 204
L 1580.0, -262.0, -256.0, 1598.0, -244.0, -256.0, 102, 0, 204
L 1598.0, -244.0, -256.0, 1620.0, -201.0, -255.0, 102, 0, 204
L 1620.0, -201.0, -255.0, 1645.0, -179.0, -256.0, 102, 0, 204
L 1645.0, -179.0, -256.0, 1679.0, -162.0, -256.0, 102, 0, 204
L 1679.0, -162.0, -256.0, 1697.0, -162.0, -256.0, 102, 0, 204
L 1697.0, -162.0, -256.0, 1718.0, -125.0, -256.0, 102, 0, 204
L 1718.0, -125.0, -256.0, 1760.0, -82.0, -256.0, 102, 0, 204
L 1760.0, -82.0, -256.0, 1799.0, -82.0, -256.0, 102, 0, 204
L 1799.0, -82.0, -256.0, 1832.0, -17.0, -256.0, 102, 0, 204
L 1832.0, -17.0, -256.0, 1849.0, -7.0, -256.0, 102, 0, 204
L 1849.0, -7.0, -256.0, 1845.0, 20.0, -254.0, 102, 0, 204
L 1845.0, 20.0, -254.0, 1859.0, 37.0, -256.0, 102, 0, 204
L 1859.0, 37.0, -256.0, 1878.0, 37.0, -256.0, 102, 0, 204
L 1878.0, 37.0, -256.0, 1920.0, 57.0, -256.0, 102, 0, 204
L 1920.0, 57.0, -256.0, 1920.0, 81.0, -256.0, 102, 0, 204
L 1920.0, 81.0, -256.0, 1901.0, 119.0, -256.0, 102, 0, 204
L 1901.0, 119.0, -256.0, 1888.0, 132.0, -256.0, 102, 0, 204
L 1888.0, 132.0, -256.0, 1865.0, 153.0, -255.0, 102, 0, 204
L 1865.0, 153.0, -255.0, 1845.0, 150.0, -250.0, 102, 0, 204
L 1845.0, 150.0, -250.0, 1839.0, 141.0, -248.0, 102, 0, 204
L 1839.0, 141.0, -248.0, 1815.0, 143.0, -256.0, 102, 0, 204
L 1815.0, 143.0, -256.0, 1781.0, 160.0, -256.0, 102, 0, 204
L 1781.0, 160.0, -256.0, 1707.0, 179.0, -256.0, 102, 0, 204
L 1707.0, 179.0, -256.0, 1695.0, 180.0, -256.0, 102, 0, 204
L 1695.0, 180.0, -256.0, 1681.0, 148.0, -256.0, 102, 0, 204
L 1681.0, 148.0, -256.0, 1640.0, 122.0, -256.0, 102, 0, 204
L 1640.0, 122.0, -256.0, 1614.0, 134.0, -256.0, 102, 0, 204
L 1614.0, 134.0, -256.0, 1581.0, 141.0, -256.0, 102, 0, 204
L 1581.0, 141.0, -256.0, 1562.0, 159.0, -256.0, 102, 0, 204
L 1562.0, 159.0, -256.0, 1561.0, 179.0, -256.0, 102, 0, 204
L 1561.0, 179.0, -256.0, 1581.0, 224.0, -256.0, 102, 0, 204
L 1581.0, 224.0, -256.0, 1581.0, 236.0, -256.0, 102, 0, 204
L 1581.0, 236.0, -256.0, 1559.0, 281.0, -256.0, 102, 0, 204
L 1559.0, 281.0, -256.0, 1539.0, 301.0, -256.0, 102, 0, 204
L 1539.0, 301.0, -256.0, 1499.0, 321.0, -256.0, 102, 0, 204
L 1499.0, 321.0, -256.0, 1481.0, 339.0, -256.0, 102, 0, 204
L 1481.0, 339.0, -256.0, 1419.0, 322.0, -256.0, 102, 0, 204
L 1419.0, 322.0, -256.0, 1401.0, 340.0, -256.0, 102, 0, 204
L 1401.0, 340.0, -256.0, 1339.0, 363.0, -256.0, 102, 0, 204
L 1339.0, 363.0, -256.0, 1321.0, 399.0, -256.0, 102, 0, 204
L 1321.0, 399.0, -256.0, 1313.0, 399.0, -256.0, 102, 0, 204
L 1313.0, 399.0, -256.0, 1276.0, 380.0, -256.0, 102, 0, 204
L 1276.0, 380.0, -256.0, 1276.0, 335.0, -261.0, 102, 0, 204
L 1061.0, 141.0, -262.0, 999.0, 122.0, -227.0, 102, 0, 204
L 999.0, 122.0, -227.0, 978.0, 142.0, -256.0, 102, 0, 204
L 978.0, 142.0, -256.0, 910.0, 166.0, -256.0, 102, 0, 204
L 910.0, 166.0, -256.0, 882.0, 180.0, -256.0, 102, 0, 204
L 882.0, 180.0, -256.0, 846.0, 214.0, -256.0, 102, 0, 204
L 841.0, 220.0, -256.0, 841.0, 220.0, -255.0, 102, 0, 204
L 846.0, 214.0, -256.0, 841.0, 220.0, -256.0, 102, 0, 204
L 674.0, -465.0, -256.0, 718.0, -462.0, -216.0, 178, 102, 255
L 718.0, -462.0, -216.0, 741.0, -442.0, -216.0, 178, 102, 255
L 741.0, -442.0, -216.0, 798.0, -443.0, -216.0, 178, 102, 255
L 798.0, -443.0, -216.0, 840.0, -483.0, -216.0, 178, 102, 255
L 840.0, -483.0, -216.0, 861.0, -462.0, -216.0, 178, 102, 255
L 861.0, -462.0, -216.0, 878.0, -462.0, -216.0, 178, 102, 255
L 878.0, -462.0, -216.0, 885.0, -469.0, -216.0, 178, 102, 255
L 885.0, -469.0, -216.0, 896.0, -480.0, -193.0, 178, 102, 255
L 896.0, -480.0, -193.0, 879.0, -515.0, -216.0, 178, 102, 255
L 879.0, -515.0, -216.0, 850.0, -513.0, -196.0, 178, 102, 255
L 850.0, -513.0, -196.0, 836.0, -498.0, -216.0, 178, 102, 255
L 836.0, -498.0, -216.0, 816.0, -498.0, -214.0, 178, 102, 255
L 816.0, -498.0, -214.0, 816.0, -531.0, -210.0, 178, 102, 255
L 816.0, -531.0, -210.0, 816.0, -579.0, -205.0, 178, 102, 255
L 816.0, -579.0, -205.0, 798.0, -597.0, -204.0, 178, 102, 255
L 798.0, -597.0, -204.0, 759.0, -617.0, -198.0, 178, 102, 255
L 759.0, -617.0, -198.0, 720.0, -578.0, -197.0, 178, 102, 255
L 720.0, -578.0, -197.0, 696.0, -602.0, -256.0, 178, 102, 255
L 696.0, -499.0, -256.0, 719.0, -477.0, -216.0, 178, 102, 255
L 719.0, -477.0, -216.0, 760.0, -458.0, -216.0, 178, 102, 255
L 760.0, -458.0, -216.0, 780.0, -458.0, -216.0, 178, 102, 255
L 780.0, -458.0, -216.0, 801.0, -480.0, -216.0, 178, 102, 255
L 801.0, -480.0, -216.0, 801.0, -559.0, -205.0, 178, 102, 255
L 801.0, -559.0, -205.0, 760.0, -582.0, -201.0, 178, 102, 255
L 760.0, -582.0, -201.0, 743.0, -567.0, -189.0, 178, 102, 255
L 743.0, -567.0, -189.0, 722.0, -563.0, -196.0, 178, 102, 255
L 722.0, -563.0, -196.0, 694.0, -562.0, -196.0, 178, 102, 255
L 694.0, -562.0, -196.0, 690.0, -569.0, -196.0, 178, 102, 255
L 690.0, -569.0, -196.0, 677.0, -561.0, -256.0, 178, 102, 255
L 2685.0, 65.0, 1.0, 2685.0, 113.0, 0.0, 255, 0, 0
L 2685.0, 113.0, 0.0, 2719.0, 132.0, 0.0, 255, 0, 0
L 2719.0, 132.0, 0.0, 2737.0, 132.0, -1.0, 255, 0, 0
L 2737.0, 132.0, -1.0, 2771.0, 113.0, 0.0, 255, 0, 0
L 2771.0, 113.0, 0.0, 2771.0, 65.0, 0.0, 255, 0, 0
L 2771.0, 65.0, 0.0, 2737.0, 46.0, 0.0, 255, 0, 0
L 2737.0, 46.0, 0.0, 2685.0, 65.0, 1.0, 255, 0, 0
L 2757.0, 157.0, -196.0, 2786.0, 138.0, -195.0, 255, 0, 0
L 2786.0, 138.0, -195.0, 2835.0, 117.0, -193.0, 255, 0, 0
L 2835.0, 117.0, -193.0, 2835.0, 59.0, -192.0, 255, 0, 0
L 2835.0, 59.0, -192.0, 2797.0, 2.0, -189.0, 255, 0, 0
L 2797.0, 2.0, -189.0, 2749.0, 11.0, -196.0, 255, 0, 0
L 2749.0, 11.0, -196.0, 2698.0, 1.0, -184.0, 255, 0, 0
L 2698.0, 1.0, -184.0, 2639.0, -37.0, -170.0, 255, 0, 0
L 2639.0, -37.0, -170.0, 2579.0, -38.0, -159.0, 255, 0, 0
L 2579.0, -38.0, -159.0, 2500.0, -77.0, -169.0, 255, 0, 0
L 2480.0, 18.0, -242.0, 2537.0, 58.0, -294.0, 255, 0, 0
L 2757.0, 157.0, -196.0, 2700.0, 147.0, -196.0, 255, 0, 0
L 2700.0, 147.0, -196.0, 2640.0, 156.0, -196.0, 255, 0, 0
L 2500.0, -77.0, -169.0, 2415.0, -77.0, -251.0, 255, 0, 0
L 2396.0, 56.0, -251.0, 2480.0, 18.0, -242.0, 255, 0, 0
L 2560.0, 137.0, -241.0, 2640.0, 156.0, -196.0, 255, 0, 0
L 2560.0, 137.0, -246.0, 2560.0, 137.0, -241.0, 255, 0, 0
L 2560.0, 137.0, -246.0, 2537.0, 58.0, -294.0, 255, 0, 0
L -729.0, -1048.0, -1.0, -730.0, -1283.0, -86.0, 178, 102, 255
L -730.0, -1283.0, -86.0, -811.0, -1321.0, -88.0, 178, 102, 255
L -811.0, -1321.0, -88.0, -1009.0, -1321.0, -113.0, 178, 102, 255
L -1009.0, -1321.0, -113.0, -1087.0, -1399.0, -122.0, 178, 102, 255
L -1087.0, -1399.0, -122.0, -1089.0, -1486.0, -138.0, 178, 102, 255
L -1089.0, -1486.0, -138.0, -1128.0, -1481.0, -138.0, 178, 102, 255
L -1128.0, -1481.0, -138.0, -1128.0, -1558.0, -138.0, 178, 102, 255
L -1128.0, -1558.0, -138.0, -1090.0, -1557.0, -138.0, 178, 102, 255
L -1090.0, -1557.0, -138.0, -1088.0, -1598.0, -138.0, 178, 102, 255
L -1088.0, -1598.0, -138.0, -1011.0, -1598.0, -138.0, 178, 102, 255
L -1011.0, -1598.0, -138.0, -1010.0, -1559.0, -138.0, 178, 102, 255
L -1010.0, -1559.0, -138.0, -784.0, -1558.0, -158.0, 178, 102, 255
L -784.0, -1558.0, -158.0, -783.0, -1542.0, -158.0, 178, 102, 255
L -783.0, -1542.0, -158.0, -778.0, -1511.0, -158.0, 178, 102, 255
L -778.0, -1511.0, -158.0, -749.0, -1508.0, -158.0, 178, 102, 255
L -749.0, -1508.0, -158.0, -732.0, -1501.0, -158.0, 178, 102, 255
L -732.0, -1501.0, -158.0, -717.0, -1492.0, -158.0, 178, 102, 255
L -717.0, -1492.0, -158.0, -709.0, -1488.0, -158.0, 178, 102, 255
L -709.0, -1488.0, -158.0, -696.0, -1483.0, -158.0, 178, 102, 255
L -696.0, -1483.0, -158.0, -683.0, -1483.0, -158.0, 178, 102, 255
L -683.0, -1483.0, -158.0, -656.0, -1478.0, -158.0, 178, 102, 255
L -656.0, -1478.0, -158.0, -594.0, -1463.0, -158.0, 178, 102, 255
L -594.0, -1463.0, -158.0, -571.0, -1454.0, -158.0, 178, 102, 255
L -571.0, -1454.0, -158.0, -566.0, -1399.0, -158.0, 178, 102, 255
L -566.0, -1399.0, -158.0, -571.0, -1383.0, -158.0, 178, 102, 255
L -571.0, -1383.0, -158.0, -566.0, -1341.0, -158.0, 178, 102, 255
L -566.0, -1341.0, -158.0, -550.0, -1307.0, -156.0, 178, 102, 255
L -550.0, -1307.0, -156.0, -541.0, -1255.0, -158.0, 178, 102, 255
L -541.0, -1255.0, -158.0, -540.0, -1217.0, -158.0, 178, 102, 255
L -540.0, -1217.0, -158.0, -497.0, -1177.0, -158.0, 178, 102, 255
L -497.0, -1177.0, -158.0, -439.0, -1178.0, -179.0, 178, 102, 255
L -457.0, -1101.0, -165.0, -532.0, -1137.0, -158.0, 178, 102, 255
L -532.0, -1137.0, -158.0, -579.0, -1200.0, -158.0, 178, 102, 255
L -579.0, -1200.0, -158.0, -589.0, -1246.0, -158.0, 178, 102, 255
L -589.0, -1246.0, -158.0, -593.0, -1285.0, -158.0, 178, 102, 255
L -593.0, -1285.0, -158.0, -589.0, -1297.0, -158.0, 178, 102, 255
L -589.0, -1297.0, -158.0, -594.0, -1321.0, -158.0, 178, 102, 255
L -594.0, -1321.0, -158.0, -599.0, -1386.0, -158.0, 178, 102, 255
L -599.0, -1386.0, -158.0, -589.0, -1404.0, -158.0, 178, 102, 255
L -589.0, -1404.0, -158.0, -590.0, -1436.0, -158.0, 178, 102, 255
L -590.0, -1436.0, -158.0, -603.0, -1447.0, -158.0, 178, 102, 255
L -603.0, -1447.0, -158.0, -617.0, -1451.0, -158.0, 178, 102, 255
L -617.0, -1451.0, -158.0, -661.0, -1453.0, -158.0, 178, 102, 255
L -661.0, -1453.0, -158.0, -664.0, -1455.0, -158.0, 178, 102, 255
L -664.0, -1455.0, -158.0, -676.0, -1464.0, -158.0, 178, 102, 255
L -676.0, -1464.0, -158.0, -715.0, -1466.0, -158.0, 178, 102, 255
L -715.0, -1466.0, -158.0, -741.0, -1489.0, -158.0, 178, 102, 255
L -741.0, -1489.0, -158.0, -755.0, -1496.0, -158.0, 178, 102, 255
L -755.0, -1496.0, -158.0, -767.0, -1496.0, -157.0, 178, 102, 255
L -767.0, -1496.0, -157.0, -796.0, -1481.0, -158.0, 178, 102, 255
L -796.0, -1481.0, -158.0, -1009.0, -1481.0, -138.0, 178, 102, 255
L -1009.0, -1481.0, -138.0, -1011.0, -1440.0, -123.0, 178, 102, 255
L -1011.0, -1440.0, -123.0, -971.0, -1399.0, -113.0, 178, 102, 255
L -971.0, -1399.0, -113.0, -729.0, -1398.0, -84.0, 178, 102, 255
L -729.0, -1398.0, -84.0, -692.0, -1360.0, -83.0, 178, 102, 255
L -692.0, -1360.0, -83.0, -652.0, -1281.0, -83.0, 178, 102, 255
L -652.0, -1281.0, -83.0, -651.0, -1048.0, -1.0, 178, 102, 255
L -457.0, -1101.0, -165.0, -438.0, -1120.0, -179.0, 0, 0, 255
L -438.0, -1120.0, -179.0, -439.0, -1178.0, -179.0, 0, 0, 255
L -439.0, -1178.0, -179.0, -341.0, -1178.0, -185.0, 0, 0, 255
L -341.0, -1178.0, -185.0, -218.0, -1158.0, -188.0, 0, 0, 255
L -218.0, -1158.0, -188.0, -199.0, -1198.0, -188.0, 0, 0, 255
L -199.0, -1198.0, -188.0, -161.0, -1218.0, -195.0, 0, 0, 255
L -161.0, -1218.0, -195.0, -120.0, -1218.0, -189.0, 0, 0, 255
L -104.0, -1218.0, -188.0, -60.0, -1198.0, -188.0, 0, 0, 255
L -60.0, -1198.0, -188.0, -42.0, -1180.0, -191.0, 0, 0, 255
L -42.0, -1180.0, -191.0, -41.0, -1121.0, -188.0, 0, 0, 255
L -41.0, -1121.0, -188.0, -22.0, -1080.0, -188.0, 0, 0, 255
L -22.0, -1080.0, -188.0, 7.0, -1067.0, -191.0, 0, 0, 255
L 7.0, -1067.0, -191.0, 37.0, -1040.0, -188.0, 0, 0, 255
L 37.0, -1040.0, -188.0, 38.0, -1001.0, -194.0, 0, 0, 255
L 38.0, -1001.0, -194.0, 15.0, -958.0, -189.0, 0, 0, 255
L 15.0, -958.0, -189.0, -2.0, -939.0, -188.0, 0, 0, 255
L -2.0, -939.0, -188.0, -1.0, -924.0, -188.0, 0, 0, 255
L -1.0, -924.0, -188.0, -19.0, -884.0, -188.0, 0, 0, 255
L -19.0, -884.0, -188.0, -38.0, -881.0, -187.0, 0, 0, 255
L -38.0, -881.0, -187.0, -58.0, -863.0, -188.0, 0, 0, 255
L -58.0, -863.0, -188.0, -100.0, -861.0, -187.0, 0, 0, 255
L -100.0, -861.0, -187.0, -121.0, -851.0, -187.0, 0, 0, 255
L -121.0, -851.0, -187.0, -141.0, -820.0, -188.0, 0, 0, 255
L -141.0, -820.0, -188.0, -161.0, -786.0, -187.0, 0, 0, 255
L -161.0, -786.0, -187.0, -135.0, -758.0, -188.0, 0, 0, 255
L -135.0, -758.0, -188.0, -123.0, -741.0, -188.0, 0, 0, 255
L -123.0, -741.0, -188.0, -121.0, -704.0, -188.0, 0, 0, 255
L -121.0, -704.0, -188.0, -141.0, -660.0, -187.0, 0, 0, 255
L -141.0, -660.0, -187.0, -180.0, -621.0, -188.0, 0, 0, 255
L -180.0, -621.0, -188.0, -141.0, -619.0, -188.0, 0, 0, 255
L -141.0, -619.0, -188.0, -99.0, -619.0, -175.0, 0, 0, 255
L -99.0, -619.0, -175.0, -61.0, -638.0, -173.0, 0, 0, 255
L -61.0, -638.0, -173.0, -61.0, -620.0, -168.0, 0, 0, 255
L -61.0, -620.0, -168.0, -102.0, -600.0, -176.0, 0, 0, 255
L -102.0, -600.0, -176.0, -120.0, -581.0, -180.0, 0, 0, 255
L -120.0, -581.0, -180.0, -143.0, -583.0, -184.0, 0, 0, 255
L -143.0, -583.0, -184.0, -177.0, -600.0, -187.0, 0, 0, 255
L -177.0, -600.0, -187.0, -181.0, -561.0, -187.0, 0, 0, 255
L -181.0, -561.0, -187.0, -221.0, -521.0, -188.0, 0, 0, 255
L -221.0, -521.0, -188.0, -221.0, -482.0, -176.0, 0, 0, 255
L -221.0, -482.0, -176.0, -240.0, -496.0, -179.0, 0, 0, 255
L -240.0, -496.0, -179.0, -254.0, -483.0, -183.0, 0, 0, 255
L -254.0, -483.0, -183.0, -277.0, -481.0, -183.0, 0, 0, 255
L -277.0, -481.0, -183.0, -239.0, -520.0, -182.0, 0, 0, 255
L -239.0, -520.0, -182.0, -199.0, -599.0, -187.0, 0, 0, 255
L -199.0, -599.0, -187.0, -199.0, -640.0, -187.0, 0, 0, 255
L -199.0, -640.0, -187.0, -139.0, -699.0, -187.0, 0, 0, 255
L -139.0, -699.0, -187.0, -139.0, -720.0, -187.0, 0, 0, 255
L -139.0, -720.0, -187.0, -159.0, -760.0, -188.0, 0, 0, 255
L -159.0, -760.0, -188.0, -173.0, -762.0, -188.0, 0, 0, 255
L -173.0, -762.0, -188.0, -181.0, -767.0, -188.0, 0, 0, 255
L -181.0, -767.0, -188.0, -160.0, -817.0, -188.0, 0, 0, 255
L -160.0, -817.0, -188.0, -149.0, -869.0, -188.0, 0, 0, 255
L -149.0, -869.0, -188.0, -160.0, -881.0, -188.0, 0, 0, 255
L -160.0, -881.0, -188.0, -191.0, -897.0, -192.0, 0, 0, 255
L -191.0, -897.0, -192.0, -217.0, -918.0, -175.0, 0, 0, 255
L -217.0, -918.0, -175.0, -220.0, -985.0, -164.0, 0, 0, 255
L -220.0, -985.0, -164.0, -238.0, -1038.0, -164.0, 0, 0, 255
L -238.0, -1038.0, -164.0, -240.0, -1081.0, -165.0, 0, 0, 255
L -240.0, -1081.0, -165.0, -337.0, -1100.0, -164.0, 0, 0, 255
L -337.0, -1100.0, -164.0, -457.0, -1101.0, -165.0, 0, 0, 255
L -61.0, -638.0, -173.0, -41.0, -639.0, -163.0, 178, 102, 255
L -41.0, -639.0, -163.0, 0.0, -619.0, -162.0, 178, 102, 255
L 0.0, -619.0, -162.0, 20.0, -659.0, -160.0, 178, 102, 255
L 20.0, -659.0, -160.0, 39.0, -659.0, -162.0, 178, 102, 255
L 39.0, -659.0, -162.0, 77.0, -639.0, -163.0, 178, 102, 255
L 77.0, -639.0, -163.0, 58.0, -601.0, -163.0, 178, 102, 255
L 58.0, -601.0, -163.0, 19.0, -581.0, -163.0, 178, 102, 255
L 19.0, -581.0, -163.0, 0.0, -601.0, -162.0, 178, 102, 255
L 0.0, -601.0, -162.0, -20.0, -602.0, -163.0, 178, 102, 255
L -20.0, -602.0, -163.0, -41.0, -621.0, -162.0, 178, 102, 255
L -41.0, -621.0, -162.0, -61.0, -620.0, -168.0, 178, 102, 255
L -221.0, -482.0, -176.0, -241.0, -461.0, -162.0, 178, 102, 255
L -241.0, -461.0, -162.0, -287.0, -460.0, -162.0, 178, 102, 255
L -287.0, -460.0, -162.0, -300.0, -441.0, -163.0, 178, 102, 255
L -300.0, -441.0, -163.0, -320.0, -441.0, -162.0, 178, 102, 255
L -320.0, -441.0, -162.0, -340.0, -421.0, -162.0, 178, 102, 255
L -340.0, -421.0, -162.0, -425.0, -422.0, -163.0, 178, 102, 255
L -425.0, -422.0, -163.0, -434.0, -431.0, -162.0, 178, 102, 255
L -434.0, -431.0, -162.0, -441.0, -401.0, -163.0, 178, 102, 255
L -441.0, -401.0, -163.0, -461.0, -401.0, -162.0, 178, 102, 255
L -461.0, -401.0, -162.0, -523.0, -379.0, -162.0, 178, 102, 255
L -523.0, -379.0, -162.0, -541.0, -361.0, -162.0, 178, 102, 255
L -541.0, -361.0, -162.0, -579.0, -341.0, -163.0, 178, 102, 255
L -579.0, -341.0, -163.0, -618.0, -380.0, -162.0, 178, 102, 255
L -618.0, -380.0, -162.0, -660.0, -402.0, -162.0, 178, 102, 255
L -660.0, -402.0, -162.0, -703.0, -442.0, -162.0, 178, 102, 255
L -703.0, -442.0, -162.0, -719.0, -441.0, -162.0, 178, 102, 255
L -719.0, -441.0, -162.0, -740.0, -421.0, -163.0, 178, 102, 255
L -740.0, -421.0, -163.0, -780.0, -401.0, -132.0, 178, 102, 255
L -780.0, -401.0, -132.0, -799.0, -420.0, -144.0, 178, 102, 255
L -799.0, -420.0, -144.0, -799.0, -457.0, -149.0, 178, 102, 255
L -799.0, -457.0, -149.0, -778.0, -481.0, -152.0, 178, 102, 255
L -778.0, -481.0, -152.0, -779.0, -498.0, -152.0, 178, 102, 255
L -779.0, -498.0, -152.0, -744.0, -516.0, -153.0, 178, 102, 255
L -744.0, -516.0, -153.0, -710.0, -503.0, -156.0, 178, 102, 255
L -710.0, -503.0, -156.0, -639.0, -436.0, -162.0, 178, 102, 255
L -639.0, -436.0, -162.0, -617.0, -397.0, -163.0, 178, 102, 255
L -617.0, -397.0, -163.0, -581.0, -379.0, -163.0, 178, 102, 255
L -581.0, -379.0, -163.0, -535.0, -399.0, -163.0, 178, 102, 255
L -535.0, -399.0, -163.0, -520.0, -399.0, -163.0, 178, 102, 255
L -520.0, -399.0, -163.0, -501.0, -417.0, -162.0, 178, 102, 255
L -501.0, -417.0, -162.0, -457.0, -420.0, -163.0, 178, 102, 255
L -457.0, -420.0, -163.0, -460.0, -483.0, -162.0, 178, 102, 255
L -460.0, -483.0, -162.0, -479.0, -523.0, -162.0, 178, 102, 255
L -479.0, -523.0, -162.0, -479.0, -559.0, -163.0, 178, 102, 255
L -479.0, -559.0, -163.0, -469.0, -569.0, -163.0, 178, 102, 255
L -469.0, -569.0, -163.0, -460.0, -578.0, -146.0, 178, 102, 255
L -460.0, -578.0, -146.0, -435.0, -556.0, -149.0, 178, 102, 255
L -435.0, -556.0, -149.0, -404.0, -540.0, -152.0, 178, 102, 255
L -404.0, -540.0, -152.0, -404.0, -526.0, -152.0, 178, 102, 255
L -404.0, -526.0, -152.0, -415.0, -496.0, -155.0, 178, 102, 255
L -415.0, -496.0, -155.0, -429.0, -486.0, -155.0, 178, 102, 255
L -429.0, -486.0, -155.0, -441.0, -459.0, -158.0, 178, 102, 255
L -441.0, -459.0, -158.0, -414.0, -436.0, -160.0, 178, 102, 255
L -414.0, -436.0, -160.0, -376.0, -440.0, -163.0, 178, 102, 255
L -376.0, -440.0, -163.0, -356.0, -460.0, -162.0, 178, 102, 255
L -356.0, -460.0, -162.0, -318.0, -479.0, -162.0, 178, 102, 255
L -318.0, -479.0, -162.0, -278.0, -479.0, -162.0, 178, 102, 255
L -278.0, -479.0, -162.0, -277.0, -481.0, -183.0, 178, 102, 255
L -161.0, -1218.0, -195.0, -139.0, -1240.0, -158.0, 178, 102, 255
L -139.0, -1240.0, -158.0, -119.0, -1282.0, -158.0, 178, 102, 255
L -119.0, -1282.0, -158.0, -121.0, -1463.0, -149.0, 178, 102, 255
L -121.0, -1463.0, -149.0, -138.0, -1479.0, -153.0, 178, 102, 255
L -138.0, -1479.0, -153.0, -139.0, -1539.0, -158.0, 178, 102, 255
L -139.0, -1539.0, -158.0, -119.0, -1559.0, -158.0, 178, 102, 255
L -119.0, -1559.0, -158.0, -119.0, -1601.0, -158.0, 178, 102, 255
L -119.0, -1601.0, -158.0, -139.0, -1659.0, -158.0, 178, 102, 255
L -139.0, -1659.0, -158.0, -118.0, -1700.0, -155.0, 178, 102, 255
L -118.0, -1700.0, -155.0, -98.0, -1740.0, -158.0, 178, 102, 255
L -98.0, -1740.0, -158.0, -80.0, -1757.0, -158.0, 178, 102, 255
L -80.0, -1757.0, -158.0, -41.0, -1757.0, -158.0, 178, 102, 255
L -41.0, -1757.0, -158.0, 19.0, -1738.0, -158.0, 178, 102, 255
L 19.0, -1738.0, -158.0, 98.0, -1658.0, -158.0, 178, 102, 255
L 98.0, -1658.0, -158.0, 98.0, -1617.0, -158.0, 178, 102, 255
L 98.0, -1617.0, -158.0, 116.0, -1601.0, -158.0, 178, 102, 255
L 116.0, -1601.0, -158.0, 202.0, -1557.0, -158.0, 178, 102, 255
L 202.0, -1557.0, -158.0, 239.0, -1578.0, -158.0, 178, 102, 255
L 239.0, -1578.0, -158.0, 278.0, -1559.0, -158.0, 178, 102, 255
L 278.0, -1559.0, -158.0, 278.0, -1557.0, -139.0, 178, 102, 255
L 278.0, -1557.0, -139.0, 298.0, -1479.0, -158.0, 178, 102, 255
L 298.0, -1479.0, -158.0, 258.0, -1401.0, -158.0, 178, 102, 255
L 258.0, -1401.0, -158.0, 198.0, -1421.0, -158.0, 178, 102, 255
L 198.0, -1421.0, -158.0, 162.0, -1439.0, -158.0, 178, 102, 255
L 162.0, -1439.0, -158.0, 180.0, -1479.0, -158.0, 178, 102, 255
L 180.0, -1479.0, -158.0, 180.0, -1518.0, -158.0, 178, 102, 255
L 180.0, -1518.0, -158.0, 136.0, -1541.0, -158.0, 178, 102, 255
L 136.0, -1541.0, -158.0, 118.0, -1539.0, -153.0, 178, 102, 255
L 118.0, -1539.0, -153.0, 77.0, -1461.0, -158.0, 178, 102, 255
L 77.0, -1461.0, -158.0, 58.0, -1462.0, -158.0, 178, 102, 255
L 58.0, -1462.0, -158.0, 41.0, -1481.0, -158.0, 178, 102, 255
L 41.0, -1481.0, -158.0, 60.0, -1518.0, -158.0, 178, 102, 255
L 60.0, -1518.0, -158.0, 80.0, -1519.0, -158.0, 178, 102, 255
L 80.0, -1519.0, -158.0, 103.0, -1567.0, -155.0, 178, 102, 255
L 103.0, -1567.0, -155.0, 92.0, -1568.0, -158.0, 178, 102, 255
L 92.0, -1568.0, -158.0, 79.0, -1582.0, -158.0, 178, 102, 255
L 79.0, -1582.0, -158.0, 43.0, -1654.0, -158.0, 178, 102, 255
L 43.0, -1654.0, -158.0, 39.0, -1661.0, -154.0, 178, 102, 255
L 39.0, -1661.0, -154.0, 20.0, -1680.0, -154.0, 178, 102, 255
L 20.0, -1680.0, -154.0, 0.0, -1680.0, -158.0, 178, 102, 255
L 0.0, -1680.0, -158.0, -41.0, -1721.0, -158.0, 178, 102, 255
L -41.0, -1721.0, -158.0, -80.0, -1720.0, -158.0, 178, 102, 255
L -80.0, -1720.0, -158.0, -101.0, -1656.0, -158.0, 178, 102, 255
L -101.0, -1656.0, -158.0, -99.0, -1595.0, -158.0, 178, 102, 255
L -99.0, -1595.0, -158.0, -73.0, -1551.0, -158.0, 178, 102, 255
L -73.0, -1551.0, -158.0, -78.0, -1537.0, -158.0, 178, 102, 255
L -78.0, -1537.0, -158.0, -64.0, -1525.0, -158.0, 178, 102, 255
L -64.0, -1525.0, -158.0, -62.0, -1486.0, -158.0, 178, 102, 255
L -62.0, -1486.0, -158.0, -71.0, -1470.0, -144.0, 178, 102, 255
L -71.0, -1470.0, -144.0, -84.0, -1449.0, -158.0, 178, 102, 255
L -84.0, -1449.0, -158.0, -81.0, -1420.0, -158.0, 178, 102, 255
L -81.0, -1420.0, -158.0, -101.0, -1359.0, -158.0, 178, 102, 255
L -101.0, -1359.0, -158.0, -101.0, -1318.0, -158.0, 178, 102, 255
L -101.0, -1318.0, -158.0, -87.0, -1292.0, -158.0, 178, 102, 255
L -87.0, -1292.0, -158.0, -95.0, -1279.0, -158.0, 178, 102, 255
L -95.0, -1279.0, -158.0, -93.0, -1268.0, -158.0, 178, 102, 255
L -93.0, -1268.0, -158.0, -121.0, -1240.0, -158.0, 178, 102, 255
L -121.0, -1240.0, -158.0, -120.0, -1218.0, -189.0, 178, 102, 255
L -634.0, -1105.0, 3.0, -601.0, -1104.0, 3.0, 0, 0, 0
L -601.0, -1104.0, 3.0, -601.0, -1120.0, 3.0, 0, 0, 0
L -601.0, -1136.0, 3.0, -617.0, -1136.5, 3.0, 0, 0, 0
L -633.0, -1137.0, 3.0, -634.0, -1105.0, 3.0, 0, 0, 0
L -617.0, -1136.5, 3.0, -599.0, -1147.0, 3.0, 0, 0, 0
L -599.0, -1147.0, 3.0, -593.0, -1154.0, 3.0, 0, 0, 0
L -593.0, -1154.0, 3.0, -589.0, -1146.0, 3.0, 0, 0, 0
L -589.0, -1146.0, 3.0, -589.0, -1121.0, 3.0, 0, 0, 0
L -589.0, -1121.0, 3.0, -592.0, -1117.0, 3.0, 0, 0, 0
L -592.0, -1117.0, 3.0, -599.0, -1117.0, 3.0, 0, 0, 0
L -601.0, -1120.0, 3.0, -601.0, -1133.0, 3.0, 0, 0, 0
L -599.0, -1117.0, 3.0, -601.0, -1120.0, 3.0, 0, 0, 0
L -601.0, -1133.0, 3.0, -601.0, -1136.0, 3.0, 0, 0, 0
L 170.0, -1549.0, 6.0, 170.0, -1630.0, 6.0, 150, 150, 150
L 170.0, -1630.0, 6.0, 68.0, -1630.0, 6.0, 150, 150, 150
L 68.0, -1630.0, 6.0, 68.0, -1549.0, 6.0, 150, 150, 150
L 68.0, -1549.0, 6.0, 170.0, -1549.0, 6.0, 150, 150, 150
L 160.0, -1620.0, 15.0, 78.0, -1620.0, 16.0, 150, 150, 150
L 78.0, -1620.0, 16.0, 78.0, -1559.0, 16.0, 150, 150, 150
L 78.0, -1559.0, 16.0, 160.0, -1559.0, 16.0, 150, 150, 150
L 160.0, -1559.0, 16.0, 160.0, -1620.0, 15.0, 150, 150, 150
L 1013.0, -1334.0, 1.0, 1013.0, -1445.0, 1.0, 0, 0, 0
L 1013.0, -1445.0, 1.0, 1084.0, -1445.0, 1.0, 0, 0, 0
L 1084.0, -1445.0, 1.0, 1084.0, -1334.0, 1.0, 0, 0, 0
L 1084.0, -1334.0, 1.0, 1013.0, -1334.0, 1.0, 0, 0, 0
L 1011.0, -1399.0, 1.0, 1011.0, -1431.0, 1.0, 0, 0, 0
L 1011.0, -1431.0, 1.0, 980.0, -1431.0, 1.0, 0, 0, 0
L 980.0, -1431.0, 1.0, 980.0, -1399.0, 1.0, 0, 0, 0
L 980.0, -1399.0, 1.0, 1011.0, -1399.0, 1.0, 0, 0, 0
L 1086.0, -1431.0, 1.0, 1086.0, -1400.0, 1.0, 0, 0, 0
L 1086.0, -1400.0, 1.0, 1117.0, -1400.0, 1.0, 0, 0, 0
L 1117.0, -1400.0, 1.0, 1118.0, -1431.0, 1.0, 0, 0, 0
L 1118.0, -1431.0, 1.0, 1086.0, -1431.0, 1.0, 0, 0, 0
L 1443.0, -1003.0, 1.0, 1475.0, -1003.0, 1.0, 0, 0, 0
L 1475.0, -1003.0, 1.0, 1475.0, -1035.0, 1.0, 0, 0, 0
L 1475.0, -1035.0, 1.0, 1443.0, -1035.0, 1.0, 0, 0, 0
L 1443.0, -1035.0, 1.0, 1443.0, -1003.0, 1.0, 0, 0, 0
L 1457.0, -1037.0, 1.0, 1433.0, -1039.0, 1.0, 0, 0, 0
L 1433.0, -1039.0, 1.0, 1427.0, -1043.0, 1.0, 0, 0, 0
L 1427.0, -1043.0, 1.0, 1433.0, -1046.0, 1.0, 0, 0, 0
L 1433.0, -1046.0, 1.0, 1458.0, -1046.0, 1.0, 0, 0, 0
L 1458.0, -1046.0, 1.0, 1462.0, -1044.0, 1.0, 0, 0, 0
L 1462.0, -1044.0, 1.0, 1462.0, -1038.0, 1.0, 0, 0, 0
L 1462.0, -1038.0, 1.0, 1457.0, -1037.0, 1.0, 0, 0, 0
L 919.0, -936.0, 1.0, 808.0, -935.0, 1.0, 0, 0, 0
L 808.0, -935.0, 1.0, 808.0, -864.0, 1.0, 0, 0, 0
L 808.0, -864.0, 1.0, 824.0, -864.0, 1.0, 0, 0, 0
L 919.0, -864.0, 1.0, 919.0, -936.0, 1.0, 0, 0, 0
L 894.0, -864.0, 1.0, 894.0, -796.0, 1.0, 0, 0, 0
L 894.0, -796.0, 1.0, 824.0, -796.0, 1.0, 0, 0, 0
L 824.0, -864.0, 1.0, 894.0, -864.0, 1.0, 0, 0, 0
L 824.0, -796.0, 1.0, 824.0, -864.0, 1.0, 0, 0, 0
L 808.0, -795.0, 1.0, 808.0, -724.0, 1.0, 0, 0, 0
L 808.0, -724.0, 1.0, 919.0, -724.0, 1.0, 0, 0, 0
L 919.0, -724.0, 1.0, 920.0, -795.0, 1.0, 0, 0, 0
L 920.0, -795.0, 1.0, 808.0, -795.0, 1.0, 0, 0, 0
L 2366.0, -21.0, 11.0, 2369.0, -41.0, 1.0, 0, 0, 0
L 2369.0, -41.0, 1.0, 2337.0, -41.0, 1.0, 0, 0, 0
L 2337.0, -41.0, 1.0, 2338.0, -10.0, 8.0, 0, 0, 0
L 2338.0, -10.0, 8.0, 2368.0, -8.0, 14.0, 0, 0, 0
L 2370.0, 61.0, 3.0, 2369.0, 80.0, 1.0, 0, 0, 0
L 2369.0, 80.0, 1.0, 2337.0, 80.0, 1.0, 0, 0, 0
L 2337.0, 80.0, 1.0, 2337.0, 50.0, 1.0, 0, 0, 0
L 2337.0, 50.0, 1.0, 2339.0, 50.0, 7.0, 0, 0, 0
L 2339.0, 50.0, 7.0, 2366.0, 48.0, 13.0, 0, 0, 0
L 2677.0, 115.0, 11.0, 2717.0, 140.0, 11.0, 0, 0, 0
L 2717.0, 140.0, 11.0, 2718.0, 159.0, 11.0, 0, 0, 0
L 2718.0, 159.0, 11.0, 2739.0, 159.0, 11.0, 0, 0, 0
L 2739.0, 159.0, 11.0, 2739.0, 140.0, 11.0, 0, 0, 0
L 2739.0, 140.0, 11.0, 2773.0, 120.0, 11.0, 0, 0, 0
L 2773.0, 120.0, 11.0, 2778.0, 115.0, 11.0, 0, 0, 0
L 2778.0, 115.0, 11.0, 2799.0, 115.0, 11.0, 0, 0, 0
L 2799.0, 115.0, 11.0, 2799.0, 63.0, 11.0, 0, 0, 0
L 2799.0, 63.0, 11.0, 2778.0, 63.0, 11.0, 0, 0, 0
L 2778.0, 63.0, 11.0, 2774.0, 59.0, 11.0, 0, 0, 0
L 2774.0, 59.0, 11.0, 2739.0, 38.0, 11.0, 0, 0, 0
L 2739.0, 38.0, 11.0, 2738.0, 18.0, 11.0, 0, 0, 0
L 2738.0, 18.0, 11.0, 2717.0, 19.0, 11.0, 0, 0, 0
L 2717.0, 19.0, 11.0, 2717.0, 38.0, 11.0, 0, 0, 0
L 2717.0, 38.0, 11.0, 2683.0, 58.0, 11.0, 0, 0, 0
L 2683.0, 58.0, 11.0, 2677.0, 63.0, 11.0, 0, 0, 0
L 2677.0, 63.0, 11.0, 2657.0, 63.0, 11.0, 0, 0, 0
L 2657.0, 63.0, 11.0, 2657.0, 115.0, 11.0, 0, 0, 0
L 2657.0, 115.0, 11.0, 2677.0, 115.0, 11.0, 0, 0, 0
L 482.0, -585.0, -263.0, 468.0, -571.0, -263.0, 0, 0, 255
L 468.0, -571.0, -263.0, 455.0, -562.0, -263.0, 0, 0, 255
L 455.0, -562.0, -263.0, 450.0, -585.0, -263.0, 0, 0, 255
L 450.0, -585.0, -263.0, 450.0, -599.0, -263.0, 0, 0, 255
L 450.0, -599.0, -263.0, 459.0, -618.0, -263.0, 0, 0, 255
L 459.0, -618.0, -263.0, 472.0, -605.0, -265.0, 0, 0, 255
L 472.0, -605.0, -265.0, 482.0, -585.0, -263.0, 0, 0, 255
L 553.0, -498.0, -263.0, 567.0, -465.0, -263.0, 0, 0, 255
L 567.0, -465.0, -263.0, 544.0, -441.0, -263.0, 0, 0, 255
L 544.0, -441.0, -263.0, 520.0, -460.0, -263.0, 0, 0, 255
L 520.0, -460.0, -263.0, 525.0, -484.0, -263.0, 0, 0, 255
L 525.0, -484.0, -263.0, 553.0, -498.0, -263.0, 0, 0, 255
L 493.0, -224.0, -250.0, 498.0, -223.0, -258.0, 102, 0, 204
L 498.0, -223.0, -258.0, 505.0, -215.0, -258.0, 102, 0, 204
L 505.0, -215.0, -258.0, 503.0, -208.0, -258.0, 102, 0, 204
L 503.0, -208.0, -258.0, 498.0, -210.0, -258.0, 102, 0, 204
L 498.0, -210.0, -258.0, 499.0, -214.0, -258.0, 102, 0, 204
L 499.0, -214.0, -258.0, 496.0, -218.0, -258.0, 102, 0, 204
L 496.0, -218.0, -258.0, 490.0, -221.0, -258.0, 102, 0, 204
L 490.0, -221.0, -258.0, 485.0, -218.0, -258.0, 102, 0, 204
L 485.0, -218.0, -258.0, 484.0, -213.0, -258.0, 102, 0, 204
L 484.0, -213.0, -258.0, 484.0, -210.0, -258.0, 102, 0, 204
L 484.0, -210.0, -258.0, 487.0, -207.0, -258.0, 102, 0, 204
L 487.0, -207.0, -258.0, 493.0, -204.0, -258.0, 102, 0, 204
L 493.0, -204.0, -258.0, 491.0, -199.0, -258.0, 102, 0, 204
L 491.0, -199.0, -258.0, 484.0, -203.0, -258.0, 102, 0, 204
L 484.0, -203.0, -258.0, 480.0, -209.0, -258.0, 102, 0, 204
L 404.0, -16.0, -258.0, 400.0, -43.0, -258.0, 102, 0, 204
L 400.0, -43.0, -258.0, 405.0, -47.0, -258.0, 102, 0, 204
L 405.0, -47.0, -258.0, 419.0, -47.0, -258.0, 102, 0, 204
L 419.0, -47.0, -258.0, 425.0, -44.0, -258.0, 102, 0, 204
L 425.0, -44.0, -258.0, 424.0, -39.0, -258.0, 102, 0, 204
L 424.0, -39.0, -258.0, 420.0, -41.0, -258.0, 102, 0, 204
L 420.0, -41.0, -258.0, 417.0, -42.0, -258.0, 102, 0, 204
L 417.0, -42.0, -258.0, 407.0, -42.0, -258.0, 102, 0, 204
L 407.0, -42.0, -258.0, 404.0, -40.0, -258.0, 102, 0, 204
L 404.0, -40.0, -258.0, 404.0, -21.0, -258.0, 102, 0, 204
L 404.0, -21.0, -258.0, 420.0, -21.0, -258.0, 102, 0, 204
L 420.0, -21.0, -258.0, 420.0, -27.0, -258.0, 102, 0, 204
L 420.0, -27.0, -258.0, 424.0, -28.0, -258.0, 102, 0, 204
L 424.0, -28.0, -258.0, 424.0, -17.0, -258.0, 102, 0, 204
L 424.0, -17.0, -258.0, 404.0, -16.0, -258.0, 102, 0, 204
L 455.0, -76.0, -254.0, 419.0, -99.0, -224.0, 178, 102, 255
L 419.0, -99.0, -224.0, 399.0, -118.0, -220.0, 178, 102, 255
L 399.0, -118.0, -220.0, 398.0, -160.0, -218.0, 178, 102, 255
L 398.0, -160.0, -218.0, 378.0, -200.0, -218.0, 178, 102, 255
L 378.0, -200.0, -218.0, 389.0, -212.0, -218.0, 178, 102, 255
L 389.0, -212.0, -218.0, 398.0, -220.0, -218.0, 178, 102, 255
L 398.0, -220.0, -218.0, 398.0, -239.0, -218.0, 178, 102, 255
L 398.0, -239.0, -218.0, 378.0, -259.0, -218.0, 178, 102, 255
L 378.0, -259.0, -218.0, 358.0, -269.0, -218.0, 178, 102, 255
L 339.0, -279.0, -218.0, 300.0, -239.0, -218.0, 178, 102, 255
L 300.0, -239.0, -218.0, 259.0, -239.0, -218.0, 178, 102, 255
L 259.0, -239.0, -218.0, 179.0, -199.0, -218.0, 178, 102, 255
L 179.0, -199.0, -218.0, 98.0, -280.0, -218.0, 178, 102, 255
L 98.0, -280.0, -218.0, 118.0, -300.0, -218.0, 178, 102, 255
L 118.0, -300.0, -218.0, 157.0, -320.0, -207.0, 178, 102, 255
L 157.0, -320.0, -207.0, 138.0, -339.0, -218.0, 178, 102, 255
L 138.0, -339.0, -218.0, 138.0, -359.0, -218.0, 178, 102, 255
L 138.0, -359.0, -218.0, 159.0, -381.0, -218.0, 178, 102, 255
L 159.0, -381.0, -218.0, 219.0, -381.0, -218.0, 178, 102, 255
L 219.0, -381.0, -218.0, 240.0, -361.0, -218.0, 178, 102, 255
L 240.0, -361.0, -218.0, 240.0, -301.0, -218.0, 178, 102, 255
L 240.0, -301.0, -218.0, 259.0, -301.0, -218.0, 178, 102, 255
L 259.0, -301.0, -218.0, 299.0, -321.0, -218.0, 178, 102, 255
L 299.0, -321.0, -218.0, 319.0, -321.0, -218.0, 178, 102, 255
L 319.0, -321.0, -218.0, 357.0, -340.0, -218.0, 178, 102, 255
L 357.0, -340.0, -218.0, 380.0, -363.0, -256.0, 178, 102, 255
L 380.0, -363.0, -256.0, 379.0, -361.0, -258.0, 178, 102, 255
L 362.0, -399.0, -254.0, 339.0, -359.0, -218.0, 178, 102, 255
L 339.0, -359.0, -218.0, 299.0, -339.0, -218.0, 178, 102, 255
L 299.0, -339.0, -218.0, 238.0, -399.0, -218.0, 178, 102, 255
L 238.0, -399.0, -218.0, 199.0, -419.0, -218.0, 178, 102, 255
L 199.0, -419.0, -218.0, 160.0, -419.0, -218.0, 178, 102, 255
L 160.0, -419.0, -218.0, 140.0, -399.0, -218.0, 178, 102, 255
L 140.0, -399.0, -218.0, 100.0, -379.0, -218.0, 178, 102, 255
L 100.0, -379.0, -218.0, 80.0, -359.0, -218.0, 178, 102, 255
L 80.0, -359.0, -218.0, 80.0, -280.0, -218.0, 178, 102, 255
L 80.0, -280.0, -218.0, 100.0, -241.0, -218.0, 178, 102, 255
L 100.0, -241.0, -218.0, 120.0, -221.0, -218.0, 178, 102, 255
L 120.0, -221.0, -218.0, 140.0, -181.0, -218.0, 178, 102, 255
L 140.0, -181.0, -218.0, 238.0, -181.0, -218.0, 178, 102, 255
L 238.0, -181.0, -218.0, 258.0, -201.0, -218.0, 178, 102, 255
L 258.0, -201.0, -218.0, 299.0, -221.0, -218.0, 178, 102, 255
L 299.0, -221.0, -218.0, 340.0, -201.0, -218.0, 178, 102, 255
L 340.0, -201.0, -218.0, 360.0, -141.0, -218.0, 178, 102, 255
L 360.0, -141.0, -218.0, 380.0, -101.0, -218.0, 178, 102, 255
L 380.0, -101.0, -218.0, 400.0, -81.0, -223.0, 178, 102, 255
L 400.0, -81.0, -223.0, 400.0, -61.0, -228.0, 178, 102, 255
L 400.0, -61.0, -228.0, 401.0, -58.0, -256.0, 178, 102, 255
L 389.0, -212.0, -218.0, 376.0, -212.0, -218.0, 178, 102, 255
L 376.0, -212.0, -218.0, 370.0, -215.0, -218.0, 178, 102, 255
L 370.0, -215.0, -218.0, 371.0, -220.0, -218.0, 178, 102, 255
L 371.0, -220.0, -218.0, 378.0, -217.0, -218.0, 178, 102, 255
L 378.0, -217.0, -218.0, 388.0, -217.0, -218.0, 178, 102, 255
L 388.0, -217.0, -218.0, 391.0, -218.0, -218.0, 178, 102, 255
L 391.0, -218.0, -218.0, 391.0, -238.0, -218.0, 178, 102, 255
L 391.0, -238.0, -218.0, 376.0, -238.0, -218.0, 178, 102, 255
L 376.0, -238.0, -218.0, 375.0, -231.0, -218.0, 178, 102, 255
L 375.0, -231.0, -218.0, 372.0, -231.0, -218.0, 178, 102, 255
L 372.0, -231.0, -218.0, 371.0, -242.0, -218.0, 178, 102, 255
L 371.0, -242.0, -218.0, 395.0, -241.0, -218.0, 178, 102, 255
L 395.0, -241.0, -218.0, 395.0, -218.0, -218.0, 178, 102, 255
L 358.0, -269.0, -218.0, 356.0, -258.0, -218.0, 178, 102, 255
L 356.0, -258.0, -218.0, 349.0, -248.0, -218.0, 178, 102, 255
L 349.0, -248.0, -218.0, 340.0, -248.0, -218.0, 178, 102, 255
L 340.0, -248.0, -218.0, 341.0, -253.0, -218.0, 178, 102, 255
L 341.0, -253.0, -218.0, 347.0, -254.0, -218.0, 178, 102, 255
L 347.0, -254.0, -218.0, 350.0, -259.0, -218.0, 178, 102, 255
L 350.0, -259.0, -218.0, 351.0, -268.0, -218.0, 178, 102, 255
L 351.0, -268.0, -218.0, 346.0, -272.0, -218.0, 178, 102, 255
L 346.0, -272.0, -218.0, 341.0, -272.0, -218.0, 178, 102, 255
L 341.0, -272.0, -218.0, 337.0, -270.0, -218.0, 178, 102, 255
L 337.0, -270.0, -218.0, 334.0, -264.0, -218.0, 178, 102, 255
L 334.0, -264.0, -218.0, 332.0, -258.0, -218.0, 178, 102, 255
L 332.0, -258.0, -218.0, 327.0, -259.0, -218.0, 178, 102, 255
L 327.0, -259.0, -218.0, 329.0, -267.0, -218.0, 178, 102, 255
L 329.0, -267.0, -218.0, 334.0, -273.0, -218.0, 178, 102, 255
L 718.0, -142.0, -252.0, 714.0, -148.0, -258.0, 102, 0, 204
L 714.0, -148.0, -258.0, 716.0, -155.0, -258.0, 102, 0, 204
L 716.0, -155.0, -258.0, 720.0, -153.0, -258.0, 102, 0, 204
L 720.0, -153.0, -258.0, 719.0, -149.0, -258.0, 102, 0, 204
L 719.0, -149.0, -258.0, 723.0, -145.0, -258.0, 102, 0, 204
L 723.0, -145.0, -258.0, 729.0, -142.0, -258.0, 102, 0, 204
L 729.0, -142.0, -258.0, 734.0, -146.0, -258.0, 102, 0, 204
L 734.0, -146.0, -258.0, 734.0, -154.0, -258.0, 102, 0, 204
L 734.0, -154.0, -258.0, 730.0, -157.0, -258.0, 102, 0, 204
L 730.0, -157.0, -258.0, 725.0, -159.0, -258.0, 102, 0, 204
L 725.0, -159.0, -258.0, 727.0, -164.0, -258.0, 102, 0, 204
L 727.0, -164.0, -258.0, 734.0, -160.0, -258.0, 102, 0, 204
L 734.0, -160.0, -258.0, 736.0, -151.0, -249.0, 102, 0, 204
L 122.0, -899.0, -253.0, 129.0, -899.0, -258.0, 102, 0, 204
L 129.0, -899.0, -258.0, 137.0, -902.0, -258.0, 102, 0, 204
L 137.0, -902.0, -258.0, 137.0, -896.0, -258.0, 102, 0, 204
L 137.0, -896.0, -258.0, 130.0, -895.0, -258.0, 102, 0, 204
L 130.0, -895.0, -258.0, 126.0, -892.0, -258.0, 102, 0, 204
L 126.0, -892.0, -258.0, 130.0, -883.0, -258.0, 102, 0, 204
L 130.0, -883.0, -258.0, 134.0, -883.0, -258.0, 102, 0, 204
L 134.0, -883.0, -258.0, 141.0, -887.0, -258.0, 102, 0, 204
L 141.0, -887.0, -258.0, 143.0, -888.0, -258.0, 102, 0, 204
L 143.0, -888.0, -258.0, 136.0, -879.0, -258.0, 102, 0, 204
L 136.0, -879.0, -258.0, 131.0, -878.0, -258.0, 102, 0, 204
L 172.0, -968.0, -248.0, 178.0, -957.0, -258.0, 102, 0, 204
L 178.0, -957.0, -258.0, 189.0, -957.0, -258.0, 102, 0, 204
L 189.0, -957.0, -258.0, 189.0, -961.0, -258.0, 102, 0, 204
L 189.0, -961.0, -258.0, 182.0, -961.0, -258.0, 102, 0, 204
L 182.0, -961.0, -258.0, 182.0, -977.0, -258.0, 102, 0, 204
L 182.0, -977.0, -258.0, 201.0, -977.0, -258.0, 102, 0, 204
L 201.0, -977.0, -258.0, 203.0, -974.0, -258.0, 102, 0, 204
L 203.0, -974.0, -258.0, 203.0, -964.0, -258.0, 102, 0, 204
L 203.0, -964.0, -258.0, 202.0, -961.0, -258.0, 102, 0, 204
L 202.0, -961.0, -258.0, 200.0, -956.0, -258.0, 102, 0, 204
L 200.0, -956.0, -258.0, 204.0, -956.0, -258.0, 102, 0, 204
L 204.0, -956.0, -258.0, 208.0, -963.0, -258.0, 102, 0, 204
L 208.0, -963.0, -258.0, 207.0, -978.0, -258.0, 102, 0, 204
L 512.0, -1143.0, -258.0, 522.0, -1144.0, -258.0, 102, 0, 204
L 522.0, -1144.0, -258.0, 529.0, -1147.0, -258.0, 102, 0, 204
L 529.0, -1147.0, -258.0, 526.0, -1153.0, -258.0, 102, 0, 204
L 526.0, -1153.0, -258.0, 521.0, -1150.0, -258.0, 102, 0, 204
L 521.0, -1150.0, -258.0, 518.0, -1149.0, -258.0, 102, 0, 204
L 518.0, -1149.0, -258.0, 510.0, -1150.0, -258.0, 102, 0, 204
L 510.0, -1150.0, -258.0, 507.0, -1154.0, -258.0, 102, 0, 204
L 507.0, -1154.0, -258.0, 507.0, -1161.0, -258.0, 102, 0, 204
L 507.0, -1161.0, -258.0, 513.0, -1165.0, -258.0, 102, 0, 204
L 513.0, -1165.0, -258.0, 520.0, -1166.0, -258.0, 102, 0, 204
L 520.0, -1166.0, -258.0, 523.0, -1162.0, -258.0, 102, 0, 204
L 523.0, -1162.0, -258.0, 528.0, -1165.0, -258.0, 102, 0, 204
L 528.0, -1165.0, -258.0, 524.0, -1171.0, -258.0, 102, 0, 204
L 524.0, -1171.0, -258.0, 511.0, -1170.0, -258.0, 102, 0, 204
L 1754.0, -189.0, -263.0, 1761.0, -189.0, -263.0, 0, 0, 255
L 1761.0, -189.0, -263.0, 1760.0, -184.0, -263.0, 0, 0, 255
L 1760.0, -184.0, -263.0, 1772.0, -182.0, -262.0, 0, 0, 255
L 1772.0, -182.0, -262.0, 1777.0, -175.0, -263.0, 0, 0, 255
L 1777.0, -175.0, -263.0, 1768.0, -162.0, -263.0, 0, 0, 255
L 1768.0, -162.0, -263.0, 1749.0, -170.0, -263.0, 0, 0, 255
L 1749.0, -170.0, -263.0, 1754.0, -189.0, -263.0, 0, 0, 255
L 1061.0, 229.0, -283.0, 1061.0, 243.0, -287.0, 0, 0, 255
L -120.0, -1218.0, -189.0, -104.0, -1218.0, -188.0, 0, 0, 255
L 718.0, -142.0, -252.0, 736.0, -142.0, -249.0, 102, 0, 204
L 736.0, -151.0, -249.0, 736.0, -172.0, -249.0, 102, 0, 204
L 493.0, -224.0, -250.0, 481.0, -219.0, -248.0, 102, 0, 204
L 358.0, -269.0, -218.0, 339.0, -279.0, -218.0, 178, 102, 255
L 172.0, -968.0, -248.0, 144.0, -942.0, -255.0, 102, 0, 204
L 894.0, -864.0, 1.0, 919.0, -864.0, 1.0, 0, 0, 0
L 2736.0, 112.0, -57.0, 2736.0, 66.0, -57.0, 255, 0, 0
L 2720.0, 66.0, -57.0, 2720.0, 112.0, -57.0, 255, 0, 0
L 2720.0, 112.0, -57.0, 2736.0, 112.0, -57.0, 255, 0, 0
L 2736.0, 66.0, -58.0, 2720.0, 66.0, -58.0, 255, 0, 0
L -617.0, -1136.5, 3.0, -633.0, -1137.0, 3.0, 0, 0, 0
L -1989.1, 87.0, 0.0, -1997.2, 55.9, 0.0, 150, 150, 150
L -1997.2, 55.9, 0.0, -2028.3, 64.0, 0.0, 150, 150, 150
L -2028.3, 64.0, 0.0, -2020.1, 95.1, 0.0, 150, 150, 150
L -2020.1, 95.1, 0.0, -1989.1, 87.0, 0.0, 150, 150, 150
L -2015.5, 113.0, 0.0, -2007.0, 143.9, 0.0, 150, 150, 150
L -2007.0, 143.9, 0.0, -1976.3, 135.9, 0.0, 150, 150, 150
L -1976.3, 135.9, 0.0, -1984.4, 104.9, 0.0, 150, 150, 150
L -1984.4, 104.9, 0.0, -2015.5, 113.0, 0.0, 150, 150, 150
L -4.0, -758.1, 5.0, -87.0, -758.1, 5.0, 0, 0, 0
L -207.0, -800.0, 3.0, -166.0, -802.0, 5.0, 0, 0, 0
L -198.6, -825.9, 3.0, -198.6, -851.5, 3.0, 205, 133, 63
L -190.9, -800.4, 3.0, -190.9, -825.9, 3.0, 205, 133, 63
L -198.6, -825.9, 3.0, -183.2, -825.9, 3.0, 205, 133, 63
L -198.6, -851.5, 3.0, -190.9, -851.5, 3.0, 205, 133, 63
L -190.9, -851.5, 3.0, -183.2, -851.5, 3.0, 205, 133, 63
L -190.9, -851.5, 3.0, -190.9, -877.0, 3.0, 205, 133, 63
L -183.2, -825.9, 3.0, -183.2, -851.5, 3.0, 205, 133, 63
L 91.0, -1478.2, 3.0, 109.7, -1478.2, 3.0, 205, 133, 63
L 109.7, -1482.0, 3.0, 109.7, -1474.5, 3.0, 205, 133, 63
L 109.7, -1482.0, 3.0, 128.3, -1482.0, 3.0, 205, 133, 63
L 109.7, -1474.5, 3.0, 128.3, -1474.5, 3.0, 205, 133, 63
L 128.3, -1474.5, 3.0, 128.8, -1474.5, 3.0, 205, 133, 63
L 128.3, -1482.0, 3.0, 128.3, -1478.2, 3.0, 205, 133, 63
L 128.3, -1478.2, 3.0, 128.3, -1474.5, 3.0, 205, 133, 63
L 128.3, -1478.2, 3.0, 147.0, -1478.2, 3.0, 205, 133, 63
L -643.0, -1098.0, 3.0, -644.0, -1038.0, 3.0, 205, 133, 63
L -643.0, -1098.0, 3.0, -689.7, -1098.0, 3.0, 205, 133, 63
L -689.7, -1037.5, 3.0, -735.0, -1037.0, 3.0, 0, 0, 0
L -689.7, -1098.0, 3.0, -689.7, -1037.5, 3.0, 205, 133, 63
