P -719.2957, -1013.6230, -37.9903, 0, 127, 127, 2, Tilly_Rocksmelt_(Quests)
P -214.0123, -1217.0481, -30.6542, 0, 127, 127, 2, Bawjitsia_Jaradh_(Quests)
P 217.0825, -1434.6863, -158.0127, 240, 240, 0, 2, Hole_to_lower_level
P -1875.4639, 37.5128, -39.1728, 240, 0, 0, 3, to_Western_Wastes
P 1662.5298, -171.0046, -258.9676, 240, 240, 0, 2, TRAP
P 1468.5768, -307.1516, -255.0563, 240, 240, 0, 2, TRAP
P 682.1691, -1047.5529, -261.5329, 240, 240, 0, 2, TRAP
P 736.8192, -1260.2345, -248.2357, 240, 240, 0, 2, TRAP
P 2764.0115, 205.7176, -182.9609, 0, 0, 0, 2, Diatonich`s_Corpse
P 611.0884, -392.8064, -223.2990, 240, 240, 0, 2, One-Way_(North)
P 1203.2001, 275.6628, -289.7307, 127, 64, 0, 2, Restless_Vaniki_(Hunter)
P 296.2757, 178.3052, -274.3338, 127, 64, 0, 2, Restless_Vaniki_(Hunter)
P 2569.5049, -110.7330, -9.0446, 0, 0, 0, 2, Riyaht_Lqahla
P -1843.7206, 218.5891, -39.1727, 0, 127, 127, 2, Researcher_Robin_(Quests)
P 383.0521, -1714.9446, -33.2003, 0, 127, 127, 2, Quincy_Algernope_(Quests)
P 1866.4690, -945.4691, -16.0294, 127, 64, 0, 2, a_massive_dracoliche_(Hunter)
P -1049.9922, -928.2540, -4.6689, 240, 240, 240, 2, Dragon_Bones_#1
P -617.0043, -686.5436, -2.3105, 240, 240, 240, 2, Dragon_Bones_#2
P 598.6255, -1627.0973, -10.5215, 240, 240, 240, 2, Dragon_Bones_#3
P 265.4394, 250.2970, -273.3914, 240, 240, 240, 2, Statue_within_the_Caves
P 223.9558, -1418.3550, -262.4629, 240, 240, 240, 2, Tily's_Cave
P -967.4716, -1505.9972, -129.8708, 240, 240, 240, 2, Tily's_Barracade
P 504.6550, -31.9916, -252.3567, 240, 240, 240, 2, Tily_Camp
P 212.6931, -1406.9644, -11.7042, 127, 64, 0, 2, Seeker_Larada_(Hunter,Roam)
P 2309.2161, -9.0291, -237.5590, 127, 64, 0, 2, a_moon_bat_(Hunter)
P -1347.6497, -571.6727, -41.0666, 127, 64, 0, 2, a_toxic_phase_spider_(Hunter)
P -1372.1698, -140.4884, -38.0353, 127, 64, 0, 2, a_toxic_phase_spider_(Hunter)
P -808.2762, -953.0984, -31.6444, 127, 64, 0, 2, a_toxic_phase_spider_(Hunter,Roam)
P 2077.1304, -561.4087, -31.1801, 127, 64, 0, 2, restless_Warmaster_Ultvara_(Hunter,Roam)
P 1219.7544, -223.1294, -202.8269, 127, 64, 0, 2, a_restless_warlord_(Hunter)
P 1823.0894, -6.8952, -257.7432, 127, 64, 0, 2, a_restless_warlord_(Hunter,Roam)
P 1863.8644, -385.0348, -247.2690, 127, 64, 0, 2, a_moon_bat_(Hunter)
P 2130.0010, -355.8298, -239.6789, 127, 64, 0, 2, a_moon_bat_(Hunter)
P 2065.9043, -591.8658, -248.4713, 240, 240, 240, 2, bat_camp
P 456.5113, -577.2772, -259.9073, 127, 64, 0, 2, Restless_Dominator_Yisaki_(Hunter,Roam)
P 25.7680, -620.6135, -164.4669, 127, 64, 0, 2, Dustbinder_Tarlin_(Hunter)
P -71.9379, -879.5714, -217.1680, 127, 64, 0, 2, Foulfang_(Hunter)
P -209.4399, -960.9612, -213.5886, 127, 64, 0, 2, Foulfang_(Hunter)
P -19.0522, -1085.4386, -213.4274, 127, 64, 0, 2, Foulfang_(Hunter)
P -131.2982, -1366.0985, -158.0476, 127, 64, 0, 2, another_great_green_slime_(Hunter)
P -79.6767, -1562.9977, -163.1997, 127, 64, 0, 2, another_great_green_slime_(Hunter)
