P -3030.1038, 1535.0553, -0.1865, 255, 0, 0, 3, to_The_Western_Plains_of_Karana
P 3071.1370, -11.8330, -36.7177, 255, 0, 0, 3, to_The_Eastern_Plains_of_Karana
P -1211.2084, 4355.5542, -33.7802, 255, 0, 0, 3, to_The_Southern_Plains_of_Karana
P -1250.0000, 3700.0000, 0.0000, 255, 0, 0, 2, Wizard_port
P 382.0000, 284.0000, 0.0000, 255, 0, 0, 2, Succor
P 1449.3823, 2730.6758, -10.6240, 255, 0, 0, 2, Druid_Ring
P -1299.3544, 3704.1211, -10.9655, 255, 255, 255, 2, Great_Spires
P 2088.4351, 1385.9103, -8.2238, 240, 240, 240, 2, Farm
P 990.3426, 3711.5308, 0.7614, 240, 240, 240, 2, Farm
P -1997.1481, 2212.9817, -10.4238, 240, 240, 240, 2, Farm
P -128.0867, 1236.8048, 63.8715, 255, 255, 255, 2, Watch_Tower
P 189.4006, 626.9991, -8.7490, 0, 128, 0, 2, Romi_(Bar)
P 156.4253, 678.1566, -8.7490, 0, 128, 0, 2, Mrysila_(General)
P 191.8444, 675.8094, -8.7490, 0, 128, 0, 2, Romella_(General)
P 212.7506, 640.8066, -8.7490, 0, 128, 0, 2, Roule_(Weapons)
P 1464.6454, 2730.4119, -8.7490, 0, 128, 0, 2, Tak_(Spells)
P -1207.4679, 4146.4849, 13.5957, 0, 127, 0, 2, Bilbis_Briar_(General)
P 1936.5260, -1372.2620, -8.2861, 0, 0, 0, 2, Tal_Stoutheart_(Fang_Breaker)
P -2223.9402, -421.8809, -1.2296, 0, 127, 0, 2, Barkeep_Jenny_(Bar)
P -1379.3729, -148.3755, -3.2605, 0, 127, 0, 2, Innkeep_James_(General)
P -2248.9412, -432.4712, -2.7605, 0, 127, 0, 2, Barkeep_Milo_(Bar)
P -1384.4434, -114.5313, -3.2605, 0, 127, 0, 2, Innkeep_Disda_(General)
P 128.2623, 660.2318, -11.2480, 0, 240, 0, 2, Laitia_(Parcels)
P 2719.2720, 133.6943, -39.9947, 0, 0, 0, 2, Gorri_Fallstine
P 2699.2500, 327.1157, -54.7291, 0, 0, 0, 2, Lauren
P 2694.3538, 333.5366, -54.6640, 0, 0, 0, 2, Tyler
P 1891.9845, -938.8604, 8.7816, 0, 0, 0, 2, Nul_Aleswiller
P 405.4466, 244.0903, -11.2480, 0, 0, 0, 2, Quinada_Vorana
P 133.9571, 619.6417, -11.2480, 0, 0, 0, 2, Ezmirella
P 22.5188, 656.3591, -11.2480, 0, 0, 0, 2, Shiel_Glimmerspindle
P -2071.1138, 2159.5569, -11.0522, 0, 0, 0, 2, Dellcalgar_Drusiris
P -945.1279, 2449.0137, 15.7374, 0, 0, 0, 2, Sir_Gerwin_Thunderblade_(Roam)
P -1166.9890, 3796.1221, -11.1776, 0, 0, 0, 2, Cordelia_Minster
P -1356.6515, 3610.0137, -12.0075, 0, 0, 0, 2, Balglaiel_Delver
P -1222.9236, 4137.7661, 13.5957, 0, 0, 0, 2, Brother_Nallin
P -2279.5154, -501.5862, -11.2480, 0, 0, 0, 2, Cordelia_Minster
P -1218.1642, 4146.3472, 62.3770, 0, 0, 0, 2, Capt_Linariush
P 626.3824, -87.6121, -11.2480, 0, 0, 0, 2, Zahal_the_Vile
P 1535.9209, -1492.9611, 72.8125, 0, 0, 0, 2, Regis_the_Reverent
P 520.4922, 661.5049, -11.2480, 127, 64, 0, 2, Ashenpaw_(Hunter)
P -2377.6768, 1544.3667, -10.1980, 127, 64, 0, 2, Ashenpaw_(Hunter)
P -994.5576, 371.8360, -11.2480, 127, 64, 0, 2, Ashenpaw_(Hunter)
P 633.2814, -829.0992, 6.1935, 127, 64, 0, 2, Callowwing_(Hunter)
P -1445.6193, 3572.4956, -12.0163, 127, 64, 0, 2, Grimtooth_(Hunter)
P 744.4352, 2089.1482, -9.6874, 127, 64, 0, 2, Korvik_the_Cursed_(Hunter)
P -1154.5630, 1414.1554, -10.8964, 127, 64, 0, 2, Lieutenant_Midraim_(Hunter)
P -945.0635, 149.2861, -11.2480, 127, 64, 0, 2, Lieutenant_Midrain_(Hunter)
P -2104.6697, 3174.3638, -5.0098, 127, 64, 0, 2, Lieutenant_Midrain_(Hunter)
P -2912.3953, 3011.2261, -3.9355, 127, 64, 0, 2, Swiftclaw_(Hunter)
P -2810.1299, -976.9612, 5.2064, 127, 64, 0, 2, Swiftclaw_(Hunter)
P -2367.0479, 1063.6288, -10.4534, 127, 64, 0, 2, Swiftclaw_(Hunter)
P 1656.6791, 2832.7366, -11.2480, 127, 64, 0, 2, Swiftclaw_(Hunter)
P 124.1587, 2936.1475, -9.7088, 127, 64, 0, 2, Timbur_the_tiny_(Hunter)
P 1032.0000, 3054.0000, -40.0000, 127, 64, 0, 2, Bristletoe_(Hunter,Roam)
