L -64.0, 127.0, 1.0, -48.0, 111.0, 0.0, 0, 0, 0
L -78.0, 127.0, 1.0, -63.0, 96.0, 0.0, 0, 0, 0
L -63.0, 96.0, 0.0, -15.0, 96.0, 1.0, 0, 0, 0
L -78.0, 127.0, 1.0, -64.0, 127.0, 1.0, 199, 21, 133
L -15.0, 96.0, 1.0, 0.0, 80.0, 0.0, 0, 0, 0
L 0.0, 80.0, 0.0, 0.0, 31.0, 0.0, 0, 0, 0
L 0.0, 31.0, 0.0, -15.0, 15.0, 0.0, 0, 0, 0
L -15.0, 15.0, 0.0, -15.0, 0.0, 0.0, 0, 0, 0
L -15.0, 0.0, 0.0, 0.0, -15.0, 0.0, 0, 0, 0
L 0.0, -15.0, 0.0, 0.0, -32.0, 1.0, 0, 0, 0
L 0.0, -32.0, 1.0, -3.0, -38.0, 0.0, 0, 0, 0
L -3.0, -38.0, 0.0, -11.0, -38.0, 0.0, 0, 0, 0
L -11.0, -38.0, 0.0, -27.0, -42.0, 0.0, 0, 0, 0
L -27.0, -42.0, 0.0, -37.0, -64.0, 5.0, 0, 0, 0
L -37.0, -64.0, 5.0, -35.0, -81.0, 7.0, 0, 0, 0
L -35.0, -81.0, 7.0, -13.0, -97.0, 0.0, 0, 0, 0
L -13.0, -97.0, 0.0, 9.0, -97.0, 0.0, 0, 0, 0
L 9.0, -97.0, 0.0, 24.0, -112.0, 2.0, 0, 0, 0
L 24.0, -112.0, 2.0, 28.0, -131.0, 0.0, 0, 0, 0
L 28.0, -131.0, 0.0, 36.0, -141.0, 0.0, 0, 0, 0
L 36.0, -141.0, 0.0, 47.0, -146.0, 0.0, 0, 0, 0
L 47.0, -146.0, 0.0, 56.0, -153.0, 0.0, 0, 0, 0
L 56.0, -153.0, 0.0, 60.0, -165.0, 4.0, 0, 0, 0
L 60.0, -165.0, 4.0, 57.0, -174.0, 0.0, 0, 0, 0
L 57.0, -174.0, 0.0, 52.0, -180.0, 0.0, 0, 0, 0
L 52.0, -180.0, 0.0, 41.0, -190.0, 5.0, 0, 0, 0
L 41.0, -190.0, 5.0, 31.0, -176.0, 0.0, 0, 0, 0
L 31.0, -176.0, 0.0, 0.0, -176.0, 0.0, 0, 0, 0
L 0.0, -176.0, 0.0, 0.0, -160.0, 0.0, 0, 0, 0
L 0.0, -160.0, 0.0, -16.0, -144.0, 0.0, 0, 0, 0
L -16.0, -144.0, 0.0, -31.0, -144.0, 0.0, 0, 0, 0
L -31.0, -144.0, 0.0, -46.0, -160.0, 0.0, 0, 0, 0
L -46.0, -160.0, 0.0, -47.0, -176.0, 0.0, 0, 0, 0
L -47.0, -176.0, 0.0, -63.0, -176.0, 0.0, 0, 0, 0
L -63.0, -176.0, 0.0, -78.0, -192.0, 0.0, 0, 0, 0
L -78.0, -192.0, 0.0, -79.0, -208.0, 0.0, 0, 0, 0
L -79.0, -208.0, 1.0, -94.0, -208.0, 2.0, 0, 0, 0
L -94.0, -208.0, 2.0, -77.0, -269.0, 2.0, 0, 0, 0
L -77.0, -269.0, 2.0, -77.0, -295.0, 10.0, 0, 0, 0
L -77.0, -295.0, 10.0, -71.0, -300.0, 0.0, 0, 0, 0
L -44.0, -300.0, 0.0, -34.0, -300.0, 11.0, 0, 0, 0
L -34.0, -300.0, 11.0, -17.0, -286.0, 10.0, 0, 0, 0
L -17.0, -286.0, 10.0, -25.0, -261.0, 0.0, 0, 0, 0
L -25.0, -261.0, 0.0, -20.0, -257.0, 0.0, 0, 0, 0
L -20.0, -257.0, 0.0, -14.0, -255.0, 0.0, 0, 0, 0
L -14.0, -255.0, 0.0, 0.0, -260.0, 0.0, 0, 0, 0
L 0.0, -260.0, 0.0, 27.0, -256.0, 0.0, 0, 0, 0
L 27.0, -256.0, 0.0, 45.0, -246.0, 4.0, 0, 0, 0
L 63.0, -246.0, 0.0, 45.0, -246.0, 4.0, 0, 0, 0
L 63.0, -246.0, 0.0, 71.0, -233.0, 0.0, 0, 0, 0
L 71.0, -233.0, 0.0, 72.0, -225.0, 0.0, 0, 0, 0
L 72.0, -225.0, 0.0, 85.0, -215.0, 5.0, 0, 0, 0
L 85.0, -215.0, 5.0, 90.0, -195.0, 0.0, 0, 0, 0
L 90.0, -195.0, 0.0, 99.0, -187.0, 0.0, 0, 0, 0
L 99.0, -187.0, 0.0, 112.0, -190.0, 0.0, 0, 0, 0
L 112.0, -190.0, 0.0, 128.0, -190.0, 0.0, 0, 0, 0
L 128.0, -190.0, 0.0, 144.0, -207.0, 0.0, 0, 0, 0
L 144.0, -224.0, 0.0, 144.0, -207.0, 0.0, 0, 0, 0
L 144.0, -224.0, 0.0, 123.0, -238.0, 0.0, 0, 0, 0
L 121.0, -256.0, 0.0, 123.0, -238.0, 0.0, 0, 0, 0
L 121.0, -256.0, 0.0, 133.0, -270.0, 0.0, 0, 0, 0
L 133.0, -270.0, 0.0, 159.0, -270.0, 0.0, 0, 0, 0
L 159.0, -270.0, 0.0, 175.0, -255.0, 0.0, 0, 0, 0
L 175.0, -255.0, 0.0, 176.0, -235.0, 0.0, 0, 0, 0
L 176.0, -235.0, 0.0, 158.0, -224.0, 0.0, 0, 0, 0
L 158.0, -224.0, 0.0, 158.0, -207.0, 0.0, 0, 0, 0
L 158.0, -207.0, 0.0, 174.0, -192.0, 0.0, 0, 0, 0
L 174.0, -192.0, 0.0, 171.0, -170.0, 0.0, 0, 0, 0
L 171.0, -170.0, 0.0, 158.0, -160.0, 0.0, 0, 0, 0
L 158.0, -160.0, 0.0, 158.0, -143.0, 0.0, 0, 0, 0
L 158.0, -143.0, 0.0, 174.0, -127.0, 0.0, 0, 0, 0
L 174.0, -127.0, 0.0, 159.0, -96.0, 0.0, 0, 0, 0
L 159.0, -96.0, 0.0, 128.0, -96.0, 0.0, 0, 0, 0
L 128.0, -96.0, 0.0, 113.0, -111.0, 0.0, 0, 0, 0
L 113.0, -111.0, 0.0, 144.0, -143.0, 0.0, 0, 0, 0
L 144.0, -143.0, 0.0, 144.0, -160.0, 0.0, 0, 0, 0
L 144.0, -160.0, 0.0, 103.0, -167.0, 0.0, 0, 0, 0
L 103.0, -167.0, 0.0, 102.0, -152.0, 0.0, 0, 0, 0
L 102.0, -152.0, 0.0, 93.0, -130.0, 5.0, 0, 0, 0
L 93.0, -130.0, 5.0, 63.0, -128.0, 0.0, 0, 0, 0
L 63.0, -128.0, 0.0, 63.0, -111.0, 0.0, 0, 0, 0
L 63.0, -111.0, 0.0, 78.0, -95.0, 0.0, 0, 0, 0
L 78.0, -95.0, 0.0, 79.0, -80.0, 0.0, 0, 0, 0
L 79.0, -80.0, 0.0, 63.0, -64.0, 0.0, 0, 0, 0
L 63.0, -64.0, 0.0, 32.0, -64.0, 5.0, 0, 0, 0
L 32.0, -64.0, 5.0, 10.0, -76.0, 0.0, 0, 0, 0
L 10.0, -76.0, 0.0, -2.0, -76.0, 0.0, 0, 0, 0
L -2.0, -76.0, 0.0, -8.0, -70.0, 0.0, 0, 0, 0
L -8.0, -70.0, 0.0, -10.0, -66.0, 0.0, 0, 0, 0
L -10.0, -66.0, 0.0, -8.0, -59.0, 0.0, 0, 0, 0
L -8.0, -59.0, 0.0, 13.0, -49.0, 0.0, 0, 0, 0
L 15.0, -41.0, 0.0, 13.0, -49.0, 0.0, 0, 0, 0
L 15.0, -41.0, 0.0, 15.0, -15.0, 0.0, 0, 0, 0
L 15.0, -15.0, 0.0, 31.0, 0.0, 0.0, 0, 0, 0
L 31.0, 0.0, 0.0, 31.0, 15.0, 0.0, 0, 0, 0
L 31.0, 15.0, 0.0, 15.0, 31.0, 0.0, 0, 0, 0
L 15.0, 31.0, 0.0, 15.0, 79.0, 0.0, 0, 0, 0
L 15.0, 79.0, 0.0, 0.0, 111.0, 0.0, 0, 0, 0
L 0.0, 111.0, 0.0, -48.0, 111.0, 0.0, 0, 0, 0
L -45.0, -328.0, 2.0, -33.0, -334.0, 3.0, 0, 0, 0
L -33.0, -334.0, 3.0, -32.0, -346.0, 3.0, 0, 0, 0
L -32.0, -368.0, 0.0, -35.0, -357.0, 3.0, 0, 0, 0
L -35.0, -357.0, 3.0, -32.0, -346.0, 3.0, 0, 0, 0
L -32.0, -368.0, 0.0, -16.0, -368.0, 0.0, 0, 0, 0
L -16.0, -368.0, 0.0, -16.0, -382.0, 0.0, 0, 0, 0
L -16.0, -382.0, 0.0, -32.0, -382.0, 0.0, 0, 0, 0
L -32.0, -382.0, 0.0, -36.0, -394.0, 0.0, 0, 0, 0
L -36.0, -394.0, 0.0, -48.0, -394.0, 0.0, 0, 0, 0
L -48.0, -402.0, 0.0, -45.0, -413.0, 0.0, 0, 0, 0
L -45.0, -413.0, 0.0, -49.0, -417.0, 0.0, 0, 0, 0
L -49.0, -417.0, 0.0, -46.0, -423.0, 0.0, 0, 0, 0
L -46.0, -423.0, 0.0, -41.0, -420.0, 0.0, 0, 0, 0
L -41.0, -420.0, 0.0, -35.0, -423.0, 0.0, 0, 0, 0
L -35.0, -423.0, 0.0, -33.0, -416.0, -1.0, 0, 0, 0
L -33.0, -416.0, -1.0, -25.0, -414.0, 0.0, 0, 0, 0
L -25.0, -414.0, 0.0, -16.0, -416.0, -1.0, 0, 0, 0
L -16.0, -416.0, -1.0, -4.0, -426.0, 0.0, 0, 0, 0
L -4.0, -426.0, 0.0, -2.0, -443.0, 1.0, 0, 0, 0
L -2.0, -443.0, 1.0, -6.0, -453.0, 1.0, 0, 0, 0
L -6.0, -453.0, 1.0, -14.0, -457.0, 0.0, 0, 0, 0
L -14.0, -457.0, 0.0, -17.0, -463.0, 0.0, 0, 0, 0
L -17.0, -463.0, 0.0, -28.0, -469.0, 0.0, 65, 65, 65
L -28.0, -469.0, 0.0, -25.0, -485.0, 0.0, 127, 64, 0
L -25.0, -485.0, 0.0, -34.0, -485.0, 0.0, 127, 64, 0
L -34.0, -485.0, 0.0, -34.0, -495.0, 0.0, 127, 64, 0
L -34.0, -495.0, 0.0, -38.0, -503.0, 0.0, 127, 64, 0
L -38.0, -503.0, 0.0, -34.0, -534.0, 1.0, 139, 69, 19
L -24.0, -542.0, 1.0, -22.0, -559.0, 1.0, 0, 0, 0
L -22.0, -559.0, 1.0, -24.0, -571.0, 1.0, 0, 0, 0
L -24.0, -571.0, 1.0, -35.0, -579.0, 0.0, 0, 0, 0
L -35.0, -579.0, 0.0, -28.0, -586.0, 0.0, 0, 0, 0
L -28.0, -586.0, 0.0, -21.0, -603.0, 0.0, 0, 0, 0
L -21.0, -603.0, 0.0, -28.0, -628.0, 0.0, 0, 0, 0
L -28.0, -628.0, 0.0, -53.0, -630.0, 0.0, 0, 0, 0
L -53.0, -630.0, 0.0, -71.0, -616.0, 0.0, 0, 0, 0
L -71.0, -616.0, 0.0, -89.0, -616.0, 0.0, 0, 0, 0
L -89.0, -616.0, 0.0, -110.0, -612.0, 0.0, 0, 0, 0
L -110.0, -612.0, 0.0, -113.0, -631.0, 0.0, 0, 0, 0
L -113.0, -631.0, 0.0, -101.0, -626.0, 0.0, 0, 0, 0
L -101.0, -626.0, 0.0, -86.0, -624.0, 0.0, 0, 0, 0
L -86.0, -624.0, 0.0, -76.0, -630.0, 0.0, 0, 0, 0
L -76.0, -630.0, 0.0, -73.0, -637.0, 0.0, 0, 0, 0
L -73.0, -637.0, 0.0, -78.0, -641.0, 0.0, 0, 0, 0
L -78.0, -641.0, 0.0, -78.0, -647.0, 0.0, 0, 0, 0
L -91.0, -645.0, 0.0, -96.0, -639.0, 0.0, 0, 0, 0
L -96.0, -639.0, 0.0, -100.0, -655.0, 0.0, 0, 0, 0
L -100.0, -655.0, 0.0, -104.0, -660.0, 0.0, 0, 0, 0
L -104.0, -660.0, 0.0, -115.0, -660.0, 0.0, 0, 0, 0
L -115.0, -660.0, 0.0, -121.0, -641.0, 0.0, 0, 0, 0
L -121.0, -641.0, 0.0, -132.0, -647.0, 0.0, 0, 0, 0
L -132.0, -647.0, 0.0, -134.0, -651.0, 0.0, 0, 0, 0
L -134.0, -651.0, 0.0, -138.0, -654.0, 0.0, 0, 0, 0
L -138.0, -654.0, 0.0, -145.0, -654.0, 0.0, 0, 0, 0
L -145.0, -654.0, 0.0, -146.0, -649.0, 0.0, 0, 0, 0
L -146.0, -649.0, 0.0, -142.0, -643.0, 0.0, 0, 0, 0
L -142.0, -643.0, 0.0, -147.0, -638.0, 0.0, 0, 0, 0
L -145.0, -626.0, 0.0, -141.0, -608.0, 0.0, 0, 0, 0
L -131.0, -604.0, 0.0, -141.0, -608.0, 0.0, 0, 0, 0
L -131.0, -604.0, 0.0, -123.0, -604.0, 0.0, 0, 0, 0
L -123.0, -604.0, 0.0, -121.0, -594.0, 0.0, 0, 0, 0
L -121.0, -594.0, 0.0, -113.0, -592.0, 0.0, 0, 0, 0
L -110.0, -585.0, 0.0, -112.0, -581.0, 0.0, 0, 0, 0
L -112.0, -581.0, 0.0, -113.0, -573.0, 0.0, 0, 0, 0
L -113.0, -573.0, 0.0, -115.0, -570.0, 0.0, 0, 0, 0
L -136.0, -570.0, 8.0, -144.0, -576.0, 18.0, 0, 0, 0
L -144.0, -576.0, 18.0, -153.0, -574.0, 18.0, 0, 0, 0
L -153.0, -574.0, 18.0, -157.0, -570.0, 18.0, 0, 0, 0
L -157.0, -570.0, 18.0, -173.0, -566.0, 18.0, 0, 0, 0
L -173.0, -566.0, 18.0, -178.0, -551.0, 18.0, 0, 0, 0
L -178.0, -551.0, 18.0, -167.0, -538.0, 18.0, 0, 0, 0
L -167.0, -538.0, 18.0, -160.0, -536.0, 16.0, 0, 0, 0
L -160.0, -536.0, 16.0, -166.0, -523.0, 16.0, 0, 0, 0
L -166.0, -523.0, 16.0, -163.0, -512.0, 16.0, 0, 0, 0
L -163.0, -512.0, 16.0, -153.0, -504.0, 17.0, 0, 0, 0
L -153.0, -504.0, 17.0, -133.0, -501.0, 17.0, 0, 0, 0
L -133.0, -501.0, 17.0, -130.0, -489.0, 17.0, 0, 0, 0
L -130.0, -489.0, 17.0, -134.0, -477.0, 17.0, 0, 0, 0
L -134.0, -477.0, 17.0, -131.0, -468.0, 18.0, 0, 0, 0
L -131.0, -468.0, 18.0, -123.0, -456.0, 18.0, 0, 0, 0
L -123.0, -456.0, 18.0, -105.0, -452.0, 18.0, 0, 0, 0
L -105.0, -452.0, 18.0, -101.0, -444.0, 18.0, 0, 0, 0
L -101.0, -444.0, 18.0, -105.0, -441.0, 18.0, 0, 0, 0
L -105.0, -441.0, 18.0, -109.0, -439.0, 18.0, 0, 0, 0
L -109.0, -439.0, 18.0, -125.0, -438.0, 22.0, 0, 0, 0
L -125.0, -438.0, 22.0, -149.0, -427.0, 17.0, 0, 0, 0
L -149.0, -427.0, 17.0, -150.0, -414.0, 17.0, 0, 0, 0
L -150.0, -414.0, 17.0, -150.0, -402.0, 17.0, 0, 0, 0
L -150.0, -402.0, 17.0, -144.0, -389.0, 17.0, 0, 0, 0
L -144.0, -389.0, 17.0, -143.0, -368.0, 19.0, 0, 0, 0
L -143.0, -368.0, 19.0, -126.0, -368.0, 18.0, 0, 0, 0
L -126.0, -368.0, 18.0, -132.0, -355.0, 18.0, 0, 0, 0
L -132.0, -355.0, 18.0, -130.0, -348.0, 18.0, 0, 0, 0
L -130.0, -348.0, 18.0, -125.0, -338.0, 18.0, 0, 0, 0
L -125.0, -338.0, 18.0, -116.0, -336.0, 18.0, 0, 0, 0
L -116.0, -336.0, 18.0, -107.0, -340.0, 18.0, 0, 0, 0
L -107.0, -340.0, 18.0, -91.0, -342.0, 18.0, 139, 69, 19
L -91.0, -342.0, 18.0, -87.0, -336.0, 18.0, 139, 69, 19
L -87.0, -336.0, 18.0, -54.0, -334.0, 18.0, 139, 69, 19
L -54.0, -334.0, 18.0, -43.0, -329.0, 18.0, 139, 69, 19
L -108.0, -365.0, 18.0, -117.0, -367.0, 18.0, 0, 0, 0
L -117.0, -367.0, 18.0, -110.0, -376.0, 19.0, 0, 0, 0
L -110.0, -376.0, 19.0, -108.0, -385.0, 19.0, 0, 0, 0
L -108.0, -385.0, 19.0, -112.0, -394.0, 19.0, 0, 0, 0
L -112.0, -394.0, 19.0, -126.0, -394.0, 18.0, 0, 0, 0
L -126.0, -394.0, 18.0, -133.0, -405.0, 18.0, 0, 0, 0
L -133.0, -405.0, 18.0, -130.0, -412.0, 18.0, 0, 0, 0
L -130.0, -412.0, 18.0, -120.0, -416.0, 17.0, 0, 0, 0
L -120.0, -416.0, 17.0, -102.0, -416.0, 17.0, 0, 0, 0
L -102.0, -416.0, 17.0, -94.0, -424.0, 17.0, 0, 0, 0
L -94.0, -424.0, 17.0, -88.0, -434.0, 17.0, 0, 0, 0
L -88.0, -434.0, 17.0, -93.0, -458.0, 18.0, 0, 0, 0
L -93.0, -458.0, 18.0, -94.0, -469.0, 18.0, 0, 0, 0
L -94.0, -469.0, 18.0, -106.0, -474.0, 18.0, 0, 0, 0
L -106.0, -474.0, 18.0, -110.0, -476.0, 18.0, 0, 0, 0
L -110.0, -476.0, 18.0, -114.0, -480.0, 19.0, 0, 0, 0
L -114.0, -480.0, 19.0, -114.0, -489.0, 18.0, 0, 0, 0
L -114.0, -489.0, 18.0, -116.0, -499.0, 18.0, 0, 0, 0
L -116.0, -499.0, 18.0, -120.0, -511.0, 17.0, 0, 0, 0
L -120.0, -511.0, 17.0, -127.0, -517.0, 17.0, 0, 0, 0
L -127.0, -517.0, 17.0, -116.0, -550.0, 3.0, 0, 0, 0
L -116.0, -550.0, 3.0, -98.0, -558.0, 0.0, 0, 0, 0
L -98.0, -558.0, 0.0, -92.0, -568.0, 0.0, 0, 0, 0
L -92.0, -568.0, 0.0, -92.0, -583.0, 0.0, 0, 0, 0
L -92.0, -583.0, 0.0, -100.0, -585.0, 0.0, 0, 0, 0
L -100.0, -585.0, 0.0, -100.0, -587.0, 0.0, 0, 0, 0
L -100.0, -592.0, 0.0, -85.0, -592.0, 0.0, 0, 0, 0
L -85.0, -592.0, 0.0, -75.0, -576.0, 0.0, 0, 0, 0
L -75.0, -576.0, 0.0, -50.0, -576.0, 0.0, 0, 0, 0
L -50.0, -576.0, 0.0, -60.0, -556.0, 1.0, 0, 0, 0
L -49.0, -533.0, 1.0, -48.0, -518.0, 0.0, 139, 69, 19
L -48.0, -518.0, 0.0, -51.0, -499.0, 0.0, 127, 64, 0
L -51.0, -499.0, 0.0, -43.0, -481.0, 0.0, 139, 69, 19
L -43.0, -481.0, 0.0, -41.0, -470.0, 0.0, 127, 64, 0
L -41.0, -470.0, 0.0, -56.0, -470.0, 0.0, 65, 65, 65
L -56.0, -470.0, 0.0, -60.0, -469.0, 0.0, 65, 65, 65
L -60.0, -469.0, 0.0, -65.0, -461.0, 0.0, 65, 65, 65
L -65.0, -461.0, 0.0, -77.0, -458.0, 0.0, 65, 65, 65
L -77.0, -458.0, 0.0, -77.0, -444.0, 0.0, 0, 0, 0
L -77.0, -444.0, 0.0, -79.0, -439.0, 1.0, 0, 0, 0
L -79.0, -439.0, 1.0, -79.0, -433.0, 1.0, 0, 0, 0
L -79.0, -433.0, 1.0, -76.0, -427.0, 1.0, 0, 0, 0
L -76.0, -427.0, 1.0, -73.0, -422.0, 1.0, 0, 0, 0
L -73.0, -422.0, 1.0, -73.0, -417.0, 0.0, 0, 0, 0
L -73.0, -417.0, 0.0, -71.0, -412.0, 0.0, 0, 0, 0
L -71.0, -412.0, 0.0, -61.0, -402.0, 0.0, 0, 0, 0
L -61.0, -394.0, 0.0, -70.0, -394.0, 0.0, 0, 0, 0
L -70.0, -394.0, 0.0, -79.0, -391.0, 0.0, 0, 0, 0
L -79.0, -391.0, 0.0, -78.0, -382.0, 0.0, 0, 0, 0
L -78.0, -382.0, 0.0, -95.0, -382.0, 0.0, 0, 0, 0
L -95.0, -382.0, 0.0, -95.0, -368.0, 0.0, 0, 0, 0
L -95.0, -368.0, 0.0, -103.0, -356.0, 3.0, 0, 0, 0
L -103.0, -356.0, 3.0, -106.0, -339.0, 3.0, 0, 0, 0
L -106.0, -339.0, 3.0, -103.0, -330.0, 3.0, 0, 0, 0
L -103.0, -330.0, 3.0, -93.0, -326.0, 2.0, 0, 0, 0
L -93.0, -326.0, 2.0, -87.0, -326.0, 0.0, 0, 0, 0
L -48.0, -454.0, 0.0, -53.0, -454.0, 0.0, 0, 0, 0
L -53.0, -454.0, 0.0, -62.0, -457.0, 0.0, 0, 0, 0
L -62.0, -457.0, 0.0, -64.0, -444.0, 0.0, 0, 0, 0
L -64.0, -444.0, 0.0, -62.0, -439.0, 1.0, 0, 0, 0
L -62.0, -439.0, 1.0, -62.0, -430.0, 0.0, 0, 0, 0
L -62.0, -430.0, 0.0, -55.0, -438.0, 0.0, 0, 0, 0
L -55.0, -438.0, 0.0, -48.0, -438.0, 0.0, 0, 0, 0
L -48.0, -438.0, 0.0, -43.0, -434.0, 0.0, 0, 0, 0
L -43.0, -434.0, 0.0, -37.0, -440.0, 0.0, 0, 0, 0
L -37.0, -440.0, 0.0, -34.0, -439.0, 0.0, 0, 0, 0
L -34.0, -439.0, 0.0, -32.0, -434.0, 0.0, 0, 0, 0
L -32.0, -434.0, 0.0, -23.0, -432.0, 0.0, 0, 0, 0
L -23.0, -432.0, 0.0, -18.0, -437.0, 0.0, 0, 0, 0
L -18.0, -437.0, 0.0, -19.0, -440.0, 1.0, 0, 0, 0
L -19.0, -440.0, 1.0, -23.0, -444.0, 0.0, 0, 0, 0
L -23.0, -444.0, 0.0, -27.0, -444.0, 0.0, 0, 0, 0
L -27.0, -444.0, 0.0, -35.0, -448.0, 0.0, 0, 0, 0
L -35.0, -448.0, 0.0, -48.0, -454.0, 0.0, 0, 0, 0
L -78.0, -652.0, 0.0, -72.0, -656.0, 0.0, 0, 0, 0
L -72.0, -656.0, 0.0, -50.0, -658.0, 1.0, 0, 0, 0
L -50.0, -658.0, 1.0, -21.0, -681.0, 1.0, 0, 0, 0
L -21.0, -681.0, 1.0, -31.0, -699.0, 1.0, 0, 0, 0
L -31.0, -699.0, 1.0, -9.0, -709.0, 1.0, 0, 0, 0
L -9.0, -709.0, 1.0, 35.0, -760.0, 1.0, 0, 0, 0
L 35.0, -760.0, 2.0, 36.0, -792.0, 0.0, 0, 0, 0
L 36.0, -792.0, 0.0, 5.0, -793.0, 0.0, 0, 0, 0
L 5.0, -793.0, 0.0, -12.0, -816.0, 0.0, 127, 64, 0
L -12.0, -816.0, 0.0, -13.0, -853.0, 0.0, 127, 64, 0
L -13.0, -853.0, 0.0, 0.0, -879.0, 0.0, 127, 64, 0
L 0.0, -879.0, 0.0, 0.0, -895.0, 0.0, 0, 0, 0
L 0.0, -895.0, 0.0, -4.0, -921.0, 0.0, 0, 0, 0
L -4.0, -921.0, 0.0, 14.0, -953.0, 1.0, 0, 0, 0
L 14.0, -953.0, 1.0, 9.0, -1000.0, 12.0, 0, 0, 0
L 9.0, -1000.0, 12.0, -3.0, -1009.0, 0.0, 0, 0, 0
L -3.0, -1009.0, 0.0, 15.0, -1040.0, 0.0, 0, 0, 0
L 15.0, -1040.0, 0.0, 64.0, -1056.0, 0.0, 0, 0, 0
L 64.0, -1056.0, 0.0, 66.0, -1041.0, 0.0, 0, 0, 0
L 66.0, -1041.0, 0.0, 76.0, -1028.0, 0.0, 0, 0, 0
L 76.0, -1028.0, 0.0, 82.0, -1026.0, 0.0, 0, 0, 0
L 82.0, -1026.0, 0.0, 82.0, -1022.0, 0.0, 0, 0, 0
L 95.0, -1025.0, 0.0, 106.0, -1065.0, 0.0, 0, 0, 0
L 95.0, -1075.0, 0.0, 106.0, -1065.0, 0.0, 0, 0, 0
L 95.0, -1075.0, 0.0, 95.0, -1089.0, 0.0, 0, 0, 0
L 95.0, -1104.0, 0.0, 112.0, -1104.0, 0.0, 0, 0, 0
L 112.0, -1104.0, 0.0, 112.0, -1088.0, 0.0, 0, 0, 0
L 112.0, -1088.0, 0.0, 126.0, -1088.0, 0.0, 0, 0, 0
L 126.0, -1088.0, 0.0, 127.0, -1104.0, 0.0, 0, 0, 0
L 160.0, -1104.0, 0.0, 160.0, -1086.0, 0.0, 0, 0, 0
L 160.0, -1086.0, 0.0, 144.0, -1086.0, 0.0, 0, 0, 0
L 144.0, -1086.0, 0.0, 144.0, -1040.0, 0.0, 0, 0, 0
L 144.0, -1040.0, 0.0, 190.0, -1040.0, 0.0, 0, 0, 0
L 190.0, -1040.0, 0.0, 190.0, -1086.0, 0.0, 0, 0, 0
L 190.0, -1086.0, 0.0, 174.0, -1086.0, 0.0, 0, 0, 0
L 174.0, -1086.0, 0.0, 174.0, -1118.0, 5.0, 0, 0, 0
L 174.0, -1118.0, 5.0, 126.0, -1118.0, 0.0, 0, 0, 0
L 126.0, -1118.0, 0.0, 126.0, -1136.0, 0.0, 0, 0, 0
L 126.0, -1136.0, 0.0, 142.0, -1136.0, 0.0, 0, 0, 0
L 142.0, -1136.0, 0.0, 142.0, -1152.0, 0.0, 0, 0, 0
L 142.0, -1152.0, 0.0, 160.0, -1152.0, 0.0, 0, 0, 0
L 160.0, -1152.0, 0.0, 160.0, -1136.0, 0.0, 0, 0, 0
L 160.0, -1136.0, 0.0, 190.0, -1136.0, 0.0, 0, 0, 0
L 190.0, -1136.0, 0.0, 190.0, -1166.0, 0.0, 0, 0, 0
L 190.0, -1166.0, 0.0, 143.0, -1166.0, 0.0, 0, 0, 0
L 143.0, -1166.0, 0.0, 142.0, -1182.0, 0.0, 0, 0, 0
L 142.0, -1182.0, 0.0, 96.0, -1182.0, 0.0, 0, 0, 0
L 96.0, -1182.0, 0.0, 96.0, -1136.0, 0.0, 0, 0, 0
L 96.0, -1136.0, 0.0, 112.0, -1136.0, 0.0, 0, 0, 0
L 112.0, -1136.0, 0.0, 112.0, -1118.0, 0.0, 0, 0, 0
L 112.0, -1118.0, 0.0, 80.0, -1118.0, 0.0, 0, 0, 0
L 80.0, -1080.0, 0.0, 63.0, -1070.0, 0.0, 0, 0, 0
L 63.0, -1070.0, 0.0, 47.0, -1087.0, 0.0, 0, 0, 0
L 47.0, -1087.0, 0.0, 47.0, -1118.0, 0.0, 0, 0, 0
L 47.0, -1118.0, 0.0, 63.0, -1120.0, 0.0, 0, 0, 0
L 63.0, -1120.0, 0.0, 63.0, -1152.0, 0.0, 0, 0, 0
L 63.0, -1152.0, 0.0, 79.0, -1152.0, 0.0, 0, 0, 0
L 79.0, -1152.0, 0.0, 79.0, -1200.0, 0.0, 0, 0, 0
L 112.0, -1280.0, 0.0, 112.0, -1271.0, 0.0, 0, 0, 0
L 112.0, -1262.0, 0.0, 96.0, -1262.0, 0.0, 0, 0, 0
L 96.0, -1262.0, 0.0, 96.0, -1230.0, 0.0, 0, 0, 0
L 96.0, -1230.0, 0.0, 80.0, -1230.0, 0.0, 0, 0, 0
L 80.0, -1230.0, 0.0, 80.0, -1214.0, 0.0, 0, 0, 0
L 80.0, -1214.0, 0.0, 64.0, -1214.0, 0.0, 0, 0, 0
L 64.0, -1214.0, 0.0, 64.0, -1166.0, 0.0, 0, 0, 0
L 64.0, -1166.0, 0.0, 48.0, -1166.0, 0.0, 0, 0, 0
L 48.0, -1166.0, 0.0, 48.0, -1134.0, 0.0, 0, 0, 0
L 48.0, -1134.0, 0.0, 31.0, -1134.0, 0.0, 0, 0, 0
L 31.0, -1134.0, 0.0, 31.0, -1200.0, 0.0, 0, 0, 0
L 31.0, -1200.0, 0.0, 47.0, -1200.0, 0.0, 0, 0, 0
L 47.0, -1200.0, 0.0, 47.0, -1248.0, 0.0, 0, 0, 0
L 47.0, -1248.0, 0.0, 63.0, -1248.0, 0.0, 0, 0, 0
L 63.0, -1248.0, 0.0, 63.0, -1271.0, 0.0, 0, 0, 0
L 63.0, -1280.0, 0.0, 79.0, -1280.0, 0.0, 0, 0, 0
L 79.0, -1280.0, 0.0, 79.0, -1326.0, 0.0, 0, 0, 0
L 79.0, -1326.0, 0.0, 32.0, -1325.0, 0.0, 0, 0, 0
L 32.0, -1325.0, 0.0, 32.0, -1310.0, 0.0, 0, 0, 0
L 32.0, -1310.0, 0.0, 16.0, -1310.0, 0.0, 0, 0, 0
L 16.0, -1310.0, 0.0, 16.0, -1296.0, 0.0, 0, 0, 0
L 16.0, -1296.0, 0.0, 32.0, -1296.0, 0.0, 0, 0, 0
L 32.0, -1280.0, 0.0, 48.0, -1280.0, 0.0, 0, 0, 0
L 32.0, -1296.0, 0.0, 32.0, -1280.0, 0.0, 0, 0, 0
L 48.0, -1280.0, 0.0, 48.0, -1271.0, 0.0, 0, 0, 0
L 48.0, -1262.0, 0.0, 32.0, -1262.0, 0.0, 0, 0, 0
L 32.0, -1262.0, 0.0, 32.0, -1214.0, 0.0, 0, 0, 0
L 32.0, -1214.0, 0.0, 16.0, -1214.0, 0.0, 0, 0, 0
L 16.0, -1214.0, 0.0, 16.0, -1182.0, 0.0, 0, 0, 0
L 16.0, -1182.0, 0.0, 0.0, -1182.0, 0.0, 0, 0, 0
L 0.0, -1182.0, 0.0, 0.0, -1168.0, 0.0, 0, 0, 0
L 0.0, -1168.0, 0.0, 16.0, -1168.0, 0.0, 0, 0, 0
L 16.0, -1168.0, 0.0, 16.0, -1120.0, 0.0, 0, 0, 0
L 16.0, -1120.0, 0.0, 32.0, -1120.0, 0.0, 0, 0, 0
L 32.0, -1120.0, 0.0, 32.0, -1086.0, 0.0, 0, 0, 0
L 32.0, -1086.0, 0.0, 22.0, -1083.0, 0.0, 0, 0, 0
L 22.0, -1083.0, 0.0, -33.0, -1015.0, 0.0, 0, 0, 0
L -33.0, -1015.0, 0.0, -66.0, -1006.0, 0.0, 0, 0, 0
L -66.0, -1006.0, 0.0, -80.0, -1033.0, 0.0, 0, 0, 0
L -80.0, -1033.0, 0.0, -43.0, -1091.0, 21.0, 0, 0, 0
L -43.0, -1091.0, 21.0, -56.0, -1104.0, 14.0, 0, 0, 0
L -56.0, -1104.0, 14.0, -93.0, -1071.0, 1.0, 65, 65, 65
L -93.0, -1071.0, 1.0, -57.0, -1105.0, 0.0, 0, 0, 0
L -57.0, -1105.0, 0.0, -18.0, -1132.0, -8.0, 0, 0, 0
L -18.0, -1132.0, -8.0, -10.0, -1166.0, -9.0, 0, 0, 0
L -10.0, -1166.0, -9.0, -22.0, -1170.0, -8.0, 0, 0, 0
L -22.0, -1170.0, -8.0, -22.0, -1186.0, -5.0, 0, 0, 0
L -22.0, -1186.0, -5.0, -43.0, -1193.0, -5.0, 0, 0, 0
L -43.0, -1193.0, -5.0, -27.0, -1205.0, -9.0, 0, 0, 0
L -27.0, -1205.0, -9.0, -35.0, -1219.0, -8.0, 0, 0, 0
L -35.0, -1219.0, -8.0, 4.0, -1236.0, 0.0, 0, 0, 0
L 4.0, -1236.0, 0.0, 0.0, -1254.0, 0.0, 0, 0, 0
L 0.0, -1254.0, 0.0, -18.0, -1264.0, 0.0, 0, 0, 0
L -18.0, -1264.0, 0.0, -9.0, -1318.0, 0.0, 0, 0, 0
L -9.0, -1318.0, 0.0, -51.0, -1330.0, 0.0, 0, 0, 0
L -51.0, -1330.0, 0.0, -80.0, -1318.0, -1.0, 0, 0, 0
L -80.0, -1318.0, -1.0, -64.0, -1348.0, -1.0, 0, 0, 0
L -64.0, -1348.0, -1.0, -64.0, -1370.0, -1.0, 0, 0, 0
L -64.0, -1370.0, -1.0, -109.0, -1372.0, -1.0, 0, 0, 0
L -109.0, -1372.0, -1.0, -119.0, -1366.0, -1.0, 0, 0, 0
L -119.0, -1366.0, -1.0, -123.0, -1360.0, 0.0, 0, 0, 0
L -123.0, -1360.0, 0.0, -126.0, -1360.0, 0.0, 0, 0, 0
L -123.0, -1348.0, 0.0, -118.0, -1335.0, 3.0, 0, 0, 0
L -118.0, -1335.0, 3.0, -104.0, -1321.0, -1.0, 0, 0, 0
L -104.0, -1321.0, -1.0, -126.0, -1314.0, 2.0, 0, 0, 0
L -126.0, -1314.0, 2.0, -132.0, -1312.0, 11.0, 0, 0, 0
L -132.0, -1312.0, 11.0, -147.0, -1318.0, 11.0, 0, 0, 0
L -147.0, -1318.0, 11.0, -159.0, -1322.0, 9.0, 0, 0, 0
L -159.0, -1322.0, 9.0, -183.0, -1322.0, 2.0, 0, 0, 0
L -183.0, -1322.0, 2.0, -195.0, -1304.0, 0.0, 0, 0, 0
L -195.0, -1304.0, 0.0, -198.0, -1281.0, -1.0, 0, 0, 0
L -198.0, -1281.0, -1.0, -191.0, -1258.0, 2.0, 0, 0, 0
L -191.0, -1258.0, 2.0, -174.0, -1249.0, 0.0, 0, 0, 0
L -174.0, -1249.0, 0.0, -190.0, -1214.0, 0.0, 0, 0, 0
L -190.0, -1214.0, 0.0, -187.0, -1194.0, 0.0, 0, 0, 0
L -187.0, -1194.0, 0.0, -170.0, -1189.0, -3.0, 0, 0, 0
L -170.0, -1189.0, -3.0, -170.0, -1183.0, -2.0, 0, 0, 0
L -170.0, -1183.0, -2.0, -181.0, -1166.0, 0.0, 0, 0, 0
L -181.0, -1166.0, 0.0, -198.0, -1142.0, -6.0, 0, 0, 0
L -198.0, -1142.0, -6.0, -223.0, -1131.0, -6.0, 0, 0, 0
L -223.0, -1131.0, -6.0, -156.0, -1104.0, -4.0, 0, 0, 0
L -156.0, -1104.0, -4.0, -133.0, -1112.0, -2.0, 65, 65, 65
L -133.0, -1112.0, -2.0, -122.0, -1127.0, 2.0, 65, 65, 65
L -122.0, -1127.0, 2.0, -123.0, -1139.0, 2.0, 65, 65, 65
L -123.0, -1139.0, 2.0, -124.0, -1147.0, 2.0, 65, 65, 65
L -124.0, -1147.0, 2.0, -112.0, -1153.0, 2.0, 65, 65, 65
L -112.0, -1153.0, 2.0, -115.0, -1170.0, 2.0, 65, 65, 65
L -115.0, -1170.0, 2.0, -96.0, -1153.0, 2.0, 65, 65, 65
L -96.0, -1153.0, 2.0, -106.0, -1140.0, 2.0, 65, 65, 65
L -106.0, -1140.0, 2.0, -96.0, -1125.0, 0.0, 65, 65, 65
L -96.0, -1125.0, 0.0, -103.0, -1103.0, 0.0, 65, 65, 65
L -103.0, -1103.0, 0.0, -128.0, -1085.0, 0.0, 65, 65, 65
L -128.0, -1085.0, 0.0, -128.0, -1027.0, 5.0, 0, 0, 0
L -128.0, -1027.0, 5.0, -110.0, -1005.0, 0.0, 0, 0, 0
L -110.0, -1005.0, 0.0, -111.0, -986.0, 0.0, 0, 0, 0
L -111.0, -986.0, 0.0, -155.0, -974.0, 11.0, 0, 0, 0
L -155.0, -974.0, 11.0, -156.0, -985.0, 10.0, 0, 0, 0
L -193.0, -1002.0, 10.0, -164.0, -994.0, 10.0, 0, 0, 0
L -164.0, -994.0, 10.0, -156.0, -985.0, 10.0, 0, 0, 0
L -193.0, -1002.0, 10.0, -212.0, -983.0, 10.0, 0, 0, 0
L -212.0, -983.0, 10.0, -206.0, -949.0, 10.0, 0, 0, 0
L -206.0, -949.0, 10.0, -197.0, -932.0, 10.0, 0, 0, 0
L -197.0, -932.0, 10.0, -185.0, -920.0, 11.0, 0, 0, 0
L -185.0, -920.0, 11.0, -200.0, -893.0, 14.0, 0, 0, 0
L -200.0, -893.0, 14.0, -191.0, -832.0, 13.0, 0, 0, 0
L -191.0, -832.0, 13.0, -153.0, -803.0, 8.0, 0, 0, 0
L -153.0, -803.0, 8.0, -152.0, -774.0, 6.0, 0, 0, 0
L -152.0, -774.0, 6.0, -112.0, -753.0, 11.0, 0, 0, 0
L -112.0, -753.0, 11.0, -94.0, -750.0, 16.0, 0, 0, 0
L -94.0, -750.0, 16.0, -80.0, -767.0, 16.0, 0, 0, 0
L 82.0, -870.0, -31.0, 100.0, -870.0, -25.0, 0, 0, 0
L 100.0, -870.0, -25.0, 122.0, -883.0, -25.0, 0, 0, 0
L 122.0, -883.0, -25.0, 153.0, -870.0, -25.0, 0, 0, 0
L 153.0, -870.0, -25.0, 154.0, -854.0, -25.0, 0, 0, 0
L 154.0, -854.0, -25.0, 161.0, -844.0, -25.0, 0, 0, 0
L 161.0, -844.0, -25.0, 194.0, -842.0, -27.0, 0, 0, 0
L 194.0, -842.0, -27.0, 204.0, -861.0, -31.0, 0, 0, 0
L 175.0, -864.0, -31.0, 160.0, -864.0, -31.0, 0, 0, 0
L 160.0, -864.0, -31.0, 160.0, -896.0, -31.0, 0, 0, 0
L 160.0, -896.0, -31.0, 95.0, -896.0, -1.0, 0, 0, 0
L 95.0, -896.0, -1.0, 79.0, -880.0, 0.0, 0, 0, 0
L 79.0, -880.0, 0.0, 64.0, -880.0, 0.0, 0, 0, 0
L 64.0, -880.0, 0.0, 48.0, -896.0, 0.0, 0, 0, 0
L 48.0, -896.0, 0.0, 48.0, -911.0, 0.0, 0, 0, 0
L 48.0, -911.0, 0.0, 65.0, -927.0, 0.0, 0, 0, 0
L 65.0, -927.0, 0.0, 57.0, -934.0, 1.0, 0, 0, 0
L 57.0, -934.0, 1.0, 54.0, -945.0, 2.0, 0, 0, 0
L 54.0, -945.0, 2.0, 55.0, -954.0, 2.0, 0, 0, 0
L 55.0, -954.0, 2.0, 64.0, -972.0, 0.0, 0, 0, 0
L 64.0, -972.0, 0.0, 98.0, -972.0, 0.0, 0, 0, 0
L 98.0, -972.0, 0.0, 111.0, -972.0, 0.0, 0, 0, 0
L 111.0, -972.0, 0.0, 123.0, -972.0, 0.0, 0, 0, 0
L 131.0, -970.0, 0.0, 144.0, -974.0, 0.0, 0, 0, 0
L 144.0, -974.0, 0.0, 160.0, -974.0, 0.0, 0, 0, 0
L 160.0, -974.0, 0.0, 160.0, -985.0, 0.0, 0, 0, 0
L 160.0, -985.0, 0.0, 158.0, -990.0, 0.0, 0, 0, 0
L 158.0, -990.0, 0.0, 153.0, -994.0, 0.0, 0, 0, 0
L 153.0, -994.0, 0.0, 137.0, -994.0, 0.0, 0, 0, 0
L 135.0, -994.0, 0.0, 131.0, -986.0, 0.0, 0, 0, 0
L 131.0, -986.0, 0.0, 118.0, -986.0, 0.0, 0, 0, 0
L 118.0, -986.0, 0.0, 112.0, -991.0, 0.0, 0, 0, 0
L 112.0, -991.0, 0.0, 54.0, -988.0, 0.0, 0, 0, 0
L 54.0, -988.0, 0.0, 50.0, -993.0, 0.0, 0, 0, 0
L 50.0, -993.0, 0.0, 53.0, -1007.0, 0.0, 0, 0, 0
L 53.0, -1007.0, 0.0, 54.0, -1016.0, 0.0, 0, 0, 0
L 54.0, -1016.0, 0.0, 66.0, -1018.0, 0.0, 0, 0, 0
L 66.0, -1018.0, 0.0, 82.0, -1018.0, 0.0, 0, 0, 0
L 95.0, -1019.0, 0.0, 95.0, -1022.0, 0.0, 0, 0, 0
L 82.0, -1022.0, 0.0, 82.0, -1018.0, 0.0, 0, 0, 0
L 95.0, -1019.0, 0.0, 112.0, -1006.0, 0.0, 0, 0, 0
L 112.0, -1006.0, 0.0, 118.0, -1012.0, 0.0, 0, 0, 0
L 118.0, -1012.0, 0.0, 131.0, -1012.0, 0.0, 0, 0, 0
L 131.0, -1012.0, 0.0, 135.0, -1006.0, 0.0, 0, 0, 0
L 142.0, -1006.0, 0.0, 153.0, -1010.0, 0.0, 0, 0, 0
L 153.0, -1010.0, 0.0, 167.0, -1010.0, 0.0, 0, 0, 0
L 167.0, -1010.0, 0.0, 174.0, -1003.0, 0.0, 0, 0, 0
L 174.0, -1003.0, 0.0, 174.0, -974.0, 0.0, 0, 0, 0
L 174.0, -974.0, 0.0, 201.0, -972.0, 2.0, 0, 0, 0
L 201.0, -972.0, 2.0, 205.0, -963.0, 2.0, 0, 0, 0
L 205.0, -963.0, 2.0, 200.0, -951.0, 2.0, 0, 0, 0
L 200.0, -951.0, 2.0, 190.0, -944.0, 0.0, 0, 0, 0
L 190.0, -944.0, 0.0, 195.0, -934.0, 2.0, 0, 0, 0
L 195.0, -934.0, 2.0, 191.0, -930.0, 3.0, 0, 0, 0
L 191.0, -930.0, 3.0, 179.0, -928.0, 3.0, 0, 0, 0
L 179.0, -928.0, 3.0, 152.0, -933.0, 2.0, 0, 0, 0
L 152.0, -933.0, 2.0, 132.0, -958.0, 0.0, 0, 0, 0
L 123.0, -956.0, 0.0, 110.0, -956.0, 0.0, 0, 0, 0
L 98.0, -956.0, 0.0, 98.0, -954.0, 0.0, 0, 0, 0
L 99.0, -933.0, 0.0, 110.0, -934.0, 0.0, 0, 0, 0
L 110.0, -934.0, 0.0, 110.0, -954.0, 0.0, 0, 0, 0
L 98.0, -956.0, 0.0, 79.0, -956.0, 0.0, 0, 0, 0
L 79.0, -956.0, 0.0, 79.0, -927.0, 0.0, 0, 0, 0
L 79.0, -927.0, 0.0, 95.0, -910.0, 0.0, 0, 0, 0
L 95.0, -910.0, 0.0, 104.0, -918.0, -5.0, 0, 0, 0
L 104.0, -918.0, -5.0, 159.0, -918.0, -31.0, 0, 0, 0
L 159.0, -918.0, -31.0, 159.0, -910.0, -31.0, 0, 0, 0
L 159.0, -910.0, -31.0, 175.0, -910.0, -31.0, 0, 0, 0
L 175.0, -910.0, -31.0, 175.0, -895.0, -31.0, 0, 0, 0
L 175.0, -895.0, -31.0, 183.0, -886.0, -31.0, 0, 0, 0
L 190.0, -886.0, -31.0, 192.0, -896.0, -31.0, 0, 0, 0
L 192.0, -896.0, -31.0, 201.0, -896.0, -31.0, 0, 0, 0
L 201.0, -896.0, -31.0, 203.0, -888.0, -31.0, 0, 0, 0
L 203.0, -888.0, -31.0, 216.0, -888.0, -30.0, 0, 0, 0
L 216.0, -888.0, -30.0, 231.0, -882.0, -30.0, 0, 0, 0
L 231.0, -882.0, -30.0, 237.0, -872.0, -30.0, 0, 0, 0
L 237.0, -872.0, -30.0, 239.0, -851.0, -31.0, 0, 0, 0
L 239.0, -851.0, -31.0, 249.0, -827.0, -31.0, 0, 0, 0
L 249.0, -827.0, -31.0, 250.0, -757.0, -31.0, 0, 0, 0
L 250.0, -757.0, -31.0, 243.0, -740.0, -31.0, 0, 0, 0
L 243.0, -740.0, -31.0, 203.0, -714.0, -31.0, 0, 0, 0
L 203.0, -714.0, -31.0, 169.0, -720.0, -31.0, 0, 0, 0
L 169.0, -720.0, -31.0, 150.0, -736.0, -31.0, 0, 0, 0
L 150.0, -736.0, -31.0, 135.0, -722.0, -39.0, 0, 0, 0
L 135.0, -722.0, -39.0, 131.0, -687.0, -39.0, 0, 0, 0
L 131.0, -687.0, -39.0, 142.0, -671.0, -39.0, 0, 0, 0
L 142.0, -671.0, -39.0, 127.0, -639.0, -39.0, 0, 0, 0
L 127.0, -639.0, -39.0, 143.0, -638.0, -39.0, 0, 0, 0
L 143.0, -638.0, -39.0, 153.0, -635.0, -39.0, 0, 0, 0
L 153.0, -635.0, -39.0, 159.0, -622.0, -40.0, 0, 0, 0
L 159.0, -622.0, -40.0, 158.0, -595.0, -40.0, 0, 0, 0
L 158.0, -595.0, -40.0, 133.0, -566.0, -39.0, 0, 0, 0
L 133.0, -566.0, -39.0, 88.0, -566.0, -39.0, 0, 0, 0
L 88.0, -566.0, -39.0, 71.0, -570.0, -41.0, 0, 0, 0
L 71.0, -570.0, -41.0, 32.0, -566.0, -56.0, 0, 0, 0
L 32.0, -566.0, -56.0, 20.0, -574.0, -61.0, 0, 0, 0
L 20.0, -574.0, -61.0, 13.0, -552.0, -63.0, 0, 0, 0
L 79.0, -542.0, -63.0, 79.0, -510.0, -63.0, 0, 0, 0
L 79.0, -510.0, -63.0, 95.0, -510.0, -63.0, 0, 0, 0
L 95.0, -510.0, -63.0, 95.0, -494.0, -63.0, 0, 0, 0
L 128.0, -480.0, -63.0, 103.0, -480.0, -63.0, 0, 0, 0
L 47.0, -480.0, -63.0, 47.0, -462.0, -63.0, 0, 0, 0
L 47.0, -462.0, -63.0, 63.0, -462.0, -63.0, 0, 0, 0
L 63.0, -462.0, -63.0, 63.0, -448.0, -63.0, 0, 0, 0
L 63.0, -430.0, -63.0, 63.0, -384.0, -63.0, 0, 0, 0
L 63.0, -384.0, -63.0, 31.0, -384.0, -63.0, 0, 0, 0
L 31.0, -384.0, -63.0, 31.0, -368.0, -63.0, 0, 0, 0
L 31.0, -368.0, -63.0, 0.0, -369.0, -63.0, 0, 0, 0
L 0.0, -369.0, -63.0, 0.0, -398.0, -63.0, 0, 0, 0
L 0.0, -398.0, -63.0, 48.0, -398.0, -63.0, 0, 0, 0
L 48.0, -398.0, -63.0, 48.0, -416.0, -63.0, 0, 0, 0
L 48.0, -416.0, -63.0, 16.0, -416.0, -63.0, 0, 0, 0
L 16.0, -416.0, -63.0, 16.0, -462.0, -63.0, 0, 0, 0
L 16.0, -462.0, -63.0, 32.0, -462.0, -63.0, 0, 0, 0
L 32.0, -462.0, -63.0, 32.0, -494.0, -63.0, 0, 0, 0
L 32.0, -494.0, -63.0, 48.0, -494.0, -63.0, 0, 0, 0
L 48.0, -494.0, -63.0, 48.0, -510.0, -63.0, 0, 0, 0
L 48.0, -510.0, -63.0, 64.0, -510.0, -63.0, 0, 0, 0
L 64.0, -510.0, -63.0, 64.0, -528.0, -63.0, 0, 0, 0
L 64.0, -528.0, -63.0, 33.0, -528.0, -64.0, 0, 0, 0
L 33.0, -528.0, -64.0, 27.0, -517.0, -64.0, 0, 0, 0
L 10.0, -516.0, -64.0, 27.0, -517.0, -64.0, 0, 0, 0
L 10.0, -516.0, -64.0, 13.0, -506.0, -65.0, 200, 65, 0
L 13.0, -506.0, -65.0, 1.0, -494.0, -58.0, 200, 65, 0
L 1.0, -494.0, -58.0, -6.0, -494.0, -54.0, 200, 65, 0
L -6.0, -494.0, -54.0, 1.0, -483.0, -55.0, 200, 65, 0
L 1.0, -483.0, -55.0, 0.0, -464.0, -34.0, 200, 65, 0
L 0.0, -464.0, -34.0, -15.0, -464.0, -26.0, 200, 65, 0
L -15.0, -464.0, -26.0, -27.0, -470.0, -26.0, 200, 65, 0
L -27.0, -470.0, -26.0, -33.0, -468.0, -46.0, 200, 65, 0
L -33.0, -468.0, -46.0, -41.0, -472.0, -47.0, 200, 65, 0
L -41.0, -472.0, -47.0, -42.0, -480.0, -50.0, 200, 65, 0
L -42.0, -480.0, -50.0, -51.0, -482.0, -58.0, 200, 65, 0
L -51.0, -482.0, -58.0, -66.0, -482.0, -69.0, 200, 65, 0
L -66.0, -482.0, -69.0, -85.0, -482.0, -69.0, 200, 65, 0
L -85.0, -482.0, -69.0, -105.0, -492.0, -71.0, 200, 65, 0
L -105.0, -492.0, -71.0, -108.0, -519.0, -67.0, 200, 65, 0
L -108.0, -519.0, -67.0, -107.0, -541.0, -66.0, 200, 65, 0
L -107.0, -541.0, -66.0, -90.0, -556.0, -66.0, 200, 65, 0
L -90.0, -556.0, -66.0, -62.0, -554.0, -63.0, 200, 65, 0
L -62.0, -554.0, -63.0, -52.0, -533.0, -60.0, 200, 65, 0
L -52.0, -533.0, -60.0, -34.0, -532.0, -52.0, 200, 65, 0
L -34.0, -532.0, -52.0, -23.0, -540.0, -67.0, 200, 65, 0
L -23.0, -540.0, -67.0, -18.0, -537.0, -65.0, 200, 65, 0
L -18.0, -537.0, -65.0, -6.0, -540.0, -66.0, 200, 65, 0
L -6.0, -540.0, -66.0, 0.0, -533.0, -63.0, 200, 65, 0
L 13.0, -541.0, -64.0, 79.0, -542.0, -63.0, 0, 0, 0
L -13.0, -499.0, -50.0, -17.0, -494.0, -50.0, 200, 65, 0
L -17.0, -494.0, -50.0, -24.0, -494.0, -50.0, 200, 65, 0
L -24.0, -494.0, -50.0, -28.0, -499.0, -50.0, 200, 65, 0
L -28.0, -499.0, -50.0, -28.0, -506.0, -50.0, 200, 65, 0
L -28.0, -506.0, -50.0, -24.0, -510.0, -50.0, 200, 65, 0
L -24.0, -510.0, -50.0, -17.0, -510.0, -50.0, 200, 65, 0
L -17.0, -510.0, -50.0, -13.0, -506.0, -50.0, 200, 65, 0
L -13.0, -506.0, -50.0, -13.0, -499.0, -50.0, 200, 65, 0
L 128.0, -480.0, -63.0, 128.0, -464.0, -63.0, 0, 0, 0
L 128.0, -464.0, -63.0, 159.0, -464.0, -63.0, 0, 0, 0
L 159.0, -464.0, -63.0, 158.0, -510.0, -63.0, 0, 0, 0
L 158.0, -510.0, -63.0, 128.0, -510.0, -63.0, 0, 0, 0
L 128.0, -510.0, -63.0, 128.0, -494.0, -63.0, 0, 0, 0
L 128.0, -494.0, -63.0, 103.0, -494.0, -63.0, 0, 0, 0
L 0.0, -554.0, -63.0, -3.0, -558.0, -62.0, 0, 0, 0
L -3.0, -558.0, -62.0, -5.0, -577.0, -62.0, 0, 0, 0
L -5.0, -577.0, -62.0, 4.0, -594.0, -63.0, 0, 0, 0
L 4.0, -594.0, -63.0, 4.0, -603.0, -63.0, 0, 0, 0
L 4.0, -603.0, -63.0, 10.0, -608.0, -63.0, 0, 0, 0
L 10.0, -608.0, -63.0, 15.0, -608.0, -63.0, 0, 0, 0
L 15.0, -608.0, -63.0, 19.0, -604.0, -63.0, 0, 0, 0
L 19.0, -604.0, -63.0, 31.0, -606.0, -62.0, 0, 0, 0
L 31.0, -606.0, -62.0, 30.0, -599.0, -62.0, 0, 0, 0
L 30.0, -599.0, -62.0, 65.0, -594.0, -43.0, 0, 0, 0
L 65.0, -594.0, -43.0, 97.0, -595.0, -39.0, 0, 0, 0
L 97.0, -595.0, -39.0, 96.0, -623.0, -40.0, 0, 0, 0
L 96.0, -623.0, -40.0, 72.0, -628.0, -39.0, 0, 0, 0
L 72.0, -628.0, -39.0, 72.0, -662.0, -39.0, 0, 0, 255
L 72.0, -662.0, -39.0, 85.0, -669.0, -39.0, 0, 0, 255
L 85.0, -669.0, -39.0, 87.0, -692.0, -39.0, 0, 0, 255
L 87.0, -692.0, -39.0, 72.0, -706.0, -37.0, 0, 0, 255
L 72.0, -706.0, -37.0, 72.0, -719.0, -35.0, 0, 0, 255
L 72.0, -719.0, -35.0, 85.0, -734.0, -37.0, 0, 0, 255
L 85.0, -734.0, -37.0, 109.0, -736.0, -39.0, 0, 0, 255
L 116.0, -758.0, -39.0, 156.0, -758.0, -27.0, 0, 0, 0
L 156.0, -758.0, -27.0, 156.0, -759.0, -31.0, 0, 0, 0
L 156.0, -759.0, -31.0, 157.0, -789.0, -29.0, 0, 0, 0
L 157.0, -789.0, -29.0, 118.0, -783.0, -25.0, 0, 0, 0
L 118.0, -783.0, -25.0, 82.0, -796.0, -31.0, 0, 0, 0
L 80.0, -1080.0, 0.0, 80.0, -1089.0, 0.0, 0, 0, 0
L 127.0, -1104.0, 0.0, 160.0, -1104.0, 0.0, 0, 0, 0
L -53.0, -965.0, 0.0, -38.0, -977.0, 0.0, 0, 0, 0
L -38.0, -977.0, 0.0, -29.0, -976.0, 0.0, 0, 0, 0
L -29.0, -976.0, 0.0, -19.0, -974.0, 0.0, 0, 0, 0
L -19.0, -974.0, 1.0, -15.0, -959.0, 1.0, 0, 0, 0
L -15.0, -959.0, 1.0, -24.0, -940.0, 1.0, 0, 0, 0
L -24.0, -940.0, 1.0, -41.0, -915.0, 0.0, 0, 0, 0
L -41.0, -915.0, 0.0, -25.0, -902.0, 0.0, 0, 0, 0
L -25.0, -902.0, 0.0, -35.0, -852.0, 0.0, 127, 64, 0
L 73.0, -628.0, -39.0, 54.0, -615.0, -43.0, 0, 0, 255
L 54.0, -615.0, -43.0, 22.0, -618.0, -46.0, 0, 0, 255
L 22.0, -618.0, -46.0, -6.0, -633.0, -42.0, 0, 0, 255
L -6.0, -633.0, -42.0, -18.0, -649.0, -42.0, 0, 0, 255
L -18.0, -649.0, -42.0, -15.0, -679.0, -44.0, 0, 0, 255
L -15.0, -679.0, -44.0, 1.0, -701.0, -38.0, 0, 0, 255
L 1.0, -701.0, -38.0, -3.0, -677.0, -40.0, 0, 0, 255
L -3.0, -677.0, -40.0, 21.0, -654.0, -39.0, 0, 0, 255
L 21.0, -654.0, -39.0, 50.0, -664.0, -36.0, 0, 0, 255
L 50.0, -664.0, -36.0, 58.0, -678.0, -37.0, 0, 0, 255
L 58.0, -678.0, -37.0, 50.0, -704.0, -36.0, 0, 0, 255
L 50.0, -704.0, -36.0, 54.0, -728.0, -39.0, 0, 0, 255
L 54.0, -728.0, -39.0, 69.0, -728.0, -41.0, 0, 0, 255
L 69.0, -728.0, -41.0, 80.0, -743.0, -34.0, 0, 0, 255
L 80.0, -743.0, -34.0, 81.0, -758.0, -37.0, 0, 0, 255
L 81.0, -758.0, -37.0, 100.0, -767.0, -39.0, 0, 0, 255
L 100.0, -767.0, -39.0, 116.0, -758.0, -39.0, 0, 0, 255
L 115.0, -758.0, -39.0, 97.0, -779.0, -39.0, 0, 0, 0
L 97.0, -779.0, -39.0, 89.0, -782.0, -39.0, 0, 0, 0
L 89.0, -782.0, -39.0, 76.0, -779.0, -39.0, 0, 0, 0
L 76.0, -779.0, -39.0, 63.0, -782.0, -25.0, 0, 0, 0
L 63.0, -782.0, -25.0, 52.0, -780.0, -20.0, 0, 0, 0
L 52.0, -780.0, -20.0, 50.0, -772.0, -20.0, 0, 0, 0
L 50.0, -772.0, -20.0, 61.0, -768.0, -25.0, 0, 0, 0
L 61.0, -768.0, -25.0, 48.0, -756.0, -37.0, 0, 0, 0
L 48.0, -756.0, -37.0, 42.0, -742.0, -39.0, 0, 0, 0
L 42.0, -742.0, -39.0, 34.0, -719.0, -37.0, 0, 0, 0
L 34.0, -719.0, -37.0, 18.0, -714.0, -38.0, 0, 0, 0
L 18.0, -714.0, -38.0, 0.0, -700.0, -38.0, 0, 0, 0
L 37.0, -684.0, -30.0, 37.0, -691.0, -30.0, 0, 0, 0
L 37.0, -691.0, -30.0, 32.0, -696.0, -30.0, 0, 0, 0
L 32.0, -696.0, -30.0, 25.0, -696.0, -30.0, 0, 0, 0
L 25.0, -696.0, -30.0, 20.0, -692.0, -30.0, 0, 0, 0
L 20.0, -692.0, -30.0, 20.0, -684.0, -30.0, 0, 0, 0
L 20.0, -684.0, -30.0, 25.0, -680.0, -30.0, 0, 0, 0
L 25.0, -680.0, -30.0, 31.0, -679.0, -30.0, 0, 0, 0
L 31.0, -679.0, -30.0, 37.0, -684.0, -30.0, 0, 0, 0
L 197.0, -757.0, -31.0, 215.0, -775.0, -31.0, 0, 0, 0
L 215.0, -775.0, -31.0, 216.0, -790.0, -29.0, 0, 0, 0
L 216.0, -790.0, -29.0, 192.0, -799.0, -28.0, 0, 0, 0
L 192.0, -799.0, -28.0, 197.0, -757.0, -31.0, 0, 0, 0
L 82.0, -796.0, -31.0, 82.0, -870.0, -31.0, 0, 0, 255
L 82.0, -870.0, -31.0, 57.0, -852.0, -35.0, 0, 0, 255
L 57.0, -852.0, -35.0, 36.0, -857.0, -33.0, 0, 0, 255
L 36.0, -857.0, -33.0, 0.0, -878.0, -33.0, 0, 0, 255
L 0.0, -878.0, -33.0, 0.0, -894.0, -33.0, 0, 0, 255
L 0.0, -894.0, -33.0, -26.0, -900.0, -33.0, 0, 0, 255
L -26.0, -900.0, -33.0, -42.0, -914.0, -34.0, 0, 0, 255
L -42.0, -914.0, -34.0, -79.0, -914.0, -33.0, 0, 0, 255
L -79.0, -914.0, -33.0, -103.0, -904.0, -33.0, 0, 0, 255
L -103.0, -904.0, -33.0, -128.0, -910.0, -34.0, 0, 0, 255
L -128.0, -910.0, -34.0, -127.0, -914.0, -34.0, 0, 127, 127
L -127.0, -939.0, -34.0, -116.0, -961.0, -19.0, 0, 127, 127
L -116.0, -961.0, -19.0, -137.0, -993.0, -21.0, 0, 127, 127
L -137.0, -993.0, -21.0, -143.0, -1024.0, -20.0, 0, 127, 127
L -143.0, -1024.0, -20.0, -142.0, -1041.0, -19.0, 0, 0, 255
L -142.0, -1041.0, -19.0, -149.0, -1057.0, -17.0, 0, 0, 255
L -149.0, -1057.0, -17.0, -130.0, -1085.0, -14.0, 0, 0, 255
L -130.0, -1085.0, -14.0, -105.0, -1105.0, -11.0, 0, 0, 255
L -105.0, -1105.0, -11.0, -99.0, -1126.0, -8.0, 0, 0, 255
L -99.0, -1126.0, -8.0, -109.0, -1139.0, -7.0, 0, 0, 255
L -109.0, -1139.0, -7.0, -99.0, -1153.0, -7.0, 0, 0, 255
L -99.0, -1153.0, -7.0, -112.0, -1165.0, -7.0, 0, 0, 255
L -112.0, -1165.0, -7.0, -111.0, -1152.0, -7.0, 0, 0, 255
L -111.0, -1152.0, -7.0, -122.0, -1147.0, -8.0, 0, 0, 255
L -122.0, -1147.0, -8.0, -121.0, -1138.0, -8.0, 0, 0, 255
L -121.0, -1138.0, -8.0, -121.0, -1124.0, -7.0, 0, 0, 255
L -121.0, -1124.0, -7.0, -133.0, -1111.0, -7.0, 0, 0, 255
L -133.0, -1111.0, -7.0, -155.0, -1102.0, -7.0, 0, 0, 255
L -155.0, -1102.0, -7.0, -169.0, -1077.0, -7.0, 0, 0, 255
L -169.0, -1077.0, -7.0, -183.0, -1070.0, -7.0, 0, 0, 255
L -183.0, -1070.0, -7.0, -194.0, -1053.0, -7.0, 0, 0, 255
L -194.0, -1053.0, -7.0, -190.0, -1035.0, -7.0, 0, 0, 255
L -190.0, -1035.0, -7.0, -175.0, -1020.0, -7.0, 0, 0, 255
L -175.0, -1020.0, -7.0, -143.0, -1024.0, -20.0, 0, 0, 255
L -53.0, -965.0, 0.0, -40.0, -955.0, 1.0, 0, 0, 0
L -40.0, -955.0, 1.0, -37.0, -947.0, 2.0, 0, 0, 0
L -37.0, -947.0, 2.0, -48.0, -934.0, 3.0, 0, 0, 0
L -48.0, -934.0, 3.0, -82.0, -925.0, 2.0, 0, 0, 0
L -82.0, -925.0, 2.0, -94.0, -932.0, 1.0, 0, 0, 0
L -94.0, -932.0, 1.0, -88.0, -950.0, 0.0, 0, 0, 0
L -88.0, -950.0, 0.0, -130.0, -932.0, 11.0, 0, 0, 0
L -130.0, -932.0, 11.0, -128.0, -912.0, 11.0, 0, 0, 0
L -128.0, -912.0, 11.0, -128.0, -864.0, 5.0, 0, 0, 0
L -128.0, -864.0, 5.0, -147.0, -806.0, 7.0, 0, 0, 0
L -147.0, -806.0, 7.0, -111.0, -806.0, 11.0, 0, 0, 0
L -111.0, -806.0, 11.0, -98.0, -801.0, 13.0, 0, 0, 0
L -98.0, -801.0, 13.0, -80.0, -782.0, 16.0, 0, 0, 0
L -80.0, -782.0, 16.0, -80.0, -767.0, 16.0, 0, 0, 0
L -109.0, -1222.0, 0.0, -103.0, -1220.0, 0.0, 0, 0, 0
L -103.0, -1220.0, 0.0, -100.0, -1212.0, 0.0, 0, 0, 0
L -100.0, -1212.0, 0.0, -101.0, -1208.0, 0.0, 0, 0, 0
L -101.0, -1208.0, 0.0, -103.0, -1202.0, 0.0, 0, 0, 0
L -103.0, -1202.0, 0.0, -108.0, -1200.0, 0.0, 0, 0, 0
L -108.0, -1200.0, 0.0, -113.0, -1200.0, -2.0, 0, 0, 0
L -113.0, -1200.0, -2.0, -120.0, -1202.0, 0.0, 0, 0, 0
L -120.0, -1202.0, 0.0, -122.0, -1208.0, -1.0, 0, 0, 0
L -122.0, -1208.0, -1.0, -122.0, -1212.0, 0.0, 0, 0, 0
L -122.0, -1212.0, 0.0, -120.0, -1220.0, 0.0, 0, 0, 0
L -120.0, -1220.0, 0.0, -114.0, -1222.0, 0.0, 0, 0, 0
L -114.0, -1222.0, 0.0, -109.0, -1222.0, 0.0, 0, 0, 0
L -109.0, -1226.0, -1.0, -119.0, -1226.0, 0.0, 0, 0, 0
L -119.0, -1226.0, 0.0, -114.0, -1233.0, 0.0, 0, 0, 0
L -114.0, -1233.0, 0.0, -113.0, -1244.0, 0.0, 0, 0, 0
L -113.0, -1244.0, 0.0, -109.0, -1234.0, 0.0, 0, 0, 0
L -109.0, -1234.0, 0.0, -109.0, -1226.0, -1.0, 0, 0, 0
L -147.0, -1213.0, -1.0, -155.0, -1216.0, 0.0, 0, 0, 0
L -155.0, -1216.0, 0.0, -160.0, -1222.0, 0.0, 0, 0, 0
L -160.0, -1222.0, 0.0, -160.0, -1214.0, 0.0, 0, 0, 0
L -160.0, -1214.0, 0.0, -158.0, -1208.0, -1.0, 0, 0, 0
L -158.0, -1208.0, -1.0, -147.0, -1213.0, -1.0, 0, 0, 0
L -147.0, -1206.0, 0.0, -154.0, -1204.0, 0.0, 0, 0, 0
L -154.0, -1204.0, 0.0, -157.0, -1196.0, 0.0, 0, 0, 0
L -157.0, -1196.0, 0.0, -156.0, -1192.0, 0.0, 0, 0, 0
L -156.0, -1192.0, 0.0, -155.0, -1187.0, 0.0, 0, 0, 0
L -155.0, -1187.0, 0.0, -148.0, -1183.0, 0.0, 0, 0, 0
L -148.0, -1183.0, 0.0, -143.0, -1182.0, -2.0, 0, 0, 0
L -143.0, -1182.0, -2.0, -137.0, -1186.0, -1.0, 0, 0, 0
L -137.0, -1186.0, -1.0, -135.0, -1193.0, -1.0, 0, 0, 0
L -135.0, -1193.0, -1.0, -134.0, -1198.0, 0.0, 0, 0, 0
L -134.0, -1198.0, 0.0, -137.0, -1204.0, -3.0, 0, 0, 0
L -162.0, -1294.0, 17.0, -162.0, -1302.0, 17.0, 0, 0, 0
L -162.0, -1302.0, 17.0, -158.0, -1306.0, 17.0, 0, 0, 0
L -158.0, -1306.0, 17.0, -151.0, -1306.0, 17.0, 0, 0, 0
L -151.0, -1306.0, 17.0, -147.0, -1302.0, 17.0, 0, 0, 0
L -147.0, -1302.0, 17.0, -147.0, -1294.0, 17.0, 0, 0, 0
L -147.0, -1294.0, 17.0, -151.0, -1290.0, 17.0, 0, 0, 0
L -151.0, -1290.0, 17.0, -157.0, -1290.0, 17.0, 0, 0, 0
L -157.0, -1290.0, 17.0, -162.0, -1294.0, 17.0, 0, 0, 0
L -147.0, -1206.0, 0.0, -143.0, -1206.0, -1.0, 0, 0, 0
L -143.0, -1206.0, -1.0, -137.0, -1204.0, -3.0, 0, 0, 0
L -124.0, -1125.0, 0.0, -130.0, -1131.0, 0.0, 65, 65, 65
L -130.0, -1131.0, 0.0, -137.0, -1144.0, 0.0, 65, 65, 65
L -137.0, -1144.0, 0.0, -136.0, -1163.0, 0.0, 65, 65, 65
L -136.0, -1163.0, 0.0, -131.0, -1173.0, 0.0, 65, 65, 65
L -131.0, -1173.0, 0.0, -122.0, -1180.0, 0.0, 65, 65, 65
L -122.0, -1180.0, 0.0, -97.0, -1180.0, 0.0, 65, 65, 65
L -97.0, -1180.0, 0.0, -89.0, -1174.0, 0.0, 65, 65, 65
L -89.0, -1174.0, 0.0, -84.0, -1164.0, 0.0, 65, 65, 65
L -84.0, -1164.0, 0.0, -85.0, -1144.0, 0.0, 65, 65, 65
L -85.0, -1144.0, 0.0, -89.0, -1131.0, 0.0, 65, 65, 65
L -89.0, -1131.0, 0.0, -96.0, -1125.0, 0.0, 65, 65, 65
L -150.0, -1124.0, -2.0, -158.0, -1118.0, -3.0, 65, 65, 65
L -158.0, -1118.0, -3.0, -155.0, -1114.0, -3.0, 65, 65, 65
L -155.0, -1114.0, -3.0, -148.0, -1117.0, -2.0, 65, 65, 65
L -148.0, -1117.0, -2.0, -147.0, -1122.0, -2.0, 65, 65, 65
L -147.0, -1122.0, -2.0, -150.0, -1124.0, -2.0, 65, 65, 65
L -87.0, -1202.0, -3.0, -88.0, -1197.0, -2.0, 0, 0, 0
L -88.0, -1197.0, -2.0, -88.0, -1193.0, -1.0, 0, 0, 0
L -88.0, -1193.0, -1.0, -86.0, -1187.0, 0.0, 0, 0, 0
L -86.0, -1187.0, 0.0, -79.0, -1182.0, -1.0, 0, 0, 0
L -79.0, -1182.0, -1.0, -74.0, -1182.0, -2.0, 0, 0, 0
L -74.0, -1182.0, -2.0, -68.0, -1187.0, 0.0, 0, 0, 0
L -68.0, -1187.0, 0.0, -67.0, -1193.0, 0.0, 0, 0, 0
L -67.0, -1193.0, 0.0, -67.0, -1198.0, 0.0, 0, 0, 0
L -67.0, -1198.0, 0.0, -68.0, -1203.0, 0.0, 0, 0, 0
L -68.0, -1203.0, 0.0, -75.0, -1206.0, 0.0, 0, 0, 0
L -75.0, -1206.0, 0.0, -80.0, -1206.0, 0.0, 0, 0, 0
L -80.0, -1206.0, 0.0, -87.0, -1202.0, -3.0, 0, 0, 0
L -75.0, -1211.0, -1.0, -65.0, -1206.0, 0.0, 0, 0, 0
L -65.0, -1206.0, 0.0, -65.0, -1215.0, 0.0, 0, 0, 0
L -65.0, -1215.0, 0.0, -69.0, -1221.0, 0.0, 0, 0, 0
L -69.0, -1221.0, 0.0, -72.0, -1215.0, 0.0, 0, 0, 0
L -72.0, -1215.0, 0.0, -75.0, -1211.0, -1.0, 0, 0, 0
L -130.0, -1348.0, 0.0, -134.0, -1340.0, 1.0, 0, 0, 0
L -134.0, -1340.0, 1.0, -156.0, -1334.0, 1.0, 0, 0, 0
L -156.0, -1334.0, 1.0, -177.0, -1342.0, 1.0, 0, 0, 0
L -177.0, -1342.0, 1.0, -182.0, -1363.0, 0.0, 0, 0, 0
L -182.0, -1363.0, 0.0, -177.0, -1374.0, 0.0, 0, 0, 0
L -177.0, -1374.0, 0.0, -173.0, -1376.0, 0.0, 0, 0, 0
L -173.0, -1383.0, 0.0, -173.0, -1380.0, 0.0, 0, 0, 0
L -173.0, -1380.0, 0.0, -173.0, -1376.0, 0.0, 0, 0, 0
L -160.0, -1376.0, 0.0, -153.0, -1376.0, 0.0, 0, 0, 0
L -140.0, -1375.0, 0.0, -136.0, -1370.0, 1.0, 0, 0, 0
L -136.0, -1370.0, 1.0, -130.0, -1360.0, 0.0, 0, 0, 0
L -130.0, -1348.0, 0.0, -126.0, -1348.0, 0.0, 0, 0, 0
L -143.0, -1422.0, -6.0, -143.0, -1454.0, -5.0, 0, 0, 0
L -143.0, -1454.0, -5.0, -80.0, -1454.0, -5.0, 0, 0, 0
L -80.0, -1454.0, -5.0, -80.0, -1408.0, 0.0, 0, 0, 0
L -80.0, -1408.0, 0.0, -128.0, -1408.0, -5.0, 0, 0, 0
L -140.0, -1383.0, 0.0, -128.0, -1391.0, -1.0, 0, 0, 0
L -128.0, -1391.0, -1.0, -128.0, -1408.0, -5.0, 0, 0, 0
L -158.0, -1409.0, -4.0, -164.0, -1414.0, -5.0, 0, 0, 0
L -164.0, -1414.0, -5.0, -173.0, -1416.0, -5.0, 0, 0, 0
L -173.0, -1416.0, -5.0, -183.0, -1407.0, -4.0, 0, 0, 0
L -183.0, -1407.0, -4.0, -220.0, -1406.0, 4.0, 0, 0, 0
L -220.0, -1406.0, 4.0, -221.0, -1400.0, 3.0, 0, 0, 0
L -220.0, -1394.0, 2.0, -217.0, -1390.0, 4.0, 0, 0, 0
L -217.0, -1390.0, 4.0, -183.0, -1390.0, -1.0, 0, 0, 0
L -183.0, -1390.0, -1.0, -173.0, -1383.0, 0.0, 0, 0, 0
L -113.0, -751.0, -33.0, -113.0, -705.0, -33.0, 0, 0, 255
L -113.0, -705.0, -33.0, -148.0, -682.0, -30.0, 0, 0, 255
L -148.0, -682.0, -30.0, -185.0, -700.0, -30.0, 0, 0, 255
L -185.0, -700.0, -30.0, -198.0, -770.0, -26.0, 0, 0, 255
L -198.0, -770.0, -26.0, -222.0, -793.0, -33.0, 0, 0, 255
L -222.0, -793.0, -33.0, -221.0, -821.0, -34.0, 0, 0, 255
L -221.0, -821.0, -34.0, -190.0, -832.0, -33.0, 0, 0, 255
L -190.0, -832.0, -33.0, -200.0, -894.0, -33.0, 0, 0, 255
L -200.0, -894.0, -33.0, -186.0, -919.0, -38.0, 0, 0, 255
L -184.0, -924.0, -51.0, -188.0, -958.0, -36.0, 0, 127, 127
L -188.0, -958.0, -36.0, -176.0, -995.0, -26.0, 0, 127, 127
L -176.0, -995.0, -26.0, -175.0, -1020.0, -7.0, 0, 127, 127
L -198.0, -770.0, -26.0, -221.0, -755.0, -22.0, 0, 0, 0
L -221.0, -755.0, -22.0, -235.0, -789.0, -17.0, 0, 0, 0
L -235.0, -789.0, -17.0, -233.0, -790.0, -25.0, 0, 0, 0
L -233.0, -790.0, -25.0, -222.0, -795.0, -30.0, 0, 0, 0
L -221.0, -821.0, -34.0, -251.0, -801.0, -14.0, 0, 0, 0
L -251.0, -801.0, -14.0, -236.0, -734.0, -19.0, 0, 0, 0
L -236.0, -734.0, -19.0, -218.0, -709.0, -22.0, 0, 0, 0
L -218.0, -709.0, -22.0, -185.0, -700.0, -30.0, 0, 0, 0
L 82.0, -796.0, -31.0, 58.0, -804.0, -33.0, 0, 0, 255
L 58.0, -804.0, -33.0, 38.0, -794.0, -34.0, 0, 0, 255
L 38.0, -794.0, -34.0, 6.0, -794.0, -33.0, 0, 0, 255
L 6.0, -794.0, -33.0, -19.0, -784.0, -33.0, 0, 0, 255
L -19.0, -784.0, -33.0, -81.0, -783.0, -34.0, 0, 0, 255
L -81.0, -783.0, -34.0, -113.0, -751.0, -33.0, 0, 0, 255
L 79.0, -1200.0, 0.0, 95.0, -1200.0, 0.0, 0, 0, 0
L 95.0, -1200.0, 0.0, 95.0, -1216.0, 0.0, 0, 0, 0
L 95.0, -1216.0, 0.0, 143.0, -1216.0, 0.0, 0, 0, 0
L 143.0, -1216.0, 0.0, 143.0, -1262.0, 0.0, 0, 0, 0
L 143.0, -1262.0, 0.0, 127.0, -1262.0, 0.0, 0, 0, 0
L 127.0, -1262.0, 0.0, 127.0, -1271.0, 0.0, 0, 0, 0
L 127.0, -1280.0, 0.0, 143.0, -1280.0, 0.0, 0, 0, 0
L 143.0, -1280.0, 0.0, 143.0, -1296.0, 0.0, 0, 0, 0
L 143.0, -1296.0, 0.0, 160.0, -1296.0, 0.0, 0, 0, 0
L 160.0, -1296.0, 0.0, 160.0, -1248.0, 0.0, 0, 0, 0
L 160.0, -1248.0, 0.0, 191.0, -1248.0, 0.0, 0, 0, 0
L 191.0, -1248.0, 0.0, 191.0, -1278.0, 0.0, 0, 0, 0
L 191.0, -1278.0, 0.0, 175.0, -1278.0, 0.0, 0, 0, 0
L 175.0, -1278.0, 0.0, 175.0, -1310.0, 0.0, 0, 0, 0
L 175.0, -1310.0, 0.0, 143.0, -1310.0, 0.0, 0, 0, 0
L 143.0, -1310.0, 0.0, 143.0, -1326.0, 0.0, 0, 0, 0
L 143.0, -1326.0, 0.0, 96.0, -1326.0, 5.0, 0, 0, 0
L 96.0, -1326.0, 5.0, 96.0, -1280.0, 0.0, 0, 0, 0
L 96.0, -1280.0, 0.0, 112.0, -1280.0, 0.0, 0, 0, 0
L 127.0, -1271.0, 0.0, 127.0, -1280.0, 0.0, 0, 0, 0
L -35.0, -852.0, 0.0, -35.0, -817.0, 0.0, 127, 64, 0
L -35.0, -817.0, 0.0, -50.0, -784.0, 4.0, 127, 64, 0
L -50.0, -784.0, 4.0, -18.0, -784.0, 0.0, 0, 0, 0
L -18.0, -784.0, 0.0, -29.0, -744.0, 1.0, 0, 0, 0
L -29.0, -744.0, 1.0, -67.0, -750.0, 1.0, 0, 0, 0
L -67.0, -750.0, 1.0, -81.0, -739.0, 1.0, 0, 0, 0
L -81.0, -739.0, 1.0, -80.0, -717.0, 1.0, 0, 0, 0
L -80.0, -717.0, 1.0, -61.0, -696.0, 1.0, 0, 0, 0
L -61.0, -696.0, 1.0, -63.0, -685.0, 1.0, 0, 0, 0
L -63.0, -685.0, 1.0, -77.0, -681.0, 1.0, 0, 0, 0
L -77.0, -681.0, 1.0, -85.0, -677.0, 0.0, 0, 0, 0
L -85.0, -677.0, 0.0, -93.0, -671.0, 0.0, 0, 0, 0
L -93.0, -671.0, 0.0, -94.0, -656.0, 0.0, 0, 0, 0
L -94.0, -656.0, 0.0, -91.0, -651.0, 0.0, 0, 0, 0
L -91.0, -651.0, 0.0, -91.0, -647.0, 0.0, 0, 0, 0
L -78.0, -647.0, 0.0, -78.0, -652.0, 0.0, 0, 0, 0
L -154.0, -628.0, 0.0, -154.0, -623.0, 0.0, 0, 0, 0
L -154.0, -623.0, 0.0, -150.0, -619.0, 0.0, 0, 0, 0
L -150.0, -619.0, 0.0, -148.0, -612.0, 0.0, 0, 0, 0
L -148.0, -612.0, 0.0, -154.0, -607.0, 0.0, 0, 0, 0
L -154.0, -607.0, 0.0, -141.0, -604.0, 0.0, 0, 0, 0
L -141.0, -604.0, 0.0, -136.0, -600.0, 0.0, 0, 0, 0
L -136.0, -600.0, 0.0, -134.0, -591.0, 0.0, 0, 0, 0
L -134.0, -591.0, 0.0, -138.0, -586.0, 0.0, 0, 0, 0
L -138.0, -586.0, 0.0, -149.0, -586.0, 0.0, 0, 0, 0
L -149.0, -586.0, 0.0, -155.0, -593.0, 0.0, 0, 0, 0
L -155.0, -593.0, 0.0, -160.0, -582.0, 1.0, 0, 0, 0
L -160.0, -582.0, 1.0, -166.0, -576.0, 0.0, 0, 0, 0
L -166.0, -576.0, 0.0, -186.0, -580.0, 9.0, 0, 0, 0
L -186.0, -580.0, 9.0, -194.0, -568.0, 10.0, 0, 0, 0
L -194.0, -568.0, 10.0, -201.0, -565.0, 10.0, 0, 0, 0
L -201.0, -565.0, 10.0, -196.0, -560.0, 10.0, 0, 0, 0
L -196.0, -560.0, 10.0, -194.0, -553.0, 10.0, 0, 0, 0
L -211.0, -546.0, 10.0, -220.0, -554.0, 10.0, 0, 0, 0
L -220.0, -554.0, 10.0, -224.0, -550.0, 10.0, 0, 0, 0
L -224.0, -550.0, 10.0, -235.0, -550.0, 10.0, 0, 0, 0
L -235.0, -550.0, 10.0, -237.0, -564.0, 10.0, 0, 0, 0
L -237.0, -564.0, 10.0, -231.0, -570.0, 10.0, 0, 0, 0
L -231.0, -570.0, 10.0, -223.0, -568.0, 10.0, 0, 0, 0
L -223.0, -568.0, 10.0, -217.0, -562.0, 10.0, 0, 0, 0
L -217.0, -562.0, 10.0, -211.0, -568.0, 10.0, 0, 0, 0
L -211.0, -568.0, 10.0, -217.0, -572.0, 10.0, 0, 0, 0
L -217.0, -572.0, 10.0, -217.0, -587.0, 14.0, 0, 0, 0
L -217.0, -587.0, 14.0, -206.0, -595.0, 10.0, 150, 150, 150
L -206.0, -595.0, 10.0, -197.0, -601.0, 9.0, 150, 150, 150
L -197.0, -601.0, 9.0, -193.0, -607.0, 8.0, 150, 150, 150
L -193.0, -607.0, 8.0, -191.0, -611.0, 7.0, 150, 150, 150
L -191.0, -611.0, 7.0, -188.0, -612.0, 6.0, 150, 150, 150
L -188.0, -612.0, 6.0, -187.0, -614.0, 5.0, 150, 150, 150
L -187.0, -616.0, 5.0, -185.0, -618.0, 4.0, 150, 150, 150
L -184.0, -621.0, 4.0, -179.0, -624.0, 3.0, 150, 150, 150
L -179.0, -624.0, 3.0, -177.0, -628.0, 2.0, 150, 150, 150
L -165.0, -628.0, 0.0, -166.0, -622.0, 2.0, 150, 150, 150
L -166.0, -622.0, 2.0, -167.0, -620.0, 2.0, 150, 150, 150
L -167.0, -620.0, 2.0, -170.0, -616.0, 3.0, 150, 150, 150
L -170.0, -616.0, 3.0, -174.0, -611.0, 5.0, 150, 150, 150
L -174.0, -611.0, 5.0, -174.0, -608.0, 5.0, 150, 150, 150
L -174.0, -608.0, 5.0, -175.0, -606.0, 6.0, 150, 150, 150
L -177.0, -604.0, 7.0, -178.0, -601.0, 8.0, 150, 150, 150
L -178.0, -601.0, 8.0, -182.0, -595.0, 9.0, 150, 150, 150
L -182.0, -595.0, 9.0, -186.0, -580.0, 10.0, 150, 150, 150
L -196.0, -602.0, 7.0, -182.0, -595.0, 9.0, 150, 150, 150
L -178.0, -601.0, 8.0, -193.0, -608.0, 7.0, 150, 150, 150
L -191.0, -611.0, 7.0, -175.0, -606.0, 6.0, 150, 150, 150
L -174.0, -608.0, 5.0, -187.0, -614.0, 5.0, 150, 150, 150
L -185.0, -618.0, 4.0, -174.0, -611.0, 5.0, 150, 150, 150
L -170.0, -616.0, 3.0, -184.0, -621.0, 4.0, 150, 150, 150
L -179.0, -624.0, 3.0, -167.0, -620.0, 2.0, 150, 150, 150
L -218.0, -588.0, 5.0, -223.0, -588.0, 5.0, 0, 0, 0
L -223.0, -588.0, 5.0, -227.0, -592.0, 0.0, 0, 0, 0
L -227.0, -592.0, 0.0, -228.0, -599.0, 0.0, 0, 0, 0
L -228.0, -599.0, 0.0, -227.0, -605.0, 0.0, 0, 0, 0
L -227.0, -605.0, 0.0, -231.0, -610.0, 0.0, 0, 0, 0
L -231.0, -610.0, 0.0, -230.0, -617.0, 0.0, 0, 0, 0
L -230.0, -617.0, 0.0, -224.0, -619.0, 0.0, 0, 0, 0
L -224.0, -619.0, 0.0, -228.0, -629.0, 0.0, 0, 0, 0
L -228.0, -629.0, 0.0, -225.0, -634.0, 0.0, 0, 0, 0
L -147.0, -638.0, 0.0, -150.0, -638.0, 0.0, 0, 0, 0
L -154.0, -638.0, 0.0, -154.0, -647.0, 0.0, 0, 0, 0
L -154.0, -647.0, 0.0, -158.0, -650.0, 0.0, 0, 0, 0
L -158.0, -650.0, 0.0, -165.0, -648.0, 0.0, 0, 0, 0
L -165.0, -648.0, 0.0, -170.0, -645.0, 0.0, 0, 0, 0
L -170.0, -645.0, 0.0, -177.0, -638.0, 0.0, 0, 0, 0
L -177.0, -638.0, 0.0, -181.0, -640.0, 0.0, 0, 0, 0
L -181.0, -640.0, 0.0, -185.0, -636.0, 0.0, 0, 0, 0
L -185.0, -636.0, 0.0, -188.0, -647.0, 0.0, 0, 0, 0
L -188.0, -647.0, 0.0, -194.0, -654.0, 0.0, 0, 0, 0
L -194.0, -654.0, 0.0, -203.0, -652.0, 0.0, 0, 0, 0
L -203.0, -652.0, 0.0, -212.0, -646.0, 0.0, 0, 0, 0
L -212.0, -646.0, 0.0, -219.0, -644.0, 5.0, 0, 0, 0
L -219.0, -644.0, 5.0, -221.0, -634.0, 0.0, 0, 0, 0
L -221.0, -634.0, 0.0, -225.0, -634.0, 0.0, 0, 0, 0
L -211.0, -539.0, 10.0, -211.0, -542.0, 10.0, 0, 0, 0
L -199.0, -539.0, 10.0, -196.0, -536.0, 10.0, 0, 0, 0
L -196.0, -536.0, 10.0, -192.0, -531.0, 10.0, 0, 0, 0
L -192.0, -531.0, 10.0, -192.0, -507.0, 10.0, 0, 0, 0
L -188.0, -488.0, 10.0, -192.0, -482.0, 10.0, 0, 0, 0
L -192.0, -482.0, 10.0, -186.0, -477.0, 10.0, 0, 0, 0
L -186.0, -477.0, 10.0, -188.0, -466.0, 10.0, 0, 0, 0
L -188.0, -454.0, 10.0, -186.0, -443.0, 10.0, 0, 0, 0
L -186.0, -443.0, 10.0, -188.0, -429.0, 10.0, 0, 0, 0
L -188.0, -429.0, 10.0, -184.0, -415.0, 10.0, 0, 0, 0
L -184.0, -415.0, 10.0, -188.0, -406.0, 10.0, 0, 0, 0
L -188.0, -406.0, 10.0, -202.0, -396.0, 10.0, 0, 0, 0
L -202.0, -396.0, 10.0, -228.0, -388.0, 10.0, 0, 0, 0
L -228.0, -388.0, 10.0, -238.0, -388.0, 10.0, 0, 0, 0
L -262.0, -392.0, 10.0, -271.0, -389.0, 10.0, 0, 0, 0
L -271.0, -389.0, 10.0, -272.0, -396.0, 10.0, 0, 0, 0
L -273.0, -408.0, 10.0, -271.0, -415.0, 10.0, 0, 0, 0
L -271.0, -415.0, 10.0, -267.0, -419.0, 10.0, 0, 0, 0
L -248.0, -419.0, 10.0, -234.0, -413.0, 10.0, 0, 0, 0
L -234.0, -413.0, 10.0, -227.0, -412.0, 10.0, 0, 0, 0
L -227.0, -412.0, 10.0, -227.0, -417.0, 10.0, 0, 0, 0
L -227.0, -417.0, 10.0, -223.0, -420.0, 10.0, 0, 0, 0
L -223.0, -420.0, 10.0, -218.0, -421.0, 10.0, 0, 0, 0
L -218.0, -421.0, 10.0, -217.0, -428.0, 10.0, 0, 0, 0
L -217.0, -428.0, 10.0, -223.0, -440.0, 10.0, 0, 0, 0
L -218.0, -457.0, 10.0, -217.0, -469.0, 10.0, 0, 0, 0
L -217.0, -469.0, 10.0, -211.0, -480.0, 10.0, 0, 0, 0
L -211.0, -480.0, 10.0, -215.0, -488.0, 10.0, 0, 0, 0
L -214.0, -501.0, 10.0, -213.0, -519.0, 10.0, 0, 0, 0
L -213.0, -519.0, 10.0, -216.0, -529.0, 10.0, 0, 0, 0
L -216.0, -529.0, 10.0, -215.0, -537.0, 10.0, 0, 0, 0
L -215.0, -537.0, 10.0, -211.0, -539.0, 10.0, 0, 0, 0
L -181.0, -500.0, 10.0, -179.0, -506.0, 9.0, 0, 0, 0
L -179.0, -506.0, 9.0, -187.0, -514.0, 11.0, 0, 0, 0
L -187.0, -514.0, 11.0, -185.0, -525.0, 13.0, 0, 0, 0
L -185.0, -525.0, 13.0, -179.0, -528.0, 13.0, 0, 0, 0
L -179.0, -528.0, 13.0, -174.0, -526.0, 12.0, 0, 0, 0
L -174.0, -526.0, 12.0, -170.0, -521.0, 11.0, 0, 0, 0
L -170.0, -521.0, 11.0, -168.0, -509.0, 9.0, 0, 0, 0
L -168.0, -509.0, 9.0, -152.0, -496.0, 9.0, 0, 0, 0
L -152.0, -496.0, 9.0, -152.0, -480.0, 9.0, 0, 0, 0
L -152.0, -480.0, 9.0, -162.0, -474.0, 9.0, 0, 0, 0
L -162.0, -474.0, 9.0, -175.0, -478.0, 9.0, 0, 0, 0
L -175.0, -478.0, 9.0, -181.0, -484.0, 9.0, 0, 0, 0
L -181.0, -484.0, 9.0, -183.0, -488.0, 10.0, 0, 0, 0
L -183.0, -488.0, 10.0, -184.0, -488.0, 10.0, 0, 0, 0
L -181.0, -466.0, 10.0, -177.0, -468.0, 9.0, 0, 0, 0
L -177.0, -468.0, 9.0, -162.0, -465.0, 9.0, 0, 0, 0
L -162.0, -465.0, 9.0, -152.0, -447.0, 9.0, 0, 0, 0
L -152.0, -447.0, 9.0, -152.0, -431.0, 9.0, 0, 0, 0
L -152.0, -431.0, 9.0, -154.0, -428.0, 9.0, 0, 0, 0
L -154.0, -428.0, 9.0, -158.0, -424.0, 9.0, 0, 0, 0
L -158.0, -424.0, 9.0, -162.0, -418.0, 10.0, 0, 0, 0
L -162.0, -418.0, 10.0, -171.0, -418.0, 10.0, 0, 0, 0
L -171.0, -418.0, 10.0, -177.0, -422.0, 9.0, 0, 0, 0
L -177.0, -422.0, 9.0, -179.0, -426.0, 9.0, 0, 0, 0
L -179.0, -426.0, 9.0, -182.0, -430.0, 9.0, 0, 0, 0
L -182.0, -430.0, 9.0, -180.0, -454.0, 10.0, 0, 0, 0
L -238.0, -381.0, 10.0, -226.0, -365.0, 9.0, 0, 0, 0
L -226.0, -365.0, 9.0, -222.0, -352.0, 9.0, 0, 0, 0
L -222.0, -352.0, 9.0, -234.0, -338.0, 9.0, 0, 0, 0
L -234.0, -338.0, 9.0, -259.0, -338.0, 9.0, 0, 0, 0
L -259.0, -338.0, 9.0, -264.0, -332.0, 10.0, 0, 0, 0
L -264.0, -332.0, 10.0, -273.0, -334.0, 12.0, 0, 0, 0
L -273.0, -334.0, 12.0, -278.0, -353.0, 13.0, 0, 0, 0
L -278.0, -353.0, 13.0, -271.0, -372.0, 10.0, 0, 0, 0
L -271.0, -372.0, 10.0, -264.0, -367.0, 9.0, 0, 0, 0
L -264.0, -367.0, 9.0, -251.0, -381.0, 10.0, 0, 0, 0
L -280.0, -396.0, 9.0, -282.0, -388.0, 9.0, 0, 0, 0
L -282.0, -388.0, 9.0, -292.0, -376.0, 9.0, 0, 0, 0
L -292.0, -376.0, 9.0, -308.0, -378.0, 9.0, 0, 0, 0
L -308.0, -378.0, 9.0, -310.0, -372.0, 10.0, 0, 0, 0
L -310.0, -372.0, 10.0, -318.0, -366.0, 12.0, 0, 0, 0
L -318.0, -366.0, 12.0, -333.0, -370.0, 15.0, 0, 0, 0
L -333.0, -370.0, 15.0, -336.0, -379.0, 14.0, 0, 0, 0
L -336.0, -379.0, 14.0, -335.0, -393.0, 12.0, 0, 0, 0
L -335.0, -393.0, 12.0, -327.0, -396.0, 10.0, 0, 0, 0
L -327.0, -396.0, 10.0, -319.0, -394.0, 9.0, 0, 0, 0
L -319.0, -394.0, 9.0, -313.0, -411.0, 9.0, 0, 0, 0
L -313.0, -411.0, 9.0, -297.0, -418.0, 9.0, 0, 0, 0
L -297.0, -418.0, 9.0, -284.0, -415.0, 9.0, 0, 0, 0
L -284.0, -415.0, 9.0, -280.0, -408.0, 10.0, 0, 0, 0
L -280.0, -408.0, 10.0, -275.0, -408.0, 10.0, 0, 0, 0
L -260.0, -426.0, 10.0, -271.0, -432.0, 9.0, 0, 0, 0
L -271.0, -432.0, 9.0, -280.0, -446.0, 9.0, 0, 0, 0
L -280.0, -446.0, 9.0, -279.0, -459.0, 9.0, 0, 0, 0
L -279.0, -459.0, 9.0, -259.0, -474.0, 9.0, 0, 0, 0
L -259.0, -474.0, 9.0, -238.0, -467.0, 9.0, 0, 0, 0
L -238.0, -467.0, 9.0, -230.0, -452.0, 10.0, 0, 0, 0
L -223.0, -440.0, 10.0, -226.0, -440.0, 10.0, 0, 0, 0
L -230.0, -440.0, 10.0, -234.0, -434.0, 9.0, 0, 0, 0
L -234.0, -434.0, 9.0, -248.0, -426.0, 10.0, 0, 0, 0
L -248.0, -419.0, 10.0, -248.0, -422.0, 10.0, 0, 0, 0
L -222.0, -500.0, 10.0, -226.0, -507.0, 9.0, 0, 0, 0
L -226.0, -507.0, 9.0, -241.0, -516.0, 9.0, 0, 0, 0
L -241.0, -516.0, 9.0, -261.0, -510.0, 9.0, 0, 0, 0
L -261.0, -510.0, 9.0, -268.0, -501.0, 9.0, 0, 0, 0
L -268.0, -501.0, 9.0, -268.0, -496.0, 9.0, 0, 0, 0
L -268.0, -496.0, 9.0, -261.0, -484.0, 9.0, 0, 0, 0
L -261.0, -484.0, 9.0, -235.0, -480.0, 9.0, 0, 0, 0
L -235.0, -480.0, 9.0, -236.0, -475.0, 9.0, 0, 0, 0
L -236.0, -475.0, 9.0, -233.0, -470.0, 11.0, 0, 0, 0
L -233.0, -470.0, 11.0, -226.0, -468.0, 12.0, 0, 0, 0
L -226.0, -468.0, 12.0, -218.0, -478.0, 10.0, 0, 0, 0
L -218.0, -478.0, 10.0, -218.0, -481.0, 9.0, 0, 0, 0
L -218.0, -481.0, 9.0, -222.0, -483.0, 9.0, 0, 0, 0
L -222.0, -483.0, 9.0, -222.0, -488.0, 10.0, 0, 0, 0
L -215.0, -488.0, 10.0, -218.0, -488.0, 10.0, 0, 0, 0
L -166.0, -595.0, 3.0, -163.0, -590.0, 2.0, 0, 0, 0
L -163.0, -590.0, 2.0, -164.0, -585.0, 2.0, 0, 0, 0
L -164.0, -585.0, 2.0, -167.0, -581.0, 2.0, 0, 0, 0
L -167.0, -581.0, 2.0, -173.0, -581.0, 2.0, 0, 0, 0
L -173.0, -581.0, 2.0, -178.0, -585.0, 3.0, 0, 0, 0
L -178.0, -585.0, 3.0, -177.0, -591.0, 2.0, 0, 0, 0
L -177.0, -591.0, 2.0, -173.0, -595.0, 4.0, 0, 0, 0
L -173.0, -595.0, 4.0, -166.0, -595.0, 3.0, 0, 0, 0
L -199.0, -613.0, 2.0, -199.0, -607.0, 2.0, 0, 0, 0
L -199.0, -607.0, 2.0, -203.0, -604.0, 2.0, 0, 0, 0
L -203.0, -604.0, 2.0, -209.0, -604.0, 5.0, 0, 0, 0
L -209.0, -604.0, 5.0, -213.0, -608.0, 2.0, 0, 0, 0
L -213.0, -608.0, 2.0, -214.0, -614.0, 2.0, 0, 0, 0
L -214.0, -614.0, 2.0, -209.0, -618.0, 2.0, 0, 0, 0
L -209.0, -618.0, 2.0, -204.0, -618.0, 3.0, 0, 0, 0
L -204.0, -618.0, 3.0, -199.0, -613.0, 2.0, 0, 0, 0
L -100.0, -587.0, 0.0, -100.0, -592.0, 0.0, 0, 0, 0
L -115.0, -570.0, 0.0, -136.0, -570.0, 8.0, 0, 0, 0
L -139.0, -535.0, 15.0, -143.0, -544.0, 16.0, 0, 0, 0
L -143.0, -544.0, 16.0, -148.0, -537.0, 15.0, 0, 0, 0
L -148.0, -537.0, 15.0, -139.0, -535.0, 15.0, 0, 0, 0
L -92.0, -357.0, 18.0, -68.0, -355.0, 18.0, 139, 69, 19
L -68.0, -355.0, 18.0, -51.0, -351.0, 18.0, 139, 69, 19
L -51.0, -351.0, 18.0, -36.0, -351.0, 18.0, 139, 69, 19
L -36.0, -351.0, 18.0, -30.0, -347.0, 18.0, 65, 65, 65
L -30.0, -347.0, 18.0, -21.0, -350.0, 18.0, 65, 65, 65
L -21.0, -350.0, 18.0, -3.0, -350.0, 18.0, 65, 65, 65
L -3.0, -350.0, 18.0, 2.0, -352.0, 20.0, 65, 65, 65
L 2.0, -352.0, 20.0, 11.0, -351.0, 23.0, 65, 65, 65
L 11.0, -351.0, 23.0, 14.0, -341.0, 23.0, 65, 65, 65
L 14.0, -341.0, 23.0, 10.0, -335.0, 20.0, 65, 65, 65
L 10.0, -335.0, 20.0, 19.0, -327.0, 24.0, 65, 65, 65
L 19.0, -327.0, 24.0, 17.0, -320.0, 25.0, 65, 65, 65
L 17.0, -320.0, 25.0, 11.0, -318.0, 22.0, 65, 65, 65
L 11.0, -318.0, 22.0, 6.0, -318.0, 20.0, 65, 65, 65
L 6.0, -318.0, 20.0, 1.0, -322.0, 18.0, 65, 65, 65
L 1.0, -322.0, 18.0, -14.0, -312.0, 18.0, 65, 65, 65
L -14.0, -312.0, 18.0, -29.0, -320.0, 18.0, 65, 65, 65
L -29.0, -320.0, 18.0, -30.0, -335.0, 18.0, 65, 65, 65
L -43.0, -329.0, 18.0, -30.0, -335.0, 18.0, 139, 69, 19
L -48.0, -402.0, 0.0, -48.0, -398.0, 0.0, 0, 0, 0
L -61.0, -402.0, 0.0, -61.0, -398.0, 0.0, 0, 0, 0
L -66.0, -463.0, -17.0, -77.0, -461.0, -27.0, 200, 65, 0
L -77.0, -461.0, -27.0, -88.0, -473.0, -45.0, 200, 65, 0
L -88.0, -473.0, -45.0, -84.0, -480.0, -45.0, 200, 65, 0
L -84.0, -480.0, -45.0, -66.0, -479.0, -25.0, 200, 65, 0
L -66.0, -479.0, -25.0, -63.0, -476.0, -20.0, 200, 65, 0
L -63.0, -476.0, -20.0, -63.0, -469.0, -17.0, 200, 65, 0
L -63.0, -469.0, -17.0, -66.0, -463.0, -17.0, 200, 65, 0
L -84.0, -480.0, -45.0, -85.0, -482.0, -68.0, 200, 65, 0
L 36.0, -430.0, -63.0, 63.0, -430.0, -63.0, 150, 150, 150
L 63.0, -448.0, -63.0, 36.0, -448.0, -63.0, 150, 150, 150
L 81.0, -382.0, -47.0, 81.0, -397.0, -47.0, 0, 204, 0
L 81.0, -397.0, -47.0, 81.0, -417.0, -47.0, 0, 204, 0
L 94.0, -433.0, -47.0, 94.0, -397.0, -47.0, 0, 204, 0
L 94.0, -382.0, -47.0, 110.0, -382.0, -47.0, 0, 204, 0
L 110.0, -382.0, -47.0, 110.0, -337.0, -47.0, 0, 204, 0
L 110.0, -337.0, -47.0, 81.0, -337.0, -47.0, 0, 204, 0
L 81.0, -337.0, -47.0, 81.0, -353.0, -47.0, 0, 204, 0
L 81.0, -353.0, -47.0, 65.0, -353.0, -47.0, 0, 204, 0
L 65.0, -353.0, -47.0, 65.0, -382.0, -47.0, 0, 204, 0
L 94.0, -397.0, -47.0, 94.0, -382.0, -47.0, 0, 204, 0
L 65.0, -382.0, -47.0, 81.0, -382.0, -47.0, 0, 204, 0
L 94.0, -433.0, -47.0, 113.0, -433.0, -47.0, 0, 204, 0
L 113.0, -433.0, -47.0, 129.0, -433.0, -47.0, 0, 204, 0
L 94.0, -446.0, -47.0, 113.0, -446.0, -47.0, 0, 204, 0
L 174.0, -446.0, -47.0, 174.0, -417.0, -47.0, 0, 204, 0
L 174.0, -417.0, -47.0, 158.0, -417.0, -47.0, 0, 204, 0
L 158.0, -417.0, -47.0, 158.0, -401.0, -47.0, 0, 204, 0
L 158.0, -401.0, -47.0, 129.0, -401.0, -47.0, 0, 204, 0
L 129.0, -401.0, -47.0, 129.0, -433.0, -47.0, 0, 204, 0
L 94.0, -446.0, -47.0, 94.0, -462.0, -47.0, 0, 204, 0
L 94.0, -462.0, -47.0, 63.0, -462.0, -47.0, 0, 204, 0
L 109.0, -736.0, -39.0, 116.0, -758.0, -39.0, 0, 0, 255
L 135.0, -1006.0, 0.0, 137.0, -1006.0, 0.0, 0, 0, 0
L 71.0, -703.0, -44.0, 54.0, -704.0, -44.0, 178, 102, 255
L 54.0, -704.0, -44.0, 61.0, -682.0, -44.0, 178, 102, 255
L 61.0, -682.0, -44.0, 82.0, -693.0, -44.0, 178, 102, 255
L 82.0, -693.0, -44.0, 71.0, -703.0, -44.0, 178, 102, 255
L 82.0, -693.0, -44.0, 95.0, -705.0, -69.0, 178, 102, 255
L 95.0, -705.0, -69.0, 113.0, -705.0, -69.0, 178, 102, 255
L 113.0, -705.0, -69.0, 113.0, -688.0, -70.0, 178, 102, 255
L 113.0, -688.0, -70.0, 128.0, -673.0, -63.0, 178, 102, 255
L 128.0, -673.0, -63.0, 192.0, -673.0, -63.0, 178, 102, 255
L 192.0, -673.0, -63.0, 208.0, -657.0, -63.0, 178, 102, 255
L 208.0, -657.0, -63.0, 223.0, -657.0, -63.0, 178, 102, 255
L 223.0, -657.0, -63.0, 238.0, -672.0, -63.0, 178, 102, 255
L 238.0, -672.0, -63.0, 238.0, -686.0, -63.0, 178, 102, 255
L 238.0, -686.0, -63.0, 224.0, -701.0, -63.0, 178, 102, 255
L 224.0, -701.0, -63.0, 208.0, -702.0, -63.0, 178, 102, 255
L 208.0, -702.0, -63.0, 193.0, -686.0, -63.0, 178, 102, 255
L 193.0, -686.0, -63.0, 175.0, -686.0, -63.0, 178, 102, 255
L 175.0, -686.0, -63.0, 144.0, -701.0, -63.0, 178, 102, 255
L 144.0, -701.0, -63.0, 126.0, -718.0, -66.0, 178, 102, 255
L 126.0, -718.0, -66.0, 96.0, -718.0, -63.0, 178, 102, 255
L 96.0, -718.0, -63.0, 71.0, -703.0, -67.0, 178, 102, 255
L 177.0, -625.0, 0.0, 208.0, -655.0, 0.0, 0, 0, 255
L 208.0, -655.0, 0.0, 222.0, -655.0, 1.0, 0, 0, 255
L 222.0, -655.0, 1.0, 238.0, -672.0, -3.0, 0, 0, 255
L 238.0, -672.0, -3.0, 238.0, -687.0, -3.0, 0, 0, 255
L 238.0, -687.0, -3.0, 223.0, -701.0, -3.0, 0, 0, 255
L 223.0, -701.0, -3.0, 209.0, -702.0, -3.0, 0, 0, 255
L 209.0, -702.0, -3.0, 193.0, -686.0, -3.0, 0, 0, 255
L 193.0, -686.0, -3.0, 194.0, -670.0, -3.0, 0, 0, 255
L 194.0, -670.0, -3.0, 177.0, -655.0, -14.0, 0, 0, 255
L 177.0, -655.0, -14.0, 177.0, -625.0, 0.0, 0, 0, 255
L 177.0, -625.0, 0.0, 177.0, -608.0, 1.0, 0, 0, 0
L 177.0, -608.0, 1.0, 208.0, -593.0, 5.0, 0, 0, 0
L 208.0, -593.0, 5.0, 238.0, -593.0, 8.0, 0, 0, 0
L 238.0, -593.0, 8.0, 256.0, -625.0, 6.0, 0, 0, 0
L 256.0, -625.0, 6.0, 272.0, -625.0, 0.0, 0, 0, 0
L 272.0, -625.0, 0.0, 289.0, -608.0, 0.0, 0, 0, 0
L 302.0, -574.0, 0.0, 302.0, -592.0, 0.0, 0, 0, 0
L 337.0, -622.0, 0.0, 318.0, -622.0, 0.0, 0, 0, 0
L 304.0, -622.0, 0.0, 286.0, -639.0, 0.0, 0, 0, 0
L 286.0, -639.0, 0.0, 286.0, -657.0, 0.0, 0, 0, 0
L 286.0, -657.0, 0.0, 303.0, -657.0, 0.0, 0, 0, 0
L 303.0, -657.0, 0.0, 321.0, -663.0, 4.0, 0, 0, 0
L 321.0, -663.0, 4.0, 322.0, -680.0, 5.0, 0, 0, 0
L 322.0, -680.0, 5.0, 316.0, -695.0, 5.0, 0, 0, 0
L 316.0, -695.0, 5.0, 317.0, -706.0, 6.0, 0, 0, 0
L 317.0, -706.0, 6.0, 311.0, -708.0, 6.0, 0, 0, 0
L 311.0, -708.0, 6.0, 291.0, -703.0, 0.0, 0, 0, 0
L 291.0, -703.0, 0.0, 265.0, -696.0, 0.0, 0, 0, 0
L 265.0, -696.0, 0.0, 264.0, -664.0, 0.0, 0, 0, 0
L 264.0, -664.0, 0.0, 273.0, -655.0, 0.0, 0, 0, 0
L 273.0, -655.0, 0.0, 273.0, -639.0, 0.0, 0, 0, 0
L 273.0, -639.0, 0.0, 252.0, -639.0, 5.0, 0, 0, 0
L 252.0, -639.0, 5.0, 221.0, -655.0, 1.0, 0, 0, 0
L 289.0, -574.0, 0.0, 289.0, -592.0, 0.0, 0, 0, 0
L 289.0, -574.0, 0.0, 273.0, -574.0, 0.0, 0, 0, 0
L 273.0, -574.0, 0.0, 273.0, -529.0, 0.0, 0, 0, 0
L 273.0, -529.0, 0.0, 318.0, -529.0, 0.0, 0, 0, 0
L 318.0, -529.0, 0.0, 318.0, -574.0, 0.0, 0, 0, 0
L 318.0, -574.0, 0.0, 302.0, -574.0, 0.0, 0, 0, 0
L 302.0, -609.0, 0.0, 318.0, -609.0, 0.0, 0, 0, 0
L 337.0, -609.0, 0.0, 337.0, -593.0, 0.0, 0, 0, 0
L 337.0, -593.0, 0.0, 369.0, -593.0, 0.0, 0, 0, 0
L 337.0, -622.0, 0.0, 337.0, -638.0, 0.0, 0, 0, 0
L 337.0, -638.0, 0.0, 353.0, -638.0, 0.0, 0, 0, 0
L 353.0, -638.0, 0.0, 353.0, -670.0, 0.0, 0, 0, 0
L 353.0, -670.0, 0.0, 433.0, -670.0, 0.0, 0, 0, 0
L 433.0, -670.0, 0.0, 433.0, -689.0, 0.0, 0, 0, 0
L 433.0, -689.0, 0.0, 417.0, -689.0, 0.0, 0, 0, 0
L 417.0, -689.0, 0.0, 417.0, -734.0, 0.0, 0, 0, 0
L 417.0, -734.0, 0.0, 462.0, -734.0, 0.0, 0, 0, 0
L 462.0, -734.0, 0.0, 462.0, -689.0, 1.0, 0, 0, 0
L 462.0, -689.0, 1.0, 446.0, -689.0, 0.0, 0, 0, 0
L 446.0, -689.0, 0.0, 446.0, -670.0, 0.0, 0, 0, 0
L 446.0, -670.0, 0.0, 462.0, -670.0, 0.0, 0, 0, 0
L 462.0, -670.0, 0.0, 462.0, -609.0, 0.0, 0, 0, 0
L 462.0, -609.0, 0.0, 430.0, -609.0, 0.0, 0, 0, 0
L 430.0, -609.0, 0.0, 430.0, -593.0, 0.0, 0, 0, 0
L 430.0, -593.0, 0.0, 382.0, -593.0, 0.0, 0, 0, 0
L 382.0, -593.0, 0.0, 382.0, -574.0, 0.0, 0, 0, 0
L 382.0, -574.0, 0.0, 398.0, -574.0, 0.0, 0, 0, 0
L 398.0, -574.0, 0.0, 398.0, -545.0, 0.0, 0, 0, 0
L 398.0, -545.0, 0.0, 369.0, -545.0, 3.0, 0, 0, 0
L 369.0, -545.0, 3.0, 369.0, -593.0, 0.0, 0, 0, 0
L 449.0, -622.0, 0.0, 430.0, -622.0, 0.0, 0, 0, 0
L 430.0, -622.0, 0.0, 430.0, -638.0, 0.0, 0, 0, 0
L 430.0, -638.0, 0.0, 414.0, -638.0, 0.0, 0, 0, 0
L 414.0, -638.0, 0.0, 414.0, -657.0, 0.0, 0, 0, 0
L 414.0, -657.0, 0.0, 449.0, -657.0, 0.0, 0, 0, 0
L 449.0, -657.0, 0.0, 449.0, -622.0, 0.0, 0, 0, 0
L 385.0, -622.0, 0.0, 385.0, -638.0, 0.0, 0, 0, 0
L 385.0, -638.0, 0.0, 401.0, -638.0, 0.0, 0, 0, 0
L 401.0, -638.0, 0.0, 401.0, -657.0, 0.0, 0, 0, 0
L 401.0, -657.0, 0.0, 366.0, -657.0, 0.0, 0, 0, 0
L 366.0, -657.0, 0.0, 366.0, -622.0, 0.0, 0, 0, 0
L 366.0, -622.0, 0.0, 385.0, -622.0, 0.0, 0, 0, 0
L 318.0, -609.0, 0.0, 337.0, -609.0, 0.0, 0, 0, 0
L -128.0, -910.0, -34.0, -186.0, -919.0, -38.0, 0, 127, 127
L -184.0, -924.0, -51.0, -127.0, -914.0, -34.0, 0, 127, 127
L -165.0, -628.0, 0.0, -177.0, -628.0, 2.0, 150, 150, 150
L -186.0, -919.0, -38.0, -184.0, -924.0, -51.0, 0, 0, 255
L -127.0, -914.0, -34.0, -127.0, -939.0, -34.0, 0, 127, 127
L -108.0, -365.0, 18.0, -103.0, -356.0, 22.0, 0, 0, 0
L -92.0, -357.0, 18.0, -103.0, -356.0, 22.0, 139, 69, 19
L 316.0, -612.0, 0.0, 316.0, -618.0, 0.0, 205, 133, 63
L 321.0, -612.0, 0.0, 321.0, -618.0, 0.0, 205, 133, 63
L 316.0, -618.0, 0.0, 318.0, -618.0, 0.0, 205, 133, 63
L 316.0, -612.0, 0.0, 318.0, -612.0, 0.0, 205, 133, 63
L 318.0, -622.0, 0.0, 304.0, -622.0, 0.0, 0, 0, 0
L 318.0, -609.0, 0.0, 318.0, -612.0, 0.0, 205, 133, 63
L 318.0, -618.0, 0.0, 321.0, -618.0, 0.0, 205, 133, 63
L 318.0, -612.0, 0.0, 321.0, -612.0, 0.0, 205, 133, 63
L 318.0, -618.0, 0.0, 318.0, -622.0, 0.0, 205, 133, 63
L 289.0, -592.0, 0.0, 289.0, -608.0, 0.0, 0, 0, 0
L 302.0, -592.0, 0.0, 302.0, -609.0, 0.0, 0, 0, 0
L 289.0, -592.0, 0.0, 292.0, -592.0, 0.0, 205, 133, 63
L 292.0, -590.0, 0.0, 298.0, -590.0, 0.0, 205, 133, 63
L 292.0, -595.0, 0.0, 298.0, -595.0, 0.0, 205, 133, 63
L 292.0, -590.0, 0.0, 292.0, -592.0, 0.0, 205, 133, 63
L 292.0, -592.0, 0.0, 292.0, -595.0, 0.0, 205, 133, 63
L 298.0, -590.0, 0.0, 298.0, -592.0, 0.0, 205, 133, 63
L 298.0, -592.0, 0.0, 302.0, -592.0, 0.0, 205, 133, 63
L 298.0, -592.0, 0.0, 298.0, -595.0, 0.0, 205, 133, 63
L 98.0, -954.0, 0.0, 99.0, -933.0, 0.0, 0, 0, 0
L 101.0, -952.0, 0.0, 107.0, -952.0, 0.0, 205, 133, 63
L 101.0, -956.0, 0.0, 107.0, -956.0, 0.0, 205, 133, 63
L 101.0, -952.0, 0.0, 101.0, -954.0, 0.0, 205, 133, 63
L 107.0, -952.0, 0.0, 107.0, -954.0, 0.0, 205, 133, 63
L 110.0, -954.0, 0.0, 110.0, -956.0, 0.0, 0, 0, 0
L 98.0, -954.0, 0.0, 101.0, -954.0, 0.0, 205, 133, 63
L 101.0, -954.0, 0.0, 101.0, -956.0, 0.0, 205, 133, 63
L 107.0, -954.0, 0.0, 107.0, -956.0, 0.0, 205, 133, 63
L 107.0, -954.0, 0.0, 110.0, -954.0, 0.0, 205, 133, 63
L 137.0, -994.0, 0.0, 135.0, -994.0, 0.0, 0, 0, 0
L 140.0, -997.0, 0.0, 140.0, -1003.0, 0.0, 205, 133, 63
L 135.0, -1003.0, 0.0, 135.0, -997.0, 0.0, 205, 133, 63
L 135.0, -1003.0, 0.0, 137.0, -1003.0, 0.0, 205, 133, 63
L 135.0, -997.0, 0.0, 137.0, -997.0, 0.0, 205, 133, 63
L 137.0, -1006.0, 0.0, 142.0, -1006.0, 0.0, 0, 0, 0
L 137.0, -994.0, 0.0, 137.0, -997.0, 0.0, 205, 133, 63
L 137.0, -1003.0, 0.0, 140.0, -1003.0, 0.0, 205, 133, 63
L 137.0, -997.0, 0.0, 140.0, -997.0, 0.0, 205, 133, 63
L 137.0, -1003.0, 0.0, 137.0, -1006.0, 0.0, 205, 133, 63
L 131.0, -970.0, 0.0, 128.0, -970.0, 0.0, 0, 0, 0
L 128.0, -970.0, 0.0, 124.0, -970.0, 0.0, 0, 0, 0
L 123.0, -972.0, 0.0, 124.0, -970.0, 0.0, 0, 0, 0
L 132.0, -958.0, 0.0, 128.0, -958.0, 0.0, 0, 0, 0
L 124.0, -958.0, 0.0, 123.0, -956.0, 0.0, 0, 0, 0
L 128.0, -958.0, 0.0, 124.0, -958.0, 0.0, 0, 0, 0
L 126.0, -961.0, 0.0, 126.0, -967.0, 0.0, 205, 133, 63
L 131.0, -967.0, 0.0, 131.0, -961.0, 0.0, 205, 133, 63
L 126.0, -967.0, 0.0, 128.0, -967.0, 0.0, 205, 133, 63
L 126.0, -961.0, 0.0, 128.0, -961.0, 0.0, 205, 133, 63
L 128.0, -958.0, 0.0, 128.0, -961.0, 0.0, 205, 133, 63
L 128.0, -967.0, 0.0, 131.0, -967.0, 0.0, 205, 133, 63
L 128.0, -961.0, 0.0, 131.0, -961.0, 0.0, 205, 133, 63
L 128.0, -967.0, 0.0, 128.0, -970.0, 0.0, 205, 133, 63
L 85.0, -1020.0, 0.0, 91.0, -1020.0, 0.0, 205, 133, 63
L 91.0, -1025.0, 0.0, 85.0, -1025.0, 0.0, 205, 133, 63
L 85.0, -1020.0, 0.0, 85.0, -1022.0, 0.0, 205, 133, 63
L 91.0, -1020.0, 0.0, 91.0, -1022.0, 0.0, 205, 133, 63
L 95.0, -1022.0, 0.0, 95.0, -1025.0, 0.0, 0, 0, 0
L 95.0, -1022.0, 0.0, 91.0, -1022.0, 0.0, 205, 133, 63
L 85.0, -1022.0, 0.0, 85.0, -1025.0, 0.0, 205, 133, 63
L 91.0, -1022.0, 0.0, 91.0, -1025.0, 0.0, 205, 133, 63
L 85.0, -1022.0, 0.0, 82.0, -1022.0, 0.0, 205, 133, 63
L 112.0, -1271.0, 0.0, 112.0, -1262.0, 0.0, 0, 0, 0
L 115.0, -1268.0, 0.0, 123.0, -1268.0, 0.0, 205, 133, 63
L 123.0, -1274.0, 0.0, 115.0, -1274.0, 0.0, 205, 133, 63
L 115.0, -1268.0, 0.0, 115.0, -1271.0, 0.0, 205, 133, 63
L 123.0, -1268.0, 0.0, 123.0, -1271.0, 0.0, 205, 133, 63
L 127.0, -1271.0, 0.0, 123.0, -1271.0, 0.0, 205, 133, 63
L 115.0, -1271.0, 0.0, 115.0, -1274.0, 0.0, 205, 133, 63
L 123.0, -1271.0, 0.0, 123.0, -1274.0, 0.0, 205, 133, 63
L 115.0, -1271.0, 0.0, 112.0, -1271.0, 0.0, 205, 133, 63
L 48.0, -1271.0, 0.0, 48.0, -1262.0, 0.0, 0, 0, 0
L 63.0, -1271.0, 0.0, 63.0, -1280.0, 0.0, 0, 0, 0
L 59.0, -1268.0, 0.0, 51.0, -1268.0, 0.0, 205, 133, 63
L 59.0, -1274.0, 0.0, 51.0, -1274.0, 0.0, 205, 133, 63
L 51.0, -1268.0, 0.0, 51.0, -1271.0, 0.0, 205, 133, 63
L 59.0, -1268.0, 0.0, 59.0, -1271.0, 0.0, 205, 133, 63
L 63.0, -1271.0, 0.0, 59.0, -1271.0, 0.0, 205, 133, 63
L 51.0, -1271.0, 0.0, 51.0, -1274.0, 0.0, 205, 133, 63
L 59.0, -1271.0, 0.0, 59.0, -1274.0, 0.0, 205, 133, 63
L 51.0, -1271.0, 0.0, 48.0, -1271.0, 0.0, 205, 133, 63
L -126.0, -1360.0, 0.0, -130.0, -1360.0, 0.0, 0, 0, 0
L -126.0, -1348.0, 0.0, -123.0, -1348.0, 0.0, 0, 0, 0
L -124.0, -1351.0, 0.0, -124.0, -1357.0, 0.0, 205, 133, 63
L -128.0, -1351.0, 0.0, -128.0, -1357.0, 0.0, 205, 133, 63
L -128.0, -1357.0, 0.0, -126.0, -1357.0, 0.0, 205, 133, 63
L -128.0, -1351.0, 0.0, -126.0, -1351.0, 0.0, 205, 133, 63
L -126.0, -1348.0, 0.0, -126.0, -1351.0, 0.0, 205, 133, 63
L -126.0, -1357.0, 0.0, -124.0, -1357.0, 0.0, 205, 133, 63
L -126.0, -1351.0, 0.0, -124.0, -1351.0, 0.0, 205, 133, 63
L -126.0, -1357.0, 0.0, -126.0, -1360.0, 0.0, 205, 133, 63
L -160.0, -1376.0, 0.0, -160.0, -1380.0, 0.0, 0, 0, 0
L -160.0, -1380.0, 0.0, -160.0, -1385.0, 0.0, 0, 0, 0
L -160.0, -1385.0, 0.0, -158.0, -1409.0, -4.0, 0, 0, 0
L -153.0, -1376.0, 0.0, -153.0, -1380.0, 0.0, 0, 0, 0
L -143.0, -1422.0, -6.0, -153.0, -1385.0, 0.0, 0, 0, 0
L -140.0, -1383.0, 0.0, -140.0, -1380.0, 0.0, 0, 0, 0
L -140.0, -1380.0, 0.0, -140.0, -1375.0, 0.0, 0, 0, 0
L -153.0, -1380.0, 0.0, -153.0, -1385.0, 0.0, 0, 0, 0
L -169.0, -1378.0, 0.0, -163.0, -1378.0, 0.0, 205, 133, 63
L -163.0, -1383.0, 0.0, -169.0, -1383.0, 0.0, 205, 133, 63
L -149.0, -1378.0, 0.0, -143.0, -1378.0, 0.0, 205, 133, 63
L -149.0, -1383.0, 0.0, -143.0, -1383.0, 0.0, 205, 133, 63
L -143.0, -1383.0, 0.0, -143.0, -1380.0, 0.0, 205, 133, 63
L -149.0, -1383.0, 0.0, -149.0, -1380.0, 0.0, 205, 133, 63
L -163.0, -1383.0, 0.0, -163.0, -1380.0, 0.0, 205, 133, 63
L -169.0, -1383.0, 0.0, -169.0, -1380.0, 0.0, 205, 133, 63
L -173.0, -1380.0, 0.0, -169.0, -1380.0, 0.0, 205, 133, 63
L -163.0, -1380.0, 0.0, -163.0, -1378.0, 0.0, 205, 133, 63
L -169.0, -1380.0, 0.0, -169.0, -1378.0, 0.0, 205, 133, 63
L -163.0, -1380.0, 0.0, -160.0, -1380.0, 0.0, 205, 133, 63
L -153.0, -1380.0, 0.0, -149.0, -1380.0, 0.0, 205, 133, 63
L -143.0, -1380.0, 0.0, -143.0, -1378.0, 0.0, 205, 133, 63
L -149.0, -1380.0, 0.0, -149.0, -1378.0, 0.0, 205, 133, 63
L -143.0, -1380.0, 0.0, -140.0, -1380.0, 0.0, 205, 133, 63
L 101.0, -490.0, -63.0, 101.0, -483.0, -63.0, 205, 133, 63
L 106.0, -490.0, -63.0, 106.0, -483.0, -63.0, 205, 133, 63
L 101.0, -490.0, -63.0, 103.0, -490.0, -63.0, 205, 133, 63
L 101.0, -483.0, -63.0, 103.0, -483.0, -63.0, 205, 133, 63
L 103.0, -494.0, -63.0, 95.0, -494.0, -63.0, 0, 0, 0
L 103.0, -480.0, -63.0, 47.0, -480.0, -63.0, 0, 0, 0
L 103.0, -494.0, -63.0, 103.0, -490.0, -63.0, 205, 133, 63
L 103.0, -490.0, -63.0, 106.0, -490.0, -63.0, 205, 133, 63
L 103.0, -483.0, -63.0, 106.0, -483.0, -63.0, 205, 133, 63
L 103.0, -483.0, -63.0, 103.0, -480.0, -63.0, 205, 133, 63
L 113.0, -446.0, -47.0, 174.0, -446.0, -47.0, 0, 204, 0
L 113.0, -433.0, -47.0, 113.0, -436.0, -47.0, 205, 133, 63
L 111.0, -442.0, -47.0, 111.0, -436.0, -47.0, 205, 133, 63
L 116.0, -436.0, -47.0, 116.0, -442.0, -47.0, 205, 133, 63
L 111.0, -442.0, -47.0, 113.0, -442.0, -47.0, 205, 133, 63
L 113.0, -442.0, -47.0, 113.0, -446.0, -47.0, 205, 133, 63
L 113.0, -442.0, -47.0, 116.0, -442.0, -47.0, 205, 133, 63
L 111.0, -436.0, -47.0, 113.0, -436.0, -47.0, 205, 133, 63
L 113.0, -436.0, -47.0, 116.0, -436.0, -47.0, 205, 133, 63
L 63.0, -417.0, -47.0, 81.0, -417.0, -47.0, 0, 204, 0
L 63.0, -462.0, -47.0, 63.0, -448.0, -47.0, 150, 150, 150
L 90.0, -395.0, -47.0, 84.0, -395.0, -47.0, 205, 133, 63
L 84.0, -400.0, -47.0, 90.0, -400.0, -47.0, 205, 133, 63
L 84.0, -395.0, -47.0, 84.0, -397.0, -47.0, 205, 133, 63
L 90.0, -395.0, -47.0, 90.0, -397.0, -47.0, 205, 133, 63
L 94.0, -397.0, -47.0, 90.0, -397.0, -47.0, 205, 133, 63
L 84.0, -397.0, -47.0, 84.0, -400.0, -47.0, 205, 133, 63
L 90.0, -397.0, -47.0, 90.0, -400.0, -47.0, 205, 133, 63
L 84.0, -397.0, -47.0, 81.0, -397.0, -47.0, 205, 133, 63
L -48.0, -398.0, 0.0, -48.0, -394.0, 0.0, 0, 0, 0
L -61.0, -398.0, 0.0, -61.0, -394.0, 0.0, 0, 0, 0
L -48.0, -398.0, 0.0, -51.0, -398.0, 0.0, 205, 133, 63
L -51.0, -401.0, 0.0, -57.0, -401.0, 0.0, 205, 133, 63
L -57.0, -396.0, 0.0, -51.0, -396.0, 0.0, 205, 133, 63
L -51.0, -401.0, 0.0, -51.0, -398.0, 0.0, 205, 133, 63
L -51.0, -398.0, 0.0, -51.0, -396.0, 0.0, 205, 133, 63
L -57.0, -401.0, 0.0, -57.0, -398.0, 0.0, 205, 133, 63
L -57.0, -398.0, 0.0, -61.0, -398.0, 0.0, 205, 133, 63
L -57.0, -398.0, 0.0, -57.0, -396.0, 0.0, 205, 133, 63
L -44.0, -300.0, 0.0, -44.0, -303.0, 0.0, 0, 0, 0
L -71.0, -300.0, 0.0, -71.0, -303.0, 0.0, 0, 0, 0
L -64.0, -307.0, 0.0, -50.0, -307.0, 0.0, 205, 133, 63
L -50.0, -300.0, 0.0, -64.0, -300.0, 0.0, 205, 133, 63
L -44.0, -303.0, 0.0, -44.0, -307.0, 0.0, 0, 0, 0
L -71.0, -303.0, 0.0, -71.0, -307.0, 0.0, 0, 0, 0
L -44.0, -303.0, 0.0, -50.0, -303.0, 0.0, 205, 133, 63
L -64.0, -307.0, 0.0, -64.0, -303.0, 0.0, 205, 133, 63
L -64.0, -303.0, 0.0, -71.0, -303.0, 0.0, 205, 133, 63
L -64.0, -303.0, 0.0, -64.0, -300.0, 0.0, 205, 133, 63
L -50.0, -307.0, 0.0, -50.0, -303.0, 0.0, 205, 133, 63
L -50.0, -303.0, 0.0, -50.0, -300.0, 0.0, 205, 133, 63
L -45.0, -328.0, 2.0, -44.0, -307.0, 0.0, 0, 0, 0
L -87.0, -326.0, 0.0, -71.0, -307.0, 0.0, 0, 0, 0
L -251.0, -387.0, 10.0, -262.0, -392.0, 10.0, 0, 0, 0
L -238.0, -388.0, 10.0, -238.0, -384.0, 10.0, 0, 0, 0
L -251.0, -384.0, 10.0, -251.0, -381.0, 10.0, 0, 0, 0
L -238.0, -384.0, 10.0, -238.0, -381.0, 10.0, 0, 0, 0
L -251.0, -387.0, 10.0, -251.0, -384.0, 10.0, 0, 0, 0
L -247.0, -382.0, 10.0, -241.0, -382.0, 10.0, 205, 133, 63
L -241.0, -386.0, 10.0, -247.0, -386.0, 10.0, 205, 133, 63
L -241.0, -386.0, 10.0, -241.0, -384.0, 10.0, 205, 133, 63
L -247.0, -386.0, 10.0, -247.0, -384.0, 10.0, 205, 133, 63
L -251.0, -384.0, 10.0, -247.0, -384.0, 10.0, 205, 133, 63
L -241.0, -384.0, 10.0, -241.0, -382.0, 10.0, 205, 133, 63
L -247.0, -384.0, 10.0, -247.0, -382.0, 10.0, 205, 133, 63
L -241.0, -384.0, 10.0, -238.0, -384.0, 10.0, 205, 133, 63
L -272.0, -396.0, 10.0, -275.0, -396.0, 10.0, 0, 0, 0
L -275.0, -396.0, 10.0, -279.0, -396.0, 10.0, 0, 0, 0
L -280.0, -396.0, 9.0, -279.0, -396.0, 10.0, 0, 0, 0
L -275.0, -408.0, 10.0, -273.0, -408.0, 10.0, 0, 0, 0
L -278.0, -405.0, 10.0, -278.0, -399.0, 10.0, 205, 133, 63
L -273.0, -405.0, 10.0, -273.0, -399.0, 10.0, 205, 133, 63
L -278.0, -405.0, 10.0, -275.0, -405.0, 10.0, 205, 133, 63
L -273.0, -399.0, 10.0, -275.0, -399.0, 10.0, 205, 133, 63
L -275.0, -408.0, 10.0, -275.0, -405.0, 10.0, 205, 133, 63
L -275.0, -405.0, 10.0, -273.0, -405.0, 10.0, 205, 133, 63
L -275.0, -399.0, 10.0, -278.0, -399.0, 10.0, 205, 133, 63
L -275.0, -399.0, 10.0, -275.0, -396.0, 10.0, 205, 133, 63
L -260.0, -426.0, 10.0, -260.0, -422.0, 10.0, 0, 0, 0
L -267.0, -419.0, 10.0, -260.0, -417.0, 10.0, 0, 0, 0
L -260.0, -422.0, 10.0, -260.0, -417.0, 10.0, 0, 0, 0
L -248.0, -422.0, 10.0, -248.0, -426.0, 10.0, 0, 0, 0
L -251.0, -424.0, 10.0, -257.0, -424.0, 10.0, 205, 133, 63
L -251.0, -420.0, 10.0, -257.0, -420.0, 10.0, 205, 133, 63
L -251.0, -424.0, 10.0, -251.0, -422.0, 10.0, 205, 133, 63
L -257.0, -424.0, 10.0, -257.0, -422.0, 10.0, 205, 133, 63
L -260.0, -422.0, 10.0, -257.0, -422.0, 10.0, 205, 133, 63
L -251.0, -422.0, 10.0, -251.0, -420.0, 10.0, 205, 133, 63
L -257.0, -422.0, 10.0, -257.0, -420.0, 10.0, 205, 133, 63
L -251.0, -422.0, 10.0, -248.0, -422.0, 10.0, 205, 133, 63
L -230.0, -452.0, 10.0, -226.0, -452.0, 10.0, 0, 0, 0
L -218.0, -457.0, 10.0, -224.0, -452.0, 10.0, 0, 0, 0
L -226.0, -440.0, 10.0, -230.0, -440.0, 10.0, 0, 0, 0
L -224.0, -449.0, 10.0, -224.0, -443.0, 10.0, 205, 133, 63
L -228.0, -449.0, 10.0, -228.0, -443.0, 10.0, 205, 133, 63
L -224.0, -449.0, 10.0, -226.0, -449.0, 10.0, 205, 133, 63
L -226.0, -452.0, 10.0, -224.0, -452.0, 10.0, 0, 0, 0
L -226.0, -452.0, 10.0, -226.0, -449.0, 10.0, 205, 133, 63
L -226.0, -449.0, 10.0, -228.0, -449.0, 10.0, 205, 133, 63
L -224.0, -443.0, 10.0, -226.0, -443.0, 10.0, 205, 133, 63
L -226.0, -443.0, 10.0, -226.0, -440.0, 10.0, 205, 133, 63
L -226.0, -443.0, 10.0, -228.0, -443.0, 10.0, 205, 133, 63
L -222.0, -500.0, 10.0, -218.0, -500.0, 10.0, 0, 0, 0
L -213.0, -519.0, 10.0, -214.0, -500.0, 10.0, 0, 0, 0
L -218.0, -500.0, 10.0, -214.0, -500.0, 10.0, 0, 0, 0
L -216.0, -497.0, 10.0, -216.0, -491.0, 10.0, 205, 133, 63
L -220.0, -491.0, 10.0, -220.0, -497.0, 10.0, 205, 133, 63
L -218.0, -488.0, 10.0, -222.0, -488.0, 10.0, 0, 0, 0
L -218.0, -500.0, 10.0, -218.0, -497.0, 10.0, 205, 133, 63
L -220.0, -491.0, 10.0, -218.0, -491.0, 10.0, 205, 133, 63
L -218.0, -491.0, 10.0, -218.0, -488.0, 10.0, 205, 133, 63
L -218.0, -491.0, 10.0, -216.0, -491.0, 10.0, 205, 133, 63
L -220.0, -497.0, 10.0, -218.0, -497.0, 10.0, 205, 133, 63
L -218.0, -497.0, 10.0, -216.0, -497.0, 10.0, 205, 133, 63
L -181.0, -500.0, 10.0, -184.0, -500.0, 10.0, 0, 0, 0
L -192.0, -507.0, 10.0, -187.0, -500.0, 10.0, 0, 0, 0
L -184.0, -488.0, 10.0, -188.0, -488.0, 10.0, 0, 0, 0
L -184.0, -500.0, 10.0, -187.0, -500.0, 10.0, 0, 0, 0
L -183.0, -497.0, 10.0, -183.0, -491.0, 10.0, 205, 133, 63
L -186.0, -491.0, 10.0, -186.0, -497.0, 10.0, 205, 133, 63
L -184.0, -500.0, 10.0, -184.0, -497.0, 10.0, 205, 133, 63
L -183.0, -491.0, 10.0, -184.0, -491.0, 10.0, 205, 133, 63
L -184.0, -491.0, 10.0, -184.0, -488.0, 10.0, 205, 133, 63
L -184.0, -491.0, 10.0, -186.0, -491.0, 10.0, 205, 133, 63
L -183.0, -497.0, 10.0, -184.0, -497.0, 10.0, 205, 133, 63
L -184.0, -497.0, 10.0, -186.0, -497.0, 10.0, 205, 133, 63
L -199.0, -539.0, 10.0, -199.0, -542.0, 10.0, 0, 0, 0
L -199.0, -542.0, 10.0, -199.0, -545.0, 10.0, 0, 0, 0
L -194.0, -553.0, 10.0, -199.0, -545.0, 10.0, 0, 0, 0
L -211.0, -542.0, 10.0, -211.0, -546.0, 10.0, 0, 0, 0
L -199.0, -542.0, 10.0, -202.0, -542.0, 10.0, 205, 133, 63
L -202.0, -544.0, 10.0, -208.0, -544.0, 10.0, 205, 133, 63
L -208.0, -540.0, 10.0, -202.0, -540.0, 10.0, 205, 133, 63
L -202.0, -544.0, 10.0, -202.0, -542.0, 10.0, 205, 133, 63
L -202.0, -542.0, 10.0, -202.0, -540.0, 10.0, 205, 133, 63
L -208.0, -544.0, 10.0, -208.0, -542.0, 10.0, 205, 133, 63
L -208.0, -542.0, 10.0, -211.0, -542.0, 10.0, 205, 133, 63
L -208.0, -542.0, 10.0, -208.0, -540.0, 10.0, 205, 133, 63
L -110.0, -585.0, 0.0, -110.0, -587.0, 0.0, 0, 0, 0
L -110.0, -587.0, 0.0, -110.0, -592.0, 0.0, 0, 0, 0
L -110.0, -592.0, 0.0, -113.0, -592.0, 0.0, 0, 0, 0
L -102.0, -590.0, 0.0, -107.0, -590.0, 0.0, 205, 133, 63
L -102.0, -585.0, 0.0, -107.0, -585.0, 0.0, 205, 133, 63
L -102.0, -590.0, 0.0, -102.0, -587.0, 0.0, 205, 133, 63
L -107.0, -590.0, 0.0, -107.0, -587.0, 0.0, 205, 133, 63
L -110.0, -587.0, 0.0, -107.0, -587.0, 0.0, 205, 133, 63
L -102.0, -587.0, 0.0, -102.0, -585.0, 0.0, 205, 133, 63
L -107.0, -587.0, 0.0, -107.0, -585.0, 0.0, 205, 133, 63
L -102.0, -587.0, 0.0, -100.0, -587.0, 0.0, 205, 133, 63
L -87.0, -650.0, 0.0, -81.0, -650.0, 0.0, 205, 133, 63
L -87.0, -645.0, 0.0, -81.0, -645.0, 0.0, 205, 133, 63
L -81.0, -650.0, 0.0, -81.0, -647.0, 0.0, 205, 133, 63
L -87.0, -650.0, 0.0, -87.0, -647.0, 0.0, 205, 133, 63
L -91.0, -647.0, 0.0, -91.0, -645.0, 0.0, 0, 0, 0
L -91.0, -647.0, 0.0, -87.0, -647.0, 0.0, 205, 133, 63
L -81.0, -647.0, 0.0, -81.0, -645.0, 0.0, 205, 133, 63
L -87.0, -647.0, 0.0, -87.0, -645.0, 0.0, 205, 133, 63
L -81.0, -647.0, 0.0, -78.0, -647.0, 0.0, 205, 133, 63
L -154.0, -628.0, 0.0, -150.0, -628.0, 0.0, 0, 0, 0
L -146.0, -628.0, 0.0, -145.0, -626.0, 0.0, 0, 0, 0
L -150.0, -638.0, 0.0, -154.0, -638.0, 0.0, 0, 0, 0
L -150.0, -628.0, 0.0, -146.0, -628.0, 0.0, 0, 0, 0
L -153.0, -635.0, 0.0, -153.0, -630.0, 0.0, 205, 133, 63
L -148.0, -635.0, 0.0, -148.0, -630.0, 0.0, 205, 133, 63
L -150.0, -638.0, 0.0, -150.0, -635.0, 0.0, 205, 133, 63
L -153.0, -630.0, 0.0, -150.0, -630.0, 0.0, 205, 133, 63
L -150.0, -630.0, 0.0, -150.0, -628.0, 0.0, 205, 133, 63
L -150.0, -630.0, 0.0, -148.0, -630.0, 0.0, 205, 133, 63
L -153.0, -635.0, 0.0, -150.0, -635.0, 0.0, 205, 133, 63
L -150.0, -635.0, 0.0, -148.0, -635.0, 0.0, 205, 133, 63
L -175.0, -606.0, 6.0, -177.0, -604.0, 7.0, 150, 150, 150
L -187.0, -614.0, 5.0, -187.0, -616.0, 5.0, 150, 150, 150
L -185.0, -618.0, 4.0, -184.0, -621.0, 4.0, 150, 150, 150
L -188.0, -466.0, 10.0, -184.0, -466.0, 10.0, 0, 0, 0
L -188.0, -454.0, 10.0, -184.0, -454.0, 10.0, 0, 0, 0
L -183.0, -454.0, 10.0, -180.0, -454.0, 10.0, 0, 0, 0
L -184.0, -466.0, 10.0, -181.0, -466.0, 10.0, 0, 0, 0
L -186.0, -463.0, 10.0, -186.0, -457.0, 10.0, 205, 133, 63
L -182.0, -463.0, 10.0, -182.0, -457.0, 10.0, 205, 133, 63
L -184.0, -454.0, 10.0, -183.0, -454.0, 10.0, 0, 0, 0
L -184.0, -466.0, 10.0, -184.0, -463.0, 10.0, 205, 133, 63
L -186.0, -457.0, 10.0, -184.0, -457.0, 10.0, 205, 133, 63
L -184.0, -457.0, 10.0, -184.0, -454.0, 10.0, 205, 133, 63
L -184.0, -457.0, 10.0, -182.0, -457.0, 10.0, 205, 133, 63
L -186.0, -463.0, 10.0, -184.0, -463.0, 10.0, 205, 133, 63
L -184.0, -463.0, 10.0, -182.0, -463.0, 10.0, 205, 133, 63
L -64.0, 127.0, 1.0, -64.0, 131.0, 1.0, 0, 0, 0
L -78.0, 127.0, 1.0, -78.0, 131.0, 1.0, 0, 0, 0
L -60.0, -556.0, 1.0, -49.0, -533.0, 1.0, 139, 69, 19
L -34.0, -534.0, 1.0, -28.0, -539.0, 1.0, 139, 69, 19
L -28.0, -539.0, 1.0, -24.0, -542.0, 1.0, 127, 64, 0
L 129.0, -1230.0, 0.0, 129.0, -1248.0, 0.0, 0, 0, 0
L 129.0, -1248.0, 0.0, 110.0, -1249.0, 0.0, 0, 0, 0
L 110.0, -1249.0, 0.0, 110.0, -1230.0, 0.0, 0, 0, 0
L 110.0, -1230.0, 0.0, 129.0, -1229.0, 0.0, 0, 0, 0
L 0.0, -554.0, -63.0, 0.0, -550.0, -63.0, 0, 0, 0
L 13.0, -552.0, -63.0, 13.0, -550.0, -63.0, 0, 0, 0
L 10.0, -552.0, -63.0, 3.0, -552.0, -63.0, 205, 133, 63
L 3.0, -548.0, -63.0, 10.0, -548.0, -63.0, 205, 133, 63
L 13.0, -550.0, -63.0, 13.0, -541.0, -63.0, 0, 0, 0
L 0.0, -550.0, -63.0, 0.0, -533.0, -63.0, 0, 0, 0
L 13.0, -550.0, -63.0, 10.0, -550.0, -63.0, 205, 133, 63
L 3.0, -552.0, -63.0, 3.0, -550.0, -63.0, 205, 133, 63
L 3.0, -550.0, -63.0, 0.0, -550.0, -63.0, 205, 133, 63
L 3.0, -550.0, -63.0, 3.0, -548.0, -63.0, 205, 133, 63
L 10.0, -552.0, -63.0, 10.0, -550.0, -63.0, 205, 133, 63
L 10.0, -550.0, -63.0, 10.0, -548.0, -63.0, 205, 133, 63
L 183.0, -886.0, -31.0, 186.0, -886.0, -31.0, 0, 0, 0
L 204.0, -861.0, -31.0, 190.0, -872.0, -31.0, 0, 0, 0
L 183.0, -872.0, -31.0, 175.0, -864.0, -31.0, 0, 0, 0
L 183.0, -872.0, -31.0, 186.0, -872.0, -31.0, 0, 0, 0
L 186.0, -872.0, -31.0, 190.0, -872.0, -31.0, 0, 0, 0
L 186.0, -886.0, -31.0, 190.0, -886.0, -31.0, 0, 0, 0
L 186.0, -872.0, -31.0, 186.0, -875.0, -31.0, 205, 133, 63
L 190.0, -882.0, -31.0, 190.0, -875.0, -31.0, 205, 133, 63
L 183.0, -882.0, -31.0, 183.0, -875.0, -31.0, 205, 133, 63
L 190.0, -882.0, -31.0, 186.0, -882.0, -31.0, 205, 133, 63
L 186.0, -882.0, -31.0, 186.0, -886.0, -31.0, 205, 133, 63
L 186.0, -882.0, -31.0, 183.0, -882.0, -31.0, 205, 133, 63
L 190.0, -875.0, -31.0, 186.0, -875.0, -31.0, 205, 133, 63
L 186.0, -875.0, -31.0, 183.0, -875.0, -31.0, 205, 133, 63
L 95.0, -1089.0, 0.0, 95.0, -1104.0, 0.0, 0, 0, 0
L 80.0, -1089.0, 0.0, 80.0, -1118.0, 0.0, 0, 0, 0
L 91.0, -1092.0, 0.0, 83.0, -1092.0, 0.0, 205, 133, 63
L 91.0, -1086.0, 0.0, 83.0, -1086.0, 0.0, 205, 133, 63
L 95.0, -1089.0, 0.0, 91.0, -1089.0, 0.0, 205, 133, 63
L 83.0, -1092.0, 0.0, 83.0, -1089.0, 0.0, 205, 133, 63
L 83.0, -1089.0, 0.0, 80.0, -1089.0, 0.0, 205, 133, 63
L 83.0, -1089.0, 0.0, 83.0, -1086.0, 0.0, 205, 133, 63
L 91.0, -1092.0, 0.0, 91.0, -1089.0, 0.0, 205, 133, 63
L 91.0, -1089.0, 0.0, 91.0, -1086.0, 0.0, 205, 133, 63
L 63.0, -430.0, -47.0, 63.0, -417.0, -47.0, 150, 150, 150
L 63.0, -448.0, -47.0, 63.0, -430.0, -47.0, 150, 150, 150
L 63.0, -430.0, -47.0, 59.0, -430.0, -49.0, 150, 150, 150
L 63.0, -448.0, -47.0, 59.0, -448.0, -49.0, 150, 150, 150
L 36.0, -430.0, -63.0, 36.0, -448.0, -63.0, 150, 150, 150
L 49.0, -430.0, -55.0, 46.0, -430.0, -57.0, 150, 150, 150
L 49.0, -448.0, -55.0, 46.0, -448.0, -57.0, 150, 150, 150
L 49.0, -430.0, -55.0, 49.0, -448.0, -55.0, 150, 150, 150
L 42.0, -430.0, -59.0, 39.0, -430.0, -61.0, 150, 150, 150
L 42.0, -448.0, -59.0, 39.0, -448.0, -61.0, 150, 150, 150
L 42.0, -430.0, -59.0, 42.0, -448.0, -59.0, 150, 150, 150
L 56.0, -430.0, -51.0, 52.0, -430.0, -53.0, 150, 150, 150
L 56.0, -448.0, -51.0, 52.0, -448.0, -53.0, 150, 150, 150
L 56.0, -430.0, -51.0, 56.0, -448.0, -51.0, 150, 150, 150
L 52.0, -430.0, -53.0, 49.0, -430.0, -55.0, 150, 150, 150
L 52.0, -448.0, -53.0, 49.0, -448.0, -55.0, 150, 150, 150
L 52.0, -430.0, -53.0, 52.0, -448.0, -53.0, 150, 150, 150
L 59.0, -430.0, -49.0, 56.0, -430.0, -51.0, 150, 150, 150
L 59.0, -448.0, -49.0, 56.0, -448.0, -51.0, 150, 150, 150
L 59.0, -430.0, -49.0, 59.0, -448.0, -49.0, 150, 150, 150
L 39.0, -430.0, -61.0, 36.0, -430.0, -63.0, 150, 150, 150
L 39.0, -448.0, -61.0, 36.0, -448.0, -63.0, 150, 150, 150
L 39.0, -430.0, -61.0, 39.0, -448.0, -61.0, 150, 150, 150
L 46.0, -430.0, -57.0, 42.0, -430.0, -59.0, 150, 150, 150
L 46.0, -448.0, -57.0, 42.0, -448.0, -59.0, 150, 150, 150
L 46.0, -430.0, -57.0, 46.0, -448.0, -57.0, 150, 150, 150
L -220.0, -1394.0, 2.0, -221.0, -1400.0, 3.0, 0, 0, 0
L -217.0, -587.0, 14.0, -218.0, -588.0, 5.0, 0, 0, 0
