L -223.0, -588.0, -41.0, -251.0, -588.0, -41.0, 0, 0, 0
L -223.0, -574.0, -41.0, -223.0, -588.0, -41.0, 0, 0, 0
L -210.0, -560.0, -41.0, -223.0, -574.0, -41.0, 0, 0, 0
L -195.0, -560.0, -41.0, -210.0, -560.0, -41.0, 0, 0, 0
L -182.0, -574.0, -41.0, -195.0, -560.0, -41.0, 0, 0, 0
L -167.0, -574.0, -41.0, -182.0, -574.0, -41.0, 0, 0, 0
L -153.0, -559.0, -41.0, -167.0, -574.0, -41.0, 0, 0, 0
L -251.0, -601.0, -41.0, -251.0, -588.0, -41.0, 0, 0, 255
L -209.0, -601.0, -41.0, -251.0, -601.0, -41.0, 0, 0, 255
L -209.0, -630.0, -41.0, -209.0, -601.0, -41.0, 0, 0, 0
L -221.0, -630.0, -41.0, -209.0, -630.0, -41.0, 0, 0, 0
L -236.0, -642.0, -41.0, -221.0, -630.0, -41.0, 0, 0, 0
L -237.0, -656.0, -41.0, -236.0, -642.0, -41.0, 0, 0, 0
L -224.0, -670.0, -41.0, -237.0, -656.0, -41.0, 0, 0, 0
L -196.0, -669.0, -41.0, -224.0, -670.0, -41.0, 0, 0, 255
L -196.0, -602.0, -41.0, -196.0, -669.0, -41.0, 0, 0, 255
L -185.0, -588.0, -41.0, -196.0, -602.0, -41.0, 0, 0, 0
L -168.0, -586.0, -41.0, -185.0, -588.0, -41.0, 0, 0, 0
L -154.0, -601.0, -41.0, -168.0, -586.0, -41.0, 0, 0, 0
L -140.0, -601.0, -41.0, -154.0, -601.0, -41.0, 0, 0, 0
L -127.0, -588.0, -41.0, -140.0, -601.0, -41.0, 0, 0, 0
L -126.0, -573.0, -41.0, -127.0, -588.0, -41.0, 0, 0, 0
L -140.0, -559.0, -41.0, -126.0, -573.0, -41.0, 0, 0, 0
L 152.0, -532.0, -55.0, 152.0, -538.5, -55.0, 255, 255, 0
L -209.0, -363.0, -41.0, -196.0, -363.0, -41.0, 139, 69, 19
L -181.0, -475.0, -41.0, -182.0, -476.0, -41.0, 0, 0, 0
L 462.0, -349.0, -41.0, 475.0, -349.0, -41.0, 0, 0, 0
L 461.0, -349.0, -41.0, 462.0, -349.0, -41.0, 0, 0, 0
L 461.0, -364.0, -41.0, 461.0, -349.0, -41.0, 0, 0, 0
L 475.0, -364.0, -41.0, 461.0, -364.0, -41.0, 0, 0, 0
L 475.0, -378.0, -41.0, 475.0, -364.0, -41.0, 0, 0, 0
L 517.0, -378.0, -41.0, 475.0, -378.0, -41.0, 0, 0, 0
L 517.0, -392.0, -41.0, 517.0, -378.0, -41.0, 0, 0, 0
L 530.0, -392.0, -41.0, 517.0, -392.0, -41.0, 0, 0, 0
L 532.0, -391.0, -41.0, 530.0, -392.0, -41.0, 0, 0, 0
L 532.0, -321.0, -41.0, 532.0, -391.0, -41.0, 0, 0, 0
L 517.0, -321.0, -41.0, 532.0, -321.0, -41.0, 0, 0, 0
L 517.0, -335.0, -41.0, 517.0, -321.0, -41.0, 0, 0, 0
L 475.0, -335.0, -41.0, 517.0, -335.0, -41.0, 0, 0, 0
L 475.0, -349.0, -41.0, 475.0, -335.0, -41.0, 0, 0, 0
L 299.0, -350.0, -41.0, 299.0, -352.0, -41.0, 0, 0, 0
L 302.0, -352.0, -41.0, 299.0, -352.0, -41.0, 0, 0, 0
L 302.0, -360.0, -41.0, 302.0, -361.0, -41.0, 0, 0, 0
L 299.0, -360.0, -41.0, 302.0, -360.0, -41.0, 0, 0, 0
L 299.0, -363.0, -41.0, 299.0, -360.0, -41.0, 0, 0, 0
L 294.0, -350.0, -41.0, 299.0, -350.0, -41.0, 0, 0, 0
L 293.0, -349.0, -41.0, 294.0, -350.0, -41.0, 0, 0, 0
L 293.0, -267.0, -41.0, 293.0, -349.0, -41.0, 0, 0, 0
L 293.0, -265.0, -41.0, 293.0, -267.0, -41.0, 0, 0, 0
L 320.0, -265.0, -41.0, 293.0, -265.0, -41.0, 0, 0, 0
L 322.0, -265.0, -41.0, 320.0, -265.0, -41.0, 0, 0, 0
L 322.0, -279.0, -41.0, 322.0, -265.0, -41.0, 0, 0, 0
L 335.0, -279.0, -41.0, 322.0, -279.0, -41.0, 0, 0, 0
L 335.0, -265.0, -41.0, 335.0, -279.0, -41.0, 0, 0, 0
L 377.0, -265.0, -41.0, 335.0, -265.0, -41.0, 0, 0, 0
L 377.0, -182.0, -41.0, 377.0, -265.0, -41.0, 0, 0, 0
L 308.0, -182.0, -41.0, 377.0, -182.0, -41.0, 0, 0, 0
L 308.0, -208.0, -41.0, 308.0, -182.0, -41.0, 0, 0, 0
L 307.0, -210.0, -41.0, 308.0, -208.0, -41.0, 0, 0, 0
L 297.0, -210.0, -41.0, 307.0, -210.0, -41.0, 0, 0, 0
L -14.0, -490.0, -41.0, -14.0, -337.0, -41.0, 0, 0, 0
L 0.0, -490.0, -41.0, -14.0, -490.0, -41.0, 0, 0, 0
L 0.0, -517.0, -41.0, 0.0, -513.5, -41.0, 0, 0, 0
L 13.0, -531.0, -41.0, 0.0, -517.0, -41.0, 0, 0, 0
L 13.0, -545.0, -41.0, 13.0, -531.0, -41.0, 0, 0, 0
L 0.0, -559.0, -41.0, 13.0, -545.0, -41.0, 0, 0, 0
L 0.0, -573.0, -41.0, 0.0, -559.0, -41.0, 0, 0, 0
L -69.0, -573.0, -41.0, 0.0, -573.0, -41.0, 0, 0, 0
L -69.0, -547.0, -41.0, -69.0, -573.0, -41.0, 0, 0, 0
L -69.0, -545.0, -41.0, -69.0, -547.0, -41.0, 0, 0, 0
L -83.0, -545.0, -41.0, -69.0, -545.0, -41.0, 0, 0, 0
L -56.0, -558.0, -41.0, -56.0, -518.0, -41.0, 0, 0, 0
L -55.0, -560.0, -41.0, -56.0, -558.0, -41.0, 0, 0, 0
L -13.0, -560.0, -41.0, -55.0, -560.0, -41.0, 0, 0, 0
L -27.0, -545.0, -41.0, -13.0, -560.0, -41.0, 0, 0, 0
L -27.0, -532.0, -41.0, -27.0, -545.0, -41.0, 0, 0, 0
L -13.0, -517.0, -41.0, -27.0, -532.0, -41.0, 0, 0, 0
L -13.0, -504.0, -41.0, -13.0, -513.5, -41.0, 0, 0, 0
L -14.0, -503.0, -41.0, -13.0, -504.0, -41.0, 0, 0, 0
L -27.0, -503.0, -41.0, -14.0, -503.0, -41.0, 0, 0, 0
L -27.0, -461.0, -41.0, -27.0, -503.0, -41.0, 0, 0, 0
L -70.0, -461.0, -41.0, -67.5, -461.0, -41.0, 0, 0, 0
L -27.0, -447.0, -41.0, -28.0, -448.0, -41.0, 0, 0, 0
L -27.0, -407.0, -41.0, -27.0, -447.0, -41.0, 0, 0, 0
L -27.0, -405.0, -41.0, -27.0, -407.0, -41.0, 0, 0, 0
L -28.0, -405.0, -41.0, -27.0, -405.0, -41.0, 0, 0, 0
L -84.0, -405.0, -41.0, -82.0, -405.0, -41.0, 0, 0, 0
L -82.0, -405.0, -41.0, -28.0, -405.0, -41.0, 0, 0, 0
L -84.0, -433.0, -41.0, -84.0, -405.0, -41.0, 0, 0, 0
L -70.0, -447.0, -41.0, -84.0, -433.0, -41.0, 0, 0, 0
L -70.0, -447.0, -41.0, -67.5, -447.1, -41.0, 0, 0, 0
L -70.0, -461.0, -41.0, -70.0, -447.0, -41.0, 255, 255, 0
L -84.0, -476.0, -41.0, -70.0, -461.0, -41.0, 0, 0, 0
L -111.0, -461.0, -41.0, -97.0, -476.0, -41.0, 0, 0, 0
L -168.0, -461.0, -41.0, -111.0, -461.0, -41.0, 0, 0, 0
L -168.0, -476.0, -41.0, -168.0, -461.0, -41.0, 0, 0, 0
L -154.0, -490.0, -41.0, -168.0, -476.0, -41.0, 0, 0, 0
L -182.0, -476.0, -41.0, -195.0, -489.0, -41.0, 0, 0, 0
L -335.0, -448.0, -41.0, -349.0, -448.0, -41.0, 0, 0, 0
L -335.0, -434.0, -41.0, -335.0, -448.0, -41.0, 0, 0, 0
L -322.0, -434.0, -41.0, -335.0, -434.0, -41.0, 0, 0, 0
L -321.0, -448.0, -41.0, -322.0, -434.0, -41.0, 0, 0, 0
L -279.0, -448.0, -41.0, -321.0, -448.0, -41.0, 0, 0, 0
L -279.0, -392.0, -41.0, -279.0, -448.0, -41.0, 0, 0, 0
L -238.0, -392.0, -41.0, -279.0, -392.0, -41.0, 0, 0, 0
L -97.0, -433.0, -41.0, -112.0, -448.0, -41.0, 0, 0, 0
L -97.0, -406.0, -41.0, -97.0, -433.0, -41.0, 0, 0, 0
L -97.0, -405.0, -41.0, -97.0, -406.0, -41.0, 0, 0, 0
L -112.0, -405.0, -41.0, -97.0, -405.0, -41.0, 0, 0, 0
L -125.0, -419.0, -41.0, -112.0, -405.0, -41.0, 0, 0, 0
L -139.0, -419.0, -41.0, -125.0, -419.0, -41.0, 0, 0, 0
L -153.0, -405.0, -41.0, -139.0, -419.0, -41.0, 0, 0, 0
L -153.0, -391.0, -41.0, -153.0, -405.0, -41.0, 0, 0, 0
L -139.0, -377.0, -41.0, -153.0, -391.0, -41.0, 0, 0, 0
L -139.0, -363.0, -41.0, -139.0, -377.0, -41.0, 0, 0, 0
L -196.0, -363.0, -41.0, -182.0, -363.0, -41.0, 0, 0, 0
L -251.0, -321.0, -41.0, -251.0, -363.0, -41.0, 0, 0, 0
L -279.0, -321.0, -41.0, -251.0, -321.0, -41.0, 0, 0, 0
L -280.0, -349.0, -41.0, -279.0, -321.0, -41.0, 0, 0, 0
L -307.0, -349.0, -41.0, -280.0, -349.0, -41.0, 0, 0, 0
L -322.0, -363.0, -41.0, -307.0, -349.0, -41.0, 0, 0, 0
L -335.0, -363.0, -41.0, -322.0, -363.0, -41.0, 0, 0, 0
L -349.0, -349.0, -41.0, -335.0, -363.0, -41.0, 0, 0, 0
L -349.0, -336.0, -41.0, -349.0, -349.0, -41.0, 0, 0, 0
L -335.0, -322.0, -41.0, -349.0, -336.0, -41.0, 0, 0, 0
L -322.0, -322.0, -41.0, -335.0, -322.0, -41.0, 0, 0, 0
L -307.0, -336.0, -41.0, -322.0, -322.0, -41.0, 0, 0, 0
L -294.0, -336.0, -41.0, -307.0, -336.0, -41.0, 0, 0, 0
L -293.0, -335.0, -41.0, -294.0, -336.0, -41.0, 0, 0, 0
L -293.0, -308.0, -41.0, -293.0, -335.0, -41.0, 0, 0, 0
L -279.0, -308.0, -41.0, -293.0, -308.0, -41.0, 0, 0, 0
L -279.0, -280.0, -41.0, -279.0, -308.0, -41.0, 0, 0, 0
L -265.0, -280.0, -41.0, -279.0, -280.0, -41.0, 0, 0, 0
L -265.0, -224.0, -41.0, -265.0, -280.0, -41.0, 0, 0, 0
L -251.0, -224.0, -41.0, -265.0, -224.0, -41.0, 0, 0, 0
L -251.0, -196.0, -41.0, -251.0, -224.0, -41.0, 0, 0, 0
L -224.0, -196.0, -41.0, -251.0, -196.0, -41.0, 0, 0, 0
L -223.0, -196.0, -41.0, -224.0, -196.0, -41.0, 0, 0, 0
L -223.0, -182.0, -41.0, -223.0, -196.0, -41.0, 0, 0, 0
L -237.0, -167.0, -41.0, -223.0, -182.0, -41.0, 0, 0, 0
L -237.0, -154.0, -41.0, -237.0, -167.0, -41.0, 0, 0, 0
L -223.0, -140.0, -41.0, -237.0, -154.0, -41.0, 0, 0, 0
L -223.0, -97.0, -41.0, -223.0, -140.0, -41.0, 0, 0, 0
L -251.0, -97.0, -41.0, -223.0, -97.0, -41.0, 0, 0, 0
L -251.0, -28.0, -41.0, -251.0, -97.0, -41.0, 0, 0, 0
L -265.0, -13.0, -41.0, -251.0, -28.0, -41.0, 0, 0, 0
L -265.0, 0.0, -41.0, -265.0, -13.0, -41.0, 0, 0, 0
L -251.0, 14.0, -41.0, -265.0, 0.0, -41.0, 0, 0, 0
L -223.0, -0.0, -41.0, -238.0, 14.0, -41.0, 0, 0, 0
L -238.0, -27.0, -41.0, -223.0, -13.0, -41.0, 0, 0, 0
L -238.0, -82.0, -41.0, -238.0, -27.0, -41.0, 0, 0, 0
L -237.0, -84.0, -41.0, -238.0, -82.0, -41.0, 0, 0, 0
L -210.0, -84.0, -41.0, -237.0, -84.0, -41.0, 0, 0, 0
L -210.0, -139.0, -41.0, -210.0, -84.0, -41.0, 0, 0, 0
L -196.0, -154.0, -41.0, -210.0, -139.0, -41.0, 0, 0, 0
L -196.0, -167.0, -41.0, -196.0, -154.0, -41.0, 0, 0, 0
L -210.0, -181.0, -41.0, -196.0, -167.0, -41.0, 0, 0, 0
L -210.0, -193.0, -41.0, -210.0, -181.0, -41.0, 0, 0, 0
L -209.0, -196.0, -41.0, -210.0, -193.0, -41.0, 0, 0, 0
L -169.0, -196.0, -41.0, -209.0, -196.0, -41.0, 0, 0, 0
L -167.0, -195.0, -41.0, -169.0, -196.0, -41.0, 0, 0, 0
L -167.0, -168.0, -41.0, -167.0, -195.0, -41.0, 0, 0, 0
L -167.0, -211.0, -41.0, -167.0, -223.0, -41.0, 0, 0, 0
L -167.0, -209.0, -41.0, -167.0, -211.0, -41.0, 0, 0, 0
L -236.0, -209.0, -41.0, -167.0, -209.0, -41.0, 0, 0, 0
L -238.0, -209.0, -41.0, -236.0, -209.0, -41.0, 0, 0, 0
L -238.0, -237.0, -41.0, -238.0, -209.0, -41.0, 0, 0, 0
L -250.0, -237.0, -41.0, -238.0, -237.0, -41.0, 0, 0, 0
L -252.0, -237.0, -41.0, -250.0, -237.0, -41.0, 0, 0, 0
L -252.0, -306.0, -41.0, -252.0, -237.0, -41.0, 0, 0, 0
L -251.0, -308.0, -41.0, -252.0, -306.0, -41.0, 0, 0, 0
L -238.0, -308.0, -41.0, -251.0, -308.0, -41.0, 0, 0, 0
L -126.0, -375.0, -41.0, -126.0, -350.0, -41.0, 0, 0, 0
L -125.0, -378.0, -41.0, -126.0, -375.0, -41.0, 0, 0, 0
L -112.0, -392.0, -41.0, -125.0, -378.0, -41.0, 0, 0, 0
L -29.0, -392.0, -41.0, -112.0, -392.0, -41.0, 0, 0, 0
L -27.0, -391.0, -41.0, -29.0, -392.0, -41.0, 0, 0, 0
L -27.0, -336.0, -41.0, -27.0, -391.0, -41.0, 0, 0, 0
L -27.0, -335.0, -41.0, -27.0, -336.0, -41.0, 0, 0, 0
L -56.0, -335.0, -41.0, -55.0, -335.0, -41.0, 0, 0, 0
L -55.0, -335.0, -41.0, -27.0, -335.0, -41.0, 0, 0, 0
L -69.0, -335.0, -41.0, -55.0, -335.0, -41.0, 0, 0, 0
L -69.0, -293.0, -41.0, -69.0, -335.0, -41.0, 0, 0, 0
L -98.0, -293.0, -41.0, -69.0, -293.0, -41.0, 0, 0, 0
L -112.0, -307.0, -41.0, -98.0, -293.0, -41.0, 0, 0, 0
L -167.0, -266.0, -41.0, -167.0, -293.0, -41.0, 0, 0, 0
L -97.0, -280.0, -41.0, -112.0, -266.0, -41.0, 0, 0, 0
L -69.0, -280.0, -41.0, -97.0, -280.0, -41.0, 0, 0, 0
L -69.0, -266.0, -41.0, -69.0, -280.0, -41.0, 0, 0, 0
L -56.0, -266.0, -41.0, -69.0, -266.0, -41.0, 0, 0, 0
L -56.0, -320.0, -41.0, -56.0, -266.0, -41.0, 0, 0, 0
L -56.0, -322.0, -41.0, -56.0, -320.0, -41.0, 0, 0, 0
L 55.0, -322.0, -41.0, -56.0, -322.0, -41.0, 0, 0, 0
L 55.0, -419.0, -41.0, 55.0, -322.0, -41.0, 0, 0, 0
L 28.0, -419.0, -41.0, 55.0, -419.0, -41.0, 0, 0, 0
L 27.0, -420.0, -41.0, 28.0, -419.0, -41.0, 0, 0, 0
L 27.0, -432.0, -41.0, 27.0, -420.0, -41.0, 0, 0, 0
L 27.0, -434.0, -41.0, 27.0, -432.0, -41.0, 0, 0, 0
L 111.0, -434.0, -41.0, 27.0, -434.0, -41.0, 0, 0, 0
L 126.0, -420.0, -41.0, 111.0, -434.0, -41.0, 0, 0, 0
L 139.0, -420.0, -41.0, 126.0, -420.0, -41.0, 0, 0, 0
L 154.0, -406.0, -41.0, 139.0, -420.0, -41.0, 0, 0, 0
L 167.0, -406.0, -41.0, 154.0, -406.0, -41.0, 0, 0, 0
L 195.0, -434.0, -41.0, 167.0, -406.0, -41.0, 0, 0, 0
L 209.0, -434.0, -41.0, 195.0, -434.0, -41.0, 0, 0, 0
L 210.0, -433.0, -41.0, 209.0, -434.0, -41.0, 0, 0, 0
L 210.0, -420.0, -41.0, 210.0, -433.0, -41.0, 0, 0, 0
L 223.0, -420.0, -41.0, 210.0, -420.0, -41.0, 0, 0, 0
L 223.0, -431.0, -41.0, 223.0, -420.0, -41.0, 0, 0, 0
L 223.0, -434.0, -41.0, 223.0, -431.0, -41.0, 0, 0, 0
L 236.0, -434.0, -41.0, 223.0, -434.0, -41.0, 0, 0, 0
L 238.0, -433.0, -41.0, 236.0, -434.0, -41.0, 0, 0, 0
L 238.0, -420.0, -41.0, 238.0, -433.0, -41.0, 0, 0, 0
L 251.0, -420.0, -41.0, 238.0, -420.0, -41.0, 0, 0, 0
L 251.0, -434.0, -41.0, 251.0, -420.0, -41.0, 0, 0, 0
L 264.0, -434.0, -41.0, 251.0, -434.0, -41.0, 0, 0, 0
L 266.0, -433.0, -41.0, 264.0, -434.0, -41.0, 0, 0, 0
L 266.0, -393.0, -41.0, 266.0, -433.0, -41.0, 0, 0, 0
L 265.0, -391.0, -41.0, 266.0, -393.0, -41.0, 0, 0, 0
L 224.0, -391.0, -41.0, 265.0, -391.0, -41.0, 0, 0, 0
L 224.0, -322.0, -41.0, 224.0, -391.0, -41.0, 0, 0, 0
L 280.0, -322.0, -41.0, 224.0, -322.0, -41.0, 0, 0, 0
L 280.0, -252.0, -41.0, 280.0, -322.0, -41.0, 0, 0, 0
L 362.0, -252.0, -41.0, 280.0, -252.0, -41.0, 0, 0, 0
L 363.0, -252.0, -41.0, 362.0, -252.0, -41.0, 0, 0, 0
L 364.0, -197.0, -41.0, 363.0, -252.0, -41.0, 0, 0, 0
L 363.0, -195.0, -41.0, 364.0, -197.0, -41.0, 0, 0, 0
L 322.0, -195.0, -41.0, 363.0, -195.0, -41.0, 0, 0, 0
L 321.0, -196.0, -41.0, 322.0, -195.0, -41.0, 0, 0, 0
L 321.0, -223.0, -41.0, 321.0, -196.0, -41.0, 0, 0, 0
L 297.0, -223.0, -41.0, 321.0, -223.0, -41.0, 0, 0, 0
L -13.0, -335.0, -41.0, -14.0, -337.0, -41.0, 0, 0, 0
L 41.0, -335.0, -41.0, -13.0, -335.0, -41.0, 0, 0, 0
L 42.0, -336.0, -41.0, 41.0, -335.0, -41.0, 0, 0, 0
L 42.0, -406.0, -41.0, 42.0, -336.0, -41.0, 0, 0, 0
L 14.0, -406.0, -41.0, 42.0, -406.0, -41.0, 0, 0, 0
L 14.0, -447.0, -41.0, 14.0, -406.0, -41.0, 0, 0, 0
L 112.0, -447.0, -41.0, 14.0, -447.0, -41.0, 0, 0, 0
L 126.0, -461.0, -41.0, 112.0, -447.0, -41.0, 0, 0, 0
L 139.0, -461.0, -41.0, 126.0, -461.0, -41.0, 0, 0, 0
L 154.0, -475.0, -41.0, 139.0, -461.0, -41.0, 0, 0, 0
L 167.0, -475.0, -41.0, 154.0, -475.0, -41.0, 0, 0, 0
L 195.0, -447.0, -41.0, 167.0, -475.0, -41.0, 0, 0, 0
L 210.0, -447.0, -41.0, 195.0, -447.0, -41.0, 0, 0, 0
L 210.0, -448.0, -41.0, 210.0, -447.0, -41.0, 0, 0, 0
L 210.0, -461.0, -41.0, 210.0, -448.0, -41.0, 0, 0, 0
L 223.0, -461.0, -41.0, 210.0, -461.0, -41.0, 0, 0, 0
L 223.0, -449.0, -41.0, 223.0, -461.0, -41.0, 0, 0, 0
L 223.0, -447.0, -41.0, 223.0, -449.0, -41.0, 0, 0, 0
L 237.0, -447.0, -41.0, 223.0, -447.0, -41.0, 0, 0, 0
L 238.0, -447.0, -41.0, 237.0, -447.0, -41.0, 0, 0, 0
L 238.0, -461.0, -41.0, 238.0, -447.0, -41.0, 0, 0, 0
L 251.0, -461.0, -41.0, 238.0, -461.0, -41.0, 0, 0, 0
L 250.0, -448.0, -41.0, 251.0, -461.0, -41.0, 0, 0, 0
L 279.0, -447.0, -41.0, 250.0, -448.0, -41.0, 0, 0, 0
L 279.0, -378.0, -41.0, 279.0, -447.0, -41.0, 0, 0, 0
L 237.0, -378.0, -41.0, 279.0, -378.0, -41.0, 0, 0, 0
L 237.0, -337.0, -41.0, 237.0, -378.0, -41.0, 0, 0, 0
L 237.0, -335.0, -41.0, 237.0, -337.0, -41.0, 0, 0, 0
L 278.0, -335.0, -41.0, 237.0, -335.0, -41.0, 0, 0, 0
L 280.0, -335.0, -41.0, 278.0, -335.0, -41.0, 0, 0, 0
L 280.0, -363.0, -41.0, 280.0, -335.0, -41.0, 0, 0, 0
L 299.0, -363.0, -41.0, 280.0, -363.0, -41.0, 0, 0, 0
L 391.0, -433.0, -41.0, 377.0, -447.0, -41.0, 0, 0, 0
L 391.0, -419.0, -41.0, 391.0, -433.0, -41.0, 0, 0, 0
L 405.0, -419.0, -41.0, 391.0, -419.0, -41.0, 0, 0, 0
L 419.0, -433.0, -41.0, 405.0, -419.0, -41.0, 0, 0, 0
L 433.0, -433.0, -41.0, 419.0, -433.0, -41.0, 0, 0, 0
L 447.0, -419.0, -41.0, 433.0, -433.0, -41.0, 0, 0, 0
L 447.0, -405.0, -41.0, 447.0, -419.0, -41.0, 0, 0, 0
L 433.0, -392.0, -41.0, 447.0, -405.0, -41.0, 0, 0, 0
L 419.0, -392.0, -41.0, 433.0, -392.0, -41.0, 0, 0, 0
L 406.0, -406.0, -41.0, 419.0, -392.0, -41.0, 0, 0, 0
L 392.0, -406.0, -41.0, 406.0, -406.0, -41.0, 0, 0, 0
L 391.0, -405.0, -41.0, 392.0, -406.0, -41.0, 0, 0, 0
L 391.0, -391.0, -41.0, 391.0, -405.0, -41.0, 0, 0, 0
L 377.0, -377.0, -41.0, 391.0, -391.0, -41.0, 0, 0, 0
L 392.0, -363.0, -41.0, 377.0, -377.0, -41.0, 0, 0, 0
L 405.0, -377.0, -41.0, 392.0, -363.0, -41.0, 0, 0, 0
L 461.0, -377.0, -41.0, 405.0, -377.0, -41.0, 0, 0, 0
L 462.0, -377.0, -41.0, 461.0, -377.0, -41.0, 0, 0, 0
L 462.0, -391.0, -41.0, 462.0, -377.0, -41.0, 0, 0, 0
L 503.0, -391.0, -41.0, 462.0, -391.0, -41.0, 0, 0, 0
L 504.0, -391.0, -41.0, 503.0, -391.0, -41.0, 0, 0, 0
L 504.0, -405.0, -41.0, 504.0, -391.0, -41.0, 0, 0, 0
L 533.0, -406.0, -41.0, 504.0, -405.0, -41.0, 0, 0, 0
L 559.0, -419.0, -41.0, 533.0, -406.0, -41.0, 0, 0, 0
L 587.0, -419.0, -40.0, 559.0, -419.0, -41.0, 0, 0, 0
L 629.0, -391.0, -38.0, 587.0, -419.0, -40.0, 0, 0, 0
L 657.0, -363.0, -38.0, 629.0, -391.0, -38.0, 0, 0, 0
L 657.0, -350.0, -38.0, 657.0, -363.0, -38.0, 0, 0, 0
L 629.0, -321.0, -39.0, 657.0, -350.0, -38.0, 0, 0, 0
L 587.0, -294.0, -40.0, 629.0, -321.0, -39.0, 0, 0, 0
L 559.0, -294.0, -41.0, 587.0, -294.0, -40.0, 0, 0, 0
L 531.0, -308.0, -41.0, 559.0, -294.0, -41.0, 0, 0, 0
L 504.0, -308.0, -41.0, 531.0, -308.0, -41.0, 0, 0, 0
L 504.0, -322.0, -41.0, 504.0, -308.0, -41.0, 0, 0, 0
L 462.0, -322.0, -41.0, 504.0, -322.0, -41.0, 0, 0, 0
L 462.0, -336.0, -41.0, 462.0, -322.0, -41.0, 0, 0, 0
L 405.0, -336.0, -41.0, 462.0, -336.0, -41.0, 0, 0, 0
L 392.0, -350.0, -41.0, 405.0, -336.0, -41.0, 0, 0, 0
L 377.0, -335.0, -41.0, 392.0, -350.0, -41.0, 0, 0, 0
L 391.0, -321.0, -41.0, 377.0, -335.0, -41.0, 0, 0, 0
L 391.0, -308.0, -41.0, 391.0, -321.0, -41.0, 0, 0, 0
L 392.0, -307.0, -41.0, 391.0, -308.0, -41.0, 0, 0, 0
L 405.0, -307.0, -41.0, 392.0, -307.0, -41.0, 0, 0, 0
L 406.0, -307.0, -41.0, 405.0, -307.0, -41.0, 0, 0, 0
L 419.0, -321.0, -41.0, 406.0, -307.0, -41.0, 0, 0, 0
L 433.0, -321.0, -41.0, 419.0, -321.0, -41.0, 0, 0, 0
L 447.0, -307.0, -41.0, 433.0, -321.0, -41.0, 0, 0, 0
L 447.0, -294.0, -41.0, 447.0, -307.0, -41.0, 0, 0, 0
L 433.0, -280.0, -41.0, 447.0, -294.0, -41.0, 0, 0, 0
L 419.0, -280.0, -41.0, 433.0, -280.0, -41.0, 0, 0, 0
L 406.0, -293.0, -41.0, 419.0, -280.0, -41.0, 0, 0, 0
L 391.0, -293.0, -41.0, 406.0, -293.0, -41.0, 0, 0, 0
L 391.0, -280.0, -41.0, 391.0, -293.0, -41.0, 0, 0, 0
L 377.0, -266.0, -41.0, 391.0, -280.0, -41.0, 0, 0, 0
L 363.0, -266.0, -41.0, 377.0, -266.0, -41.0, 0, 0, 0
L 350.0, -280.0, -41.0, 363.0, -266.0, -41.0, 0, 0, 0
L 350.0, -294.0, -41.0, 350.0, -280.0, -41.0, 0, 0, 0
L 335.0, -294.0, -41.0, 350.0, -294.0, -41.0, 0, 0, 0
L 321.0, -280.0, -41.0, 335.0, -294.0, -41.0, 0, 0, 0
L 308.0, -280.0, -41.0, 321.0, -280.0, -41.0, 0, 0, 0
L 294.0, -294.0, -41.0, 308.0, -280.0, -41.0, 0, 0, 0
L 294.0, -307.0, -41.0, 294.0, -294.0, -41.0, 0, 0, 0
L 308.0, -321.0, -41.0, 294.0, -307.0, -41.0, 0, 0, 0
L 321.0, -321.0, -41.0, 308.0, -321.0, -41.0, 0, 0, 0
L 334.0, -307.0, -41.0, 321.0, -321.0, -41.0, 0, 0, 0
L 350.0, -307.0, -41.0, 334.0, -307.0, -41.0, 0, 0, 0
L 350.0, -321.0, -41.0, 350.0, -307.0, -41.0, 0, 0, 0
L 364.0, -335.0, -41.0, 350.0, -321.0, -41.0, 0, 0, 0
L 350.0, -350.0, -41.0, 364.0, -335.0, -41.0, 0, 0, 0
L 349.0, -322.0, -41.0, 350.0, -350.0, -41.0, 0, 0, 0
L 302.0, -350.0, -41.0, 349.0, -322.0, -41.0, 0, 0, 0
L 302.0, -352.0, -41.0, 302.0, -350.0, -41.0, 0, 0, 0
L 302.0, -363.0, -41.0, 302.0, -361.0, -41.0, 0, 0, 0
L 349.0, -391.0, -41.0, 302.0, -363.0, -41.0, 0, 0, 0
L 348.0, -363.0, -41.0, 349.0, -391.0, -41.0, 0, 0, 0
L 364.0, -377.0, -41.0, 348.0, -363.0, -41.0, 0, 0, 0
L 350.0, -391.0, -41.0, 364.0, -377.0, -41.0, 0, 0, 0
L 350.0, -406.0, -41.0, 350.0, -391.0, -41.0, 0, 0, 0
L 335.0, -406.0, -41.0, 350.0, -406.0, -41.0, 0, 0, 0
L 321.0, -392.0, -41.0, 335.0, -406.0, -41.0, 0, 0, 0
L 308.0, -392.0, -41.0, 321.0, -392.0, -41.0, 0, 0, 0
L 294.0, -405.0, -41.0, 308.0, -392.0, -41.0, 0, 0, 0
L 294.0, -419.0, -41.0, 294.0, -405.0, -41.0, 0, 0, 0
L 308.0, -433.0, -41.0, 294.0, -419.0, -41.0, 0, 0, 0
L 321.0, -433.0, -41.0, 308.0, -433.0, -41.0, 0, 0, 0
L 335.0, -420.0, -41.0, 321.0, -433.0, -41.0, 0, 0, 0
L 336.0, -419.0, -41.0, 335.0, -420.0, -41.0, 0, 0, 0
L 350.0, -419.0, -41.0, 336.0, -419.0, -41.0, 0, 0, 0
L 350.0, -433.0, -41.0, 350.0, -419.0, -41.0, 0, 0, 0
L 363.0, -447.0, -41.0, 350.0, -433.0, -41.0, 0, 0, 0
L 377.0, -447.0, -41.0, 363.0, -447.0, -41.0, 0, 0, 0
L -84.0, -686.0, -41.0, -84.0, -672.0, -41.0, 0, 0, 0
L -56.0, -686.0, -41.0, -82.0, -686.0, -41.0, 0, 0, 0
L -56.0, -714.0, -41.0, -56.0, -711.0, -41.0, 0, 0, 0
L -70.0, -699.0, -41.0, -82.0, -699.0, -41.0, 0, 0, 0
L -69.0, -699.0, -41.0, -70.0, -699.0, -41.0, 0, 0, 0
L -14.0, -727.0, -41.0, -70.0, -727.0, -41.0, 0, 0, 0
L -14.0, -658.0, -41.0, -14.0, -727.0, -41.0, 0, 0, 0
L -83.0, -658.0, -42.0, -69.0, -658.0, -41.8, 0, 0, 0
L -84.0, -657.0, -41.0, -83.0, -658.0, -42.0, 0, 0, 0
L -84.0, -630.0, -41.0, -84.0, -657.0, -41.0, 0, 0, 0
L -101.0, -630.0, -41.0, -99.0, -630.0, -41.0, 0, 0, 0
L -97.0, -643.0, -41.0, -99.0, -643.0, -41.0, 0, 0, 0
L -97.0, -699.0, -41.0, -97.0, -643.0, -41.0, 0, 0, 0
L -85.0, -699.0, -41.0, -97.0, -699.0, -41.0, 0, 0, 0
L -27.0, -671.0, -41.0, -41.2, -671.2, -41.0, 0, 0, 0
L -27.0, -713.0, -41.0, -27.0, -671.0, -41.0, 0, 0, 0
L -27.0, -714.0, -41.0, -27.0, -713.0, -41.0, 0, 0, 0
L -56.0, -714.0, -41.0, -27.0, -714.0, -41.0, 0, 0, 0
L -13.0, -224.0, -55.0, -14.0, -224.0, -55.0, 0, 0, 255
L 0.0, -265.0, -41.0, -13.0, -251.0, -41.0, 0, 0, 0
L 13.0, -265.0, -41.0, 0.0, -265.0, -41.0, 0, 0, 0
L 27.0, -251.0, -41.0, 13.0, -265.0, -41.0, 0, 0, 0
L 111.0, -265.0, -41.0, 125.0, -251.0, -41.0, 0, 0, 0
L 98.0, -265.0, -41.0, 111.0, -265.0, -41.0, 0, 0, 0
L 84.0, -251.0, -41.0, 98.0, -265.0, -41.0, 0, 0, 0
L 82.0, -181.0, -41.0, 76.0, -181.0, -41.0, 0, 0, 0
L 84.0, -181.0, -41.0, 82.0, -181.0, -41.0, 0, 0, 0
L 84.0, -181.0, -41.0, 84.0, -220.0, -41.0, 0, 0, 0
L 181.0, -223.0, -41.0, 181.0, -168.0, -41.0, 0, 0, 0
L 209.0, -224.0, -41.0, 181.0, -223.0, -41.0, 0, 0, 0
L 70.0, -112.0, -41.0, 70.0, -126.0, -41.0, 0, 0, 0
L 70.0, -112.0, -41.0, 125.0, -112.0, -41.0, 0, 0, 0
L 27.0, -167.0, -41.0, 27.0, -153.0, -41.0, 0, 0, 0
L 27.0, -168.0, -41.0, 27.0, -167.0, -41.0, 0, 0, 0
L 56.0, -168.0, -41.0, 27.0, -168.0, -41.0, 0, 0, 0
L 56.0, -167.0, -41.0, 56.0, -168.0, -41.0, 0, 0, 0
L 56.0, -153.0, -41.0, 56.0, -167.0, -41.0, 0, 0, 0
L 27.0, -153.0, -41.0, 56.0, -153.0, -41.0, 0, 0, 0
L 14.0, -195.0, -41.0, 0.0, -181.0, -41.0, 0, 0, 0
L 27.0, -195.0, -41.0, 14.0, -195.0, -41.0, 0, 0, 0
L 43.0, -181.0, -41.0, 27.0, -195.0, -41.0, 0, 0, 0
L 76.0, -181.0, -41.0, 75.0, -181.0, -41.0, 0, 0, 0
L 76.0, -181.0, -41.0, 43.0, -181.0, -41.0, 0, 0, 0
L 111.0, -195.0, -55.0, 111.0, -224.0, -55.0, 0, 0, 255
L 97.0, -224.0, -83.0, -13.0, -224.0, -83.0, 0, 0, 255
L 97.0, -237.0, -83.0, 97.0, -224.0, -83.0, 0, 0, 255
L -182.0, -378.0, -55.0, -196.0, -378.0, -55.0, 0, 0, 255
L -196.0, -363.0, -55.0, -182.0, -363.0, -55.0, 0, 0, 255
L -166.0, -545.0, -55.0, -168.0, -545.0, -55.0, 0, 0, 255
L -183.0, -532.0, -55.0, -182.0, -532.0, -55.0, 0, 0, 255
L -185.0, -545.0, -55.0, -181.0, -545.0, -55.0, 0, 0, 255
L -167.0, -532.0, -55.0, -166.0, -532.0, -55.0, 0, 0, 255
L -125.0, -531.0, -55.0, -167.0, -532.0, -55.0, 0, 0, 255
L -125.0, -518.0, -55.0, -125.0, -531.0, -55.0, 0, 0, 255
L -83.0, -518.0, -55.0, -125.0, -518.0, -55.0, 0, 0, 255
L -83.0, -503.0, -55.0, -83.0, -518.0, -55.0, 0, 0, 255
L -97.0, -503.0, -55.0, -83.0, -503.0, -55.0, 0, 0, 255
L -97.0, -476.0, -55.0, -97.0, -503.0, -55.0, 0, 0, 255
L -84.0, -489.0, -55.0, -84.0, -476.0, -55.0, 0, 0, 255
L -70.0, -490.0, -55.0, -84.0, -489.0, -55.0, 0, 0, 255
L -112.0, -545.0, -55.0, -112.0, -531.0, -55.0, 0, 0, 255
L -140.0, -545.0, -55.0, -112.0, -545.0, -55.0, 0, 0, 255
L -140.0, -559.0, -55.0, -140.0, -545.0, -55.0, 0, 0, 255
L -153.0, -545.0, -55.0, -153.0, -559.0, -55.0, 0, 0, 255
L -166.0, -545.0, -55.0, -153.0, -545.0, -55.0, 0, 0, 255
L -209.0, -560.0, -83.0, -209.0, -615.0, -83.0, 0, 0, 255
L -181.0, -560.0, -83.0, -209.0, -560.0, -83.0, 0, 0, 255
L -181.0, -518.0, -83.0, -181.0, -560.0, -83.0, 0, 0, 255
L -195.0, -504.0, -83.0, -181.0, -518.0, -83.0, 0, 0, 255
L -168.0, -517.0, -83.0, -154.0, -504.0, -83.0, 0, 0, 255
L -168.0, -573.0, -83.0, -168.0, -517.0, -83.0, 0, 0, 255
L -195.0, -573.0, -83.0, -168.0, -573.0, -83.0, 0, 0, 255
L -196.0, -615.0, -83.0, -195.0, -573.0, -83.0, 0, 0, 255
L -251.0, -602.0, -55.0, -210.0, -602.0, -55.0, 0, 0, 255
L -252.0, -601.0, -55.0, -251.0, -602.0, -55.0, 0, 0, 255
L -252.0, -545.0, -55.0, -252.0, -601.0, -55.0, 0, 0, 255
L -185.0, -545.0, -55.0, -252.0, -545.0, -55.0, 0, 0, 255
L -182.0, -532.0, -55.0, -181.0, -532.0, -55.0, 0, 0, 255
L -251.0, -532.0, -55.0, -183.0, -532.0, -55.0, 0, 0, 255
L -252.0, -531.0, -55.0, -251.0, -532.0, -55.0, 0, 0, 255
L -252.0, -518.0, -55.0, -252.0, -531.0, -55.0, 0, 0, 255
L -238.0, -503.0, -55.0, -252.0, -518.0, -55.0, 0, 0, 255
L -238.0, -489.0, -55.0, -238.0, -503.0, -55.0, 0, 0, 255
L -252.0, -475.0, -55.0, -238.0, -489.0, -55.0, 0, 0, 255
L -182.0, -419.0, -55.0, -252.0, -419.0, -55.0, 0, 0, 255
L -182.0, -391.0, -55.0, -182.0, -419.0, -55.0, 0, 0, 255
L -168.0, -391.0, -55.0, -182.0, -391.0, -55.0, 0, 0, 255
L -126.0, -307.0, -55.0, -182.0, -307.0, -55.0, 0, 0, 255
L -56.0, -237.0, -55.0, -126.0, -237.0, -55.0, 0, 0, 255
L -56.0, -195.0, -55.0, -56.0, -237.0, -55.0, 0, 0, 255
L -27.0, -195.0, -55.0, -56.0, -195.0, -55.0, 0, 0, 255
L -27.0, -237.0, -55.0, -27.0, -195.0, -55.0, 0, 0, 255
L -14.0, -167.0, -55.0, -14.0, -224.0, -55.0, 0, 0, 255
L 112.0, -139.0, -55.0, 13.0, -140.0, -55.0, 0, 0, 255
L 112.0, -154.0, -55.0, 112.0, -139.0, -55.0, 0, 0, 255
L 98.0, -168.0, -55.0, 112.0, -154.0, -55.0, 0, 0, 255
L 154.0, -279.0, -55.0, 154.0, -237.0, -55.0, 0, 0, 255
L 196.0, -279.0, -55.0, 167.0, -279.0, -55.0, 0, 0, 255
L 209.0, -266.0, -55.0, 209.0, -321.0, -55.0, 0, 0, 255
L 167.0, -168.0, -55.0, 167.0, -181.0, -55.0, 0, 0, 255
L 153.0, -154.0, -55.0, 167.0, -168.0, -55.0, 0, 0, 255
L 153.0, -139.0, -55.0, 153.0, -154.0, -55.0, 0, 0, 255
L 209.0, -139.0, -55.0, 153.0, -139.0, -55.0, 0, 0, 255
L 209.0, -111.0, -55.0, 209.0, -139.0, -55.0, 0, 0, 255
L 223.0, -97.0, -55.0, 209.0, -111.0, -55.0, 0, 0, 255
L 209.0, -84.0, -55.0, 223.0, -97.0, -55.0, 0, 0, 255
L 196.0, -84.0, -55.0, 209.0, -84.0, -55.0, 0, 0, 255
L 182.0, -97.0, -55.0, 196.0, -84.0, -55.0, 0, 0, 255
L 196.0, -111.0, -55.0, 182.0, -97.0, -55.0, 0, 0, 255
L 196.0, -125.0, -55.0, 196.0, -111.0, -55.0, 0, 0, 255
L 140.0, -126.0, -55.0, 196.0, -125.0, -55.0, 0, 0, 255
L 125.0, -126.0, -55.0, 125.0, -154.0, -55.0, 0, 0, 255
L 56.0, -126.0, -55.0, 125.0, -126.0, -55.0, 0, 0, 255
L 55.0, -126.0, -55.0, 56.0, -126.0, -55.0, 0, 0, 255
L 55.0, -84.0, -55.0, 55.0, -126.0, -55.0, 0, 0, 255
L 14.0, -84.0, -55.0, 55.0, -84.0, -55.0, 0, 0, 255
L 14.0, -125.0, -55.0, 14.0, -84.0, -55.0, 0, 0, 255
L 0.0, -126.0, -55.0, 14.0, -125.0, -55.0, 0, 0, 255
L 0.0, -139.0, -55.0, 0.0, -126.0, -55.0, 0, 0, 255
L -14.0, -154.0, -55.0, 0.0, -139.0, -55.0, 0, 0, 255
L -27.0, -154.0, -55.0, -14.0, -154.0, -55.0, 0, 0, 255
L -27.0, -182.0, -55.0, -27.0, -154.0, -55.0, 0, 0, 255
L -69.0, -182.0, -55.0, -27.0, -182.0, -55.0, 0, 0, 255
L -69.0, -222.0, -55.0, -69.0, -182.0, -55.0, 0, 0, 255
L -70.0, -224.0, -55.0, -69.0, -222.0, -55.0, 0, 0, 255
L -138.0, -224.0, -55.0, -70.0, -224.0, -55.0, 0, 0, 255
L -140.0, -224.0, -55.0, -138.0, -224.0, -55.0, 0, 0, 255
L -140.0, -168.0, -55.0, -140.0, -224.0, -55.0, 0, 0, 255
L -139.0, -167.0, -55.0, -140.0, -168.0, -55.0, 0, 0, 255
L -70.0, -167.0, -55.0, -139.0, -167.0, -55.0, 0, 0, 255
L -70.0, -111.0, -55.0, -70.0, -167.0, -55.0, 0, 0, 255
L -56.0, -111.0, -55.0, -70.0, -111.0, -55.0, 0, 0, 255
L -56.0, 13.0, -55.0, -56.0, -111.0, -55.0, 0, 0, 255
L -84.0, 13.0, -55.0, -56.0, 13.0, -55.0, 0, 0, 255
L -84.0, 97.0, -55.0, -84.0, 13.0, -55.0, 0, 0, 255
L -139.0, 167.0, -55.0, -126.0, 167.0, -55.0, 199, 21, 133
L -111.0, -854.0, -41.0, -97.0, -854.0, -41.0, 0, 0, 0
L -97.0, -854.0, -41.0, -97.0, -853.0, -41.0, 0, 0, 0
L -97.0, -853.0, -41.0, -97.0, -840.0, -41.0, 0, 0, 0
L -111.0, -854.0, -41.0, -111.0, -867.0, -41.0, 0, 0, 0
L -111.0, -867.0, -41.0, -98.0, -867.0, -41.0, 0, 0, 0
L -98.0, -867.0, -41.0, -97.0, -867.0, -41.0, 0, 0, 0
L -97.0, -867.0, -41.0, -97.0, -880.0, -41.0, 0, 0, 0
L -28.0, -867.0, -41.0, -13.0, -867.0, -41.0, 0, 0, 0
L -13.0, -867.0, -41.0, -13.0, -868.0, -41.0, 0, 0, 0
L -13.0, -868.0, -41.0, -13.0, -881.0, -41.0, 0, 0, 0
L -13.0, -881.0, -41.0, 0.0, -881.0, -41.0, 0, 0, 0
L 0.0, -881.0, -41.0, 0.0, -909.0, -41.0, 0, 0, 0
L 0.0, -909.0, -41.0, -13.0, -909.0, -41.0, 0, 0, 0
L -13.0, -909.0, -41.0, -13.0, -937.0, -41.0, 0, 0, 0
L -13.0, -937.0, -41.0, -28.0, -937.0, -41.0, 0, 0, 0
L -28.0, -937.0, -41.0, -28.0, -910.0, -41.0, 0, 0, 0
L -28.0, -910.0, -41.0, -56.0, -909.0, -41.0, 0, 0, 0
L -56.0, -909.0, -41.0, -56.0, -895.0, -41.0, 0, 0, 0
L -47.0, -886.0, -41.0, -28.0, -867.0, -41.0, 0, 0, 0
L -56.0, -895.0, -41.0, -47.0, -886.0, -41.0, 0, 0, 0
L 13.0, -868.0, -41.0, 0.0, -868.0, -41.0, 0, 0, 0
L 0.0, -868.0, -41.0, 0.0, -867.0, -41.0, 0, 0, 0
L 0.0, -867.0, -41.0, 0.0, -853.0, -41.0, 0, 0, 0
L 0.0, -853.0, -41.0, 42.0, -853.0, -41.0, 0, 0, 0
L 42.0, -853.0, -41.0, 42.0, -854.0, -41.0, 0, 0, 0
L 42.0, -854.0, -41.0, 42.0, -867.0, -41.0, 0, 0, 0
L 42.0, -867.0, -41.0, 28.0, -882.0, -41.0, 0, 0, 0
L 28.0, -882.0, -41.0, 13.0, -882.0, -41.0, 0, 0, 0
L 13.0, -882.0, -41.0, 13.0, -880.0, -41.0, 0, 0, 0
L 13.0, -880.0, -41.0, 13.0, -868.0, -41.0, 0, 0, 0
L -13.0, -840.0, -41.0, -13.0, -853.0, -41.0, 0, 0, 0
L -13.0, -853.0, -41.0, -14.0, -854.0, -41.0, 0, 0, 0
L -14.0, -854.0, -41.0, -28.0, -854.0, -41.0, 0, 0, 0
L -28.0, -854.0, -41.0, -56.0, -826.0, -41.0, 0, 0, 0
L -56.0, -826.0, -41.0, -56.0, -811.0, -41.0, 0, 0, 0
L -56.0, -811.0, -41.0, -28.0, -811.0, -41.0, 0, 0, 0
L -28.0, -811.0, -41.0, -28.0, -770.0, -41.0, 0, 0, 0
L -84.0, -770.0, -41.0, -112.0, -742.0, -41.0, 0, 0, 0
L -154.0, -755.0, -41.0, -126.0, -755.0, -41.0, 0, 0, 0
L -98.0, -783.0, -41.0, -41.0, -783.0, -41.0, 0, 0, 0
L -41.0, -783.0, -41.0, -41.0, -797.0, -41.0, 0, 0, 0
L -41.0, -797.0, -41.0, -41.0, -798.0, -41.0, 0, 0, 0
L -41.0, -798.0, -41.0, -69.0, -798.0, -41.0, 0, 0, 0
L -69.0, -798.0, -41.0, -69.0, -825.0, -41.0, 0, 0, 0
L -13.0, -840.0, -41.0, 0.0, -840.0, -41.0, 0, 0, 0
L 28.0, -840.0, -41.0, 30.0, -840.0, -41.0, 0, 0, 0
L 69.0, -840.0, -41.0, 70.0, -839.0, -41.0, 0, 0, 0
L 70.0, -839.0, -41.0, 70.0, -797.0, -41.0, 0, 0, 0
L 70.0, -797.0, -41.0, 56.0, -783.0, -41.0, 0, 0, 0
L 56.0, -783.0, -41.0, 55.0, -783.0, -41.0, 0, 0, 0
L 55.0, -783.0, -41.0, 41.0, -783.0, -41.0, 0, 0, 0
L 41.0, -783.0, -41.0, 41.0, -784.0, -41.0, 0, 0, 0
L 41.0, -784.0, -41.0, 41.0, -797.0, -41.0, 0, 0, 0
L 41.0, -797.0, -41.0, 27.0, -797.0, -41.0, 0, 0, 0
L 27.0, -797.0, -41.0, 27.0, -798.0, -41.0, 0, 0, 0
L 27.0, -798.0, -41.0, 27.0, -810.0, -41.0, 0, 0, 0
L 14.0, -811.0, -41.0, 14.0, -784.0, -41.0, 0, 0, 0
L 14.0, -784.0, -41.0, 28.0, -784.0, -41.0, 0, 0, 0
L 28.0, -784.0, -41.0, 28.0, -782.0, -41.0, 0, 0, 0
L 28.0, -782.0, -41.0, 28.0, -770.0, -41.0, 0, 0, 0
L 28.0, -770.0, -41.0, 55.0, -770.0, -41.0, 0, 0, 0
L 55.0, -770.0, -41.0, 57.0, -768.0, -41.0, 0, 0, 0
L 57.0, -768.0, -41.0, 70.0, -756.0, -41.0, 0, 0, 0
L 70.0, -756.0, -41.0, 83.0, -756.0, -41.0, 0, 0, 0
L 83.0, -756.0, -41.0, 97.0, -769.0, -41.0, 0, 0, 0
L 97.0, -769.0, -41.0, 98.0, -770.0, -41.0, 0, 0, 0
L 98.0, -770.0, -41.0, 111.0, -770.0, -41.0, 0, 0, 0
L 111.0, -770.0, -41.0, 112.0, -769.0, -41.0, 0, 0, 0
L 112.0, -769.0, -41.0, 112.0, -741.0, -41.0, 0, 0, 0
L 112.0, -741.0, -41.0, 111.0, -741.0, -41.0, 0, 0, 0
L 111.0, -741.0, -41.0, 98.0, -741.0, -41.0, 0, 0, 0
L 98.0, -741.0, -41.0, 98.0, -699.0, -41.0, 0, 0, 0
L 98.0, -699.0, -41.0, 97.0, -699.0, -41.0, 0, 0, 0
L 97.0, -699.0, -41.0, 83.0, -699.0, -41.0, 0, 0, 0
L 83.0, -699.0, -41.0, 55.0, -713.0, -41.0, 0, 0, 0
L 56.0, -658.0, -41.0, 83.0, -671.0, -41.0, 0, 0, 0
L 83.0, -671.0, -41.0, 86.0, -672.0, -41.0, 0, 0, 0
L 86.0, -672.0, -41.0, 97.0, -672.0, -41.0, 0, 0, 0
L 97.0, -672.0, -41.0, 97.0, -685.0, -41.0, 0, 0, 0
L 97.0, -685.0, -41.0, 98.0, -686.0, -41.0, 0, 0, 0
L 98.0, -686.0, -41.0, 111.0, -686.0, -41.0, 0, 0, 0
L 111.0, -686.0, -41.0, 111.0, -727.0, -41.0, 0, 0, 0
L 111.0, -727.0, -41.0, 112.0, -728.0, -41.0, 0, 0, 0
L 112.0, -728.0, -41.0, 125.0, -728.0, -41.0, 0, 0, 0
L 125.0, -728.0, -41.0, 125.0, -783.0, -41.0, 0, 0, 0
L 125.0, -783.0, -41.0, 98.0, -783.0, -41.0, 0, 0, 0
L 98.0, -783.0, -41.0, 97.0, -783.0, -41.0, 0, 0, 0
L 97.0, -783.0, -41.0, 83.0, -797.0, -41.0, 0, 0, 0
L 83.0, -797.0, -41.0, 83.0, -798.0, -41.0, 0, 0, 0
L 83.0, -798.0, -41.0, 83.0, -853.0, -41.0, 0, 0, 0
L 83.0, -853.0, -41.0, 55.0, -853.0, -41.0, 0, 0, 0
L 55.0, -853.0, -41.0, 55.0, -854.0, -41.0, 0, 0, 0
L 55.0, -854.0, -41.0, 55.0, -867.0, -41.0, 0, 0, 0
L 55.0, -867.0, -41.0, 56.0, -868.0, -41.0, 0, 0, 0
L 56.0, -868.0, -41.0, 69.0, -881.0, -41.0, 0, 0, 0
L 69.0, -881.0, -41.0, 69.0, -895.0, -41.0, 0, 0, 0
L 69.0, -895.0, -41.0, 55.0, -909.0, -41.0, 0, 0, 0
L 55.0, -909.0, -41.0, 55.0, -965.0, -41.0, 0, 0, 0
L 55.0, -965.0, -41.0, 56.0, -966.0, -41.0, 0, 0, 0
L 56.0, -966.0, -41.0, 69.0, -979.0, -41.0, 0, 0, 0
L 69.0, -979.0, -41.0, 69.0, -993.0, -41.0, 0, 0, 0
L 28.0, -993.0, -41.0, -27.0, -993.0, -41.0, 0, 0, 0
L -27.0, -993.0, -41.0, -27.0, -965.0, -41.0, 0, 0, 0
L -27.0, -965.0, -41.0, -70.0, -965.0, -41.0, 0, 0, 0
L -70.0, -965.0, -41.0, -70.0, -966.0, -41.0, 0, 0, 0
L -70.0, -966.0, -41.0, -70.0, -979.0, -41.0, 0, 0, 0
L -70.0, -979.0, -41.0, -111.0, -979.0, -41.0, 0, 0, 0
L -111.0, -979.0, -41.0, -111.0, -952.0, -41.0, 0, 0, 0
L -111.0, -952.0, -41.0, -112.0, -950.0, -41.0, 0, 0, 0
L -112.0, -950.0, -41.0, -125.0, -937.0, -41.0, 0, 0, 0
L -84.0, -937.0, -41.0, -98.0, -951.0, -41.0, 0, 0, 0
L -98.0, -951.0, -41.0, -98.0, -965.0, -41.0, 0, 0, 0
L -98.0, -965.0, -41.0, -97.0, -965.0, -41.0, 0, 0, 0
L -97.0, -965.0, -41.0, -83.0, -965.0, -41.0, 0, 0, 0
L -83.0, -965.0, -41.0, -83.0, -952.0, -41.0, 0, 0, 0
L -83.0, -952.0, -41.0, -41.0, -951.0, -41.0, 0, 0, 0
L -41.0, -951.0, -41.0, -41.0, -923.0, -41.0, 0, 0, 0
L -41.0, -923.0, -41.0, -42.0, -923.0, -41.0, 0, 0, 0
L -42.0, -923.0, -41.0, -69.0, -923.0, -41.0, 0, 0, 0
L -69.0, -923.0, -41.0, -69.0, -897.0, -41.0, 0, 0, 0
L 0.0, -951.0, -41.0, -14.0, -951.0, -41.0, 0, 0, 0
L -14.0, -951.0, -41.0, -14.0, -952.0, -41.0, 0, 0, 0
L -14.0, -952.0, -41.0, -14.0, -979.0, -41.0, 0, 0, 0
L -14.0, -979.0, -41.0, 28.0, -979.0, -41.0, 0, 0, 0
L 28.0, -979.0, -41.0, 42.0, -965.0, -41.0, 0, 0, 0
L 42.0, -965.0, -41.0, 42.0, -909.0, -41.0, 0, 0, 0
L 42.0, -909.0, -41.0, 28.0, -895.0, -41.0, 0, 0, 0
L 28.0, -895.0, -41.0, 14.0, -895.0, -41.0, 0, 0, 0
L 14.0, -895.0, -41.0, 13.0, -896.0, -41.0, 0, 0, 0
L 13.0, -896.0, -41.0, 13.0, -923.0, -41.0, 0, 0, 0
L 13.0, -923.0, -41.0, 0.0, -923.0, -41.0, 0, 0, 0
L 0.0, -923.0, -41.0, 0.0, -924.0, -41.0, 0, 0, 0
L 0.0, -924.0, -41.0, 0.0, -951.0, -41.0, 0, 0, 0
L 41.0, -812.0, -41.0, 41.0, -825.0, -41.0, 0, 0, 0
L 41.0, -825.0, -41.0, 28.0, -825.0, -41.0, 0, 0, 0
L 41.0, -812.0, -41.0, 28.0, -812.0, -41.0, 0, 0, 0
L 0.0, -839.0, -55.0, 27.0, -839.0, -55.0, 0, 0, 255
L 27.0, -839.0, -55.0, 27.0, -812.0, -55.0, 0, 0, 255
L 27.0, -812.0, -55.0, 13.0, -783.0, -55.0, 0, 0, 255
L 13.0, -783.0, -55.0, 13.0, -713.0, -55.0, 0, 0, 255
L 13.0, -713.0, -55.0, 55.0, -713.0, -55.0, 0, 0, 255
L 0.0, -658.0, -55.0, 0.0, -699.0, -55.0, 0, 0, 255
L 0.0, -699.0, -55.0, -83.0, -700.0, -55.0, 0, 0, 255
L -83.0, -700.0, -55.0, -98.0, -686.0, -55.0, 0, 0, 255
L -98.0, -686.0, -55.0, -126.0, -686.0, -55.0, 0, 0, 255
L -126.0, -686.0, -55.0, -140.0, -672.0, -55.0, 0, 0, 255
L -140.0, -672.0, -55.0, -140.0, -670.0, -55.0, 0, 0, 255
L -140.0, -670.0, -55.0, -140.0, -658.0, -55.0, 0, 0, 255
L -140.0, -658.0, -55.0, -153.0, -658.0, -55.0, 0, 0, 255
L -153.0, -658.0, -55.0, -153.0, -671.0, -55.0, 0, 0, 255
L -153.0, -671.0, -55.0, -167.0, -685.0, -55.0, 0, 0, 255
L -167.0, -685.0, -55.0, -167.0, -727.0, -55.0, 0, 0, 255
L -98.0, -727.0, -55.0, -84.0, -713.0, -55.0, 0, 0, 255
L -84.0, -713.0, -55.0, -83.0, -713.0, -55.0, 0, 0, 255
L -83.0, -713.0, -55.0, 0.0, -713.0, -55.0, 0, 0, 255
L 0.0, -713.0, -55.0, 0.0, -715.0, -55.0, 0, 0, 255
L 0.0, -715.0, -55.0, 0.0, -783.0, -55.0, 0, 0, 255
L 0.0, -783.0, -55.0, 0.0, -784.0, -55.0, 0, 0, 255
L 0.0, -784.0, -55.0, -70.0, -798.0, -55.0, 0, 0, 255
L -70.0, -798.0, -55.0, -83.0, -798.0, -55.0, 0, 0, 255
L -83.0, -798.0, -55.0, -83.0, -825.0, -55.0, 0, 0, 255
L -182.0, -770.0, -55.0, -182.0, -768.0, -55.0, 0, 0, 255
L -182.0, -768.0, -55.0, -182.0, -755.0, -55.0, 0, 0, 255
L -182.0, -755.0, -55.0, -154.0, -755.0, -55.0, 0, 0, 255
L -154.0, -742.0, -55.0, -195.0, -742.0, -55.0, 0, 0, 255
L -195.0, -742.0, -55.0, -196.0, -741.0, -55.0, 0, 0, 255
L -196.0, -741.0, -55.0, -196.0, -685.0, -55.0, 0, 0, 255
L -196.0, -685.0, -55.0, -195.0, -685.0, -55.0, 0, 0, 255
L -195.0, -685.0, -55.0, -182.0, -685.0, -55.0, 0, 0, 255
L -182.0, -685.0, -55.0, -182.0, -588.0, -55.0, 0, 0, 255
L -182.0, -588.0, -55.0, -195.0, -601.0, -55.0, 0, 0, 255
L -195.0, -616.0, -55.0, -195.0, -671.0, -55.0, 0, 0, 255
L -195.0, -671.0, -55.0, -195.0, -672.0, -55.0, 0, 0, 255
L -195.0, -672.0, -55.0, -209.0, -672.0, -55.0, 0, 0, 255
L -209.0, -672.0, -55.0, -209.0, -755.0, -55.0, 0, 0, 255
L -209.0, -755.0, -55.0, -195.0, -755.0, -55.0, 0, 0, 255
L -195.0, -755.0, -55.0, -195.0, -783.0, -55.0, 0, 0, 255
L -195.0, -783.0, -55.0, -139.0, -783.0, -55.0, 0, 0, 255
L -139.0, -783.0, -55.0, -139.0, -784.0, -55.0, 0, 0, 255
L -139.0, -784.0, -55.0, -139.0, -797.0, -55.0, 0, 0, 255
L -139.0, -797.0, -55.0, -125.0, -797.0, -55.0, 0, 0, 255
L -125.0, -797.0, -55.0, -125.0, -798.0, -55.0, 0, 0, 255
L -125.0, -798.0, -55.0, -125.0, -839.0, -55.0, 0, 0, 255
L -125.0, -839.0, -55.0, -69.0, -839.0, -55.0, 0, 0, 255
L -69.0, -839.0, -55.0, -55.0, -853.0, -55.0, 0, 0, 255
L -55.0, -853.0, -55.0, -55.0, -867.0, -55.0, 0, 0, 255
L -55.0, -867.0, -55.0, -69.0, -882.0, -55.0, 0, 0, 255
L -69.0, -882.0, -55.0, -126.0, -881.0, -55.0, 0, 0, 255
L -126.0, -881.0, -55.0, -126.0, -854.0, -55.0, 0, 0, 255
L -126.0, -854.0, -55.0, -166.0, -854.0, -55.0, 0, 0, 255
L -166.0, -854.0, -55.0, -175.1, -854.0, -55.0, 0, 0, 255
L -180.9, -867.0, -55.0, -175.1, -867.0, -55.0, 0, 0, 255
L -139.0, -867.0, -55.0, -139.0, -868.0, -55.0, 0, 0, 255
L -139.0, -868.0, -55.0, -139.0, -895.0, -55.0, 0, 0, 255
L -139.0, -895.0, -55.0, -111.0, -895.0, -55.0, 0, 0, 255
L -111.0, -895.0, -55.0, -111.0, -896.0, -55.0, 0, 0, 255
L -111.0, -896.0, -55.0, -111.0, -923.0, -55.0, 0, 0, 255
L -111.0, -923.0, -55.0, -98.0, -923.0, -55.0, 0, 0, 255
L -98.0, -923.0, -55.0, -98.0, -895.0, -55.0, 0, 0, 255
L -98.0, -895.0, -55.0, -97.0, -895.0, -55.0, 0, 0, 255
L -97.0, -895.0, -55.0, -70.0, -895.0, -55.0, 0, 0, 255
L -70.0, -895.0, -55.0, -42.0, -867.0, -55.0, 0, 0, 255
L -42.0, -867.0, -55.0, -42.0, -853.0, -55.0, 0, 0, 255
L -42.0, -853.0, -55.0, -70.0, -825.0, -55.0, 0, 0, 255
L -70.0, -825.0, -55.0, -70.0, -824.0, -55.0, 0, 0, 255
L -70.0, -824.0, -55.0, -70.0, -811.0, -55.0, 0, 0, 255
L -70.0, -811.0, -55.0, -69.0, -811.0, -55.0, 0, 0, 255
L -69.0, -811.0, -55.0, 0.0, -811.0, -55.0, 0, 0, 255
L 0.0, -811.0, -55.0, 0.0, -812.0, -55.0, 0, 0, 255
L 0.0, -812.0, -55.0, 0.0, -839.0, -55.0, 0, 0, 255
L 14.0, -811.0, -41.0, 27.0, -811.0, -41.0, 0, 0, 255
L 27.0, -810.0, -41.0, 28.0, -812.0, -41.0, 0, 0, 0
L 28.0, -812.0, -41.0, 28.0, -825.0, -41.0, 0, 0, 255
L 30.0, -840.0, -41.0, 69.0, -840.0, -41.0, 0, 0, 0
L 0.0, -840.0, -41.0, 30.0, -840.0, -41.0, 0, 0, 255
L -69.0, -825.0, -41.0, -41.0, -853.0, -41.0, 0, 0, 255
L -41.0, -853.0, -41.0, -56.0, -853.0, -41.0, 0, 0, 255
L -56.0, -853.0, -41.0, -69.0, -840.0, -41.0, 0, 0, 255
L -69.0, -840.0, -41.0, -96.0, -840.0, -41.0, 0, 0, 255
L -96.0, -840.0, -41.0, -97.0, -840.0, -41.0, 0, 0, 255
L -97.0, -880.0, -41.0, -71.0, -881.0, -41.0, 0, 0, 255
L -71.0, -881.0, -41.0, -56.0, -867.0, -41.0, 0, 0, 255
L -56.0, -867.0, -41.0, -41.0, -867.0, -41.0, 0, 0, 255
L -41.0, -867.0, -41.0, -69.0, -897.0, -41.0, 0, 0, 255
L -0.0, -658.0, -41.0, 14.0, -630.0, -41.0, 0, 0, 0
L 14.0, -630.0, -41.0, 14.0, -628.0, -41.0, 0, 0, 0
L 14.0, -628.0, -41.0, 14.0, -619.0, -41.0, 178, 102, 255
L 14.0, -602.0, -41.0, 28.0, -602.0, -41.0, 178, 102, 255
L 14.0, -617.0, -41.0, 14.0, -602.0, -41.0, 178, 102, 255
L 14.0, -617.0, -41.0, 27.0, -617.0, -41.0, 255, 255, 0
L 28.0, -532.0, -55.0, 98.0, -532.0, -55.0, 178, 102, 255
L 98.0, -532.0, -55.0, 98.0, -531.0, -55.0, 178, 102, 255
L 98.0, -531.0, -55.0, 98.0, -503.0, -55.0, 178, 102, 255
L 98.0, -503.0, -55.0, 84.0, -489.0, -55.0, 178, 102, 255
L 84.0, -489.0, -55.0, 42.0, -489.0, -55.0, 178, 102, 255
L 42.0, -489.0, -55.0, 42.0, -477.0, -55.0, 178, 102, 255
L 42.0, -392.0, -83.0, 83.0, -392.0, -83.0, 178, 102, 255
L 83.0, -392.0, -83.0, 83.0, -405.0, -83.0, 178, 102, 255
L 83.0, -405.0, -83.0, 84.0, -406.0, -83.0, 178, 102, 255
L 84.0, -406.0, -83.0, 140.0, -406.0, -83.0, 178, 102, 255
L 140.0, -406.0, -83.0, 140.0, -404.0, -83.0, 178, 102, 255
L 140.0, -404.0, -83.0, 140.0, -364.0, -83.0, 178, 102, 255
L 140.0, -364.0, -83.0, 181.0, -364.0, -83.0, 178, 102, 255
L 181.0, -364.0, -83.0, 196.0, -350.0, -83.0, 178, 102, 255
L 196.0, -350.0, -83.0, 209.0, -350.0, -83.0, 178, 102, 255
L 209.0, -350.0, -83.0, 223.0, -363.0, -83.0, 178, 102, 255
L 223.0, -363.0, -83.0, 223.0, -377.0, -83.0, 178, 102, 255
L 223.0, -377.0, -83.0, 209.0, -391.0, -83.0, 178, 102, 255
L 209.0, -391.0, -83.0, 196.0, -391.0, -83.0, 178, 102, 255
L 196.0, -391.0, -83.0, 182.0, -377.0, -83.0, 178, 102, 255
L 182.0, -377.0, -83.0, 154.0, -377.0, -83.0, 178, 102, 255
L 154.0, -377.0, -83.0, 153.0, -378.0, -83.0, 178, 102, 255
L 153.0, -378.0, -83.0, 153.0, -447.0, -83.0, 178, 102, 255
L 153.0, -447.0, -83.0, 154.0, -448.0, -83.0, 178, 102, 255
L 154.0, -448.0, -83.0, 209.0, -448.0, -83.0, 178, 102, 255
L 209.0, -448.0, -83.0, 209.0, -587.0, -83.0, 178, 102, 255
L 209.0, -587.0, -83.0, 223.0, -602.0, -83.0, 178, 102, 255
L 223.0, -602.0, -83.0, 223.0, -615.0, -83.0, 178, 102, 255
L 223.0, -615.0, -83.0, 209.0, -629.0, -83.0, 178, 102, 255
L 209.0, -629.0, -83.0, 196.0, -629.0, -83.0, 178, 102, 255
L 196.0, -629.0, -83.0, 182.0, -615.0, -83.0, 178, 102, 255
L 182.0, -615.0, -83.0, 167.0, -615.0, -83.0, 178, 102, 255
L 167.0, -615.0, -83.0, 167.0, -657.0, -83.0, 178, 102, 255
L 167.0, -657.0, -83.0, 97.0, -657.0, -83.0, 178, 102, 255
L 97.0, -657.0, -83.0, 97.0, -658.0, -83.0, 178, 102, 255
L 97.0, -658.0, -83.0, 97.0, -741.0, -83.0, 178, 102, 255
L 97.0, -741.0, -83.0, 98.0, -742.0, -83.0, 178, 102, 255
L 98.0, -742.0, -83.0, 111.0, -742.0, -83.0, 178, 102, 255
L 111.0, -742.0, -83.0, 126.0, -728.0, -83.0, 178, 102, 255
L 126.0, -728.0, -83.0, 139.0, -728.0, -83.0, 178, 102, 255
L 139.0, -728.0, -83.0, 153.0, -741.0, -83.0, 178, 102, 255
L 153.0, -741.0, -83.0, 153.0, -755.0, -83.0, 178, 102, 255
L 153.0, -755.0, -83.0, 139.0, -769.0, -83.0, 178, 102, 255
L 139.0, -769.0, -83.0, 126.0, -769.0, -83.0, 178, 102, 255
L 126.0, -769.0, -83.0, 112.0, -755.0, -83.0, 178, 102, 255
L 112.0, -755.0, -83.0, 111.0, -755.0, -83.0, 178, 102, 255
L 111.0, -755.0, -83.0, 70.0, -755.0, -83.0, 178, 102, 255
L 70.0, -755.0, -83.0, 69.0, -755.0, -83.0, 178, 102, 255
L 69.0, -755.0, -83.0, 69.0, -825.0, -83.0, 178, 102, 255
L 69.0, -825.0, -83.0, 83.0, -839.0, -83.0, 178, 102, 255
L 83.0, -839.0, -83.0, 83.0, -853.0, -83.0, 178, 102, 255
L 83.0, -853.0, -83.0, 69.0, -867.0, -83.0, 178, 102, 255
L 69.0, -867.0, -83.0, 56.0, -867.0, -83.0, 178, 102, 255
L 42.0, -839.0, -83.0, 56.0, -826.0, -83.0, 178, 102, 255
L 56.0, -826.0, -83.0, 56.0, -823.0, -83.0, 178, 102, 255
L 56.0, -823.0, -83.0, 56.0, -811.0, -83.0, 178, 102, 255
L 56.0, -811.0, -83.0, 55.0, -811.0, -83.0, 178, 102, 255
L 55.0, -811.0, -83.0, 0.0, -811.0, -83.0, 178, 102, 255
L 0.0, -811.0, -83.0, 0.0, -741.0, -83.0, 178, 102, 255
L 0.0, -741.0, -83.0, -83.0, -741.0, -83.0, 178, 102, 255
L -83.0, -741.0, -83.0, -98.0, -755.0, -83.0, 178, 102, 255
L -98.0, -755.0, -83.0, -111.0, -755.0, -83.0, 178, 102, 255
L -111.0, -755.0, -83.0, -125.0, -741.0, -83.0, 178, 102, 255
L -125.0, -741.0, -83.0, -125.0, -727.0, -83.0, 178, 102, 255
L -125.0, -727.0, -83.0, -111.0, -714.0, -83.0, 178, 102, 255
L -111.0, -714.0, -83.0, -98.0, -714.0, -83.0, 178, 102, 255
L -98.0, -714.0, -83.0, -84.0, -727.0, -83.0, 178, 102, 255
L -84.0, -727.0, -83.0, -83.0, -728.0, -83.0, 178, 102, 255
L -83.0, -728.0, -83.0, -69.0, -728.0, -83.0, 178, 102, 255
L -69.0, -728.0, -83.0, -69.0, -726.0, -83.0, 178, 102, 255
L -69.0, -713.0, -83.0, -83.0, -699.0, -83.0, 178, 102, 255
L -83.0, -699.0, -83.0, -83.0, -686.0, -83.0, 178, 102, 255
L -28.0, -686.0, -83.0, -28.0, -699.0, -83.0, 178, 102, 255
L -28.0, -699.0, -83.0, -42.0, -713.0, -83.0, 178, 102, 255
L -42.0, -713.0, -83.0, -42.0, -714.0, -83.0, 178, 102, 255
L -42.0, -714.0, -83.0, -42.0, -727.0, -83.0, 178, 102, 255
L -42.0, -727.0, -83.0, -40.0, -728.0, -83.0, 178, 102, 255
L -40.0, -728.0, -83.0, 0.0, -728.0, -83.0, 178, 102, 255
L 0.0, -728.0, -83.0, 0.0, -726.0, -83.0, 178, 102, 255
L 0.0, -726.0, -83.0, 0.0, -714.0, -83.0, 178, 102, 255
L 0.0, -714.0, -83.0, -13.0, -699.0, -83.0, 178, 102, 255
L -13.0, -699.0, -83.0, -13.0, -685.0, -83.0, 178, 102, 255
L -13.0, -685.0, -83.0, 0.0, -671.0, -83.0, 178, 102, 255
L 0.0, -671.0, -83.0, 0.0, -644.0, -83.0, 178, 102, 255
L 0.0, -644.0, -83.0, 28.0, -643.0, -83.0, 178, 102, 255
L 28.0, -643.0, -83.0, 42.0, -630.0, -83.0, 178, 102, 255
L 42.0, -630.0, -83.0, 55.0, -630.0, -83.0, 178, 102, 255
L 55.0, -630.0, -83.0, 69.0, -643.0, -83.0, 178, 102, 255
L 69.0, -643.0, -83.0, 72.0, -644.0, -83.0, 178, 102, 255
L 72.0, -644.0, -83.0, 154.0, -644.0, -83.0, 178, 102, 255
L 154.0, -644.0, -83.0, 154.0, -642.0, -83.0, 178, 102, 255
L 154.0, -642.0, -83.0, 154.0, -615.0, -83.0, 178, 102, 255
L 154.0, -615.0, -83.0, 152.0, -615.0, -83.0, 178, 102, 255
L 152.0, -615.0, -83.0, 139.0, -615.0, -83.0, 178, 102, 255
L 139.0, -615.0, -83.0, 139.0, -616.0, -83.0, 178, 102, 255
L 139.0, -616.0, -83.0, 139.0, -629.0, -83.0, 178, 102, 255
L 139.0, -629.0, -83.0, 98.0, -629.0, -83.0, 178, 102, 255
L 98.0, -629.0, -83.0, 98.0, -602.0, -83.0, 178, 102, 255
L 98.0, -602.0, -83.0, 84.0, -587.0, -83.0, 178, 102, 255
L 84.0, -587.0, -83.0, 84.0, -573.0, -83.0, 178, 102, 255
L 84.0, -573.0, -83.0, 98.0, -559.0, -83.0, 178, 102, 255
L 98.0, -559.0, -83.0, 98.0, -546.0, -83.0, 178, 102, 255
L 98.0, -546.0, -83.0, 111.0, -546.0, -83.0, 178, 102, 255
L 111.0, -546.0, -83.0, 111.0, -559.0, -83.0, 178, 102, 255
L 111.0, -559.0, -83.0, 125.0, -573.0, -83.0, 178, 102, 255
L 125.0, -573.0, -83.0, 125.0, -587.0, -83.0, 178, 102, 255
L 125.0, -587.0, -83.0, 111.0, -601.0, -83.0, 178, 102, 255
L 111.0, -601.0, -83.0, 111.0, -602.0, -83.0, 178, 102, 255
L 111.0, -602.0, -83.0, 111.0, -615.0, -83.0, 178, 102, 255
L 111.0, -615.0, -83.0, 112.0, -616.0, -83.0, 178, 102, 255
L 112.0, -616.0, -83.0, 126.0, -616.0, -83.0, 178, 102, 255
L 126.0, -616.0, -83.0, 126.0, -614.0, -83.0, 178, 102, 255
L 126.0, -614.0, -83.0, 126.0, -602.0, -83.0, 178, 102, 255
L 126.0, -602.0, -83.0, 182.0, -602.0, -83.0, 178, 102, 255
L 182.0, -602.0, -83.0, 196.0, -588.0, -83.0, 178, 102, 255
L 196.0, -588.0, -83.0, 196.0, -587.0, -83.0, 178, 102, 255
L 196.0, -587.0, -83.0, 196.0, -503.0, -83.0, 178, 102, 255
L 196.0, -503.0, -83.0, 194.0, -503.0, -83.0, 178, 102, 255
L 194.0, -503.0, -83.0, 181.0, -503.0, -83.0, 178, 102, 255
L 181.0, -503.0, -83.0, 180.0, -504.0, -83.0, 178, 102, 255
L 180.0, -504.0, -83.0, 167.0, -517.0, -83.0, 178, 102, 255
L 167.0, -517.0, -83.0, 167.0, -519.0, -83.0, 178, 102, 255
L 167.0, -519.0, -83.0, 167.0, -545.0, -83.0, 178, 102, 255
L 167.0, -545.0, -83.0, 154.0, -545.0, -83.0, 178, 102, 255
L 154.0, -545.0, -83.0, 154.0, -517.0, -83.0, 178, 102, 255
L 154.0, -517.0, -83.0, 140.0, -503.0, -83.0, 178, 102, 255
L 140.0, -503.0, -83.0, 140.0, -489.0, -83.0, 178, 102, 255
L 140.0, -489.0, -83.0, 154.0, -476.0, -83.0, 178, 102, 255
L 154.0, -476.0, -83.0, 167.0, -476.0, -83.0, 178, 102, 255
L 167.0, -476.0, -83.0, 181.0, -490.0, -83.0, 178, 102, 255
L 181.0, -490.0, -83.0, 182.0, -490.0, -83.0, 178, 102, 255
L 182.0, -490.0, -83.0, 195.0, -490.0, -83.0, 178, 102, 255
L 195.0, -490.0, -83.0, 196.0, -488.0, -83.0, 178, 102, 255
L 196.0, -488.0, -83.0, 196.0, -461.0, -83.0, 178, 102, 255
L 196.0, -461.0, -83.0, 194.0, -461.0, -83.0, 178, 102, 255
L 194.0, -461.0, -83.0, 140.0, -461.0, -83.0, 178, 102, 255
L 140.0, -461.0, -83.0, 140.0, -420.0, -83.0, 178, 102, 255
L 140.0, -420.0, -83.0, 139.0, -419.0, -83.0, 178, 102, 255
L 139.0, -419.0, -83.0, 70.0, -419.0, -83.0, 178, 102, 255
L 70.0, -419.0, -83.0, 70.0, -406.0, -83.0, 178, 102, 255
L 70.0, -406.0, -83.0, 69.0, -405.0, -83.0, 178, 102, 255
L 69.0, -405.0, -83.0, 55.0, -405.0, -83.0, 178, 102, 255
L 55.0, -405.0, -83.0, 55.0, -406.0, -83.0, 178, 102, 255
L 55.0, -406.0, -83.0, 55.0, -475.0, -55.0, 178, 102, 255
L 55.0, -475.0, -55.0, 56.0, -476.0, -55.0, 178, 102, 255
L 56.0, -476.0, -55.0, 83.0, -476.0, -55.0, 178, 102, 255
L 83.0, -476.0, -55.0, 98.0, -462.0, -55.0, 178, 102, 255
L 98.0, -462.0, -55.0, 111.0, -462.0, -55.0, 178, 102, 255
L 111.0, -462.0, -55.0, 125.0, -475.0, -55.0, 178, 102, 255
L 125.0, -475.0, -55.0, 125.0, -489.0, -55.0, 178, 102, 255
L 125.0, -489.0, -55.0, 111.0, -503.0, -55.0, 178, 102, 255
L 111.0, -503.0, -55.0, 111.0, -504.0, -55.0, 178, 102, 255
L 111.0, -504.0, -55.0, 111.0, -532.0, -55.0, 178, 102, 255
L 111.0, -532.0, -55.0, 113.0, -532.0, -55.0, 178, 102, 255
L 113.0, -532.0, -55.0, 152.0, -532.0, -55.0, 178, 102, 255
L 152.0, -545.0, -55.0, 104.0, -545.0, -55.0, 178, 102, 255
L 97.0, -545.0, -55.0, 96.0, -545.0, -55.0, 178, 102, 255
L 41.0, -545.0, -55.0, 41.0, -546.0, -55.0, 178, 102, 255
L 41.0, -546.0, -55.0, 41.0, -601.0, -41.0, 178, 102, 255
L 41.0, -601.0, -41.0, 41.0, -615.0, -41.0, 178, 102, 255
L 41.0, -615.0, -41.0, 28.0, -615.0, -41.0, 178, 102, 255
L 28.0, -615.0, -41.0, 27.0, -615.0, -41.0, 0, 0, 0
L 27.0, -615.0, -41.0, 27.0, -619.0, -41.0, 0, 0, 0
L 27.0, -629.0, -41.0, 28.0, -630.0, -41.0, 0, 0, 0
L 28.0, -630.0, -41.0, 56.0, -658.0, -41.0, 0, 0, 0
L 56.0, -742.0, -83.0, 84.0, -741.0, -83.0, 178, 102, 255
L 84.0, -741.0, -83.0, 84.0, -658.0, -83.0, 178, 102, 255
L 84.0, -658.0, -83.0, 82.0, -657.0, -83.0, 178, 102, 255
L 82.0, -657.0, -83.0, 69.0, -657.0, -83.0, 178, 102, 255
L 69.0, -657.0, -83.0, 55.0, -671.0, -83.0, 178, 102, 255
L 55.0, -671.0, -83.0, 42.0, -671.0, -83.0, 178, 102, 255
L 42.0, -671.0, -83.0, 28.0, -657.0, -83.0, 178, 102, 255
L 28.0, -657.0, -83.0, 27.0, -657.0, -83.0, 178, 102, 255
L 27.0, -657.0, -83.0, 14.0, -657.0, -83.0, 178, 102, 255
L 14.0, -657.0, -83.0, 13.0, -658.0, -83.0, 178, 102, 255
L 13.0, -658.0, -83.0, 13.0, -669.0, -83.0, 178, 102, 255
L 13.0, -669.0, -83.0, 13.0, -672.0, -83.0, 178, 102, 255
L 13.0, -672.0, -83.0, 27.0, -686.0, -83.0, 178, 102, 255
L 27.0, -686.0, -83.0, 27.0, -699.0, -83.0, 178, 102, 255
L 27.0, -699.0, -83.0, 14.0, -713.0, -83.0, 178, 102, 255
L 14.0, -713.0, -83.0, 13.0, -715.0, -83.0, 178, 102, 255
L 13.0, -715.0, -83.0, 13.0, -797.0, -83.0, 178, 102, 255
L 13.0, -797.0, -83.0, 56.0, -797.0, -83.0, 178, 102, 255
L 56.0, -797.0, -83.0, 56.0, -742.0, -83.0, 178, 102, 255
L -28.0, -686.0, -83.0, -56.0, -686.0, -83.0, 0, 0, 255
L -56.0, -686.0, -83.0, -56.0, -672.0, -83.0, 0, 0, 255
L -56.0, -672.0, -83.0, -68.0, -672.0, -83.0, 0, 0, 255
L -68.0, -672.0, -83.0, -68.0, -685.0, -83.0, 0, 0, 255
L -68.0, -685.0, -83.0, -83.0, -686.0, -83.0, 0, 0, 255
L -210.0, -615.0, -55.0, -265.0, -615.0, -55.0, 0, 0, 255
L -265.0, -615.0, -55.0, -265.0, -517.0, -55.0, 0, 0, 255
L -265.0, -517.0, -55.0, -279.0, -503.0, -55.0, 0, 0, 255
L -279.0, -503.0, -55.0, -279.0, -489.0, -55.0, 0, 0, 255
L -279.0, -489.0, -55.0, -293.0, -489.0, -55.0, 0, 0, 255
L -293.0, -489.0, -55.0, -293.0, -476.0, -55.0, 0, 0, 255
L -196.0, -391.0, -55.0, -209.0, -391.0, -55.0, 0, 0, 255
L -139.0, -237.0, -55.0, -153.0, -237.0, -55.0, 0, 0, 255
L -153.0, -154.0, -55.0, -83.0, -154.0, -55.0, 0, 0, 255
L -83.0, -154.0, -55.0, -83.0, -111.0, -55.0, 0, 0, 255
L -83.0, -111.0, -55.0, -125.0, -111.0, -55.0, 0, 0, 255
L -125.0, -111.0, -55.0, -125.0, -98.0, -55.0, 0, 0, 255
L -125.0, -98.0, -55.0, -69.0, -98.0, -55.0, 0, 0, 255
L -69.0, -98.0, -55.0, -69.0, 0.0, -55.0, 0, 0, 255
L -69.0, 0.0, -55.0, -126.0, 0.0, -55.0, 0, 0, 255
L -126.0, 0.0, -55.0, -126.0, -69.0, -55.0, 0, 0, 255
L -126.0, -69.0, -55.0, -140.0, -69.0, -55.0, 0, 0, 255
L -140.0, -69.0, -55.0, -140.0, -83.0, -55.0, 0, 0, 255
L -140.0, -83.0, -55.0, -153.0, -83.0, -55.0, 0, 0, 255
L -153.0, -83.0, -55.0, -153.0, -69.0, -55.0, 0, 0, 255
L -153.0, -69.0, -55.0, -181.0, -69.0, -55.0, 0, 0, 255
L -181.0, -69.0, -55.0, -181.0, -13.0, -55.0, 0, 0, 255
L -181.0, -13.0, -55.0, -182.0, -13.0, -55.0, 0, 0, 255
L -182.0, -13.0, -55.0, -223.0, -13.0, -55.0, 0, 0, 255
L -223.0, -13.0, -55.0, -223.0, 0.0, -55.0, 0, 0, 255
L -223.0, 0.0, -55.0, -168.0, 0.0, -55.0, 0, 0, 255
L -139.0, -56.0, -55.0, -139.0, -42.0, -55.0, 0, 0, 255
L -139.0, 13.0, -55.0, -97.0, 13.0, -55.0, 0, 0, 255
L -97.0, 13.0, -55.0, -97.0, 14.0, -55.0, 0, 0, 255
L -97.0, 14.0, -55.0, -97.0, 84.0, -55.0, 0, 0, 255
L -182.0, 84.0, -55.0, -182.0, 56.0, -55.0, 0, 0, 255
L -238.0, 14.0, -55.0, -251.0, 14.0, -55.0, 0, 0, 255
L -251.0, 14.0, -55.0, -251.0, 69.0, -55.0, 0, 0, 255
L -251.0, 69.0, -55.0, -195.0, 69.0, -55.0, 0, 0, 255
L -195.0, 69.0, -55.0, -195.0, 97.0, -55.0, 0, 0, 255
L -195.0, 97.0, -55.0, -153.0, 97.0, -55.0, 0, 0, 255
L -69.0, -755.0, -41.0, -70.0, -755.0, -41.0, 0, 0, 0
L -70.0, -755.0, -41.0, -83.0, -755.0, -41.0, 0, 0, 0
L -83.0, -755.0, -41.0, -83.0, -714.0, -41.0, 0, 0, 0
L 56.0, -867.0, -83.0, 42.0, -853.0, -83.0, 178, 102, 255
L 42.0, -853.0, -83.0, 42.0, -839.0, -83.0, 178, 102, 255
L -153.0, -125.0, -41.0, -140.0, -125.0, -41.0, 0, 0, 0
L -140.0, -125.0, -41.0, -125.0, -111.0, -41.0, 0, 0, 0
L -125.0, -98.0, -41.0, -140.0, -83.0, -41.0, 0, 0, 0
L -153.0, -83.0, -41.0, -167.0, -98.0, -41.0, 0, 0, 0
L -167.0, -98.0, -41.0, -167.0, -111.0, -41.0, 0, 0, 0
L -112.0, 84.0, -41.0, -126.0, 70.0, -41.0, 0, 0, 0
L -126.0, 70.0, -41.0, -139.0, 70.0, -41.0, 0, 0, 0
L -139.0, 70.0, -41.0, -153.0, 84.0, -41.0, 0, 0, 0
L -153.0, 84.0, -41.0, -153.0, 97.0, -41.0, 139, 69, 19
L -153.0, 97.0, -41.0, -139.0, 111.0, -41.0, 0, 0, 0
L -126.0, 111.0, -41.0, -112.0, 97.0, -41.0, 0, 0, 0
L -167.0, 41.0, -41.0, -167.0, 42.0, -41.0, 0, 0, 0
L -167.0, 42.0, -41.0, -167.0, 55.0, -41.0, 0, 0, 0
L -167.0, 55.0, -41.0, -126.0, 55.0, -41.0, 0, 0, 0
L -126.0, 55.0, -41.0, -126.0, 28.0, -41.0, 0, 0, 0
L -126.0, 28.0, -41.0, -153.0, 28.0, -41.0, 0, 0, 0
L -153.0, 28.0, -41.0, -154.0, 28.0, -41.0, 0, 0, 0
L -154.0, 28.0, -41.0, -154.0, 14.0, -41.0, 0, 0, 0
L -154.0, 14.0, -41.0, -167.0, 14.0, -41.0, 0, 0, 0
L -167.0, 14.0, -41.0, -167.0, 28.0, -41.0, 0, 0, 0
L -167.0, 28.0, -41.0, -168.0, 28.0, -41.0, 0, 0, 0
L -168.0, 28.0, -41.0, -195.0, 28.0, -41.0, 0, 0, 0
L 69.0, -237.0, -56.0, 69.0, -224.0, -56.0, 199, 21, 133
L 56.0, -237.0, -56.0, 69.0, -237.0, -56.0, 199, 21, 133
L 56.0, -224.0, -56.0, 56.0, -237.0, -56.0, 199, 21, 133
L 69.0, -224.0, -56.0, 56.0, -224.0, -56.0, 199, 21, 133
L -83.0, -684.0, -88.0, -95.0, -671.0, -88.0, 0, 0, 255
L -95.0, -671.0, -88.0, -96.0, -658.0, -88.0, 0, 0, 255
L -96.0, -658.0, -88.0, -83.0, -645.0, -88.0, 0, 0, 255
L -83.0, -645.0, -88.0, -28.0, -645.0, -88.0, 0, 0, 255
L -28.0, -645.0, -88.0, -15.0, -658.0, -88.0, 0, 0, 255
L -15.0, -658.0, -88.0, -15.0, -671.0, -88.0, 0, 0, 255
L -15.0, -671.0, -88.0, -28.0, -684.0, -88.0, 0, 0, 255
L 180.0, -348.0, -69.0, 169.0, -348.0, -69.0, 0, 0, 255
L 169.0, -348.0, -69.0, 169.0, -321.0, -69.0, 0, 0, 255
L 297.0, -210.0, -41.0, 297.0, -223.0, -41.0, 199, 21, 133
L 297.0, -223.0, -41.0, 291.0, -223.0, -41.0, 0, 0, 0
L 297.0, -210.0, -41.0, 291.0, -210.0, -41.0, 0, 0, 0
L 14.0, -619.0, -41.0, 14.0, -617.0, -41.0, 178, 102, 255
L 27.0, -619.0, -41.0, 27.0, -629.0, -41.0, 0, 0, 0
L 14.0, -619.0, -41.0, 27.0, -619.0, -41.0, 255, 255, 0
L -99.0, -643.0, -41.0, -101.0, -643.0, -41.0, 0, 0, 0
L -99.0, -630.0, -41.0, -84.0, -630.0, -41.0, 0, 0, 0
L -99.0, -643.0, -41.0, -99.0, -630.0, -41.0, 199, 21, 133
L -27.0, -658.0, -41.0, -14.0, -658.0, -41.0, 0, 0, 0
L -27.0, -671.0, -41.0, -27.0, -667.8, -41.0, 255, 255, 0
L -84.0, -657.0, -41.0, -27.0, -671.0, -41.0, 255, 255, 0
L -83.0, -686.0, -83.0, -83.0, -684.0, -88.0, 0, 0, 255
L -28.0, -686.0, -83.0, -28.0, -684.0, -88.0, 0, 0, 255
L 69.0, -993.0, -41.0, 55.0, -1007.0, -41.0, 0, 0, 0
L 41.0, -1007.0, -41.0, 28.0, -993.0, -41.0, 0, 0, 0
L 41.0, -1007.0, -41.0, 41.0, -1011.0, -41.0, 0, 0, 0
L 55.0, -1007.0, -41.0, 55.0, -1011.0, -41.0, 0, 0, 0
L 41.0, -1011.0, -41.0, 41.0, -1016.0, -41.0, 0, 0, 0
L 55.0, -1011.0, -41.0, 55.0, -1016.0, -41.0, 0, 0, 0
L 41.0, -1011.0, -41.0, 55.0, -1011.0, -41.0, 199, 21, 133
L -84.0, -699.0, -41.0, -85.0, -699.0, -41.0, 0, 0, 0
L -84.0, -686.0, -41.0, -84.0, -699.0, -41.0, 255, 255, 0
L -67.5, -461.0, -41.0, -27.0, -461.0, -41.0, 0, 0, 0
L -67.5, -447.1, -41.0, -28.0, -448.0, -41.0, 0, 0, 0
L -67.5, -461.0, -41.0, -67.5, -447.1, -41.0, 255, 255, 0
L 0.0, -517.0, -41.0, -13.0, -517.0, -41.0, 255, 255, 0
L 0.0, -513.5, -41.0, 0.0, -490.0, -41.0, 0, 0, 0
L -13.0, -513.5, -41.0, -13.0, -517.0, -41.0, 0, 0, 0
L 0.0, -513.5, -41.0, -13.0, -513.5, -41.0, 255, 255, 0
L -69.0, -699.0, -41.0, -69.0, -711.0, -41.0, 0, 0, 0
L -83.0, -714.0, -41.0, -69.0, -714.0, -41.0, 0, 0, 0
L -56.0, -714.0, -41.0, -69.0, -714.0, -41.0, 255, 255, 0
L -69.0, -711.0, -41.0, -69.0, -714.0, -41.0, 0, 0, 0
L -56.0, -711.0, -41.0, -56.0, -686.0, -41.0, 0, 0, 0
L -69.0, -711.0, -41.0, -56.0, -711.0, -41.0, 255, 255, 0
L -69.0, -755.0, -41.0, -69.0, -767.7, -41.0, 0, 0, 0
L -84.0, -770.0, -41.0, -69.0, -770.0, -41.0, 0, 0, 0
L -56.0, -742.0, -41.0, -56.0, -767.7, -41.0, 0, 0, 0
L -28.0, -770.0, -41.0, -56.0, -770.0, -41.0, 0, 0, 0
L -56.0, -770.0, -41.0, -69.0, -770.0, -41.0, 255, 255, 0
L -69.0, -767.7, -41.0, -69.0, -770.0, -41.0, 0, 0, 0
L -56.0, -767.7, -41.0, -56.0, -770.0, -41.0, 0, 0, 0
L -69.0, -767.7, -41.0, -56.0, -767.7, -41.0, 255, 255, 0
L -70.0, -727.0, -41.0, -70.0, -742.0, -41.0, 0, 0, 0
L -56.0, -742.0, -41.0, -70.0, -742.0, -41.0, 0, 0, 0
L -82.0, -686.0, -41.0, -84.0, -686.0, -41.0, 0, 0, 0
L -82.0, -699.0, -41.0, -84.0, -699.0, -41.0, 0, 0, 0
L -82.0, -686.0, -41.0, -82.0, -699.0, -41.0, 255, 255, 0
L -27.0, -664.5, -41.0, -27.0, -661.2, -41.0, 255, 255, 0
L -55.0, -658.0, -41.5, -41.0, -658.0, -41.2, 0, 0, 0
L -27.0, -664.5, -41.0, -55.0, -658.0, -41.5, 255, 255, 0
L -27.0, -661.2, -41.0, -27.0, -658.0, -41.0, 255, 255, 0
L -41.0, -658.0, -41.2, -27.0, -658.0, -41.0, 0, 0, 0
L -27.0, -661.2, -41.0, -41.0, -658.0, -41.2, 255, 255, 0
L -27.0, -667.8, -41.0, -27.0, -664.5, -41.0, 255, 255, 0
L -69.0, -658.0, -41.8, -55.0, -658.0, -41.5, 0, 0, 0
L -27.0, -667.8, -41.0, -69.0, -658.0, -41.8, 255, 255, 0
L -55.5, -671.5, -41.0, -69.8, -671.8, -41.0, 0, 0, 0
L -84.0, -664.0, -41.0, -84.0, -660.5, -41.0, 255, 255, 0
L -55.5, -671.5, -41.0, -84.0, -664.0, -41.0, 255, 255, 0
L -41.2, -671.2, -41.0, -55.5, -671.5, -41.0, 0, 0, 0
L -84.0, -660.5, -41.0, -84.0, -657.0, -41.0, 255, 255, 0
L -41.2, -671.2, -41.0, -84.0, -660.5, -41.0, 255, 255, 0
L -69.8, -671.8, -41.0, -84.0, -672.0, -41.0, 0, 0, 0
L -84.0, -667.5, -41.0, -84.0, -664.0, -41.0, 255, 255, 0
L -69.8, -671.8, -41.0, -84.0, -667.5, -41.0, 255, 255, 0
L -84.0, -672.0, -41.0, -84.0, -667.5, -41.0, 255, 255, 0
L 152.0, -538.5, -55.0, 152.0, -545.0, -55.0, 255, 255, 0
L 144.9, -535.2, -55.0, 144.9, -541.8, -55.0, 255, 255, 0
L 144.9, -541.8, -55.0, 152.0, -538.5, -55.0, 255, 255, 0
L 152.0, -538.5, -55.0, 144.9, -535.2, -55.0, 255, 255, 0
L 97.0, -545.0, -55.0, 104.0, -545.0, -55.0, 255, 255, 0
L 96.0, -545.0, -55.0, 41.0, -545.0, -55.0, 178, 102, 255
L 107.5, -538.5, -55.0, 100.5, -538.5, -55.0, 255, 255, 0
L 100.5, -538.5, -55.0, 104.0, -545.0, -55.0, 255, 255, 0
L 104.0, -545.0, -55.0, 107.5, -538.5, -55.0, 255, 255, 0
L -139.0, -56.0, -55.0, -168.0, -56.0, -55.0, 0, 0, 255
L -168.0, -56.0, -55.0, -168.0, -56.0, -41.0, 0, 0, 255
L -139.0, -56.0, -55.0, -139.0, -56.0, -41.0, 0, 0, 255
L -168.0, 0.0, -55.0, -168.0, -14.0, -55.0, 0, 0, 255
L -139.0, -42.0, -55.0, -139.0, 13.0, -55.0, 0, 0, 255
L -139.0, -42.0, -55.0, -139.0, -42.0, -41.0, 0, 0, 255
L -168.0, -14.0, -55.0, -168.0, -56.0, -55.0, 0, 0, 255
L -168.0, -14.0, -55.0, -168.0, -14.0, -41.0, 0, 0, 255
L -168.0, -14.0, -41.0, -168.0, -56.0, -41.0, 139, 69, 19
L -154.0, -42.0, -41.0, -154.0, -14.0, -41.0, 0, 0, 0
L -154.0, -14.0, -41.0, -168.0, -14.0, -41.0, 0, 0, 0
L -154.0, -42.0, -41.0, -139.0, -42.0, -41.0, 0, 0, 0
L -139.0, -42.0, -41.0, -139.0, -56.0, -41.0, 139, 69, 19
L -139.0, -56.0, -41.0, -168.0, -56.0, -41.0, 139, 69, 19
L -111.0, -923.0, -55.0, -111.0, -923.0, -41.0, 0, 0, 255
L -98.0, -923.0, -55.0, -98.0, -923.0, -41.0, 0, 0, 255
L -125.0, -937.0, -41.0, -125.0, -923.0, -41.0, 0, 0, 0
L -84.0, -937.0, -41.0, -84.0, -923.0, -41.0, 0, 0, 0
L -98.0, -923.0, -41.0, -111.0, -923.0, -41.0, 139, 69, 19
L -111.0, -923.0, -41.0, -125.0, -923.0, -41.0, 0, 0, 0
L -98.0, -923.0, -41.0, -84.0, -923.0, -41.0, 0, 0, 0
L -175.1, -867.0, -55.0, -139.0, -867.0, -55.0, 0, 0, 255
L -175.1, -854.0, -55.0, -180.9, -854.0, -55.0, 0, 0, 255
L -175.1, -867.0, -55.0, -175.1, -854.0, -55.0, 199, 21, 133
L -154.0, -504.0, -41.0, -195.0, -504.0, -41.0, 139, 69, 19
L -195.0, -504.0, -41.0, -195.0, -502.0, -41.0, 0, 0, 0
L -195.0, -502.0, -41.0, -195.0, -489.0, -41.0, 0, 0, 0
L -154.0, -504.0, -41.0, -154.0, -503.0, -41.0, 0, 0, 0
L -154.0, -503.0, -41.0, -154.0, -490.0, -41.0, 0, 0, 0
L -154.0, -504.0, -83.0, -195.0, -504.0, -83.0, 0, 0, 255
L -195.0, -504.0, -83.0, -195.0, -504.0, -41.0, 0, 0, 255
L -154.0, -504.0, -41.0, -154.0, -504.0, -83.0, 0, 0, 255
L -84.0, -476.0, -41.0, -97.0, -476.0, -41.0, 0, 0, 255
L -84.0, -476.0, -55.0, -97.0, -476.0, -55.0, 0, 0, 255
L -97.0, -476.0, -55.0, -97.0, -476.0, -41.0, 0, 0, 255
L -84.0, -476.0, -41.0, -84.0, -476.0, -55.0, 0, 0, 255
L -265.0, -406.0, -41.0, -224.0, -406.0, -41.0, 139, 69, 19
L -196.0, -391.0, -55.0, -196.0, -406.0, -55.0, 0, 0, 255
L -265.0, -406.0, -55.0, -224.0, -406.0, -55.0, 0, 0, 255
L -224.0, -406.0, -41.0, -238.0, -392.0, -41.0, 0, 0, 0
L -265.0, -406.0, -55.0, -265.0, -406.0, -41.0, 0, 0, 255
L -224.0, -406.0, -55.0, -196.0, -406.0, -55.0, 0, 0, 255
L -224.0, -406.0, -41.0, -224.0, -406.0, -55.0, 0, 0, 255
L -265.0, -448.0, -41.0, -265.0, -406.0, -41.0, 139, 69, 19
L -265.0, -448.0, -55.0, -265.0, -406.0, -55.0, 0, 0, 255
L -265.0, -448.0, -41.0, -265.0, -448.0, -55.0, 0, 0, 255
L -252.0, -475.0, -55.0, -252.0, -461.0, -55.0, 0, 0, 255
L -181.0, -461.0, -41.0, -181.0, -475.0, -41.0, 0, 0, 0
L -181.0, -461.0, -41.0, -252.0, -461.0, -41.0, 0, 0, 0
L -252.0, -448.0, -41.0, -252.0, -461.0, -41.0, 139, 69, 19
L -112.0, -448.0, -41.0, -252.0, -448.0, -41.0, 0, 0, 0
L -252.0, -448.0, -41.0, -265.0, -448.0, -41.0, 139, 69, 19
L -252.0, -461.0, -55.0, -252.0, -448.0, -55.0, 0, 0, 255
L -252.0, -461.0, -41.0, -252.0, -461.0, -55.0, 0, 0, 255
L -252.0, -448.0, -41.0, -252.0, -448.0, -55.0, 0, 0, 255
L -252.0, -448.0, -55.0, -252.0, -419.0, -55.0, 0, 0, 255
L -293.0, -476.0, -41.0, -265.0, -462.0, -41.0, 139, 69, 19
L -265.0, -462.0, -55.0, -293.0, -476.0, -55.0, 0, 0, 255
L -265.0, -462.0, -41.0, -265.0, -461.0, -41.0, 139, 69, 19
L -265.0, -448.0, -55.0, -265.0, -462.0, -55.0, 0, 0, 255
L -293.0, -476.0, -41.0, -349.0, -476.0, -41.0, 0, 0, 0
L -349.0, -448.0, -41.0, -349.0, -476.0, -41.0, 0, 0, 0
L -293.0, -476.0, -55.0, -293.0, -476.0, -41.0, 0, 0, 255
L -265.0, -462.0, -55.0, -265.0, -462.0, -41.0, 0, 0, 255
L -265.0, -461.0, -41.0, -265.0, -448.0, -41.0, 139, 69, 19
L -252.0, -461.0, -41.0, -265.0, -461.0, -41.0, 139, 69, 19
L -139.0, -237.0, -55.0, -139.0, -280.0, -55.0, 0, 0, 255
L -126.0, -237.0, -55.0, -126.0, -280.0, -55.0, 0, 0, 255
L -167.0, -266.0, -41.0, -139.0, -266.0, -41.0, 0, 0, 0
L -112.0, -266.0, -41.0, -126.0, -266.0, -41.0, 0, 0, 0
L -126.0, -266.0, -41.0, -126.0, -280.0, -41.0, 139, 69, 19
L -112.0, -307.0, -41.0, -126.0, -307.0, -41.0, 0, 0, 0
L -139.0, -280.0, -41.0, -139.0, -266.0, -41.0, 139, 69, 19
L -139.0, -280.0, -41.0, -126.0, -280.0, -41.0, 139, 69, 19
L -126.0, -293.0, -41.0, -139.0, -293.0, -41.0, 139, 69, 19
L -126.0, -293.0, -41.0, -126.0, -307.0, -41.0, 139, 69, 19
L -139.0, -280.0, -41.0, -139.0, -280.0, -55.0, 0, 0, 255
L -139.0, -280.0, -55.0, -139.0, -293.0, -55.0, 0, 0, 255
L -126.0, -280.0, -55.0, -126.0, -293.0, -55.0, 0, 0, 255
L -126.0, -280.0, -41.0, -126.0, -280.0, -55.0, 0, 0, 255
L -126.0, -293.0, -55.0, -126.0, -307.0, -55.0, 0, 0, 255
L -126.0, -293.0, -41.0, -126.0, -293.0, -55.0, 0, 0, 255
L -126.0, -307.0, -41.0, -126.0, -307.0, -55.0, 0, 0, 255
L -139.0, -293.0, -41.0, -167.0, -293.0, -41.0, 139, 69, 19
L -139.0, -293.0, -41.0, -139.0, -293.0, -55.0, 0, 0, 255
L -153.0, -237.0, -55.0, -153.0, -223.0, -55.0, 0, 0, 255
L -167.0, -168.0, -41.0, -153.0, -168.0, -41.0, 0, 0, 0
L -153.0, -223.0, -41.0, -153.0, -168.0, -41.0, 139, 69, 19
L -167.0, -223.0, -41.0, -153.0, -223.0, -41.0, 0, 0, 0
L -153.0, -168.0, -55.0, -153.0, -154.0, -55.0, 0, 0, 255
L -153.0, -168.0, -41.0, -153.0, -168.0, -55.0, 0, 0, 255
L -153.0, -223.0, -55.0, -153.0, -168.0, -55.0, 0, 0, 255
L -153.0, -223.0, -41.0, -153.0, -223.0, -55.0, 0, 0, 255
L -140.0, -83.0, -55.0, -140.0, -83.0, -41.0, 0, 0, 0
L -153.0, -83.0, -55.0, -153.0, -83.0, -41.0, 0, 0, 0
L -125.0, -111.0, -55.0, -125.0, -111.0, -41.0, 0, 0, 0
L -125.0, -98.0, -55.0, -125.0, -98.0, -41.0, 0, 0, 0
L -153.0, -83.0, -41.0, -140.0, -83.0, -41.0, 139, 69, 19
L -125.0, -98.0, -41.0, -125.0, -111.0, -41.0, 139, 69, 19
L -167.0, -111.0, -41.0, -153.0, -125.0, -41.0, 0, 0, 0
L -223.0, 0.0, -55.0, -223.0, -0.0, -41.0, 0, 0, 255
L -223.0, -13.0, -55.0, -223.0, -13.0, -41.0, 0, 0, 255
L -223.0, -13.0, -41.0, -223.0, -0.0, -41.0, 139, 69, 19
L -238.0, 14.0, -55.0, -238.0, 14.0, -41.0, 0, 0, 255
L -251.0, 14.0, -55.0, -251.0, 14.0, -41.0, 0, 0, 255
L -251.0, 14.0, -41.0, -238.0, 14.0, -41.0, 139, 69, 19
L -238.0, 14.0, -55.0, -238.0, 56.0, -55.0, 0, 0, 255
L -182.0, 56.0, -41.0, -195.0, 56.0, -41.0, 139, 69, 19
L -167.0, 41.0, -41.0, -182.0, 41.0, -41.0, 0, 0, 0
L -182.0, 41.0, -41.0, -182.0, 56.0, -41.0, 0, 0, 0
L -195.0, 28.0, -41.0, -195.0, 56.0, -41.0, 0, 0, 0
L -182.0, 56.0, -55.0, -195.0, 56.0, -55.0, 0, 0, 255
L -182.0, 56.0, -55.0, -182.0, 56.0, -41.0, 0, 0, 255
L -195.0, 56.0, -55.0, -238.0, 56.0, -55.0, 0, 0, 255
L -195.0, 56.0, -41.0, -195.0, 56.0, -55.0, 0, 0, 255
L -126.0, 97.0, -55.0, -112.0, 97.0, -55.0, 0, 0, 255
L -182.0, 84.0, -55.0, -153.0, 84.0, -55.0, 0, 0, 255
L -112.0, 97.0, -41.0, -112.0, 84.0, -41.0, 139, 69, 19
L -112.0, 97.0, -55.0, -84.0, 97.0, -55.0, 0, 0, 255
L -112.0, 97.0, -41.0, -112.0, 97.0, -55.0, 0, 0, 255
L -112.0, 84.0, -55.0, -97.0, 84.0, -55.0, 0, 0, 255
L -112.0, 84.0, -41.0, -112.0, 84.0, -55.0, 0, 0, 255
L -153.0, 97.0, -55.0, -139.0, 97.0, -55.0, 0, 0, 255
L -153.0, 97.0, -41.0, -153.0, 97.0, -55.0, 0, 0, 255
L -153.0, 84.0, -55.0, -112.0, 84.0, -55.0, 0, 0, 255
L -153.0, 84.0, -41.0, -153.0, 84.0, -55.0, 0, 0, 255
L -126.0, 167.0, -55.0, -126.0, 169.2, -55.0, 0, 0, 255
L -139.0, 167.0, -55.0, -139.0, 111.0, -55.0, 0, 0, 255
L -126.0, 97.0, -55.0, -126.0, 111.0, -55.0, 0, 0, 255
L -139.0, 167.0, -55.0, -139.0, 169.2, -55.0, 0, 0, 255
L -139.0, 111.0, -41.0, -126.0, 111.0, -41.0, 139, 69, 19
L -139.0, 111.0, -55.0, -139.0, 97.0, -55.0, 0, 0, 255
L -139.0, 111.0, -41.0, -139.0, 111.0, -55.0, 0, 0, 255
L -126.0, 111.0, -55.0, -126.0, 167.0, -55.0, 0, 0, 255
L -126.0, 111.0, -41.0, -126.0, 111.0, -55.0, 0, 0, 255
L -182.0, -378.0, -55.0, -182.0, -363.0, -55.0, 0, 0, 255
L -182.0, -350.0, -55.0, -182.0, -335.0, -55.0, 0, 0, 255
L -196.0, -378.0, -55.0, -196.0, -375.0, -55.0, 0, 0, 255
L -196.0, -375.0, -55.0, -196.0, -363.0, -55.0, 0, 0, 255
L -196.0, -322.0, -55.0, -196.0, -293.0, -55.0, 0, 0, 255
L -139.0, -293.0, -55.0, -196.0, -293.0, -55.0, 0, 0, 255
L -196.0, -350.0, -55.0, -196.0, -335.0, -55.0, 0, 0, 255
L -182.0, -350.0, -55.0, -196.0, -350.0, -55.0, 0, 0, 255
L -182.0, -335.0, -55.0, -196.0, -335.0, -55.0, 0, 0, 255
L -209.0, -322.0, -55.0, -196.0, -322.0, -55.0, 0, 0, 255
L -182.0, -322.0, -55.0, -168.0, -322.0, -55.0, 0, 0, 255
L -182.0, -307.0, -55.0, -182.0, -322.0, -55.0, 0, 0, 255
L -196.0, -350.0, -55.0, -196.0, -350.0, -41.0, 0, 0, 255
L -182.0, -350.0, -55.0, -182.0, -350.0, -41.0, 0, 0, 255
L -182.0, -363.0, -55.0, -182.0, -363.0, -41.0, 0, 0, 255
L -196.0, -363.0, -55.0, -196.0, -363.0, -41.0, 0, 0, 255
L -168.0, -322.0, -55.0, -168.0, -391.0, -55.0, 0, 0, 255
L -209.0, -322.0, -55.0, -209.0, -350.0, -55.0, 0, 0, 255
L -209.0, -363.0, -55.0, -209.0, -391.0, -55.0, 0, 0, 255
L -209.0, -363.0, -41.0, -209.0, -363.0, -55.0, 0, 0, 255
L -209.0, -363.0, -41.0, -209.0, -350.0, -41.0, 139, 69, 19
L -209.0, -350.0, -41.0, -196.0, -350.0, -41.0, 139, 69, 19
L -209.0, -350.0, -55.0, -209.0, -363.0, -55.0, 0, 0, 255
L -209.0, -350.0, -41.0, -209.0, -350.0, -55.0, 0, 0, 255
L -196.0, -350.0, -41.0, -182.0, -350.0, -41.0, 0, 0, 0
L -209.0, -363.0, -41.0, -251.0, -363.0, -41.0, 0, 0, 0
L -209.0, -350.0, -41.0, -238.0, -350.0, -41.0, 0, 0, 0
L -238.0, -308.0, -41.0, -238.0, -350.0, -41.0, 0, 0, 0
L -168.0, -350.0, -41.0, -168.0, -363.0, -41.0, 139, 69, 19
L -182.0, -363.0, -41.0, -168.0, -363.0, -41.0, 139, 69, 19
L -182.0, -350.0, -41.0, -168.0, -350.0, -41.0, 139, 69, 19
L -182.0, -363.0, -41.0, -182.0, -350.0, -41.0, 139, 69, 19
L -196.0, -363.0, -41.0, -196.0, -350.0, -41.0, 139, 69, 19
L -168.0, -363.0, -41.0, -139.0, -363.0, -41.0, 0, 0, 0
L -168.0, -350.0, -41.0, -126.0, -350.0, -41.0, 0, 0, 0
L -70.0, -531.0, -41.0, -70.0, -518.0, -41.0, 139, 69, 19
L -70.0, -490.0, -55.0, -70.0, -518.0, -55.0, 0, 0, 255
L -112.0, -531.0, -55.0, -83.0, -531.0, -55.0, 0, 0, 255
L -70.0, -531.0, -55.0, -70.0, -531.0, -41.0, 0, 0, 255
L -83.0, -531.0, -41.0, -70.0, -531.0, -41.0, 139, 69, 19
L -83.0, -545.0, -41.0, -83.0, -531.0, -41.0, 0, 0, 0
L -56.0, -518.0, -41.0, -70.0, -518.0, -41.0, 0, 0, 0
L -83.0, -531.0, -55.0, -70.0, -531.0, -55.0, 0, 0, 255
L -83.0, -531.0, -41.0, -83.0, -531.0, -55.0, 0, 0, 255
L -70.0, -518.0, -55.0, -70.0, -531.0, -55.0, 0, 0, 255
L -70.0, -518.0, -41.0, -70.0, -518.0, -55.0, 0, 0, 255
L -153.0, -559.0, -41.0, -140.0, -559.0, -41.0, 139, 69, 19
L -140.0, -559.0, -55.0, -153.0, -559.0, -55.0, 0, 0, 255
L -153.0, -559.0, -55.0, -153.0, -559.0, -41.0, 0, 0, 255
L -140.0, -559.0, -41.0, -140.0, -559.0, -55.0, 0, 0, 255
L 42.0, -392.0, -83.0, 42.0, -405.0, -83.0, 178, 102, 255
L 42.0, -405.0, -83.0, 42.0, -477.0, -55.0, 178, 102, 255
L 28.0, -532.0, -55.0, 28.0, -545.0, -55.0, 178, 102, 255
L 28.0, -602.0, -41.0, 28.0, -545.0, -55.0, 178, 102, 255
L 55.0, -658.0, -41.0, -0.0, -658.0, -41.0, 139, 69, 19
L 55.0, -713.0, -41.0, 55.0, -658.0, -41.0, 139, 69, 19
L 0.0, -658.0, -55.0, 55.0, -658.0, -55.0, 0, 0, 255
L 55.0, -713.0, -55.0, 55.0, -658.0, -55.0, 0, 0, 255
L 0.0, -658.0, -55.0, -0.0, -658.0, -41.0, 0, 0, 255
L 55.0, -658.0, -55.0, 55.0, -658.0, -41.0, 0, 0, 255
L 55.0, -713.0, -55.0, 55.0, -713.0, -41.0, 0, 0, 255
L -154.0, -755.0, -41.0, -154.0, -742.0, -41.0, 139, 69, 19
L -154.0, -755.0, -55.0, -154.0, -742.0, -55.0, 0, 0, 255
L -154.0, -742.0, -55.0, -154.0, -742.0, -41.0, 0, 0, 255
L -154.0, -755.0, -41.0, -154.0, -755.0, -55.0, 0, 0, 255
L -112.0, -742.0, -41.0, -140.0, -742.0, -41.0, 0, 0, 0
L -98.0, -727.0, -55.0, -140.0, -727.0, -55.0, 0, 0, 255
L -140.0, -742.0, -41.0, -140.0, -727.0, -41.0, 0, 0, 0
L -154.0, -742.0, -41.0, -154.0, -727.0, -41.0, 0, 0, 0
L -154.0, -727.0, -41.0, -140.0, -727.0, -41.0, 139, 69, 19
L -69.0, -726.0, -83.0, -69.0, -713.0, -83.0, 178, 102, 255
L -154.0, -727.0, -55.0, -167.0, -727.0, -55.0, 0, 0, 255
L -154.0, -727.0, -41.0, -154.0, -727.0, -55.0, 0, 0, 255
L -140.0, -727.0, -55.0, -154.0, -727.0, -55.0, 0, 0, 255
L -140.0, -727.0, -41.0, -140.0, -727.0, -55.0, 0, 0, 255
L -112.0, -770.0, -41.0, -139.9, -770.0, -41.0, 139, 69, 19
L -112.0, -770.0, -41.0, -112.0, -797.0, -41.0, 139, 69, 19
L -182.0, -770.0, -55.0, -139.9, -770.0, -55.0, 0, 0, 255
L -112.0, -770.0, -55.0, -112.0, -770.0, -41.0, 0, 0, 255
L -112.0, -797.0, -41.0, -98.0, -783.0, -41.0, 0, 0, 0
L -112.0, -797.0, -55.0, -112.0, -770.0, -55.0, 0, 0, 255
L -112.0, -797.0, -41.0, -112.0, -797.0, -55.0, 0, 0, 255
L -126.0, -755.0, -41.0, -139.9, -770.0, -41.0, 0, 0, 0
L -139.9, -770.0, -55.0, -112.0, -770.0, -55.0, 0, 0, 255
L -139.9, -770.0, -41.0, -139.9, -770.0, -55.0, 0, 0, 255
L -83.0, -825.0, -41.0, -112.0, -825.0, -41.0, 139, 69, 19
L -112.0, -825.0, -41.0, -112.0, -811.5, -41.0, 139, 69, 19
L -112.0, -797.0, -55.0, -112.0, -811.5, -55.0, 0, 0, 255
L -83.0, -825.0, -55.0, -112.0, -825.0, -55.0, 0, 0, 255
L -112.0, -811.5, -41.0, -83.0, -825.0, -41.0, 0, 0, 0
L -83.0, -825.0, -41.0, -83.0, -825.0, -55.0, 0, 0, 255
L -112.0, -825.0, -41.0, -112.0, -825.0, -55.0, 0, 0, 255
L -112.0, -811.5, -55.0, -112.0, -825.0, -55.0, 0, 0, 255
L -112.0, -811.5, -41.0, -112.0, -811.5, -55.0, 0, 0, 255
L -13.0, -237.0, -55.0, -13.0, -224.0, -55.0, 0, 0, 255
L -13.0, -224.0, -83.0, -13.0, -237.0, -83.0, 0, 0, 0
L -27.0, -237.0, -55.0, -13.0, -237.0, -55.0, 0, 0, 255
L -13.0, -237.0, -55.0, -13.0, -237.0, -83.0, 0, 0, 255
L -13.0, -224.0, -55.0, -13.0, -224.0, -83.0, 0, 0, 255
L -13.0, -237.0, -41.0, 27.0, -237.0, -41.0, 139, 69, 19
L -13.0, -251.0, -41.0, -13.0, -237.0, -41.0, 0, 0, 0
L 27.0, -251.0, -41.0, 27.0, -237.0, -41.0, 0, 0, 0
L 97.0, -237.0, -83.0, 27.0, -237.0, -83.0, 0, 0, 255
L -13.0, -237.0, -55.0, -13.0, -237.0, -41.0, 0, 0, 0
L 27.0, -237.0, -83.0, -13.0, -237.0, -83.0, 0, 0, 255
L 27.0, -237.0, -41.0, 27.0, -237.0, -83.0, 0, 0, 255
L 13.0, -167.0, -41.0, 0.0, -167.0, -41.0, 139, 69, 19
L 13.0, -140.0, -41.0, 13.0, -167.0, -41.0, 139, 69, 19
L 13.0, -140.0, -55.0, 13.0, -167.0, -55.0, 0, 0, 255
L -14.0, -167.0, -55.0, 0.0, -167.0, -55.0, 0, 0, 255
L 0.0, -181.0, -41.0, 0.0, -167.0, -41.0, 0, 0, 0
L 0.0, -167.0, -55.0, 13.0, -167.0, -55.0, 0, 0, 255
L 0.0, -167.0, -41.0, 0.0, -167.0, -55.0, 0, 0, 0
L 13.0, -167.0, -41.0, 13.0, -167.0, -55.0, 0, 0, 0
L 13.0, -140.0, -41.0, 13.0, -140.0, -55.0, 0, 0, 0
L 55.0, -126.0, -41.0, 55.0, -140.0, -41.0, 139, 69, 19
L 55.0, -126.0, -41.0, 70.0, -126.0, -41.0, 0, 0, 0
L 55.0, -126.0, -55.0, 55.0, -126.0, -41.0, 0, 0, 255
L 13.0, -140.0, -41.0, 55.0, -140.0, -41.0, 139, 69, 19
L 83.0, -139.0, -41.0, 69.0, -139.0, -41.0, 0, 0, 0
L 69.0, -168.0, -41.0, 69.0, -139.0, -41.0, 0, 0, 0
L 112.0, -125.0, -41.0, 83.0, -125.0, -41.0, 0, 0, 0
L 83.0, -139.0, -41.0, 83.0, -125.0, -41.0, 0, 0, 0
L 125.0, -154.0, -41.0, 112.0, -154.0, -41.0, 139, 69, 19
L 112.0, -125.0, -41.0, 112.0, -154.0, -41.0, 0, 0, 0
L 125.0, -154.0, -41.0, 125.0, -112.0, -41.0, 0, 0, 0
L 125.0, -154.0, -55.0, 125.0, -154.0, -41.0, 0, 0, 255
L 112.0, -154.0, -55.0, 112.0, -154.0, -41.0, 0, 0, 255
L 125.0, -154.0, -55.0, 140.0, -154.0, -55.0, 0, 0, 255
L 140.0, -126.0, -55.0, 140.0, -154.0, -55.0, 0, 0, 255
L 98.0, -168.0, -41.0, 167.0, -168.0, -41.0, 139, 69, 19
L 167.0, -168.0, -55.0, 167.0, -168.0, -41.0, 0, 0, 255
L 98.0, -168.0, -55.0, 98.0, -168.0, -41.0, 0, 0, 255
L 167.0, -168.0, -41.0, 181.0, -168.0, -41.0, 0, 0, 0
L 98.0, -168.0, -41.0, 69.0, -168.0, -41.0, 0, 0, 0
L 167.0, -266.0, -55.0, 196.0, -266.0, -55.0, 0, 0, 255
L 209.0, -224.0, -41.0, 209.0, -266.0, -41.0, 0, 0, 0
L 196.0, -307.0, -41.0, 196.0, -279.0, -41.0, 139, 69, 19
L 196.0, -307.0, -55.0, 196.0, -279.0, -55.0, 0, 0, 255
L 196.0, -266.0, -41.0, 209.0, -266.0, -41.0, 139, 69, 19
L 196.0, -307.0, -41.0, 184.0, -307.0, -41.0, 139, 69, 19
L 196.0, -307.0, -55.0, 196.0, -307.0, -41.0, 0, 0, 255
L 184.0, -307.0, -55.0, 196.0, -307.0, -55.0, 0, 0, 255
L 184.0, -307.0, -55.0, 184.0, -307.0, -41.0, 0, 0, 255
L 196.0, -279.0, -41.0, 196.0, -266.0, -41.0, 139, 69, 19
L 196.0, -279.0, -55.0, 196.0, -279.0, -41.0, 0, 0, 255
L 196.0, -266.0, -55.0, 209.0, -266.0, -55.0, 0, 0, 255
L 196.0, -266.0, -41.0, 196.0, -266.0, -55.0, 0, 0, 255
L 209.0, -266.0, -41.0, 209.0, -266.0, -55.0, 0, 0, 255
L 111.0, -195.0, -55.0, 154.0, -195.0, -55.0, 0, 0, 255
L 111.0, -224.0, -55.0, 154.0, -224.0, -55.0, 0, 0, 255
L 154.0, -224.0, -55.0, 154.0, -195.0, -55.0, 0, 0, 255
L 98.0, -220.0, -41.0, 84.0, -220.0, -41.0, 139, 69, 19
L 98.0, -168.0, -55.0, 98.0, -181.0, -55.0, 0, 0, 255
L 98.0, -220.0, -41.0, 98.0, -181.0, -41.0, 139, 69, 19
L 98.0, -181.0, -41.0, 167.0, -181.0, -41.0, 139, 69, 19
L 98.0, -181.0, -41.0, 98.0, -181.0, -55.0, 0, 0, 255
L 98.0, -181.0, -55.0, 98.0, -220.0, -55.0, 0, 0, 255
L 98.0, -220.0, -41.0, 98.0, -220.0, -55.0, 0, 0, 255
L 154.0, -237.0, -55.0, 125.0, -237.0, -55.0, 0, 0, 255
L 125.0, -251.0, -41.0, 125.0, -237.0, -41.0, 0, 0, 0
L 84.0, -251.0, -41.0, 84.0, -237.0, -41.0, 0, 0, 0
L 125.0, -237.0, -41.0, 84.0, -237.0, -41.0, 139, 69, 19
L 125.0, -237.0, -41.0, 125.0, -237.0, -55.0, 0, 0, 255
L 167.0, -279.0, -55.0, 154.0, -279.0, -55.0, 0, 0, 255
L 167.0, -266.0, -55.0, 167.0, -266.0, -41.0, 0, 0, 255
L 167.0, -266.0, -41.0, 167.0, -181.0, -41.0, 139, 69, 19
L 167.0, -181.0, -55.0, 167.0, -266.0, -55.0, 0, 0, 255
L 167.0, -181.0, -41.0, 167.0, -181.0, -55.0, 0, 0, 255
L 167.0, -266.0, -41.0, 167.0, -279.0, -41.0, 139, 69, 19
L 167.0, -279.0, -55.0, 167.0, -279.0, -41.0, 0, 0, 255
L 167.0, -279.0, -41.0, 184.0, -307.0, -41.0, 0, 0, 0
L 97.0, -237.0, -83.0, 97.0, -237.0, -55.0, 0, 0, 255
L 125.0, -237.0, -55.0, 97.0, -237.0, -55.0, 0, 0, 255
L 97.0, -224.0, -83.0, 97.0, -224.0, -55.0, 0, 0, 255
L 97.0, -237.0, -55.0, 97.0, -224.0, -55.0, 0, 0, 255
L 97.0, -224.0, -55.0, 98.0, -220.0, -55.0, 0, 0, 255
L 180.0, -348.0, -69.0, 180.0, -321.0, -69.0, 0, 0, 255
L 209.0, -321.0, -55.0, 180.0, -321.0, -55.0, 0, 0, 255
L 184.0, -307.0, -55.0, 180.0, -307.0, -55.0, 0, 0, 255
L 180.0, -321.0, -55.0, 180.0, -307.0, -55.0, 0, 0, 255
L 180.0, -321.0, -55.0, 180.0, -321.0, -69.0, 0, 0, 255
L 180.0, -307.0, -69.0, 169.0, -307.0, -69.0, 0, 0, 255
L 180.0, -321.0, -69.0, 180.0, -307.0, -69.0, 0, 0, 255
L 180.0, -307.0, -69.0, 180.0, -307.0, -55.0, 0, 0, 255
L 169.0, -307.0, -69.0, 169.0, -307.0, -55.0, 0, 0, 255
L 180.0, -307.0, -55.0, 169.0, -307.0, -55.0, 0, 0, 255
L 180.0, -321.0, -55.0, 169.0, -321.0, -55.0, 0, 0, 255
L 169.0, -307.0, -55.0, 169.0, -321.0, -55.0, 0, 0, 255
L 169.0, -321.0, -69.0, 169.0, -307.0, -69.0, 0, 0, 255
L 169.0, -321.0, -55.0, 169.0, -321.0, -69.0, 0, 0, 255
L -169.0, -854.7, -70.0, -194.9, -854.7, -70.0, 0, 0, 0
L -194.9, -854.7, -70.0, -194.9, -882.7, -70.0, 0, 0, 0
L -183.0, -894.6, -70.0, -183.0, -866.6, -70.0, 0, 0, 0
L -169.0, -866.6, -70.0, -183.0, -866.6, -70.0, 0, 0, 0
L -183.0, -894.6, -70.0, -222.9, -894.6, -70.0, 0, 0, 0
L -194.9, -882.7, -70.0, -222.9, -882.7, -70.0, 0, 0, 0
L -222.9, -894.6, -70.0, -222.9, -882.7, -70.0, 0, 0, 0
L -222.9, -882.7, -49.8, -210.9, -882.7, -49.8, 0, 0, 255
L -210.9, -882.7, -49.8, -210.9, -894.6, -49.8, 0, 0, 255
L -210.9, -894.6, -49.8, -222.9, -894.6, -49.8, 0, 0, 255
L -222.9, -894.6, -49.8, -222.9, -882.7, -49.8, 0, 0, 255
L -169.0, -854.7, -70.0, -169.0, -866.6, -70.0, 0, 0, 0
L -180.9, -867.0, -45.2, -180.9, -854.0, -45.2, 0, 0, 255
L -151.0, 169.5, -84.0, -127.5, 169.5, -84.0, 0, 0, 127
L -127.5, 169.5, -84.0, -127.5, 180.4, -84.0, 0, 0, 127
L 43.5, -1009.2, -70.0, 54.4, -1009.2, -70.0, 178, 102, 255
L 54.4, -1009.2, -70.0, 54.4, -1062.0, -69.9, 178, 102, 255
L 43.5, -1062.0, -69.9, 43.5, -1009.2, -70.0, 178, 102, 255
L 54.4, -1062.0, -69.9, 43.5, -1062.0, -70.0, 178, 102, 255
L 559.1, -364.6, -42.0, 559.1, -348.7, -42.0, 255, 0, 0
L 559.1, -348.7, -42.0, 572.6, -335.2, -42.0, 255, 0, 0
L 572.6, -335.2, -42.0, 588.6, -335.1, -40.0, 255, 0, 0
L 588.6, -335.1, -40.0, 602.6, -349.8, -39.0, 255, 0, 0
L 602.6, -349.8, -39.0, 602.9, -364.3, -39.0, 255, 0, 0
L 602.9, -364.3, -39.0, 588.6, -378.7, -40.0, 255, 0, 0
L 588.6, -378.7, -40.0, 574.3, -378.6, -41.0, 255, 0, 0
L 574.3, -378.6, -41.0, 559.1, -364.6, -42.0, 255, 0, 0
