P 63.3827, -229.5026, -56.8217, 255, 0, 0, 3, to_South_Qeynos_(Bank_Bridge)
P 304.1818, -214.9781, -38.2177, 255, 0, 0, 3, to_South_Qeynos_(Arena_Area)
P 43.5429, -1061.9878, -69.9657, 255, 0, 0, 3, to_North_Qeynos_(NE_Pool)
P -222.8665, -882.6960, -49.7613, 255, 0, 0, 3, to_North_Qeynos_(Crow`s_Bar)
P -96.7671, -638.0029, -38.2119, 255, 0, 0, 3, to_North_Qeynos_(Rogue`s_Guild)
P -130.9489, 144.5201, -52.2153, 255, 0, 0, 3, to_South_Qeynos_(Docks)
P 175.0000, -343.0000, -55.3509, 255, 0, 0, 3, to_North_Qeynos_(East)
P -80.0000, -860.0000, -41.9657, 240, 0, 0, 2, Succor
P -57.8031, -661.4809, -97.7063, 0, 0, 240, 1, GS:_Rod
P -135.8108, -894.0804, -40.4327, 240, 240, 240, 2, Clumpy_the_Rat_Slayer
P -106.7978, -978.0189, -40.4289, 240, 240, 240, 2, Go_Back
P -65.0120, -922.0502, -40.4234, 240, 240, 240, 2, Danger
P -75.9986, -827.2316, -40.4129, 240, 240, 240, 2, Shark
P -127.0824, -743.2925, -40.4101, 240, 240, 240, 2, The_Irontoe_Brigade_Rules_Norrath
P -200.0000, -275.0000, 0.0000, 255, 255, 255, 2, Sewer_Sentinels
P 30.0000, -100.0000, 0.0000, 255, 255, 255, 2, Frogloks
P -345.0000, -465.0000, 0.0000, 255, 255, 255, 2, Mercenaries
P 220.0000, -445.0000, 0.0000, 255, 255, 255, 2, Spectres
P 320.0000, -355.0000, 0.0000, 255, 255, 255, 2, Bertoxxulous_Shrine
P -330.0000, -340.0000, 0.0000, 255, 255, 255, 2, Zombies
P -65.0000, -660.0000, 0.0000, 255, 255, 255, 2, Sharks
P -199.7186, -455.0577, -41.9667, 240, 240, 240, 2, Spawn_Hall
P 60.7393, -847.2913, -83.7063, 240, 240, 240, 2, Smugglers
P 131.3857, -748.4019, -83.7063, 240, 240, 240, 2, Smugglers
P 160.9218, -496.4900, -83.7063, 240, 240, 240, 2, Thugs
P 202.7370, -372.4357, -83.7063, 240, 240, 240, 2, Smugglers
P -21.2865, -665.3105, -41.7063, 240, 240, 0, 2, TRAP:_Fake_Floor
P -63.9995, -714.4290, -41.7063, 240, 240, 0, 2, Fake_Wall
P -82.7132, -693.4395, -41.7063, 240, 240, 0, 2, Fake_Wall
P -91.3771, -664.2469, -41.7063, 240, 240, 0, 2, TRAP:_Fake_Floor
P -62.4496, -767.8249, -41.7063, 240, 240, 0, 2, Fake_Wall
P 20.5790, -621.0988, -41.7063, 240, 240, 0, 2, Fake_Wall
P -9.1885, -521.5433, -41.7063, 240, 240, 0, 2, Fake_Wall
P -66.4799, -455.2567, -41.7063, 240, 240, 0, 2, Fake_Wall
P 440.6668, -411.2163, -41.9667, 0, 128, 0, 2, Felia_Milltorn_(General)
P 437.8192, -422.1061, -41.9667, 0, 128, 0, 2, Gehnon_Dejartes_(Spells)
P 418.8910, -397.6575, -41.9667, 0, 128, 0, 2, Jexun_Elsorg_(Spells)
P 436.7462, -339.9578, -38.2177, 0, 128, 0, 2, Tessia_Sowtsui_(Spells)
P 426.7760, -339.8431, -41.9667, 0, 128, 0, 2, Naes_Ereek_(Spells)
P 412.9025, -345.6536, -38.2177, 0, 128, 0, 2, Senst_Ereek_(Spells)
P 370.8586, -429.3849, -39.4677, 128, 128, 128, 2, Zaen_(GM_Shadowknight)
P 298.0000, -296.0000, -39.4680, 128, 128, 128, 2, Kurne_Rextula_(GM_Necromancer)
P 301.3532, -418.9999, -41.9667, 127, 127, 127, 2, Sragg_Bloodheart_(GM_Shadowknight)
P 308.8776, -403.3052, -41.9667, 0, 127, 0, 2, Dallisen_Xalladyr_(Spells)
P 320.7841, -398.4043, -41.9667, 0, 127, 0, 2, Felweni_the_Kraven_(Spells)
P 353.6127, -396.9796, -41.9667, 127, 127, 127, 2, Perkon_Malok_(GM_Magician)
P 385.9822, -392.2094, -41.9667, 127, 127, 127, 2, Reania_Jukle_(GM_Enchanter)
P 420.5083, -426.8679, -41.9667, 127, 127, 127, 2, Unmuz_Tukore_(GM_Shadowkinght)
P 431.0759, -394.4563, -41.9667, 0, 127, 0, 2, Dranot_Harbin_(General)
P 380.9880, -348.8859, -41.9667, 127, 127, 127, 2, Ranthor_Bekesna_(GM_Warrior)
P 386.0471, -323.7962, -41.9667, 127, 127, 127, 2, Rocthar_Bekesna_(GM_Warrior)
P 354.2518, -322.5527, -41.9667, 127, 127, 127, 2, Trenon_Callust_(GM_Wizard)
P 383.8067, -277.3406, -41.9667, 0, 127, 0, 2, Kubder_Restona_(General)
P 421.1776, -282.9202, -41.9667, 127, 127, 127, 2, Bruax_Grengar_(GM_Necromancer)
P 445.1983, -300.0024, -41.9667, 127, 127, 127, 2, Lyris_Moonbane_(GM_Necromancer)
P 321.9150, -310.5847, -41.9667, 0, 127, 0, 2, Pakeg_Aspet_(Spells)
P 311.9762, -308.5766, -41.9667, 0, 127, 0, 2, Vidurlyn_Aeminee_(Spells)
P 310.9864, -291.1544, -41.9667, 127, 127, 127, 2, Nulima_Opalis_(GM_Necromancer)
P 323.6326, -285.8140, -41.9667, 0, 127, 0, 2, Gyrna_Porrin_(Spells)
P 416.2502, -375.2279, -41.9667, 0, 127, 0, 2, Likka_Sowtsui_(Spells)
P 434.7039, -369.0447, -41.9667, 0, 127, 0, 2, Leon_Ereek_(Spells)
P 452.7907, -357.7530, -41.9667, 127, 127, 127, 2, Rihtur_Fullome_(GM_Cleric)
P 538.2133, -353.1491, -41.9667, 127, 127, 127, 2, Rhes_Gestolk_(GM_Cleric)
P 651.1843, -357.8693, -38.9980, 127, 127, 127, 2, Garuc_Anehm_(GM_Shadowknight)
P 620.7599, -358.6146, -38.9980, 127, 127, 127, 2, Xenture_Demiagar_(GM_Cleric)
P 619.7510, -345.8689, -38.9980, 127, 127, 127, 2, Nomaria_Doseniar_(GM_Cleric)
P 324.7450, -423.7233, -41.9667, 255, 210, 0, 2, Banker_Javen_(Banker)
P 561.7281, -378.4160, -41.9667, 0, 127, 0, 2, Vach_Piral_(Tribute)
P -140.0000, 45.0000, 0.0000, 0, 0, 0, 2, Exhausted_Guard
P 186.0000, -106.0000, 0.0000, 0, 0, 0, 2, Injured_Brigand
P 103.7444, -556.4524, -83.7063, 0, 0, 0, 2, Beggar_Wyllin
P -19.6413, -958.7805, -41.7063, 0, 0, 0, 2, an_investigator
P 338.7952, -375.2063, -41.9667, 0, 0, 0, 2, Kron_Redstepp
P 340.8663, -338.1530, -41.9667, 0, 0, 0, 2, Morn_Darkson
P 352.4881, -286.4692, -41.9667, 0, 0, 0, 2, Torin_Krentar
P 367.7275, -271.1976, -41.9667, 0, 0, 0, 2, Chan_Whinstone
P 385.0656, -309.4482, -41.9667, 0, 0, 0, 2, Lahn_Whinstone
P 406.7929, -339.9502, -41.9667, 0, 0, 0, 2, Teydar
P 538.4424, -334.2606, -41.9667, 0, 0, 0, 2, Illie_Roln
P 538.0145, -374.7741, -41.9667, 0, 0, 0, 2, Wellis_Pestule
P 575.9453, -399.6639, -40.9667, 0, 0, 0, 2, Van_Shatblack
P 590.6005, -406.3758, -39.9667, 0, 0, 0, 2, Dollin_Nusmag
P 519.2551, -395.4199, -41.9667, 0, 0, 0, 2, Commander_Kane_(Roam)
P 62.9523, -174.2727, -40.4395, 0, 0, 0, 2, Cubert_(Roam)
P -230.0000, -650.0000, 0.0000, 0, 0, 0, 2, Bloated_Alligator
P -55.3020, -696.9532, -83.7063, 0, 0, 0, 2, Omorb
P -68.1622, -696.6345, -83.7063, 0, 0, 0, 2, Neab
P -208.6408, -573.0529, -41.6542, 127, 64, 0, 2, an_injured_rat_(Hunter)
P -328.9901, -344.0254, -41.6542, 127, 64, 0, 2, a_nesting_rat_(Hunter)
P -342.5142, -465.8773, -41.6542, 127, 64, 0, 2, _a_shady_mercenary_(Hunter)
P -148.2300, -667.0106, -54.4582, 127, 64, 0, 2, an_undead_knight_(Hunter)
P -10.0000, 55.0000, 0.0000, 127, 64, 0, 2, an_undead_knight_(Hunter)
