P -52.0000, -31.0000, -6.9990, 255, 0, 0, 3, to_Qeynos_Hills
P 15962.0000, -615.0000, -3.9365, 255, 0, 0, 3, to_The_Northern_Plains_of_Karana
P 1005.0468, -37.8641, -6.9980, 255, 0, 0, 3, to_Ethernere_Tainted_West_Karana
P 531.0000, -15.0000, -6.9970, 240, 0, 0, 2, Succor
P 5396.3174, 360.1858, -10.6986, 240, 240, 240, 2, Farm
P 6501.3438, -367.3081, 173.9164, 240, 240, 240, 2, Bandit_Camp
P 11582.7930, -880.4152, 10.6240, 240, 240, 240, 2, Bandit_Camp
P 14754.9219, 2079.2715, -3.9355, 240, 240, 240, 2, Farm
P 14817.5400, 3521.0669, -3.9355, 240, 0, 0, 2, Wizard_Spires
P 15404.4346, 3470.4790, -3.9355, 240, 240, 240, 2, Undead_Ruins
P 12837.0000, 1454.0000, 8.1719, 0, 128, 0, 2, Spinner_(Smithing)
P 13002.0000, 1515.0000, 13.3860, 0, 128, 0, 2, Dunin_(Merchant)
P 1869.0000, -962.0000, -9.4460, 0, 128, 0, 2, Maldin_the_Old_(Weapons)
P 1990.0000, -1038.0000, -2.9611, 0, 128, 0, 2, Chrislin_(Baker)
P 2001.0000, 3682.0000, 20.4237, 0, 128, 0, 2, Brenzl_(Fletching)
P 2086.5701, -1008.1200, 1.1600, 0, 128, 0, 2, Tarnar_(Pottery)
P 2223.0000, 4012.0000, -52.0752, 0, 128, 0, 2, Sera_(Smithing)
P 2341.0000, 4024.0000, -52.1234, 0, 128, 0, 2, Misla_(Merchant)
P 2485.0000, 4035.0000, -65.8597, 0, 128, 0, 2, Analya_(Spells)
P 4224.0000, -478.0000, 5.2889, 0, 128, 0, 2, Ollysa_Bladefinder_(Weapons)
P 4364.0000, -420.0000, 5.3304, 0, 128, 0, 2, Alysa_(Tailor)
P 5542.0000, 2261.0000, -2.7481, 0, 128, 0, 2, Cleet_(Brewer)
P 5838.0000, 2850.0000, -2.9825, 0, 128, 0, 2, Henina_(Baker)
P 4419.0000, -318.0000, -2.2111, 0, 128, 0, 2, Innkeep_Rislarn_(General)
P 1131.3899, -17.7500, 0.0000, 0, 0, 0, 2, Kyle_Rinlin_(Roam)
P 13404.0693, 2987.2898, 35.4300, 0, 0, 0, 2, Renux_Herkanor
P 14436.5986, -416.4600, 0.0000, 0, 0, 0, 2, Yiz_Pon
P 15169.2393, 4234.7275, -66.9898, 0, 0, 0, 2, Ryshon_Hunsti
P 1904.9700, -849.2300, -16.4800, 0, 0, 0, 2, Misty_Storyswapper
P 1909.0800, -954.5800, -15.8700, 0, 127, 127, 2, Guard_Gregor_(Task_Master)
P 2001.0199, 3668.2698, 22.3000, 0, 0, 0, 2, Mistrana_Two_Notes
P 2015.4398, -1016.9000, -5.8900, 0, 0, 0, 2, Brother_Estle_(Roam)
P 2156.0601, -9.5500, 0.0000, 0, 0, 0, 2, Parcil_Vinder_(Roam)
P 2169.9297, 3603.0701, 29.5000, 0, 0, 0, 2, Junth_McMannus
P 2205.8401, 183.0100, 0.0000, 0, 0, 0, 2, Kobot_Dellin_(Roam)
P 2207.3401, 4110.7397, -67.5600, 0, 0, 0, 2, Lars_McMannus
P 2228.6077, 195.9312, -3.9146, 0, 0, 0, 2, Brother_Chintle_(Roam)
P 2336.1250, -990.3448, -3.9355, 0, 0, 0, 2, Lukas_Hergo
P 2921.7400, -11.4400, 0.0000, 0, 0, 0, 2, Grebin_Sneztop_(Roam)
P 3215.6897, -2.2800, 0.0000, 0, 0, 0, 2, Gomo_Limerin_(Roam)
P 3357.6099, -4.4700, 0.0000, 0, 0, 0, 2, Habastash_Gikin_(Roam)
P 3388.5398, -4.2800, 0.0000, 0, 0, 0, 2, Tolony_Marle_(Roam)
P 3681.5098, -7.5100, 0.0000, 0, 0, 0, 2, Lander_Billkin_(Roam)
P 4057.9607, 2189.0779, -4.7912, 0, 0, 0, 2, Cleet_Miller_Jr_(Roam)
P 4385.7397, 2988.4900, 40.8400, 0, 0, 0, 2, Tiny_Miller_(Roam)
P 539.9481, -5.3077, -6.9980, 0, 0, 0, 2, Quegin_Hadder_(Roam)
P 5455.7397, 3753.5701, 9.8400, 0, 0, 0, 2, Furball_Miller_(Roam)
P 5843.0215, 2855.8047, -2.7754, 0, 0, 0, 2, Henina_Miller_(Roam)
P 10904.2803, -1251.6804, 205.9210, 0, 0, 0, 2, Maligar
P 10930.0254, 3974.9817, -10.6363, 0, 0, 0, 2, Shady_Bandit
P 7364.3193, -1359.6530, 97.2976, 0, 0, 0, 2, Mystik
P 9350.0000, 3274.0000, 0.0000, 0, 0, 0, 2, Crow
P 12566.4756, -1333.9824, 85.8528, 0, 0, 0, 2, Yuanda
P 6714.8511, -179.8226, 256.8279, 0, 0, 0, 2, Vilnius_the_Small
P 5133.6899, 111.7644, -22.7427, 0, 0, 0, 2, a_wandering_spirit_(Roam)
P 1643.3300, 38.5000, 0.0000, 0, 0, 0, 2, Brother_Trintle_(Roam)
P 14815.1611, 3351.2493, -3.7792, 0, 0, 0, 2, Melaara_Tenwinds
P 4543.8599, 2603.9500, 0.0000, 0, 0, 0, 2, Scary_Miller_(roam,_Temp-Halloween)
P 5610.0464, 803.7686, 2.6100, 0, 0, 0, 2, Sir_Arlindo_Goldheart_(Roam)
P 8724.3682, -996.9267, 35.6643, 0, 0, 0, 2, unkempt_messenger
P 15381.2773, 403.3090, -0.7000, 0, 0, 0, 2, Oobnopterbevny_Biddilets_(Roam)
P 14734.2598, 2154.1399, -1.9000, 0, 0, 0, 2, Vellanna_Hesen
P 2108.8440, 3539.5293, 32.2648, 0, 0, 0, 2, Ulrich_McMannus_(Roam)
P 8904.6895, 1977.6301, -3.1416, 0, 0, 0, 2, Ghoul_Messenger_(Roam)
P 5576.2993, 3898.1001, -8.0700, 0, 0, 0, 2, Lempeck_Hargrin
P 5868.8501, 2738.9500, -1.9100, 0, 0, 0, 2, Sonagin_Fartide
P 5546.2197, 2265.1597, -0.9000, 0, 0, 0, 2, Tarnic_McWillows
P 408.8376, 62.0632, -6.9980, 0, 0, 0, 2, Brellsan_Tarn
P 4101.3364, -595.9404, 2.2378, 0, 0, 0, 2, Verastara_Dumont
P 7675.7104, 3685.3340, -1.5342, 0, 0, 0, 2, Tukk
P 7692.9736, 3735.7083, -2.2399, 0, 0, 0, 2, Minda
P 7639.3218, 3747.3721, -1.4792, 0, 0, 0, 2, Linaya_Sowlin
P 2323.6287, -1004.7015, -3.9355, 0, 0, 0, 2, Larkin_Tolman
P 2095.9297, 3803.3699, 4.0700, 0, 0, 0, 2, Einhorst_McMannus
P 2233.1199, 3532.9700, 34.1700, 0, 0, 0, 2, Frostbite
P 2440.2000, 527.1600, 41.5600, 0, 0, 0, 2, Konia_Swiftfoot
P 9255.8301, 3724.7000, -2.0600, 0, 0, 0, 2, Anderia
P 9290.7393, 3706.0601, -2.0600, 0, 0, 0, 2, Rongol
P 8969.7686, 1960.6299, 2.3000, 0, 0, 0, 2, Nevi_Jann
P 6795.0801, 1603.7200, 7.9100, 0, 0, 0, 2, Oobnopterbevny_Biddilets_(Roam)
P 2213.5796, 3655.3101, 21.1329, 0, 0, 240, 1, GS:_Egg
P 1985.5415, 3604.3345, 25.4806, 0, 0, 240, 1, GS:_Egg
P 1964.4911, 3689.8853, 17.0130, 0, 0, 240, 1, GS:_Egg
P 1994.4166, 3725.5313, 12.8794, 0, 0, 240, 1, GS:_Egg
P 4729.0859, 3712.4534, 0.5437, 0, 0, 240, 1, GS:_Egg
P 5564.5703, 3589.1575, 29.3855, 0, 0, 240, 1, GS:_Egg
P 4539.8892, 3192.9771, 34.9839, 0, 0, 240, 1, GS:_Egg
P 4836.7324, 3103.8274, 37.9594, 0, 0, 240, 1, GS:_Egg
P 5614.4546, 2886.3191, -2.2508, 0, 0, 240, 1, GS:_Egg
P 5676.2837, 2413.5911, -2.2369, 0, 0, 240, 1, GS:_Egg
P 5642.0659, 2530.0281, -2.2468, 0, 0, 240, 1, GS:_Egg
P 4373.4614, 2487.0186, 15.7869, 0, 0, 240, 1, GS:_Egg
P 4383.1382, 2637.0271, 12.2861, 0, 0, 240, 1, GS:_Egg
P 5485.7344, 2676.4607, -1.1081, 0, 0, 240, 1, GS:_Egg
P 5347.9453, 2814.4668, 12.7962, 0, 0, 240, 1, GS:_Egg
P 5184.3804, 2939.0247, 32.5455, 0, 0, 240, 1, GS:_Egg
P 5525.0034, 3477.2476, 35.8758, 0, 0, 240, 1, GS:_Egg
P 4979.7852, 3779.1868, 6.6864, 0, 0, 240, 1, GS:_Egg
P 2469.6958, 504.0455, 39.5674, 0, 0, 240, 1, GS:_Egg
P 4313.8535, 767.3495, 29.3794, 0, 0, 240, 1, GS:_Egg
P 10940.8945, -1176.7709, 209.2292, 0, 0, 0, 2, Nenika_Lightfoot
P 10941.3232, -1244.0250, 206.2817, 0, 0, 0, 2, Alzekar_Kerda
P 10894.7588, -1233.9240, 206.6930, 0, 0, 0, 2, Thurgen_Thunderhead
P 13402.2266, 3009.3533, 32.8945, 0, 127, 0, 2, Doreen_(General)
P 13373.9395, 3002.2881, 34.0546, 0, 127, 0, 2, Florence_(General)
P 13389.4902, 2990.3450, 33.9362, 0, 127, 0, 2, Gindlin_Toxfodder_(Poison)
P 1831.1753, -852.6471, -23.9124, 0, 127, 0, 2, Minya_Coldtoes_(Cloth_Armor)
P 11575.5430, -855.2209, 10.2445, 0, 0, 0, 2, Thrackin_Griften
P 8718.6895, 1267.1699, 168.8900, 0, 0, 0, 2, Froon
P 8740.2100, 1245.9099, 170.0800, 0, 0, 0, 2, Choon
P 9128.3438, 658.6332, 47.4038, 0, 0, 0, 2, Chief_Goonda
P 12461.5352, 692.0126, 133.8147, 127, 64, 0, 2, a_werewolf_bandit_(Hunter)

