L 230.0, -197.0, 0.0, 230.0, -198.0, 0.0, 0, 0, 0
L 222.0, -224.0, 0.0, 222.0, -200.0, 0.0, 205, 133, 63
L 211.0, -224.0, 0.0, 222.0, -224.0, 0.0, 205, 133, 63
L 211.0, -219.0, 0.0, 217.0, -219.0, 0.0, 205, 133, 63
L 211.0, -224.0, 0.0, 211.0, -219.0, 0.0, 205, 133, 63
L 185.0, 23.0, 0.0, 180.0, 23.0, 0.0, 0, 0, 0
L 188.0, 21.0, 0.0, 185.0, 21.0, 0.0, 0, 0, 0
L 188.0, 26.0, 0.0, 188.0, 24.0, 0.0, 0, 0, 0
L 198.0, 23.0, 0.0, 204.0, 23.0, 0.0, 0, 0, 0
L 198.0, 21.0, 0.0, 198.0, 23.0, 0.0, 0, 0, 0
L 195.0, 21.0, 0.0, 198.0, 21.0, 0.0, 0, 0, 0
L 195.0, 26.0, 0.0, 195.0, 24.0, 0.0, 0, 0, 0
L 203.0, 26.0, 0.0, 195.0, 26.0, 0.0, 0, 0, 0
L 194.0, 77.0, 0.0, 180.0, 77.0, 0.0, 0, 0, 0
L 194.0, 77.0, 0.0, 194.0, 93.0, 0.0, 0, 0, 0
L 192.0, 68.0, 25.0, 183.0, 68.0, 33.0, 102, 255, 102
L 199.0, 65.0, 24.0, 202.0, 65.0, 21.0, 102, 255, 102
L 192.0, 68.0, 25.0, 192.0, 65.0, 24.0, 102, 255, 102
L 201.0, 58.0, 22.0, 200.0, 58.0, 24.0, 102, 255, 102
L 192.0, 58.0, 24.0, 192.0, 65.0, 24.0, 102, 255, 102
L 200.0, 58.0, 24.0, 192.0, 58.0, 24.0, 102, 255, 102
L 217.0, 74.0, 18.0, 217.0, 79.0, 15.0, 102, 255, 102
L 213.0, 66.0, 22.0, 217.0, 74.0, 18.0, 102, 255, 102
L 213.0, 58.0, 22.0, 213.0, 66.0, 22.0, 102, 255, 102
L 203.0, 93.0, 12.0, 189.0, 93.0, 12.0, 0, 204, 0
L 192.0, 82.0, 12.0, 192.0, 79.0, 12.0, 0, 204, 0
L 194.0, 40.0, 12.0, 180.0, 40.0, 12.0, 205, 133, 63
L 194.0, 35.0, 12.0, 194.0, 40.0, 12.0, 205, 133, 63
L 187.0, 51.0, 12.0, 199.0, 51.0, 12.0, 205, 133, 63
L 183.0, 64.0, 12.0, 183.0, 55.0, 12.0, 205, 133, 63
L 187.0, 68.0, 12.0, 183.0, 64.0, 12.0, 205, 133, 63
L 196.0, 68.0, 12.0, 187.0, 68.0, 12.0, 205, 133, 63
L 196.0, 63.0, 12.0, 196.0, 68.0, 12.0, 205, 133, 63
L 188.0, 63.0, 12.0, 196.0, 63.0, 12.0, 205, 133, 63
L 206.0, 80.0, 15.0, 203.0, 80.0, 12.0, 102, 255, 102
L 206.0, 74.0, 17.0, 206.0, 80.0, 15.0, 102, 255, 102
L 204.0, 70.0, 19.0, 205.0, 72.0, 18.0, 102, 255, 102
L 189.0, 93.0, 12.0, 183.0, 93.0, 8.0, 0, 0, 0
L 192.0, 82.0, 12.0, 189.0, 82.0, 12.0, 0, 204, 0
L 179.0, 82.0, 6.0, 189.0, 82.0, 12.0, 0, 204, 0
L 169.0, 71.0, 0.0, 179.0, 82.0, 6.0, 0, 204, 0
L 158.0, 48.0, 0.0, 158.0, 56.0, 0.0, 0, 0, 0
L 153.0, 63.0, 0.0, 155.0, 63.0, 0.0, 0, 0, 0
L 155.0, 66.0, 0.0, 155.0, 72.0, 0.0, 0, 0, 0
L 153.0, 66.0, 0.0, 155.0, 66.0, 0.0, 0, 0, 0
L 153.0, 66.0, 0.0, 153.0, 63.0, 0.0, 0, 0, 0
L 153.0, 53.0, 0.0, 153.0, 56.0, 0.0, 0, 0, 0
L 155.0, 53.0, 0.0, 153.0, 53.0, 0.0, 0, 0, 0
L 57.0, -211.0, -11.0, 13.0, -211.0, -11.0, 178, 102, 255
L 69.0, -172.0, 0.0, 69.0, -170.0, 0.0, 0, 0, 0
L 48.0, -141.0, 0.0, 48.0, -143.0, 0.0, 0, 0, 0
L 45.0, -141.0, 0.0, 48.0, -141.0, 0.0, 0, 0, 0
L 45.0, -146.0, 0.0, 45.0, -143.0, 0.0, 0, 0, 0
L 57.0, -146.0, 0.0, 57.0, -169.0, 0.0, 0, 0, 0
L 57.0, -146.0, 0.0, 45.0, -146.0, 0.0, 0, 0, 0
L 48.0, -158.0, 0.0, 48.0, -153.0, 0.0, 205, 133, 63
L 45.0, -158.0, 0.0, 48.0, -158.0, 0.0, 205, 133, 63
L 45.0, -156.0, 0.0, 45.0, -158.0, 0.0, 205, 133, 63
L 45.0, -169.0, 0.0, 57.0, -169.0, 0.0, 0, 0, 0
L 45.0, -172.0, 0.0, 45.0, -169.0, 0.0, 0, 0, 0
L 62.0, -172.0, 0.0, 45.0, -172.0, 0.0, 0, 0, 0
L 62.0, -165.0, 0.0, 62.0, -170.0, 0.0, 0, 0, 0
L 60.0, -165.0, 0.0, 62.0, -165.0, 0.0, 0, 0, 0
L 60.0, -143.0, 0.0, 60.0, -165.0, 0.0, 0, 0, 0
L 107.0, -167.0, 0.0, 107.0, -156.0, 0.0, 139, 69, 19
L 72.0, -167.0, 0.0, 107.0, -167.0, 0.0, 0, 0, 0
L 72.0, -165.0, 0.0, 72.0, -167.0, 0.0, 0, 0, 0
L 69.0, -165.0, 0.0, 72.0, -165.0, 0.0, 0, 0, 0
L 444.0, 99.0, -7.0, 461.0, 95.0, -7.0, 155, 155, 155
L 438.0, 101.0, -8.0, 444.0, 99.0, -7.0, 155, 155, 155
L 432.0, 101.0, -9.0, 438.0, 101.0, -8.0, 155, 155, 155
L 426.0, 107.0, -10.0, 432.0, 101.0, -9.0, 155, 155, 155
L 371.0, 108.0, -11.0, 426.0, 107.0, -10.0, 155, 155, 155
L 369.0, 104.0, -11.0, 371.0, 108.0, -11.0, 155, 155, 155
L 365.0, 104.0, -11.0, 369.0, 104.0, -11.0, 155, 155, 155
L 365.0, 147.0, -11.0, 365.0, 104.0, -11.0, 155, 155, 155
L 344.0, 216.0, -15.0, 338.0, 216.0, -15.0, 0, 0, 0
L 338.0, 231.0, -15.0, 338.0, 239.0, -15.0, 0, 0, 0
L 338.0, 224.0, -15.0, 336.0, 224.0, -15.0, 0, 0, 0
L 335.0, 221.0, -15.0, 331.0, 221.0, -15.0, 0, 0, 0
L 335.0, 218.0, -15.0, 333.0, 218.0, -15.0, 0, 0, 0
L 333.0, 216.0, -15.0, 333.0, 218.0, -15.0, 0, 0, 0
L 331.0, 234.0, -15.0, 331.0, 231.0, -15.0, 0, 0, 0
L 335.0, 237.0, -15.0, 333.0, 237.0, -15.0, 0, 0, 0
L 331.0, 234.0, -15.0, 335.0, 234.0, -15.0, 0, 0, 0
L 338.0, 231.0, -15.0, 336.0, 231.0, -15.0, 0, 0, 0
L 335.0, 92.0, -11.0, 335.0, 77.0, -11.0, 205, 133, 63
L 335.0, 92.0, -11.0, 356.0, 92.0, -11.0, 205, 133, 63
L 356.0, 89.0, -11.0, 356.0, 92.0, -11.0, 205, 133, 63
L 356.0, 89.0, -11.0, 338.0, 89.0, -11.0, 205, 133, 63
L 356.0, 80.0, -11.0, 338.0, 80.0, -11.0, 205, 133, 63
L 338.0, 89.0, -11.0, 338.0, 80.0, -11.0, 205, 133, 63
L 356.0, 80.0, -11.0, 356.0, 77.0, -11.0, 205, 133, 63
L 356.0, 77.0, -11.0, 335.0, 77.0, -11.0, 205, 133, 63
L 386.0, 86.0, -13.0, 383.0, 86.0, -13.0, 0, 0, 0
L 407.0, 55.0, -13.0, 407.0, 58.0, -13.0, 0, 0, 0
L 436.0, 54.0, -13.0, 434.0, 54.0, -13.0, 0, 0, 0
L 436.0, 51.0, -13.0, 436.0, 54.0, -13.0, 0, 0, 0
L 407.0, 55.0, -13.0, 417.0, 55.0, -13.0, 0, 0, 0
L 372.0, 37.0, -13.0, 372.0, 30.0, -13.0, 0, 0, 0
L 400.0, 55.0, -13.0, 378.0, 55.0, -13.0, 0, 0, 0
L 400.0, 58.0, -13.0, 400.0, 55.0, -13.0, 0, 0, 0
L 378.0, 58.0, -13.0, 400.0, 58.0, -13.0, 0, 0, 0
L 393.0, 81.0, -13.0, 407.0, 81.0, -13.0, 0, 0, 0
L 393.0, 86.0, -13.0, 396.0, 86.0, -13.0, 0, 0, 0
L 393.0, 81.0, -13.0, 393.0, 83.0, -13.0, 0, 0, 0
L 383.0, 81.0, -13.0, 386.0, 81.0, -13.0, 0, 0, 0
L 228.0, -254.0, 0.0, 228.0, -252.0, 0.0, 0, 0, 0
L 148.0, -116.0, 36.0, 148.0, -118.0, 36.0, 0, 204, 0
L 148.0, -102.0, 44.0, 148.0, -99.0, 44.0, 0, 204, 0
L 163.0, -99.0, 44.0, 165.0, -99.0, 44.0, 0, 204, 0
L 146.0, -99.0, 44.0, 148.0, -99.0, 44.0, 0, 204, 0
L 148.0, -118.0, 36.0, 141.0, -118.0, 36.0, 0, 204, 0
L 134.0, -115.0, 36.0, 134.0, -127.0, 36.0, 0, 204, 0
L 133.0, -115.0, 36.0, 134.0, -115.0, 36.0, 0, 204, 0
L 141.0, -118.0, 36.0, 141.0, -115.0, 36.0, 0, 204, 0
L 177.0, -118.0, 36.0, 186.0, -118.0, 36.0, 0, 204, 0
L 178.0, -115.0, 36.0, 177.0, -115.0, 36.0, 0, 204, 0
L 169.0, -115.0, 36.0, 170.0, -115.0, 36.0, 0, 204, 0
L 170.0, -118.0, 36.0, 170.0, -115.0, 36.0, 0, 204, 0
L 163.0, -118.0, 36.0, 170.0, -118.0, 36.0, 0, 204, 0
L 177.0, -118.0, 36.0, 177.0, -115.0, 36.0, 0, 204, 0
L 134.0, -121.0, 2.0, 144.0, -121.0, 2.0, 0, 0, 0
L 153.0, -131.0, 2.0, 156.0, -131.0, 2.0, 0, 0, 0
L 177.0, -133.0, 2.0, 177.0, -131.0, 2.0, 0, 0, 0
L 180.0, -131.0, 2.0, 177.0, -131.0, 2.0, 0, 0, 0
L 180.0, -133.0, 2.0, 180.0, -131.0, 2.0, 0, 0, 0
L 204.0, -133.0, 2.0, 204.0, -131.0, 2.0, 0, 0, 0
L 201.0, -131.0, 2.0, 204.0, -131.0, 2.0, 0, 0, 0
L 201.0, -133.0, 2.0, 201.0, -131.0, 2.0, 0, 0, 0
L 201.0, -104.0, 2.0, 204.0, -104.0, 2.0, 0, 0, 0
L 153.0, -104.0, 2.0, 156.0, -104.0, 2.0, 0, 0, 0
L 144.0, -114.0, 2.0, 144.0, -102.0, 2.0, 0, 0, 0
L 141.0, -114.0, 2.0, 141.0, -99.0, 2.0, 0, 0, 0
L 144.0, -114.0, 2.0, 141.0, -114.0, 2.0, 0, 0, 0
L 152.0, -74.0, 2.0, 146.0, -74.0, 2.0, 0, 0, 0
L 165.0, -74.0, 2.0, 159.0, -74.0, 2.0, 0, 0, 0
L 149.0, -59.0, -3.0, 152.0, -59.0, -3.0, 150, 150, 150
L 149.0, -65.0, -3.0, 149.0, -59.0, -3.0, 150, 150, 150
L 206.0, 254.0, -10.0, 203.0, 254.0, -11.0, 178, 102, 255
L 184.0, 253.0, -11.0, 184.0, 243.0, -12.0, 178, 102, 255
L 199.0, 226.0, -3.0, 219.0, 226.0, -3.0, 205, 133, 63
L 219.0, 221.0, -3.0, 199.0, 221.0, -3.0, 205, 133, 63
L 202.0, 205.0, 0.0, 199.0, 205.0, 0.0, 0, 0, 0
L 189.0, 205.0, 0.0, 189.0, 207.0, 0.0, 0, 0, 0
L 238.0, 153.0, 0.0, 238.0, 173.0, 0.0, 0, 0, 0
L 238.0, 144.0, 0.0, 238.0, 146.0, 0.0, 0, 0, 0
L 203.0, 168.0, 0.0, 203.0, 192.0, 0.0, 0, 0, 0
L 206.0, 165.0, 0.0, 206.0, 189.0, 0.0, 0, 0, 0
L 203.0, 155.0, 0.0, 201.0, 155.0, 0.0, 0, 0, 0
L 203.0, 155.0, 0.0, 203.0, 131.0, 0.0, 0, 0, 0
L 201.0, 158.0, 0.0, 201.0, 155.0, 0.0, 0, 0, 0
L 206.0, 158.0, 0.0, 205.0, 158.0, 0.0, 0, 0, 0
L 203.0, 168.0, 0.0, 201.0, 168.0, 0.0, 0, 0, 0
L 201.0, 165.0, 0.0, 201.0, 168.0, 0.0, 0, 0, 0
L 201.0, 165.0, 0.0, 205.0, 165.0, 0.0, 0, 0, 0
L 62.0, 237.0, -23.0, 62.0, 215.0, -23.0, 178, 102, 255
L 62.0, 237.0, -23.0, 83.0, 237.0, -23.0, 178, 102, 255
L 59.0, 231.0, -23.0, 59.0, 215.0, -23.0, 178, 102, 255
L 141.0, 167.0, -23.0, 141.0, 165.0, -23.0, 178, 102, 255
L 141.0, 156.0, -23.0, 156.0, 156.0, -17.0, 178, 102, 255
L 156.0, 153.0, -17.0, 142.0, 153.0, -11.0, 178, 102, 255
L 156.0, 153.0, -17.0, 156.0, 156.0, -17.0, 178, 102, 255
L 129.0, 252.0, -19.0, 119.0, 242.0, -19.0, 178, 102, 255
L 129.0, 256.0, -19.0, 129.0, 252.0, -19.0, 178, 102, 255
L 136.0, 256.0, -19.0, 129.0, 256.0, -19.0, 178, 102, 255
L 139.0, 256.0, -16.0, 136.0, 256.0, -19.0, 178, 102, 255
L 139.0, 289.0, -19.0, 139.0, 256.0, -16.0, 178, 102, 255
L 116.0, 289.0, -19.0, 139.0, 289.0, -19.0, 178, 102, 255
L 116.0, 274.0, -19.0, 116.0, 289.0, -19.0, 178, 102, 255
L 130.0, 274.0, -19.0, 116.0, 274.0, -19.0, 178, 102, 255
L 130.0, 271.0, -19.0, 130.0, 274.0, -19.0, 178, 102, 255
L 98.0, 271.0, -19.0, 130.0, 271.0, -19.0, 178, 102, 255
L 98.0, 252.0, -19.0, 98.0, 271.0, -19.0, 178, 102, 255
L 108.0, 242.0, -19.0, 98.0, 252.0, -19.0, 178, 102, 255
L 79.0, 206.0, -23.0, 83.0, 206.0, -23.0, 178, 102, 255
L 52.0, 206.0, -23.0, 79.0, 206.0, -23.0, 178, 102, 255
L 52.0, 218.0, -23.0, 52.0, 206.0, -23.0, 178, 102, 255
L 34.0, 218.0, -23.0, 52.0, 218.0, -23.0, 178, 102, 255
L 34.0, 237.0, -23.0, 34.0, 218.0, -23.0, 178, 102, 255
L 53.0, 237.0, -23.0, 34.0, 237.0, -23.0, 178, 102, 255
L 59.0, 231.0, -23.0, 53.0, 237.0, -23.0, 178, 102, 255
L 62.0, 215.0, -23.0, 59.0, 215.0, -23.0, 178, 102, 255
L 93.0, 225.0, -22.0, 83.0, 237.0, -23.0, 178, 102, 255
L 395.0, 213.0, -18.0, 389.0, 213.0, -19.0, 150, 150, 150
L 395.0, 214.0, -17.0, 389.0, 214.0, -17.0, 150, 150, 150
L 395.0, 215.0, -16.0, 389.0, 215.0, -17.0, 150, 150, 150
L 395.0, 240.0, -16.0, 389.0, 240.0, -16.0, 150, 150, 150
L 395.0, 241.0, -17.0, 389.0, 241.0, -17.0, 150, 150, 150
L 395.0, 242.0, -18.0, 389.0, 242.0, -18.0, 150, 150, 150
L 390.0, 243.0, -19.0, 395.0, 243.0, -19.0, 150, 150, 150
L 389.0, 240.0, -19.0, 390.0, 243.0, -19.0, 150, 150, 150
L 383.0, 233.0, -19.0, 389.0, 240.0, -19.0, 150, 150, 150
L 383.0, 221.0, -19.0, 383.0, 233.0, -19.0, 150, 150, 150
L 389.0, 215.0, -19.0, 383.0, 221.0, -19.0, 150, 150, 150
L 389.0, 212.0, -19.0, 389.0, 215.0, -19.0, 150, 150, 150
L 395.0, 212.0, -19.0, 389.0, 212.0, -19.0, 150, 150, 150
L 356.0, 221.0, -15.0, 371.0, 206.0, -16.0, 150, 150, 150
L 356.0, 234.0, -16.0, 356.0, 221.0, -15.0, 150, 150, 150
L 371.0, 249.0, -16.0, 356.0, 234.0, -16.0, 150, 150, 150
L 360.0, 234.0, -17.0, 375.0, 249.0, -17.0, 150, 150, 150
L 360.0, 221.0, -17.0, 360.0, 234.0, -17.0, 150, 150, 150
L 376.0, 206.0, -17.0, 360.0, 221.0, -17.0, 150, 150, 150
L 364.0, 221.0, -17.0, 379.0, 206.0, -18.0, 150, 150, 150
L 364.0, 233.0, -18.0, 364.0, 221.0, -17.0, 150, 150, 150
L 379.0, 249.0, -18.0, 364.0, 233.0, -18.0, 150, 150, 150
L 368.0, 233.0, -19.0, 383.0, 249.0, -19.0, 150, 150, 150
L 368.0, 221.0, -19.0, 368.0, 233.0, -19.0, 150, 150, 150
L 383.0, 206.0, -19.0, 368.0, 221.0, -19.0, 150, 150, 150
L 443.0, 53.0, -13.0, 443.0, 24.0, -13.0, 0, 0, 0
L 443.0, 66.0, -7.0, 443.0, 53.0, -13.0, 0, 0, 0
L 443.0, 74.0, -8.0, 443.0, 66.0, -7.0, 0, 0, 0
L 396.0, 84.0, -11.0, 396.0, 86.0, -13.0, 0, 0, 0
L 405.0, 84.0, -11.0, 396.0, 84.0, -11.0, 0, 0, 0
L 406.0, 86.0, -11.0, 405.0, 84.0, -11.0, 0, 0, 0
L 408.0, 84.0, -10.0, 406.0, 86.0, -11.0, 0, 0, 0
L 416.0, 75.0, -10.0, 408.0, 84.0, -10.0, 0, 0, 0
L 416.0, 64.0, -10.0, 416.0, 75.0, -10.0, 0, 0, 0
L 419.0, 64.0, -11.0, 416.0, 64.0, -10.0, 0, 0, 0
L 431.0, 72.0, -10.0, 419.0, 64.0, -11.0, 0, 0, 0
L 432.0, 71.0, -7.0, 431.0, 72.0, -10.0, 0, 0, 0
L 434.0, 67.0, -7.0, 432.0, 71.0, -7.0, 0, 0, 0
L 434.0, 54.0, -13.0, 434.0, 67.0, -7.0, 0, 0, 0
L 433.0, 51.0, -13.0, 436.0, 51.0, -13.0, 0, 0, 0
L 417.0, 55.0, -13.0, 433.0, 51.0, -13.0, 0, 0, 0
L 413.0, 58.0, -13.0, 407.0, 58.0, -13.0, 0, 0, 0
L 413.0, 75.0, -13.0, 413.0, 58.0, -13.0, 0, 0, 0
L 407.0, 81.0, -13.0, 413.0, 75.0, -13.0, 0, 0, 0
L 172.0, 217.0, -17.0, 167.0, 213.0, -18.0, 178, 102, 255
L 186.0, 218.0, -3.0, 192.0, 213.0, -3.0, 178, 102, 255
L 186.0, 233.0, -3.0, 186.0, 218.0, -3.0, 178, 102, 255
L 206.0, 233.0, -3.0, 186.0, 233.0, -3.0, 178, 102, 255
L 203.0, 236.0, -10.0, 203.0, 254.0, -11.0, 178, 102, 255
L 213.0, 261.0, -9.0, 192.0, 261.0, -11.0, 178, 102, 255
L 213.0, 234.0, -4.0, 213.0, 261.0, -9.0, 178, 102, 255
L 206.0, 254.0, -10.0, 206.0, 233.0, -3.0, 178, 102, 255
L 184.0, 243.0, -12.0, 181.0, 243.0, -13.0, 178, 102, 255
L 192.0, 261.0, -11.0, 184.0, 253.0, -11.0, 178, 102, 255
L 181.0, 236.0, -12.0, 203.0, 236.0, -10.0, 178, 102, 255
L 172.0, 239.0, -13.0, 172.0, 217.0, -17.0, 178, 102, 255
L 176.0, 243.0, -13.0, 175.0, 243.0, -13.0, 178, 102, 255
L 181.0, 243.0, -13.0, 176.0, 243.0, -13.0, 178, 102, 255
L 181.0, 212.0, -17.0, 181.0, 236.0, -12.0, 178, 102, 255
L 177.0, 206.0, -17.0, 181.0, 212.0, -17.0, 178, 102, 255
L 167.0, 206.0, -18.0, 177.0, 206.0, -17.0, 178, 102, 255
L 156.0, 206.0, -19.0, 155.0, 206.0, -19.0, 178, 102, 255
L 167.0, 206.0, -18.0, 156.0, 206.0, -19.0, 178, 102, 255
L 167.0, 239.0, -9.0, 167.0, 240.0, -15.0, 0, 0, 0
L 167.0, 228.0, -9.0, 167.0, 239.0, -9.0, 0, 0, 0
L 167.0, 216.0, -3.0, 167.0, 228.0, -9.0, 0, 0, 0
L 167.0, 203.0, -3.0, 167.0, 216.0, -3.0, 0, 0, 0
L 167.0, 192.0, -9.0, 167.0, 203.0, -3.0, 0, 0, 0
L 167.0, 191.0, -11.0, 167.0, 192.0, -9.0, 0, 0, 0
L 144.0, 168.0, -11.0, 167.0, 191.0, -11.0, 0, 0, 0
L 132.0, 168.0, -7.0, 144.0, 168.0, -11.0, 0, 0, 0
L 120.0, 168.0, -7.0, 132.0, 168.0, -7.0, 0, 0, 0
L 108.0, 168.0, -7.0, 120.0, 168.0, -7.0, 0, 0, 0
L 85.0, 145.0, -11.0, 108.0, 168.0, -7.0, 0, 0, 0
L 83.0, 144.0, -5.0, 85.0, 145.0, -11.0, 0, 0, 0
L 70.0, 131.0, 11.0, 83.0, 144.0, -5.0, 0, 0, 0
L 102.0, 132.0, -11.0, 132.0, 132.0, -11.0, 178, 102, 255
L 98.0, 136.0, -11.0, 102.0, 132.0, -11.0, 178, 102, 255
L 98.0, 153.0, -11.0, 98.0, 136.0, -11.0, 178, 102, 255
L 142.0, 153.0, -11.0, 98.0, 153.0, -11.0, 178, 102, 255
L 110.0, 156.0, -23.0, 141.0, 156.0, -23.0, 178, 102, 255
L 110.0, 167.0, -23.0, 110.0, 156.0, -23.0, 178, 102, 255
L 122.0, 177.0, -21.0, 110.0, 167.0, -23.0, 178, 102, 255
L 141.0, 167.0, -23.0, 130.0, 177.0, -21.0, 178, 102, 255
L 154.0, 165.0, -17.0, 141.0, 165.0, -23.0, 178, 102, 255
L 165.0, 165.0, -17.0, 154.0, 165.0, -17.0, 178, 102, 255
L 165.0, 144.0, -17.0, 165.0, 165.0, -17.0, 178, 102, 255
L 142.0, 144.0, -11.0, 165.0, 144.0, -17.0, 178, 102, 255
L 180.0, 155.0, 0.0, 158.0, 133.0, 0.0, 0, 0, 0
L 180.0, 180.0, 0.0, 180.0, 155.0, 0.0, 0, 0, 0
L 172.0, 188.0, 0.0, 180.0, 180.0, 0.0, 0, 0, 0
L 172.0, 199.0, 0.0, 172.0, 188.0, 0.0, 0, 0, 0
L 178.0, 206.0, 0.0, 172.0, 199.0, 0.0, 0, 0, 0
L 189.0, 207.0, 0.0, 178.0, 206.0, 0.0, 0, 0, 0
L 408.0, -23.0, -7.0, 408.0, -24.0, -7.0, 139, 69, 19
L 386.0, -23.0, -3.0, 408.0, -23.0, -7.0, 139, 69, 19
L 410.0, -12.0, -7.0, 398.0, -12.0, -3.0, 139, 69, 19
L 420.0, -12.0, -7.0, 410.0, -12.0, -7.0, 139, 69, 19
L 431.0, -12.0, -7.0, 420.0, -12.0, -7.0, 139, 69, 19
L 431.0, -23.0, -7.0, 431.0, -12.0, -7.0, 139, 69, 19
L 418.0, -23.0, -7.0, 431.0, -23.0, -7.0, 139, 69, 19
L 418.0, -57.0, -7.0, 418.0, -23.0, -7.0, 139, 69, 19
L 417.0, -59.0, -7.0, 418.0, -57.0, -7.0, 139, 69, 19
L 410.0, -59.0, -7.0, 417.0, -59.0, -7.0, 139, 69, 19
L 408.0, -57.0, -7.0, 410.0, -59.0, -7.0, 139, 69, 19
L 408.0, -24.0, -7.0, 408.0, -25.0, -7.0, 139, 69, 19
L 408.0, -24.0, -7.0, 408.0, -57.0, -7.0, 139, 69, 19
L 84.0, -202.0, 0.0, 60.0, -202.0, 0.0, 0, 0, 0
L 99.0, -203.0, 0.0, 84.0, -203.0, 0.0, 0, 0, 0
L 123.0, -205.0, -10.0, 125.0, -205.0, -9.0, 150, 150, 150
L 143.0, -214.0, 0.0, 141.0, -214.0, -1.0, 150, 150, 150
L 143.0, -205.0, 0.0, 143.0, -214.0, 0.0, 150, 150, 150
L 135.0, -205.0, -4.0, 137.0, -205.0, -3.0, 150, 150, 150
L 135.0, -205.0, -4.0, 135.0, -214.0, -4.0, 150, 150, 150
L 133.0, -214.0, -5.0, 131.0, -214.0, -6.0, 150, 150, 150
L 133.0, -205.0, -5.0, 135.0, -205.0, -4.0, 150, 150, 150
L 133.0, -214.0, -5.0, 133.0, -205.0, -5.0, 150, 150, 150
L 123.0, -205.0, -10.0, 123.0, -214.0, -10.0, 150, 150, 150
L 59.0, -120.0, -11.0, 35.0, -120.0, -11.0, 150, 150, 150
L 108.0, -239.0, -11.0, 143.0, -251.0, -11.0, 0, 0, 0
L 108.0, -216.0, -11.0, 108.0, -239.0, -11.0, 0, 0, 0
L 110.0, -216.0, -11.0, 108.0, -216.0, -11.0, 0, 0, 0
L 82.0, -213.0, -11.0, 106.0, -213.0, -11.0, 178, 102, 255
L -11.0, -223.0, -11.0, 13.0, -223.0, -11.0, 178, 102, 255
L -11.0, -192.0, -11.0, -11.0, -223.0, -11.0, 178, 102, 255
L 13.0, -192.0, -11.0, -11.0, -192.0, -11.0, 178, 102, 255
L 16.0, -172.0, -11.0, 16.0, -199.0, -11.0, 178, 102, 255
L 33.0, -172.0, -11.0, 16.0, -172.0, -11.0, 178, 102, 255
L 43.0, -192.0, -11.0, 33.0, -192.0, -11.0, 178, 102, 255
L 43.0, -202.0, -11.0, 43.0, -192.0, -11.0, 178, 102, 255
L 38.0, -189.0, -11.0, 48.0, -189.0, -11.0, 178, 102, 255
L 38.0, -172.0, -11.0, 38.0, -189.0, -11.0, 178, 102, 255
L 55.0, -172.0, -11.0, 38.0, -172.0, -11.0, 178, 102, 255
L 58.0, -172.0, -11.0, 58.0, -189.0, -11.0, 178, 102, 255
L 75.0, -172.0, -11.0, 58.0, -172.0, -11.0, 178, 102, 255
L 105.0, -206.0, -11.0, 105.0, -192.0, -11.0, 178, 102, 255
L 36.0, -143.0, -11.0, 60.0, -143.0, -11.0, 0, 0, 0
L 28.0, -135.0, -7.0, 36.0, -143.0, -11.0, 0, 0, 0
L 24.0, -119.0, -5.0, 28.0, -135.0, -7.0, 0, 0, 0
L 24.0, -108.0, -5.0, 24.0, -119.0, -5.0, 0, 0, 0
L 35.0, -85.0, -11.0, 24.0, -108.0, -5.0, 0, 0, 0
L 132.0, -35.0, 0.0, 107.0, -35.0, 0.0, 0, 0, 0
L 132.0, -47.0, -3.0, 132.0, -35.0, 0.0, 0, 0, 0
L 132.0, -59.0, -3.0, 132.0, -47.0, -3.0, 0, 0, 0
L 120.0, -60.0, -3.0, 132.0, -59.0, -3.0, 0, 0, 0
L 120.0, -83.0, -3.0, 120.0, -60.0, -3.0, 0, 0, 0
L 131.0, -95.0, 2.0, 120.0, -83.0, -3.0, 0, 0, 0
L 132.0, -83.0, 0.0, 131.0, -95.0, 2.0, 0, 0, 0
L 144.0, -71.0, 2.0, 132.0, -83.0, 0.0, 0, 0, 0
L 149.0, -71.0, 2.0, 144.0, -71.0, 2.0, 0, 0, 0
L 149.0, -65.0, -3.0, 149.0, -71.0, 2.0, 150, 150, 150
L 162.0, -71.0, 0.0, 162.0, -65.0, -3.0, 150, 150, 150
L 167.0, -71.0, 1.0, 162.0, -71.0, 0.0, 0, 0, 0
L 180.0, -83.0, 4.0, 167.0, -71.0, 1.0, 0, 0, 0
L 184.0, -80.0, 1.0, 180.0, -83.0, 4.0, 0, 0, 0
L 185.0, -77.0, -3.0, 184.0, -80.0, 1.0, 0, 0, 0
L 191.0, -59.0, -3.0, 185.0, -77.0, -3.0, 0, 0, 0
L 191.0, -48.0, -3.0, 191.0, -59.0, -3.0, 0, 0, 0
L 179.0, -36.0, 0.0, 191.0, -48.0, -3.0, 0, 0, 0
L 131.0, -12.0, 0.0, 179.0, -36.0, 0.0, 0, 0, 0
L 131.0, 0.0, 0.0, 131.0, -12.0, 0.0, 0, 0, 0
L 153.0, 11.0, 0.0, 131.0, 0.0, 0.0, 0, 0, 0
L 156.0, 11.0, 0.0, 153.0, 11.0, 0.0, 0, 0, 0
L 180.0, -11.0, 0.0, 156.0, 11.0, 0.0, 0, 0, 0
L 204.0, -24.0, 0.0, 180.0, -11.0, 0.0, 0, 0, 0
L 204.0, -36.0, 0.0, 204.0, -24.0, 0.0, 0, 0, 0
L 216.0, -59.0, 0.0, 204.0, -36.0, 0.0, 0, 0, 0
L 216.0, -71.0, 0.0, 216.0, -59.0, 0.0, 0, 0, 0
L 239.0, -96.0, 0.0, 216.0, -71.0, 0.0, 0, 0, 0
L 222.0, -104.0, 0.0, 239.0, -96.0, 0.0, 0, 0, 0
L 216.0, -119.0, 0.0, 222.0, -104.0, 0.0, 0, 0, 0
L 216.0, -144.0, 0.0, 216.0, -119.0, 0.0, 0, 0, 0
L 202.0, -144.0, 0.0, 216.0, -144.0, 0.0, 0, 0, 0
L 202.0, -156.0, 0.0, 202.0, -144.0, 0.0, 0, 0, 0
L 200.0, -168.0, 0.0, 202.0, -156.0, 0.0, 0, 0, 0
L 200.0, -187.0, 0.0, 200.0, -168.0, 0.0, 0, 0, 0
L 222.0, -200.0, 0.0, 230.0, -200.0, 0.0, 0, 0, 0
L 217.0, -200.0, 0.0, 217.0, -219.0, 0.0, 205, 133, 63
L 206.0, -200.0, 0.0, 217.0, -200.0, 0.0, 0, 0, 0
L 206.0, -239.0, 0.0, 206.0, -200.0, 0.0, 0, 0, 0
L 218.0, -249.0, 0.0, 206.0, -239.0, 0.0, 0, 0, 0
L 203.0, -239.0, 0.0, 215.0, -251.0, 0.0, 0, 0, 0
L 203.0, -216.0, 0.0, 203.0, -239.0, 0.0, 0, 0, 0
L 191.0, -228.0, 0.0, 203.0, -216.0, 0.0, 0, 0, 0
L 167.0, -220.0, 0.0, 191.0, -228.0, 0.0, 0, 0, 0
L 155.0, -203.0, 0.0, 167.0, -220.0, 0.0, 0, 0, 0
L 179.0, -191.0, -1.0, 155.0, -203.0, 0.0, 0, 0, 0
L 191.0, -167.0, -3.0, 179.0, -191.0, -1.0, 0, 0, 0
L 179.0, -144.0, -1.0, 191.0, -167.0, -3.0, 0, 0, 0
L 167.0, -136.0, 0.0, 179.0, -144.0, -1.0, 0, 0, 0
L 144.0, -138.0, 0.0, 167.0, -136.0, 0.0, 0, 0, 0
L 132.0, -132.0, 0.0, 144.0, -138.0, 0.0, 0, 0, 0
L 107.0, -108.0, 0.0, 132.0, -132.0, 0.0, 0, 0, 0
L 84.0, -108.0, 0.0, 107.0, -108.0, 0.0, 0, 0, 0
L 59.0, -95.0, 0.0, 84.0, -108.0, 0.0, 0, 0, 0
L 59.0, -83.0, 0.0, 59.0, -95.0, 0.0, 0, 0, 0
L 71.0, -72.0, 0.0, 59.0, -83.0, 0.0, 0, 0, 0
L 95.0, -59.0, 0.0, 71.0, -72.0, 0.0, 0, 0, 0
L 107.0, -35.0, 0.0, 95.0, -59.0, 0.0, 0, 0, 0
L 323.0, 346.0, -2.0, 314.0, 350.0, -1.0, 0, 0, 0
L 340.0, 328.0, -6.0, 323.0, 346.0, -2.0, 0, 0, 0
L 336.0, 311.0, -11.0, 340.0, 328.0, -6.0, 0, 0, 0
L 312.0, 271.0, -11.0, 336.0, 311.0, -11.0, 0, 0, 0
L 288.0, 251.0, 2.0, 312.0, 271.0, -11.0, 0, 0, 0
L 288.0, 215.0, -11.0, 288.0, 251.0, 2.0, 0, 0, 0
L 275.0, 205.0, -9.0, 288.0, 215.0, -11.0, 0, 0, 0
L 271.0, 217.0, -5.0, 275.0, 205.0, -9.0, 0, 0, 0
L 261.0, 227.0, -3.0, 271.0, 217.0, -5.0, 0, 0, 0
L 243.0, 252.0, -9.0, 261.0, 227.0, -3.0, 0, 0, 0
L 239.0, 263.0, -9.0, 243.0, 252.0, -9.0, 0, 0, 0
L 215.0, 283.0, -11.0, 239.0, 263.0, -9.0, 0, 0, 0
L 193.0, 275.0, -11.0, 215.0, 283.0, -11.0, 0, 0, 0
L 167.0, 251.0, -15.0, 193.0, 275.0, -11.0, 0, 0, 0
L 133.0, 251.0, -15.0, 167.0, 251.0, -15.0, 0, 0, 0
L 119.0, 251.0, -6.0, 132.0, 251.0, -14.0, 0, 0, 0
L 96.0, 251.0, -9.0, 119.0, 251.0, -6.0, 0, 0, 0
L 92.0, 247.0, -13.0, 96.0, 251.0, -9.0, 0, 0, 0
L 72.0, 228.0, -5.0, 92.0, 247.0, -13.0, 0, 0, 0
L 72.0, 204.0, -10.0, 72.0, 228.0, -5.0, 0, 0, 0
L 60.0, 180.0, -11.0, 72.0, 204.0, -10.0, 0, 0, 0
L 36.0, 163.0, -11.0, 60.0, 180.0, -11.0, 0, 0, 0
L 36.0, 155.0, -10.0, 36.0, 163.0, -11.0, 0, 0, 0
L 24.0, 131.0, -9.0, 36.0, 155.0, -10.0, 0, 0, 0
L 24.0, 108.0, -7.0, 24.0, 131.0, -9.0, 0, 0, 0
L 59.0, 72.0, -3.0, 24.0, 108.0, -7.0, 0, 0, 0
L 72.0, 48.0, 0.0, 59.0, 72.0, -3.0, 0, 0, 0
L 71.0, 23.0, 0.0, 72.0, 48.0, 0.0, 0, 0, 0
L 47.0, 11.0, 0.0, 71.0, 23.0, 0.0, 0, 0, 0
L 24.0, 11.0, 0.0, 47.0, 11.0, 0.0, 0, 0, 0
L 0.0, 23.0, 0.0, 24.0, 11.0, 0.0, 0, 0, 0
L -1.0, 23.0, 0.0, 0.0, 23.0, 0.0, 0, 0, 0
L -36.0, 11.0, 0.0, -1.0, 23.0, 0.0, 0, 0, 0
L -48.0, 12.0, 0.0, -36.0, 11.0, 0.0, 0, 0, 0
L -60.0, 23.0, 0.0, -48.0, 12.0, 0.0, 0, 0, 0
L -60.0, 83.0, 0.0, -60.0, 70.0, 0.0, 0, 0, 0
L -73.0, 95.0, 0.0, -60.0, 83.0, 0.0, 0, 0, 0
L 287.0, 370.0, 2.0, 322.0, 370.0, 2.0, 0, 0, 0
L 322.0, 370.0, 2.0, 322.0, 360.0, 2.0, 0, 0, 0
L 322.0, 360.0, 2.0, 334.0, 345.0, -1.0, 0, 0, 0
L 334.0, 345.0, -1.0, 348.0, 338.0, -3.0, 0, 0, 0
L 348.0, 338.0, -3.0, 353.0, 327.0, -7.0, 0, 0, 0
L 353.0, 327.0, -7.0, 353.0, 320.0, -8.0, 0, 0, 0
L 353.0, 320.0, -8.0, 347.0, 311.0, -10.0, 0, 0, 0
L 347.0, 311.0, -10.0, 347.0, 261.0, -11.0, 0, 0, 0
L 347.0, 261.0, -11.0, 377.0, 261.0, -13.0, 0, 0, 0
L 377.0, 261.0, -13.0, 390.0, 252.0, -9.0, 0, 0, 0
L 390.0, 252.0, -9.0, 348.0, 252.0, -9.0, 0, 0, 0
L 348.0, 252.0, -9.0, 335.0, 240.0, -7.0, 0, 0, 0
L 335.0, 240.0, -7.0, 333.0, 237.0, -15.0, 0, 0, 0
L 335.0, 237.0, -15.0, 335.0, 234.0, -15.0, 0, 0, 0
L 338.0, 239.0, -15.0, 343.0, 239.0, -15.0, 0, 0, 0
L 343.0, 239.0, -15.0, 348.0, 249.0, -15.0, 0, 0, 0
L 348.0, 249.0, -15.0, 371.0, 249.0, -15.0, 0, 0, 0
L 371.0, 249.0, -15.0, 395.0, 249.0, -19.0, 0, 0, 0
L 395.0, 249.0, -19.0, 395.0, 243.0, -19.0, 0, 0, 0
L 395.0, 243.0, -19.0, 395.0, 231.0, -15.0, 0, 0, 0
L 395.0, 231.0, -15.0, 398.0, 231.0, -15.0, 0, 0, 0
L 398.0, 231.0, -15.0, 398.0, 243.0, -15.0, 0, 0, 0
L 398.0, 212.0, -15.0, 398.0, 224.0, -15.0, 0, 0, 0
L 398.0, 224.0, -15.0, 395.0, 224.0, -15.0, 0, 0, 0
L 395.0, 224.0, -15.0, 395.0, 206.0, -19.0, 0, 0, 0
L 395.0, 206.0, -19.0, 348.0, 206.0, -15.0, 0, 0, 0
L 348.0, 206.0, -15.0, 344.0, 216.0, -15.0, 0, 0, 0
L 338.0, 216.0, -15.0, 338.0, 224.0, -15.0, 0, 0, 0
L 331.0, 224.0, -15.0, 331.0, 221.0, -15.0, 0, 0, 0
L 335.0, 221.0, -15.0, 335.0, 218.0, -15.0, 0, 0, 0
L 333.0, 216.0, -15.0, 347.0, 204.0, -7.0, 0, 0, 0
L 347.0, 204.0, -7.0, 336.0, 204.0, -11.0, 0, 0, 0
L 336.0, 204.0, -11.0, 311.0, 202.0, -11.0, 0, 0, 0
L 311.0, 202.0, -11.0, 288.0, 190.0, -11.0, 0, 0, 0
L 288.0, 190.0, -11.0, 275.0, 175.0, -9.0, 0, 0, 0
L 275.0, 175.0, -9.0, 283.0, 155.0, -3.0, 0, 0, 0
L 283.0, 155.0, -3.0, 288.0, 139.0, 0.0, 0, 0, 0
L 288.0, 139.0, 0.0, 299.0, 139.0, -2.0, 0, 0, 0
L 299.0, 139.0, -2.0, 320.0, 135.0, -8.0, 0, 0, 0
L 320.0, 135.0, -8.0, 336.0, 143.0, -11.0, 0, 0, 0
L 336.0, 143.0, -11.0, 366.0, 147.0, -11.0, 0, 0, 0
L 366.0, 147.0, -11.0, 368.0, 148.0, -11.0, 0, 0, 0
L 368.0, 148.0, -11.0, 372.0, 151.0, -11.0, 0, 0, 0
L 372.0, 151.0, -11.0, 376.0, 155.0, -10.0, 0, 0, 0
L 376.0, 155.0, -10.0, 378.0, 156.0, -11.0, 0, 0, 0
L 378.0, 156.0, -11.0, 384.0, 161.0, -11.0, 0, 0, 0
L 384.0, 161.0, -11.0, 384.0, 167.0, -11.0, 0, 0, 0
L 384.0, 167.0, -11.0, 431.0, 167.0, -11.0, 0, 0, 0
L 431.0, 167.0, -11.0, 442.0, 162.0, -11.0, 0, 0, 0
L 442.0, 162.0, -11.0, 445.0, 159.0, -6.0, 0, 0, 0
L 445.0, 159.0, -6.0, 447.0, 159.0, -6.0, 0, 0, 0
L 447.0, 159.0, -6.0, 449.0, 157.0, -7.0, 0, 0, 0
L 449.0, 157.0, -7.0, 455.0, 155.0, -7.0, 0, 0, 0
L 455.0, 155.0, -7.0, 459.0, 155.0, -6.0, 0, 0, 0
L 459.0, 155.0, -6.0, 461.0, 153.0, -7.0, 0, 0, 0
L 461.0, 153.0, -7.0, 461.0, 95.0, -7.0, 0, 0, 0
L 461.0, 95.0, -7.0, 467.0, 84.0, -7.0, 0, 0, 0
L 467.0, 84.0, -7.0, 455.0, 78.0, -7.0, 0, 0, 0
L 455.0, 78.0, -7.0, 443.0, 74.0, -8.0, 0, 0, 0
L 443.0, 24.0, -13.0, 416.0, 24.0, -13.0, 0, 0, 0
L 416.0, 24.0, -13.0, 407.0, 46.0, -13.0, 0, 0, 0
L 407.0, 46.0, -13.0, 393.0, 46.0, -13.0, 0, 0, 0
L 393.0, 46.0, -13.0, 399.0, 37.0, -13.0, 0, 0, 0
L 399.0, 37.0, -13.0, 399.0, 30.0, -13.0, 0, 0, 0
L 399.0, 30.0, -13.0, 396.0, 26.0, -13.0, 0, 0, 0
L 396.0, 26.0, -13.0, 375.0, 26.0, -13.0, 0, 0, 0
L 375.0, 26.0, -13.0, 372.0, 30.0, -13.0, 0, 0, 0
L 372.0, 37.0, -13.0, 378.0, 45.0, -13.0, 0, 0, 0
L 378.0, 45.0, -13.0, 378.0, 55.0, -13.0, 0, 0, 0
L 378.0, 58.0, -13.0, 378.0, 75.0, -13.0, 0, 0, 0
L 378.0, 75.0, -13.0, 383.0, 81.0, -13.0, 0, 0, 0
L 386.0, 81.0, -13.0, 386.0, 83.0, -13.0, 0, 0, 0
L 383.0, 86.0, -13.0, 383.0, 84.0, -10.0, 0, 0, 0
L 383.0, 84.0, -10.0, 376.0, 76.0, -10.0, 0, 0, 0
L 376.0, 76.0, -10.0, 375.0, 72.0, -10.0, 0, 0, 0
L 375.0, 72.0, -10.0, 375.0, 62.0, -10.0, 0, 0, 0
L 375.0, 62.0, -10.0, 371.0, 66.0, -11.0, 0, 0, 0
L 371.0, 66.0, -11.0, 366.0, 69.0, -11.0, 0, 0, 0
L 366.0, 69.0, -11.0, 366.0, 72.0, -11.0, 0, 0, 0
L 366.0, 72.0, -11.0, 335.0, 77.0, -11.0, 0, 0, 0
L 335.0, 77.0, -11.0, 319.0, 106.0, -7.0, 0, 0, 0
L 319.0, 106.0, -7.0, 300.0, 114.0, -3.0, 0, 0, 0
L 300.0, 114.0, -3.0, 287.0, 108.0, 0.0, 0, 0, 0
L 287.0, 108.0, 0.0, 287.0, 71.0, 0.0, 0, 0, 0
L 287.0, 71.0, 0.0, 263.0, 47.0, 0.0, 0, 0, 0
L 263.0, 47.0, 0.0, 239.0, -23.0, 0.0, 0, 0, 0
L 239.0, -23.0, 0.0, 239.0, -59.0, 0.0, 0, 0, 0
L 239.0, -59.0, 0.0, 264.0, -72.0, 0.0, 0, 0, 0
L 264.0, -72.0, 0.0, 288.0, -72.0, 0.0, 0, 0, 0
L 288.0, -72.0, 0.0, 312.0, -47.0, -5.0, 0, 0, 0
L 312.0, -47.0, -5.0, 312.0, 0.0, -5.0, 0, 0, 0
L 312.0, 0.0, -5.0, 319.0, 11.0, -5.0, 0, 0, 0
L 319.0, 11.0, -5.0, 331.0, 23.0, -5.0, 0, 0, 0
L 331.0, 23.0, -5.0, 383.0, 23.0, -5.0, 0, 0, 0
L 383.0, 23.0, -5.0, 418.0, 12.0, -10.0, 0, 0, 0
L 228.0, -311.0, -32.0, 215.0, -311.0, 0.0, 0, 0, 0
L 215.0, -311.0, 0.0, 204.0, -305.0, 0.0, 0, 0, 0
L 204.0, -305.0, 0.0, 192.0, -287.0, 0.0, 0, 0, 0
L 192.0, -287.0, 0.0, 168.0, -287.0, 0.0, 0, 0, 0
L 35.0, -85.0, -11.0, 48.0, -60.0, 0.0, 0, 0, 0
L 48.0, -60.0, 0.0, 48.0, -47.0, 0.0, 0, 0, 0
L 48.0, -47.0, 0.0, 24.0, -35.0, 0.0, 0, 0, 0
L 24.0, -35.0, 0.0, 0.0, -11.0, 0.0, 0, 0, 0
L 0.0, -11.0, 0.0, -72.0, -11.0, 0.0, 0, 0, 0
L -72.0, -11.0, 0.0, -83.0, 0.0, 0.0, 0, 0, 0
L -83.0, 0.0, 0.0, -83.0, 59.0, 0.0, 0, 0, 0
L 314.0, 350.0, -1.0, 312.0, 359.0, 0.0, 0, 0, 0
L 312.0, 359.0, 0.0, 294.0, 360.0, 0.0, 0, 0, 0
L 260.0, 119.0, 0.0, 260.0, 120.0, 0.0, 0, 0, 0
L 258.0, 175.0, 4.0, 254.0, 192.0, -9.0, 0, 0, 0
L 254.0, 192.0, -9.0, 260.0, 205.0, -9.0, 0, 0, 0
L 260.0, 205.0, -9.0, 249.0, 229.0, -3.0, 0, 0, 0
L 249.0, 229.0, -3.0, 225.0, 254.0, -10.0, 0, 0, 0
L 225.0, 254.0, -10.0, 216.0, 264.0, -11.0, 0, 0, 0
L 216.0, 264.0, -11.0, 190.0, 263.0, -11.0, 0, 0, 0
L 190.0, 263.0, -11.0, 167.0, 240.0, -15.0, 0, 0, 0
L 213.0, 234.0, -4.0, 219.0, 231.0, -3.0, 178, 102, 255
L 219.0, 231.0, -3.0, 219.0, 226.0, -3.0, 178, 102, 255
L 199.0, 226.0, -3.0, 199.0, 221.0, -3.0, 205, 133, 63
L 219.0, 231.0, -3.0, 219.0, 218.0, -3.0, 178, 102, 255
L 219.0, 218.0, -3.0, 215.0, 214.0, -3.0, 178, 102, 255
L 202.0, 205.0, 0.0, 202.0, 207.0, 0.0, 0, 0, 0
L 202.0, 207.0, 0.0, 215.0, 207.0, 0.0, 0, 0, 0
L 215.0, 207.0, 0.0, 227.0, 192.0, 0.0, 0, 0, 0
L 227.0, 192.0, 0.0, 203.0, 192.0, 0.0, 0, 0, 0
L 206.0, 189.0, 0.0, 235.0, 189.0, 0.0, 0, 0, 0
L 235.0, 189.0, 0.0, 235.0, 153.0, 0.0, 0, 0, 0
L 235.0, 153.0, 0.0, 238.0, 153.0, 0.0, 0, 0, 0
L 238.0, 173.0, 0.0, 251.0, 173.0, 0.0, 0, 0, 0
L 251.0, 173.0, 0.0, 251.0, 144.0, 0.0, 0, 0, 0
L 251.0, 144.0, 0.0, 238.0, 144.0, 0.0, 0, 0, 0
L 238.0, 146.0, 0.0, 206.0, 146.0, 0.0, 0, 0, 0
L 206.0, 146.0, 0.0, 206.0, 158.0, 0.0, 0, 0, 0
L 203.0, 131.0, 0.0, 227.0, 119.0, 0.0, 0, 0, 0
L 227.0, 119.0, 0.0, 251.0, 83.0, 0.0, 0, 0, 0
L 251.0, 83.0, 0.0, 264.0, 83.0, 0.0, 0, 0, 0
L 264.0, 83.0, 0.0, 264.0, 108.0, 0.0, 0, 0, 0
L 264.0, 108.0, 0.0, 260.0, 120.0, 0.0, 0, 0, 0
L 260.0, 120.0, 0.0, 256.0, 132.0, 4.0, 0, 0, 0
L 256.0, 132.0, 4.0, 256.0, 156.0, 4.0, 0, 0, 0
L 256.0, 156.0, 4.0, 258.0, 175.0, 4.0, 0, 0, 0
L 228.0, 47.0, 0.0, 204.0, 23.0, 0.0, 0, 0, 0
L 203.0, 26.0, 0.0, 225.0, 48.0, 0.0, 0, 0, 0
L 225.0, 48.0, 0.0, 225.0, 71.0, 0.0, 0, 0, 0
L 225.0, 71.0, 0.0, 203.0, 93.0, 0.0, 0, 0, 0
L 203.0, 93.0, 0.0, 194.0, 93.0, 0.0, 0, 0, 0
L 180.0, 77.0, 0.0, 174.0, 71.0, 0.0, 0, 0, 0
L 174.0, 71.0, 0.0, 174.0, 48.0, 0.0, 205, 133, 63
L 174.0, 48.0, 0.0, 180.0, 42.0, 0.0, 205, 133, 63
L 180.0, 42.0, 0.0, 203.0, 42.0, 0.0, 205, 133, 63
L 203.0, 42.0, 0.0, 209.0, 48.0, 0.0, 205, 133, 63
L 209.0, 48.0, 0.0, 209.0, 71.0, 0.0, 205, 133, 63
L 209.0, 71.0, 0.0, 203.0, 77.0, 0.0, 205, 133, 63
L 203.0, 77.0, 0.0, 201.0, 77.0, 0.0, 0, 0, 0
L 201.0, 77.0, 0.0, 201.0, 82.0, 0.0, 0, 0, 0
L 201.0, 82.0, 0.0, 203.0, 82.0, 0.0, 0, 0, 0
L 203.0, 82.0, 0.0, 214.0, 71.0, 0.0, 205, 133, 63
L 214.0, 71.0, 0.0, 214.0, 47.0, 0.0, 205, 133, 63
L 214.0, 47.0, 0.0, 203.0, 37.0, 0.0, 205, 133, 63
L 203.0, 37.0, 0.0, 179.0, 37.0, 0.0, 205, 133, 63
L 179.0, 37.0, 0.0, 169.0, 47.0, 0.0, 205, 133, 63
L 158.0, 71.0, 0.0, 158.0, 63.0, 0.0, 0, 0, 0
L 155.0, 72.0, 0.0, 179.0, 96.0, 0.0, 0, 0, 0
L 179.0, 96.0, 0.0, 203.0, 96.0, 0.0, 0, 0, 0
L 228.0, 71.0, 0.0, 228.0, 47.0, 0.0, 0, 0, 0
L 203.0, 96.0, 0.0, 228.0, 71.0, 0.0, 0, 0, 0
L 155.0, 53.0, 0.0, 155.0, 47.0, 0.0, 0, 0, 0
L 155.0, 47.0, 0.0, 180.0, 23.0, 0.0, 0, 0, 0
L 185.0, 23.0, 0.0, 185.0, 21.0, 0.0, 0, 0, 0
L 188.0, 26.0, 0.0, 180.0, 26.0, 0.0, 0, 0, 0
L 180.0, 26.0, 0.0, 158.0, 48.0, 0.0, 0, 0, 0
L 158.0, 56.0, 0.0, 155.0, 56.0, 0.0, 0, 0, 0
L 38.0, -141.0, 0.0, 38.0, -143.0, 0.0, 0, 0, 0
L 38.0, -153.0, 0.0, 48.0, -153.0, 0.0, 205, 133, 63
L 45.0, -156.0, 0.0, 38.0, -156.0, 0.0, 205, 133, 63
L 38.0, -156.0, 0.0, 38.0, -213.0, 0.0, 0, 0, 0
L 99.0, -203.0, 0.0, 99.0, -172.0, 0.0, 0, 0, 0
L 48.0, -143.0, 0.0, 60.0, -143.0, 0.0, 0, 0, 0
L 125.0, -205.0, -9.0, 127.0, -205.0, -8.0, 150, 150, 150
L 125.0, -214.0, -9.0, 123.0, -214.0, -10.0, 150, 150, 150
L 125.0, -205.0, -9.0, 125.0, -214.0, -9.0, 150, 150, 150
L 127.0, -205.0, -8.0, 129.0, -205.0, -7.0, 150, 150, 150
L 127.0, -214.0, -8.0, 127.0, -205.0, -8.0, 150, 150, 150
L 129.0, -205.0, -7.0, 131.0, -205.0, -6.0, 150, 150, 150
L 129.0, -214.0, -7.0, 129.0, -205.0, -7.0, 150, 150, 150
L 137.0, -205.0, -3.0, 139.0, -205.0, -2.0, 150, 150, 150
L 137.0, -214.0, -3.0, 137.0, -205.0, -3.0, 150, 150, 150
L 139.0, -214.0, -2.0, 133.0, -214.0, -5.0, 150, 150, 150
L 139.0, -205.0, -2.0, 141.0, -205.0, -1.0, 150, 150, 150
L 139.0, -214.0, -2.0, 139.0, -205.0, -2.0, 150, 150, 150
L 141.0, -214.0, -1.0, 139.0, -214.0, -2.0, 150, 150, 150
L 141.0, -205.0, -1.0, 143.0, -205.0, 0.0, 150, 150, 150
L 141.0, -214.0, -1.0, 141.0, -205.0, -1.0, 150, 150, 150
L 228.0, -288.0, -32.0, 252.0, -264.0, -47.0, 0, 0, 255
L 252.0, -215.0, -47.0, 264.0, -180.0, -47.0, 0, 0, 255
L 264.0, -180.0, -47.0, 288.0, -132.0, -47.0, 0, 0, 255
L 288.0, -132.0, -47.0, 312.0, -120.0, -47.0, 0, 0, 255
L 312.0, -120.0, -47.0, 336.0, -84.0, -47.0, 0, 0, 255
L 336.0, -84.0, -47.0, 348.0, -71.0, -47.0, 0, 0, 255
L 348.0, -71.0, -47.0, 371.0, -48.0, -35.0, 0, 0, 255
L 371.0, -48.0, -35.0, 384.0, -24.0, -35.0, 0, 0, 255
L 384.0, -24.0, -35.0, 390.0, -11.0, -35.0, 0, 0, 255
L 390.0, -11.0, -35.0, 396.0, 0.0, -30.0, 0, 0, 255
L 396.0, 0.0, -30.0, 419.0, 11.0, -25.0, 0, 0, 255
L 419.0, 11.0, -25.0, 431.0, 7.0, -26.0, 0, 0, 0
L 431.0, 7.0, -26.0, 443.0, 0.0, -30.0, 0, 0, 0
L 443.0, 0.0, -30.0, 455.0, -11.0, -35.0, 0, 0, 0
L 455.0, -11.0, -35.0, 467.0, -23.0, -35.0, 0, 0, 0
L 467.0, -23.0, -35.0, 503.0, -36.0, -19.0, 0, 0, 0
L 503.0, -36.0, -19.0, 503.0, -47.0, -19.0, 0, 0, 0
L 503.0, -47.0, -19.0, 491.0, -71.0, -24.0, 0, 0, 0
L 491.0, -71.0, -24.0, 466.0, -96.0, -35.0, 0, 0, 255
L 443.0, -119.0, -35.0, 431.0, -167.0, -35.0, 0, 0, 255
L 431.0, -167.0, -35.0, 419.0, -179.0, -35.0, 0, 0, 255
L 419.0, -179.0, -35.0, 407.0, -177.0, -35.0, 0, 0, 255
L 407.0, -177.0, -35.0, 396.0, -167.0, -35.0, 0, 0, 255
L 396.0, -167.0, -35.0, 371.0, -143.0, -35.0, 0, 0, 255
L 371.0, -143.0, -35.0, 347.0, -143.0, -47.0, 0, 0, 255
L 347.0, -143.0, -47.0, 336.0, -155.0, -47.0, 0, 0, 255
L 336.0, -155.0, -47.0, 312.0, -155.0, -47.0, 0, 0, 255
L 312.0, -155.0, -47.0, 287.0, -180.0, -47.0, 0, 0, 255
L 287.0, -180.0, -47.0, 277.0, -209.0, -47.0, 0, 0, 255
L 275.0, -252.0, -47.0, 299.0, -263.0, -47.0, 0, 0, 255
L 299.0, -263.0, -47.0, 335.0, -300.0, -25.0, 0, 0, 255
L 335.0, -300.0, -25.0, 335.0, -347.0, -25.0, 0, 0, 255
L 335.0, -347.0, -25.0, 299.0, -371.0, -47.0, 0, 0, 255
L 299.0, -371.0, -47.0, 252.0, -347.0, -47.0, 0, 0, 0
L 252.0, -347.0, -47.0, 228.0, -311.0, -32.0, 0, 0, 0
L 228.0, -311.0, -32.0, 228.0, -288.0, -32.0, 0, 0, 255
L 299.0, -371.0, -47.0, 317.0, -369.0, 0.0, 0, 0, 0
L 317.0, -369.0, 0.0, 329.0, -363.0, 0.0, 0, 0, 0
L 329.0, -363.0, 0.0, 336.0, -343.0, 0.0, 0, 0, 0
L 336.0, -343.0, 0.0, 347.0, -311.0, 0.0, 0, 0, 0
L 347.0, -311.0, 0.0, 371.0, -299.0, 0.0, 0, 0, 0
L 371.0, -299.0, 0.0, 443.0, -287.0, 14.0, 0, 0, 0
L 443.0, -287.0, 14.0, 432.0, -359.0, 22.0, 0, 0, 0
L 432.0, -359.0, 22.0, 437.0, -363.0, 18.0, 0, 0, 0
L 437.0, -363.0, 18.0, 456.0, -360.0, 0.0, 0, 0, 0
L 456.0, -360.0, 0.0, 442.0, -390.0, -3.0, 0, 0, 0
L 442.0, -390.0, -3.0, 419.0, -420.0, -5.0, 0, 0, 0
L 429.0, -359.0, -5.0, 419.0, -350.0, -5.0, 0, 0, 0
L 419.0, -350.0, -5.0, 393.0, -350.0, -5.0, 0, 0, 0
L 370.0, -332.0, -5.0, 370.0, -359.0, -5.0, 0, 0, 0
L 370.0, -359.0, -5.0, 397.0, -359.0, -5.0, 0, 0, 0
L 410.0, -385.0, -5.0, 408.0, -386.0, -5.0, 0, 0, 0
L 383.0, -410.0, -7.0, 371.0, -410.0, -7.0, 0, 0, 0
L 371.0, -410.0, -7.0, 371.0, -388.0, -7.0, 0, 0, 0
L 371.0, -388.0, -7.0, 340.0, -388.0, -7.0, 0, 0, 0
L 340.0, -388.0, -7.0, 340.0, -409.0, -7.0, 0, 0, 0
L 340.0, -409.0, -7.0, 362.0, -409.0, -7.0, 0, 0, 0
L 362.0, -419.0, -7.0, 372.0, -419.0, -7.0, 0, 0, 0
L 372.0, -419.0, -7.0, 372.0, -441.0, -7.0, 0, 0, 0
L 372.0, -441.0, -7.0, 383.0, -441.0, -7.0, 0, 0, 0
L 431.0, -431.0, -3.0, 441.0, -419.0, -3.0, 0, 0, 0
L 441.0, -419.0, -3.0, 455.0, -419.0, 0.0, 0, 0, 0
L 455.0, -419.0, 0.0, 467.0, -407.0, 0.0, 0, 0, 0
L 467.0, -407.0, 0.0, 491.0, -336.0, 0.0, 0, 0, 0
L 491.0, -336.0, 0.0, 491.0, -287.0, 0.0, 0, 0, 0
L 491.0, -287.0, 0.0, 515.0, -251.0, 0.0, 0, 0, 0
L 515.0, -251.0, 0.0, 528.0, -264.0, 0.0, 0, 0, 0
L 528.0, -264.0, 0.0, 540.0, -288.0, 0.0, 0, 0, 0
L 540.0, -288.0, 0.0, 540.0, -311.0, 0.0, 0, 0, 0
L 540.0, -311.0, 0.0, 552.0, -335.0, 0.0, 0, 0, 0
L 552.0, -335.0, 0.0, 588.0, -335.0, 0.0, 0, 0, 0
L 588.0, -335.0, 0.0, 600.0, -322.0, 0.0, 0, 0, 0
L 600.0, -322.0, 0.0, 623.0, -311.0, 0.0, 0, 0, 0
L 623.0, -311.0, 0.0, 623.0, -293.0, 0.0, 0, 0, 0
L 623.0, -293.0, 0.0, 635.0, -279.0, 0.0, 0, 0, 0
L 635.0, -279.0, 0.0, 645.0, -265.0, 0.0, 0, 0, 0
L 645.0, -265.0, 0.0, 650.0, -265.0, 0.0, 0, 0, 0
L 650.0, -265.0, 0.0, 653.0, -271.0, -1.0, 0, 0, 0
L 653.0, -271.0, -1.0, 673.0, -265.0, -1.0, 0, 0, 0
L 673.0, -265.0, -1.0, 673.0, -250.0, -1.0, 0, 0, 0
L 673.0, -250.0, -1.0, 653.0, -244.0, -1.0, 0, 0, 0
L 653.0, -244.0, -1.0, 650.0, -250.0, 0.0, 0, 0, 0
L 650.0, -250.0, 0.0, 645.0, -250.0, 0.0, 0, 0, 0
L 645.0, -250.0, 0.0, 635.0, -244.0, 0.0, 0, 0, 0
L 635.0, -244.0, 0.0, 612.0, -244.0, 0.0, 0, 0, 0
L 612.0, -244.0, 0.0, 600.0, -256.0, 0.0, 0, 0, 0
L 600.0, -256.0, 0.0, 601.0, -281.0, 0.0, 0, 0, 0
L 601.0, -281.0, 0.0, 614.0, -293.0, 0.0, 0, 0, 0
L 614.0, -293.0, 0.0, 614.0, -299.0, 0.0, 0, 0, 0
L 614.0, -299.0, 0.0, 600.0, -312.0, 0.0, 0, 0, 0
L 600.0, -312.0, 0.0, 563.0, -324.0, 0.0, 0, 0, 0
L 563.0, -324.0, 0.0, 551.0, -311.0, 0.0, 0, 0, 0
L 551.0, -311.0, 0.0, 551.0, -288.0, 0.0, 0, 0, 0
L 551.0, -288.0, 0.0, 539.0, -264.0, 0.0, 0, 0, 0
L 539.0, -264.0, 0.0, 539.0, -252.0, 0.0, 0, 0, 0
L 539.0, -252.0, 0.0, 515.0, -240.0, 0.0, 0, 0, 0
L 515.0, -240.0, 0.0, 503.0, -215.0, 0.0, 0, 0, 0
L 503.0, -215.0, 0.0, 479.0, -179.0, 0.0, 0, 0, 0
L 479.0, -179.0, 0.0, 479.0, -107.0, 0.0, 0, 0, 0
L 479.0, -107.0, 0.0, 491.0, -71.0, -24.0, 0, 0, 0
L 443.0, -119.0, -35.0, 456.0, -180.0, 0.0, 0, 0, 0
L 456.0, -180.0, 0.0, 468.0, -204.0, 0.0, 0, 0, 0
L 468.0, -204.0, 0.0, 480.0, -216.0, 0.0, 0, 0, 0
L 480.0, -216.0, 0.0, 492.0, -240.0, 0.0, 0, 0, 0
L 492.0, -240.0, 0.0, 467.0, -264.0, 0.0, 0, 0, 0
L 467.0, -264.0, 0.0, 443.0, -263.0, 0.0, 0, 0, 0
L 443.0, -263.0, 0.0, 419.0, -240.0, 0.0, 0, 0, 0
L 419.0, -240.0, 0.0, 396.0, -240.0, 0.0, 0, 0, 0
L 396.0, -240.0, 0.0, 348.0, -252.0, 0.0, 0, 0, 0
L 348.0, -252.0, 0.0, 323.0, -228.0, 0.0, 0, 0, 0
L 323.0, -228.0, 0.0, 299.0, -228.0, 0.0, 0, 0, 0
L 299.0, -228.0, 0.0, 277.0, -209.0, -47.0, 0, 0, 0
L 240.0, -216.0, 0.0, 240.0, -234.9, 0.0, 0, 0, 0
L 240.0, -239.0, 0.0, 228.0, -252.0, 0.0, 0, 0, 0
L 225.0, -249.0, 0.0, 237.0, -239.0, 0.0, 0, 0, 0
L 237.0, -239.0, 0.0, 237.0, -198.0, 0.0, 0, 0, 0
L 237.0, -198.0, 0.0, 237.0, -184.0, 0.0, 0, 0, 0
L 237.0, -184.0, 0.0, 226.0, -179.0, 0.0, 0, 0, 0
L 226.0, -179.0, 0.0, 215.0, -168.0, 0.0, 0, 0, 0
L 215.0, -168.0, 0.0, 215.0, -154.0, 0.0, 0, 0, 0
L 215.0, -154.0, 0.0, 231.0, -165.0, 0.0, 0, 0, 0
L 231.0, -165.0, 0.0, 241.0, -168.0, 0.0, 0, 0, 0
L 192.0, 79.0, 12.0, 180.0, 79.0, 12.0, 0, 204, 0
L 180.0, 79.0, 12.0, 172.0, 71.0, 12.0, 0, 204, 0
L 172.0, 48.0, 12.0, 180.0, 40.0, 12.0, 205, 133, 63
L 194.0, 35.0, 12.0, 179.0, 35.0, 12.0, 205, 133, 63
L 179.0, 35.0, 12.0, 167.0, 47.0, 12.0, 205, 133, 63
L 167.0, 47.0, 12.0, 167.0, 71.0, 12.0, 205, 133, 63
L 158.0, 71.0, 12.0, 158.0, 48.0, 12.0, 0, 204, 0
L 158.0, 48.0, 12.0, 180.0, 26.0, 12.0, 0, 204, 0
L 180.0, 26.0, 12.0, 199.0, 26.0, 12.0, 0, 204, 0
L 199.0, 26.0, 12.0, 199.0, 56.0, 12.0, 0, 204, 0
L 187.0, 51.0, 12.0, 183.0, 55.0, 12.0, 205, 133, 63
L 188.0, 63.0, 12.0, 188.0, 56.0, 12.0, 205, 133, 63
L 199.0, 56.0, 12.0, 199.0, 72.0, 12.0, 0, 204, 0
L 188.0, 56.0, 12.0, 199.0, 56.0, 12.0, 205, 133, 63
L 199.0, 72.0, 12.0, 203.0, 80.0, 12.0, 0, 204, 0
L 204.0, 70.0, 19.0, 202.0, 65.0, 21.0, 102, 255, 102
L 199.0, 65.0, 24.0, 199.0, 75.0, 26.0, 102, 255, 102
L 199.0, 75.0, 26.0, 191.0, 75.0, 27.0, 102, 255, 102
L 191.0, 75.0, 27.0, 184.0, 76.0, 32.0, 102, 255, 102
L 184.0, 76.0, 32.0, 175.0, 67.0, 33.0, 102, 255, 102
L 175.0, 67.0, 33.0, 176.0, 61.0, 38.0, 102, 255, 102
L 176.0, 61.0, 38.0, 176.0, 52.0, 38.0, 102, 255, 102
L 176.0, 52.0, 38.0, 184.0, 44.0, 38.0, 102, 255, 102
L 184.0, 44.0, 38.0, 191.0, 44.0, 38.0, 102, 255, 102
L 191.0, 44.0, 38.0, 191.0, 51.0, 38.0, 102, 255, 102
L 191.0, 51.0, 38.0, 183.0, 61.0, 38.0, 102, 255, 102
L 183.0, 61.0, 38.0, 183.0, 68.0, 33.0, 102, 255, 102
L 201.0, 58.0, 22.0, 213.0, 58.0, 22.0, 102, 255, 102
L 217.0, 79.0, 15.0, 214.0, 83.0, 13.0, 102, 255, 102
L 214.0, 83.0, 13.0, 203.0, 93.0, 12.0, 102, 255, 102
L 180.0, 93.0, 6.0, 165.0, 79.0, 1.0, 0, 0, 0
L 165.0, 79.0, 1.0, 158.0, 71.0, 1.0, 0, 0, 0
L 158.0, 71.0, 1.0, 158.0, 71.0, 0.0, 0, 0, 0
L 169.0, 83.0, 1.0, 169.0, 72.0, 1.0, 150, 150, 150
L 171.0, 74.0, 2.0, 171.0, 85.0, 2.0, 150, 150, 150
L 173.0, 87.0, 3.0, 173.0, 75.0, 3.0, 150, 150, 150
L 175.0, 78.0, 4.0, 175.0, 89.0, 4.0, 150, 150, 150
L 177.0, 91.0, 5.0, 177.0, 80.0, 5.0, 150, 150, 150
L 179.0, 82.0, 6.0, 179.0, 93.0, 6.0, 150, 150, 150
L 181.0, 93.0, 7.0, 181.0, 82.0, 7.0, 150, 150, 150
L 183.0, 93.0, 8.0, 180.0, 93.0, 6.0, 0, 0, 0
L 183.0, 82.0, 8.0, 183.0, 93.0, 8.0, 150, 150, 150
L 185.0, 93.0, 9.0, 185.0, 82.0, 9.0, 150, 150, 150
L 187.0, 82.0, 10.0, 187.0, 93.0, 10.0, 150, 150, 150
L 189.0, 93.0, 11.0, 189.0, 82.0, 11.0, 150, 150, 150
L 215.0, 82.0, 13.0, 204.0, 82.0, 13.0, 150, 150, 150
L 217.0, 80.0, 14.0, 206.0, 80.0, 14.0, 150, 150, 150
L 206.0, 78.0, 15.0, 217.0, 78.0, 15.0, 150, 150, 150
L 217.0, 76.0, 16.0, 206.0, 76.0, 16.0, 150, 150, 150
L 206.0, 74.0, 17.0, 217.0, 74.0, 17.0, 150, 150, 150
L 205.0, 72.0, 18.0, 206.0, 74.0, 17.0, 102, 255, 102
L 216.0, 72.0, 18.0, 205.0, 72.0, 18.0, 150, 150, 150
L 204.0, 70.0, 19.0, 215.0, 70.0, 19.0, 150, 150, 150
L 214.0, 68.0, 20.0, 203.0, 68.0, 20.0, 150, 150, 150
L 202.0, 66.0, 21.0, 213.0, 66.0, 21.0, 150, 150, 150
L 152.0, -61.0, -2.0, 159.0, -61.0, -2.0, 150, 150, 150
L 159.0, -63.0, -1.0, 152.0, -63.0, -1.0, 150, 150, 150
L 152.0, -65.0, 0.0, 159.0, -65.0, 0.0, 150, 150, 150
L 159.0, -67.0, 0.0, 152.0, -67.0, 0.0, 150, 150, 150
L 152.0, -69.0, 1.0, 159.0, -69.0, 1.0, 150, 150, 150
L 159.0, -61.0, -2.0, 159.0, -71.0, 2.0, 150, 150, 150
L 159.0, -71.0, 2.0, 159.0, -74.0, 2.0, 0, 0, 0
L 165.0, -74.0, 2.0, 165.0, -92.0, 2.0, 205, 133, 63
L 165.0, -92.0, 2.0, 170.0, -92.0, 2.0, 205, 133, 63
L 170.0, -92.0, 2.0, 170.0, -76.0, 2.0, 205, 133, 63
L 170.0, -76.0, 2.0, 177.0, -84.0, 2.0, 0, 0, 0
L 177.0, -84.0, 2.0, 177.0, -99.0, 2.0, 0, 0, 0
L 177.0, -99.0, 2.0, 141.0, -99.0, 2.0, 0, 0, 0
L 144.0, -102.0, 2.0, 153.0, -102.0, 2.0, 0, 0, 0
L 153.0, -102.0, 2.0, 153.0, -104.0, 2.0, 0, 0, 0
L 156.0, -104.0, 2.0, 156.0, -102.0, 2.0, 0, 0, 0
L 156.0, -102.0, 2.0, 177.0, -102.0, 2.0, 0, 0, 0
L 177.0, -102.0, 2.0, 177.0, -104.0, 2.0, 0, 0, 0
L 177.0, -104.0, 2.0, 180.0, -104.0, 2.0, 0, 0, 0
L 180.0, -104.0, 2.0, 180.0, -102.0, 2.0, 0, 0, 0
L 180.0, -102.0, 2.0, 201.0, -102.0, 2.0, 0, 0, 0
L 201.0, -102.0, 2.0, 201.0, -104.0, 2.0, 0, 0, 0
L 204.0, -104.0, 2.0, 204.0, -100.0, 2.0, 0, 0, 0
L 201.0, -127.0, 32.0, 192.0, -127.0, 32.0, 0, 204, 0
L 133.0, -115.0, 36.0, 133.0, -88.0, 36.0, 0, 204, 0
L 133.0, -88.0, 36.0, 142.0, -88.0, 36.0, 0, 204, 0
L 142.0, -88.0, 36.0, 142.0, -115.0, 36.0, 0, 204, 0
L 142.0, -115.0, 36.0, 141.0, -115.0, 36.0, 0, 204, 0
L 146.0, -99.0, 44.0, 146.0, -90.0, 44.0, 0, 204, 0
L 146.0, -90.0, 44.0, 165.0, -90.0, 44.0, 0, 204, 0
L 165.0, -90.0, 44.0, 165.0, -99.0, 44.0, 0, 204, 0
L 163.0, -116.0, 36.0, 148.0, -116.0, 36.0, 150, 150, 150
L 163.0, -116.0, 36.0, 163.0, -118.0, 36.0, 0, 204, 0
L 169.0, -115.0, 36.0, 169.0, -82.0, 36.0, 0, 204, 0
L 169.0, -82.0, 36.0, 178.0, -82.0, 36.0, 0, 204, 0
L 178.0, -82.0, 36.0, 178.0, -115.0, 36.0, 0, 204, 0
L 192.0, -103.0, 24.0, 192.0, -96.0, 24.0, 0, 204, 0
L 192.0, -77.0, 14.0, 192.0, -68.0, 14.0, 0, 204, 0
L 192.0, -68.0, 14.0, 213.0, -68.0, 14.0, 0, 204, 0
L 213.0, -68.0, 14.0, 213.0, -77.0, 14.0, 0, 204, 0
L 213.0, -133.0, 2.0, 204.0, -133.0, 2.0, 0, 0, 0
L 201.0, -133.0, 2.0, 180.0, -133.0, 2.0, 0, 0, 0
L 177.0, -133.0, 2.0, 156.0, -133.0, 2.0, 0, 0, 0
L 156.0, -133.0, 2.0, 156.0, -131.0, 2.0, 0, 0, 0
L 153.0, -131.0, 2.0, 153.0, -133.0, 2.0, 0, 0, 0
L 153.0, -133.0, 2.0, 144.0, -133.0, 2.0, 0, 0, 0
L 144.0, -133.0, 2.0, 144.0, -121.0, 2.0, 0, 0, 0
L 134.0, -121.0, 2.0, 134.0, -84.0, 2.0, 0, 0, 0
L 134.0, -84.0, 2.0, 141.0, -76.0, 2.0, 0, 0, 0
L 141.0, -76.0, 2.0, 141.0, -91.0, 2.0, 205, 133, 63
L 141.0, -91.0, 2.0, 146.0, -91.0, 2.0, 205, 133, 63
L 146.0, -91.0, 2.0, 146.0, -74.0, 2.0, 205, 133, 63
L 152.0, -74.0, 2.0, 152.0, -71.0, 2.0, 0, 0, 0
L 159.0, -61.0, -2.0, 159.0, -59.0, -3.0, 150, 150, 150
L 192.0, -103.0, 24.0, 201.0, -103.0, 24.0, 150, 150, 150
L 108.0, -203.0, -11.0, 110.0, -203.0, -11.0, 0, 0, 0
L 110.0, -203.0, -11.0, 110.0, -206.0, -11.0, 0, 0, 0
L 110.0, -206.0, -11.0, 106.0, -206.0, -11.0, 0, 0, 0
L 110.0, -213.0, -11.0, 110.0, -216.0, -11.0, 0, 0, 0
L 86.0, -201.0, -11.0, 86.0, -204.0, -11.0, 178, 102, 255
L 86.0, -204.0, -11.0, 82.0, -204.0, -11.0, 178, 102, 255
L 86.0, -201.0, -11.0, 57.0, -201.0, -11.0, 178, 102, 255
L 57.0, -211.0, -11.0, 57.0, -201.0, -11.0, 178, 102, 255
L 48.0, -202.0, -11.0, 48.0, -189.0, -11.0, 178, 102, 255
L 48.0, -202.0, -11.0, 43.0, -202.0, -11.0, 178, 102, 255
L 33.0, -192.0, -11.0, 33.0, -172.0, -11.0, 178, 102, 255
L 36.0, -202.0, -11.0, 36.0, -199.0, -11.0, 178, 102, 255
L 36.0, -199.0, -11.0, 16.0, -199.0, -11.0, 178, 102, 255
L 36.0, -202.0, -11.0, 13.0, -202.0, -11.0, 178, 102, 255
L 13.0, -202.0, -11.0, 13.0, -192.0, -11.0, 178, 102, 255
L 13.0, -223.0, -11.0, 13.0, -211.0, -11.0, 178, 102, 255
L 68.0, -189.0, -11.0, 58.0, -189.0, -11.0, 178, 102, 255
L 68.0, -189.0, -11.0, 68.0, -192.0, -11.0, 178, 102, 255
L 68.0, -192.0, -11.0, 55.0, -192.0, -11.0, 178, 102, 255
L 55.0, -192.0, -11.0, 55.0, -172.0, -11.0, 178, 102, 255
L 75.0, -192.0, -11.0, 75.0, -172.0, -11.0, 178, 102, 255
L 78.0, -192.0, -11.0, 78.0, -172.0, -11.0, 178, 102, 255
L 78.0, -192.0, -11.0, 75.0, -192.0, -11.0, 178, 102, 255
L 85.0, -192.0, -11.0, 85.0, -189.0, -11.0, 178, 102, 255
L 85.0, -189.0, -11.0, 105.0, -189.0, -11.0, 178, 102, 255
L 85.0, -192.0, -11.0, 105.0, -192.0, -11.0, 178, 102, 255
L 84.0, -203.0, 0.0, 84.0, -202.0, 0.0, 0, 0, 0
L 36.0, -141.0, 0.0, 36.0, -120.0, 0.0, 139, 69, 19
L 36.0, -141.0, 0.0, 38.0, -141.0, 0.0, 139, 69, 19
L 60.0, -143.0, -11.0, 60.0, -167.0, -11.0, 0, 0, 0
L 132.0, 251.0, -14.0, 133.0, 251.0, -15.0, 0, 0, 0
L 419.0, 11.0, -25.0, 418.0, 12.0, -10.0, 0, 0, 0
L 466.0, -96.0, -35.0, 443.0, -119.0, -35.0, 0, 0, 255
L 277.0, -209.0, -47.0, 275.0, -215.0, -47.0, 0, 0, 255
L 215.0, 214.0, -3.0, 199.0, 214.0, -3.0, 178, 102, 255
L 69.0, -172.0, 0.0, 99.0, -172.0, 0.0, 0, 0, 0
L 152.0, 128.0, 0.0, 144.0, 123.0, 9.0, 0, 0, 0
L 144.0, 123.0, 9.0, 120.0, 110.0, 2.0, 0, 0, 0
L 120.0, 110.0, 2.0, 94.0, 106.0, 12.0, 0, 0, 0
L 94.0, 106.0, 12.0, 70.0, 131.0, 11.0, 0, 0, 0
L 142.0, 144.0, -11.0, 142.0, 132.0, -11.0, 178, 102, 255
L 142.0, 132.0, -11.0, 142.0, 111.0, -1.0, 178, 102, 255
L 142.0, 111.0, -1.0, 140.0, 111.0, -1.0, 178, 102, 255
L 134.0, 111.0, -1.0, 132.0, 111.0, -1.0, 178, 102, 255
L 132.0, 111.0, -1.0, 132.0, 132.0, -11.0, 178, 102, 255
L 158.0, 133.0, 0.0, 156.0, 106.0, 0.0, 150, 150, 150
L 144.0, 106.0, 0.0, 156.0, 106.0, 0.0, 150, 150, 150
L 144.0, 106.0, 0.0, 144.0, 104.0, 0.0, 150, 150, 150
L 142.0, 104.0, 0.0, 144.0, 104.0, 0.0, 150, 150, 150
L 133.0, 104.0, 0.0, 130.0, 104.0, 0.0, 150, 150, 150
L 130.0, 104.0, 0.0, 130.0, 106.0, 0.0, 150, 150, 150
L 130.0, 106.0, 0.0, 118.0, 106.0, 0.0, 150, 150, 150
L 118.0, 106.0, 0.0, 120.0, 110.0, 2.0, 150, 150, 150
L 240.0, -216.0, 0.0, 251.0, -216.0, 0.0, 0, 0, 0
L 263.0, -179.0, 0.0, 251.0, -216.0, 0.0, 0, 0, 0
L 204.0, 53.0, 0.0, 198.0, 46.0, 0.0, 0, 0, 0
L 198.0, 46.0, 0.0, 194.0, 46.0, 0.0, 0, 0, 0
L 194.0, 46.0, 0.0, 194.0, 52.0, 0.0, 0, 0, 0
L 194.0, 52.0, 0.0, 199.0, 57.0, 0.0, 0, 0, 0
L 199.0, 57.0, 0.0, 204.0, 57.0, 0.0, 0, 0, 0
L 204.0, 57.0, 0.0, 204.0, 53.0, 0.0, 0, 0, 0
L 188.0, 46.0, 0.0, 188.0, 52.0, 0.0, 0, 0, 0
L 188.0, 46.0, 0.0, 185.0, 46.0, 0.0, 0, 0, 0
L 185.0, 46.0, 0.0, 178.0, 53.0, 0.0, 0, 0, 0
L 178.0, 53.0, 0.0, 178.0, 57.0, 0.0, 0, 0, 0
L 178.0, 57.0, 0.0, 184.0, 57.0, 0.0, 0, 0, 0
L 184.0, 57.0, 0.0, 188.0, 52.0, 0.0, 0, 0, 0
L 184.0, 62.0, 0.0, 178.0, 62.0, 0.0, 0, 0, 0
L 178.0, 62.0, 0.0, 178.0, 66.0, 0.0, 0, 0, 0
L 178.0, 66.0, 0.0, 185.0, 73.0, 0.0, 0, 0, 0
L 185.0, 73.0, 0.0, 188.0, 73.0, 0.0, 0, 0, 0
L 188.0, 73.0, 0.0, 188.0, 67.0, 0.0, 0, 0, 0
L 188.0, 67.0, 0.0, 184.0, 62.0, 0.0, 0, 0, 0
L 194.0, 67.0, 0.0, 194.0, 73.0, 0.0, 0, 0, 0
L 194.0, 73.0, 0.0, 198.0, 73.0, 0.0, 0, 0, 0
L 198.0, 73.0, 0.0, 204.0, 66.0, 0.0, 0, 0, 0
L 204.0, 66.0, 0.0, 204.0, 62.0, 0.0, 0, 0, 0
L 204.0, 62.0, 0.0, 199.0, 62.0, 0.0, 0, 0, 0
L 199.0, 62.0, 0.0, 194.0, 67.0, 0.0, 0, 0, 0
L 294.0, 360.0, 0.0, 276.0, 360.0, 0.0, 0, 0, 0
L -83.0, 59.0, 0.0, -83.0, 70.0, 0.0, 0, 0, 0
L -83.0, 70.0, 0.0, -83.0, 81.0, 0.0, 0, 0, 0
L -60.0, 70.0, 0.0, -60.0, 23.0, 0.0, 0, 0, 0
L -83.0, 70.0, 0.0, -60.0, 70.0, 0.0, 199, 21, 133
L 410.0, -385.0, -5.0, 410.0, -383.0, -5.0, 0, 0, 0
L 419.0, -386.0, -5.0, 417.0, -385.0, -5.0, 0, 0, 0
L 417.0, -385.0, -5.0, 417.0, -383.0, -5.0, 0, 0, 0
L 408.0, -381.0, -5.0, 410.0, -381.0, -5.0, 0, 0, 0
L 417.0, -381.0, -5.0, 419.0, -381.0, -5.0, 0, 0, 0
L 412.0, -385.0, -5.0, 415.0, -385.0, -5.0, 205, 133, 63
L 412.0, -381.0, -5.0, 415.0, -381.0, -5.0, 205, 133, 63
L 417.0, -383.0, -5.0, 417.0, -381.0, -5.0, 0, 0, 0
L 410.0, -383.0, -5.0, 410.0, -381.0, -5.0, 0, 0, 0
L 417.0, -383.0, -5.0, 415.0, -383.0, -5.0, 205, 133, 63
L 412.0, -385.0, -5.0, 412.0, -383.0, -5.0, 205, 133, 63
L 412.0, -383.0, -5.0, 410.0, -383.0, -5.0, 205, 133, 63
L 412.0, -383.0, -5.0, 412.0, -381.0, -5.0, 205, 133, 63
L 415.0, -381.0, -5.0, 415.0, -383.0, -5.0, 205, 133, 63
L 415.0, -383.0, -5.0, 415.0, -385.0, -5.0, 205, 133, 63
L 397.0, -359.0, -5.0, 397.0, -371.0, -5.0, 0, 0, 0
L 408.0, -381.0, -5.0, 398.0, -371.0, -5.0, 0, 0, 0
L 398.0, -371.0, -5.0, 397.0, -371.0, -5.0, 0, 0, 0
L 429.0, -359.0, -5.0, 429.0, -371.0, -5.0, 0, 0, 0
L 429.0, -371.0, -5.0, 419.0, -381.0, -5.0, 0, 0, 0
L 393.0, -350.0, -5.0, 393.0, -332.0, -5.0, 0, 0, 0
L 393.0, -332.0, -5.0, 370.0, -332.0, -5.0, 0, 0, 0
L 362.0, -409.0, -7.0, 362.0, -419.0, -7.0, 0, 0, 0
L 427.0, -441.0, -3.0, 427.0, -443.0, -3.0, 205, 133, 63
L 423.0, -446.0, -3.0, 423.0, -443.0, -3.0, 205, 133, 63
L 380.0, -511.0, -3.0, 409.0, -511.0, -3.0, 0, 0, 0
L 410.0, -455.0, -3.0, 410.0, -481.0, -3.0, 0, 0, 0
L 419.0, -446.0, -3.0, 410.0, -455.0, -3.0, 0, 0, 0
L 409.0, -511.0, -3.0, 409.0, -491.0, -3.0, 0, 0, 0
L 441.0, -481.0, -3.0, 441.0, -455.0, -3.0, 0, 0, 0
L 431.0, -441.0, -3.0, 431.0, -431.0, -3.0, 0, 0, 0
L 421.0, -446.0, -3.0, 421.0, -443.0, -3.0, 0, 0, 0
L 441.0, -455.0, -3.0, 431.0, -446.0, -3.0, 0, 0, 0
L 421.0, -446.0, -3.0, 419.0, -446.0, -3.0, 0, 0, 0
L 429.0, -446.0, -3.0, 429.0, -443.0, -3.0, 0, 0, 0
L 429.0, -446.0, -3.0, 431.0, -446.0, -3.0, 0, 0, 0
L 429.0, -441.0, -3.0, 431.0, -441.0, -3.0, 0, 0, 0
L 423.0, -441.0, -3.0, 427.0, -441.0, -3.0, 205, 133, 63
L 423.0, -446.0, -3.0, 427.0, -446.0, -3.0, 205, 133, 63
L 429.0, -443.0, -3.0, 429.0, -441.0, -3.0, 0, 0, 0
L 427.0, -443.0, -3.0, 427.0, -446.0, -3.0, 205, 133, 63
L 429.0, -443.0, -3.0, 427.0, -443.0, -3.0, 205, 133, 63
L 423.0, -443.0, -3.0, 423.0, -441.0, -3.0, 205, 133, 63
L 421.0, -443.0, -3.0, 421.0, -441.0, -3.0, 0, 0, 0
L 423.0, -443.0, -3.0, 421.0, -443.0, -3.0, 205, 133, 63
L 409.0, -491.0, -3.0, 419.0, -491.0, -3.0, 0, 0, 0
L 410.0, -481.0, -3.0, 380.0, -481.0, -3.0, 0, 0, 0
L 380.0, -511.0, -3.0, 380.0, -481.0, -3.0, 0, 0, 0
L 419.0, -491.0, -3.0, 419.0, -481.0, -3.0, 0, 0, 0
L 441.0, -481.0, -3.0, 419.0, -481.0, -3.0, 0, 0, 0
L 408.0, -386.0, -5.0, 408.0, -420.0, -5.0, 0, 0, 0
L 421.0, -441.0, -3.0, 419.0, -441.0, -5.0, 0, 0, 0
L 419.0, -386.0, -5.0, 419.0, -420.0, -5.0, 0, 0, 0
L 408.0, -431.0, -5.0, 419.0, -431.0, -5.0, 0, 0, 0
L 419.0, -431.0, -5.0, 419.0, -441.0, -5.0, 0, 0, 0
L 393.0, -431.0, -7.0, 393.0, -429.0, -7.0, 0, 0, 0
L 393.0, -422.0, -7.0, 393.0, -419.0, -7.0, 0, 0, 0
L 393.0, -419.0, -7.0, 383.0, -410.0, -7.0, 0, 0, 0
L 383.0, -441.0, -7.0, 393.0, -431.0, -7.0, 0, 0, 0
L 398.0, -429.0, -7.0, 398.0, -431.0, -7.0, 0, 0, 0
L 398.0, -420.0, -7.0, 408.0, -420.0, -5.0, 0, 0, 0
L 398.0, -431.0, -7.0, 408.0, -431.0, -5.0, 0, 0, 0
L 398.0, -422.0, -7.0, 398.0, -420.0, -7.0, 0, 0, 0
L 393.0, -422.0, -7.0, 396.0, -422.0, -7.0, 0, 0, 0
L 393.0, -429.0, -7.0, 396.0, -429.0, -7.0, 0, 0, 0
L 396.0, -429.0, -7.0, 398.0, -429.0, -7.0, 0, 0, 0
L 396.0, -422.0, -7.0, 398.0, -422.0, -7.0, 0, 0, 0
L 396.0, -429.0, -7.0, 396.0, -427.0, -7.0, 205, 133, 63
L 398.0, -427.0, -7.0, 398.0, -423.0, -7.0, 205, 133, 63
L 393.0, -423.0, -7.0, 393.0, -427.0, -7.0, 205, 133, 63
L 393.0, -427.0, -7.0, 396.0, -427.0, -7.0, 205, 133, 63
L 396.0, -427.0, -7.0, 398.0, -427.0, -7.0, 205, 133, 63
L 398.0, -423.0, -7.0, 396.0, -423.0, -7.0, 205, 133, 63
L 396.0, -423.0, -7.0, 396.0, -422.0, -7.0, 205, 133, 63
L 396.0, -423.0, -7.0, 393.0, -423.0, -7.0, 205, 133, 63
L 228.0, -192.0, 0.0, 204.0, -192.0, 0.0, 0, 0, 0
L 200.0, -187.0, 0.0, 204.0, -192.0, 0.0, 0, 0, 0
L 228.0, -192.0, 0.0, 228.0, -197.0, 0.0, 0, 0, 0
L 230.0, -197.0, 0.0, 228.0, -197.0, 0.0, 0, 0, 0
L 232.0, -200.0, 0.0, 235.0, -200.0, 0.0, 205, 133, 63
L 232.0, -197.0, 0.0, 235.0, -197.0, 0.0, 205, 133, 63
L 230.0, -198.0, 0.0, 230.0, -200.0, 0.0, 0, 0, 0
L 230.0, -198.0, 0.0, 232.0, -198.0, 0.0, 205, 133, 63
L 235.0, -200.0, 0.0, 235.0, -198.0, 0.0, 205, 133, 63
L 235.0, -198.0, 0.0, 237.0, -198.0, 0.0, 205, 133, 63
L 235.0, -198.0, 0.0, 235.0, -197.0, 0.0, 205, 133, 63
L 232.0, -197.0, 0.0, 232.0, -198.0, 0.0, 205, 133, 63
L 232.0, -198.0, 0.0, 232.0, -200.0, 0.0, 205, 133, 63
L 222.0, -200.0, 0.0, 217.0, -200.0, 0.0, 0, 0, 0
L 225.0, -254.0, 0.0, 225.0, -252.0, 0.0, 0, 0, 0
L 215.0, -254.0, 0.0, 215.0, -251.0, 0.0, 0, 0, 0
L 218.0, -254.0, 0.0, 218.0, -252.0, 0.0, 0, 0, 0
L 218.0, -254.0, 0.0, 215.0, -254.0, 0.0, 0, 0, 0
L 225.0, -254.0, 0.0, 228.0, -254.0, 0.0, 0, 0, 0
L 220.0, -249.0, 0.0, 223.0, -249.0, 0.0, 205, 133, 63
L 223.0, -254.0, 0.0, 220.0, -254.0, 0.0, 205, 133, 63
L 225.0, -252.0, 0.0, 225.0, -249.0, 0.0, 0, 0, 0
L 218.0, -252.0, 0.0, 218.0, -249.0, 0.0, 0, 0, 0
L 225.0, -252.0, 0.0, 223.0, -252.0, 0.0, 205, 133, 63
L 220.0, -254.0, 0.0, 220.0, -252.0, 0.0, 205, 133, 63
L 220.0, -252.0, 0.0, 218.0, -252.0, 0.0, 205, 133, 63
L 220.0, -252.0, 0.0, 220.0, -249.0, 0.0, 205, 133, 63
L 223.0, -249.0, 0.0, 223.0, -252.0, 0.0, 205, 133, 63
L 223.0, -252.0, 0.0, 223.0, -254.0, 0.0, 205, 133, 63
L 105.0, -189.0, -11.0, 105.0, -172.0, -11.0, 178, 102, 255
L 78.0, -172.0, -11.0, 105.0, -172.0, -11.0, 178, 102, 255
L 60.0, -167.0, -11.0, 108.0, -167.0, -11.0, 0, 0, 0
L 106.0, -213.0, -11.0, 110.0, -213.0, -11.0, 0, 0, 0
L 105.0, -208.0, -11.0, 105.0, -211.0, -11.0, 205, 133, 63
L 107.0, -208.0, -11.0, 107.0, -211.0, -11.0, 205, 133, 63
L 106.0, -206.0, -11.0, 105.0, -206.0, -11.0, 178, 102, 255
L 106.0, -206.0, -11.0, 106.0, -208.0, -11.0, 205, 133, 63
L 105.0, -211.0, -11.0, 106.0, -211.0, -11.0, 205, 133, 63
L 106.0, -211.0, -11.0, 106.0, -213.0, -11.0, 205, 133, 63
L 106.0, -211.0, -11.0, 107.0, -211.0, -11.0, 205, 133, 63
L 105.0, -208.0, -11.0, 106.0, -208.0, -11.0, 205, 133, 63
L 106.0, -208.0, -11.0, 107.0, -208.0, -11.0, 205, 133, 63
L 108.0, -167.0, -11.0, 108.0, -203.0, -11.0, 0, 0, 0
L 35.0, -120.0, -11.0, 35.0, -85.0, -11.0, 150, 150, 150
L 38.0, -156.0, 0.0, 38.0, -153.0, 0.0, 0, 0, 0
L 172.0, 239.0, -13.0, 175.0, 243.0, -13.0, 178, 102, 255
L 410.0, 236.0, -15.0, 407.0, 236.0, -15.0, 0, 0, 0
L 409.0, 212.0, -15.0, 398.0, 212.0, -15.0, 0, 0, 0
L 429.0, 226.0, -15.0, 410.0, 226.0, -15.0, 0, 0, 0
L 398.0, 243.0, -15.0, 429.0, 243.0, -15.0, 0, 0, 0
L 407.0, 236.0, -15.0, 407.0, 219.0, -15.0, 0, 0, 0
L 429.0, 219.0, -15.0, 429.0, 200.0, -15.0, 0, 0, 0
L 429.0, 243.0, -15.0, 429.0, 226.0, -15.0, 0, 0, 0
L 410.0, 226.0, -15.0, 410.0, 236.0, -15.0, 0, 0, 0
L 407.0, 219.0, -15.0, 429.0, 219.0, -15.0, 0, 0, 0
L 205.0, 158.0, 0.0, 201.0, 158.0, 0.0, 0, 0, 0
L 206.0, 163.0, 0.0, 206.0, 160.0, 0.0, 205, 133, 63
L 203.0, 163.0, 0.0, 203.0, 160.0, 0.0, 205, 133, 63
L 205.0, 165.0, 0.0, 206.0, 165.0, 0.0, 0, 0, 0
L 205.0, 165.0, 0.0, 205.0, 163.0, 0.0, 205, 133, 63
L 206.0, 160.0, 0.0, 205.0, 160.0, 0.0, 205, 133, 63
L 205.0, 160.0, 0.0, 205.0, 158.0, 0.0, 205, 133, 63
L 205.0, 160.0, 0.0, 203.0, 160.0, 0.0, 205, 133, 63
L 206.0, 163.0, 0.0, 205.0, 163.0, 0.0, 205, 133, 63
L 205.0, 163.0, 0.0, 203.0, 163.0, 0.0, 205, 133, 63
L 153.0, 213.0, -19.0, 155.0, 213.0, -19.0, 178, 102, 255
L 156.0, 213.0, -19.0, 167.0, 213.0, -18.0, 178, 102, 255
L 156.0, 208.0, -19.0, 156.0, 211.0, -19.0, 205, 133, 63
L 153.0, 211.0, -19.0, 153.0, 208.0, -19.0, 205, 133, 63
L 155.0, 213.0, -19.0, 156.0, 213.0, -19.0, 178, 102, 255
L 155.0, 206.0, -19.0, 153.0, 206.0, -19.0, 178, 102, 255
L 155.0, 213.0, -19.0, 155.0, 211.0, -19.0, 205, 133, 63
L 156.0, 208.0, -19.0, 155.0, 208.0, -19.0, 205, 133, 63
L 155.0, 208.0, -19.0, 155.0, 206.0, -19.0, 205, 133, 63
L 155.0, 208.0, -19.0, 153.0, 208.0, -19.0, 205, 133, 63
L 153.0, 211.0, -19.0, 155.0, 211.0, -19.0, 205, 133, 63
L 155.0, 211.0, -19.0, 156.0, 211.0, -19.0, 205, 133, 63
L 110.0, 242.0, -19.0, 110.0, 239.0, -19.0, 178, 102, 255
L 119.0, 242.0, -19.0, 117.0, 242.0, -19.0, 178, 102, 255
L 108.0, 242.0, -19.0, 110.0, 242.0, -19.0, 178, 102, 255
L 117.0, 237.0, -19.0, 117.0, 239.0, -19.0, 178, 102, 255
L 117.0, 239.0, -19.0, 117.0, 242.0, -19.0, 178, 102, 255
L 110.0, 239.0, -19.0, 110.0, 237.0, -19.0, 178, 102, 255
L 117.0, 239.0, -19.0, 115.0, 239.0, -19.0, 205, 133, 63
L 112.0, 237.0, -19.0, 115.0, 237.0, -19.0, 205, 133, 63
L 112.0, 242.0, -19.0, 115.0, 242.0, -19.0, 205, 133, 63
L 115.0, 242.0, -19.0, 115.0, 239.0, -19.0, 205, 133, 63
L 115.0, 239.0, -19.0, 115.0, 237.0, -19.0, 205, 133, 63
L 112.0, 237.0, -19.0, 112.0, 239.0, -19.0, 205, 133, 63
L 112.0, 239.0, -19.0, 110.0, 239.0, -19.0, 205, 133, 63
L 112.0, 239.0, -19.0, 112.0, 242.0, -19.0, 205, 133, 63
L 93.0, 225.0, -22.0, 96.0, 225.0, -22.0, 178, 102, 255
L 98.0, 218.0, -22.0, 96.0, 218.0, -22.0, 178, 102, 255
L 93.0, 218.0, -22.0, 83.0, 206.0, -23.0, 178, 102, 255
L 98.0, 223.0, -22.0, 98.0, 220.0, -22.0, 205, 133, 63
L 93.0, 223.0, -22.0, 93.0, 220.0, -22.0, 205, 133, 63
L 96.0, 218.0, -22.0, 93.0, 218.0, -22.0, 178, 102, 255
L 96.0, 225.0, -22.0, 98.0, 225.0, -22.0, 178, 102, 255
L 96.0, 218.0, -22.0, 96.0, 220.0, -22.0, 205, 133, 63
L 98.0, 223.0, -22.0, 96.0, 223.0, -22.0, 205, 133, 63
L 96.0, 223.0, -22.0, 96.0, 225.0, -22.0, 205, 133, 63
L 96.0, 223.0, -22.0, 93.0, 223.0, -22.0, 205, 133, 63
L 98.0, 220.0, -22.0, 96.0, 220.0, -22.0, 205, 133, 63
L 96.0, 220.0, -22.0, 93.0, 220.0, -22.0, 205, 133, 63
L 130.0, 177.0, -21.0, 130.0, 179.0, -21.0, 178, 102, 255
L 122.0, 182.0, -21.0, 122.0, 179.0, -21.0, 178, 102, 255
L 122.0, 179.0, -21.0, 122.0, 177.0, -21.0, 178, 102, 255
L 130.0, 179.0, -21.0, 130.0, 182.0, -21.0, 178, 102, 255
L 122.0, 179.0, -21.0, 124.0, 179.0, -21.0, 205, 133, 63
L 128.0, 177.0, -21.0, 124.0, 177.0, -21.0, 205, 133, 63
L 124.0, 182.0, -21.0, 128.0, 182.0, -21.0, 205, 133, 63
L 124.0, 182.0, -21.0, 124.0, 179.0, -21.0, 205, 133, 63
L 124.0, 179.0, -21.0, 124.0, 177.0, -21.0, 205, 133, 63
L 128.0, 177.0, -21.0, 128.0, 179.0, -21.0, 205, 133, 63
L 128.0, 179.0, -21.0, 130.0, 179.0, -21.0, 205, 133, 63
L 128.0, 179.0, -21.0, 128.0, 182.0, -21.0, 205, 133, 63
L 158.0, 133.0, 0.0, 152.0, 128.0, 0.0, 0, 0, 0
L 134.0, 105.0, 0.0, 134.0, 107.0, 0.0, 178, 102, 255
L 141.0, 105.0, 0.0, 141.0, 107.0, 0.0, 178, 102, 255
L 134.0, 111.0, -1.0, 134.0, 109.0, 0.0, 178, 102, 255
L 140.0, 111.0, -1.0, 141.0, 109.0, 0.0, 178, 102, 255
L 133.0, 104.0, 0.0, 134.0, 105.0, 0.0, 150, 150, 150
L 141.0, 105.0, 0.0, 142.0, 104.0, 0.0, 150, 150, 150
L 141.0, 107.0, 0.0, 141.0, 109.0, 0.0, 178, 102, 255
L 134.0, 107.0, 0.0, 134.0, 109.0, 0.0, 178, 102, 255
L 141.0, 107.0, 0.0, 139.0, 107.0, 0.0, 205, 133, 63
L 139.0, 109.0, 0.0, 136.0, 109.0, 0.0, 205, 133, 63
L 136.0, 105.0, 0.0, 139.0, 105.0, 0.0, 205, 133, 63
L 136.0, 105.0, 0.0, 136.0, 107.0, 0.0, 205, 133, 63
L 136.0, 107.0, 0.0, 134.0, 107.0, 0.0, 205, 133, 63
L 136.0, 107.0, 0.0, 136.0, 109.0, 0.0, 205, 133, 63
L 139.0, 109.0, 0.0, 139.0, 107.0, 0.0, 205, 133, 63
L 139.0, 107.0, 0.0, 139.0, 105.0, 0.0, 205, 133, 63
L 60.0, -143.0, 0.0, 83.0, -143.0, 0.0, 139, 69, 19
L 60.0, -120.0, 0.0, 36.0, -120.0, 0.0, 139, 69, 19
L 38.0, -143.0, 0.0, 38.0, -153.0, 0.0, 0, 0, 0
L 43.0, -146.0, 0.0, 40.0, -146.0, 0.0, 205, 133, 63
L 43.0, -141.0, 0.0, 40.0, -141.0, 0.0, 205, 133, 63
L 45.0, -143.0, 0.0, 45.0, -141.0, 0.0, 0, 0, 0
L 45.0, -143.0, 0.0, 43.0, -143.0, 0.0, 205, 133, 63
L 40.0, -146.0, 0.0, 40.0, -143.0, 0.0, 205, 133, 63
L 40.0, -143.0, 0.0, 38.0, -143.0, 0.0, 205, 133, 63
L 40.0, -143.0, 0.0, 40.0, -141.0, 0.0, 205, 133, 63
L 43.0, -141.0, 0.0, 43.0, -143.0, 0.0, 205, 133, 63
L 43.0, -143.0, 0.0, 43.0, -146.0, 0.0, 205, 133, 63
L 83.0, -143.0, 0.0, 83.0, -146.0, 0.0, 139, 69, 19
L 83.0, -146.0, 0.0, 83.0, -156.0, 0.0, 139, 69, 19
L 107.0, -156.0, 0.0, 83.0, -156.0, 0.0, 139, 69, 19
L 69.0, -170.0, 0.0, 69.0, -165.0, 0.0, 0, 0, 0
L 64.0, -168.0, 0.0, 67.0, -168.0, 0.0, 205, 133, 63
L 64.0, -172.0, 0.0, 67.0, -172.0, 0.0, 205, 133, 63
L 62.0, -170.0, 0.0, 62.0, -172.0, 0.0, 0, 0, 0
L 62.0, -170.0, 0.0, 64.0, -170.0, 0.0, 205, 133, 63
L 67.0, -168.0, 0.0, 67.0, -170.0, 0.0, 205, 133, 63
L 67.0, -170.0, 0.0, 69.0, -170.0, 0.0, 205, 133, 63
L 67.0, -170.0, 0.0, 67.0, -172.0, 0.0, 205, 133, 63
L 64.0, -168.0, 0.0, 64.0, -170.0, 0.0, 205, 133, 63
L 64.0, -170.0, 0.0, 64.0, -172.0, 0.0, 205, 133, 63
L 38.0, -213.0, 0.0, 60.0, -213.0, 0.0, 0, 0, 0
L 60.0, -202.0, 0.0, 60.0, -204.0, 0.0, 0, 0, 0
L 60.0, -204.0, 0.0, 60.0, -213.0, 0.0, 150, 150, 150
L 60.0, -204.0, 0.0, 62.0, -204.0, 0.0, 178, 102, 255
L 60.0, -213.0, 0.0, 62.0, -213.0, 0.0, 178, 102, 255
L 82.0, -213.0, -11.0, 82.0, -204.0, -11.0, 155, 155, 155
L 71.0, -204.0, -5.0, 73.0, -204.0, -6.0, 178, 102, 255
L 71.0, -213.0, -5.0, 73.0, -213.0, -6.0, 178, 102, 255
L 71.0, -204.0, -5.0, 71.0, -213.0, -5.0, 155, 155, 155
L 65.0, -204.0, -2.0, 68.0, -204.0, -3.0, 178, 102, 255
L 65.0, -213.0, -2.0, 68.0, -213.0, -3.0, 178, 102, 255
L 65.0, -204.0, -2.0, 65.0, -213.0, -2.0, 155, 155, 155
L 76.0, -213.0, -8.0, 79.0, -213.0, -9.0, 178, 102, 255
L 76.0, -204.0, -8.0, 79.0, -204.0, -9.0, 178, 102, 255
L 76.0, -213.0, -8.0, 76.0, -204.0, -8.0, 155, 155, 155
L 73.0, -204.0, -6.0, 76.0, -204.0, -8.0, 178, 102, 255
L 73.0, -213.0, -6.0, 76.0, -213.0, -8.0, 178, 102, 255
L 73.0, -204.0, -6.0, 73.0, -213.0, -6.0, 155, 155, 155
L 68.0, -213.0, -3.0, 71.0, -213.0, -5.0, 178, 102, 255
L 68.0, -204.0, -3.0, 71.0, -204.0, -5.0, 178, 102, 255
L 68.0, -213.0, -3.0, 68.0, -204.0, -3.0, 155, 155, 155
L 62.0, -204.0, 0.0, 65.0, -204.0, -2.0, 178, 102, 255
L 62.0, -213.0, 0.0, 65.0, -213.0, -2.0, 178, 102, 255
L 62.0, -204.0, 0.0, 62.0, -213.0, 0.0, 155, 155, 155
L 79.0, -213.0, -9.0, 82.0, -213.0, -11.0, 178, 102, 255
L 79.0, -204.0, -9.0, 82.0, -204.0, -11.0, 178, 102, 255
L 79.0, -213.0, -9.0, 79.0, -204.0, -9.0, 155, 155, 155
L 155.0, -251.0, 0.0, 143.0, -215.0, 0.0, 150, 150, 150
L 143.0, -215.0, -11.0, 155.0, -251.0, 0.0, 150, 150, 150
L 143.0, -251.0, -11.0, 155.0, -251.0, 0.0, 0, 0, 0
L 168.0, -287.0, 0.0, 155.0, -251.0, 0.0, 0, 0, 0
L 143.0, -215.0, 0.0, 143.0, -203.0, 0.0, 150, 150, 150
L 143.0, -203.0, -11.0, 143.0, -215.0, -11.0, 150, 150, 150
L 143.0, -203.0, 0.0, 131.0, -180.0, 0.0, 150, 150, 150
L 131.0, -180.0, -11.0, 143.0, -203.0, -11.0, 150, 150, 150
L 131.0, -180.0, 0.0, 119.0, -168.0, 0.0, 150, 150, 150
L 119.0, -168.0, -11.0, 131.0, -180.0, -11.0, 150, 150, 150
L 119.0, -168.0, 0.0, 119.0, -155.0, 0.0, 150, 150, 150
L 119.0, -168.0, -11.0, 119.0, -155.0, -11.0, 150, 150, 150
L 119.0, -155.0, 0.0, 107.0, -144.0, 0.0, 150, 150, 150
L 107.0, -144.0, -11.0, 119.0, -155.0, -11.0, 150, 150, 150
L 107.0, -144.0, 0.0, 94.0, -143.0, 0.0, 150, 150, 150
L 107.0, -144.0, -11.0, 94.0, -143.0, -11.0, 150, 150, 150
L 94.0, -143.0, 0.0, 84.0, -132.0, 0.0, 150, 150, 150
L 94.0, -143.0, -11.0, 84.0, -132.0, -11.0, 150, 150, 150
L 84.0, -132.0, -11.0, 59.0, -120.0, -11.0, 150, 150, 150
L 84.0, -132.0, 0.0, 60.0, -120.0, 0.0, 150, 150, 150
L 60.0, -143.0, 0.0, 60.0, -120.0, 0.0, 139, 69, 19
L 131.0, -205.0, -6.0, 133.0, -205.0, -5.0, 150, 150, 150
L 131.0, -214.0, -6.0, 125.0, -214.0, -9.0, 150, 150, 150
L 131.0, -205.0, -6.0, 131.0, -214.0, -6.0, 150, 150, 150
L 174.0, 71.0, 0.0, 169.0, 71.0, 0.0, 0, 0, 0
L 169.0, 47.0, 0.0, 169.0, 71.0, 0.0, 205, 133, 63
L 158.0, 58.0, 0.0, 158.0, 61.0, 0.0, 205, 133, 63
L 153.0, 58.0, 0.0, 153.0, 61.0, 0.0, 205, 133, 63
L 155.0, 63.0, 0.0, 158.0, 63.0, 0.0, 0, 0, 0
L 155.0, 56.0, 0.0, 153.0, 56.0, 0.0, 0, 0, 0
L 155.0, 63.0, 0.0, 155.0, 61.0, 0.0, 205, 133, 63
L 158.0, 58.0, 0.0, 155.0, 58.0, 0.0, 205, 133, 63
L 155.0, 58.0, 0.0, 155.0, 56.0, 0.0, 205, 133, 63
L 155.0, 58.0, 0.0, 153.0, 58.0, 0.0, 205, 133, 63
L 158.0, 61.0, 0.0, 155.0, 61.0, 0.0, 205, 133, 63
L 155.0, 61.0, 0.0, 153.0, 61.0, 0.0, 205, 133, 63
L 190.0, 26.0, 0.0, 193.0, 26.0, 0.0, 205, 133, 63
L 190.0, 21.0, 0.0, 193.0, 21.0, 0.0, 205, 133, 63
L 188.0, 24.0, 0.0, 188.0, 21.0, 0.0, 0, 0, 0
L 195.0, 24.0, 0.0, 195.0, 21.0, 0.0, 0, 0, 0
L 188.0, 24.0, 0.0, 190.0, 24.0, 0.0, 205, 133, 63
L 193.0, 26.0, 0.0, 193.0, 24.0, 0.0, 205, 133, 63
L 193.0, 24.0, 0.0, 195.0, 24.0, 0.0, 205, 133, 63
L 193.0, 24.0, 0.0, 193.0, 21.0, 0.0, 205, 133, 63
L 190.0, 21.0, 0.0, 190.0, 24.0, 0.0, 205, 133, 63
L 190.0, 24.0, 0.0, 190.0, 26.0, 0.0, 205, 133, 63
L 203.0, 82.0, 0.0, 203.0, 77.0, 0.0, 0, 0, 0
L 158.0, 71.0, 12.0, 167.0, 71.0, 12.0, 0, 204, 0
L 172.0, 71.0, 12.0, 172.0, 48.0, 12.0, 205, 133, 63
L 167.0, 71.0, 12.0, 172.0, 71.0, 12.0, 0, 0, 0
L 369.0, -14.0, -3.0, 383.0, -14.0, -3.0, 0, 0, 0
L 336.0, -21.0, -3.0, 326.0, -21.0, -3.0, 0, 0, 0
L 323.0, 0.0, -3.0, 323.0, -36.0, -3.0, 0, 0, 0
L 372.0, 0.0, -3.0, 323.0, 0.0, -3.0, 0, 0, 0
L 360.0, -24.0, -3.0, 360.0, -36.0, -3.0, 0, 0, 0
L 345.0, -38.0, -3.0, 348.0, -38.0, -3.0, 0, 0, 0
L 345.0, -38.0, -3.0, 345.0, -37.0, -3.0, 0, 0, 0
L 347.0, -11.0, -3.0, 352.0, -11.0, -3.0, 205, 133, 63
L 336.0, -33.0, -3.0, 338.0, -33.0, -3.0, 0, 0, 0
L 348.0, -36.0, -3.0, 348.0, -38.0, -3.0, 0, 0, 0
L 335.0, -36.0, -3.0, 323.0, -36.0, -3.0, 0, 0, 0
L 335.0, -36.0, -3.0, 335.0, -38.0, -3.0, 0, 0, 0
L 338.0, -33.0, -3.0, 338.0, -37.0, -3.0, 0, 0, 0
L 336.0, -21.0, -3.0, 336.0, -33.0, -3.0, 0, 0, 0
L 347.0, -33.0, -3.0, 345.0, -33.0, -3.0, 0, 0, 0
L 372.0, -11.0, -3.0, 372.0, 0.0, -3.0, 0, 0, 0
L 335.0, -38.0, -3.0, 338.0, -38.0, -3.0, 0, 0, 0
L 326.0, -2.0, -3.0, 369.0, -2.0, -3.0, 0, 0, 0
L 369.0, -2.0, -3.0, 369.0, -14.0, -3.0, 0, 0, 0
L 326.0, -21.0, -3.0, 326.0, -2.0, -3.0, 0, 0, 0
L 386.0, -21.0, -3.0, 383.0, -21.0, -3.0, 0, 0, 0
L 348.0, -36.0, -3.0, 360.0, -36.0, -3.0, 0, 0, 0
L 352.0, -21.0, -3.0, 352.0, -11.0, -3.0, 205, 133, 63
L 347.0, -11.0, -3.0, 347.0, -21.0, -3.0, 205, 133, 63
L 345.0, -37.0, -3.0, 345.0, -33.0, -3.0, 0, 0, 0
L 345.0, -37.0, -3.0, 343.0, -37.0, -3.0, 205, 133, 63
L 386.0, -14.0, -3.0, 386.0, -13.0, -3.0, 0, 0, 0
L 338.0, -37.0, -3.0, 338.0, -38.0, -3.0, 0, 0, 0
L 386.0, -13.0, -3.0, 386.0, -12.0, -3.0, 0, 0, 0
L 343.0, -38.0, -3.0, 340.0, -38.0, -3.0, 205, 133, 63
L 343.0, -36.0, -3.0, 340.0, -36.0, -3.0, 205, 133, 63
L 352.0, -21.0, -3.0, 347.0, -21.0, -3.0, 0, 0, 0
L 347.0, -21.0, -3.0, 347.0, -33.0, -3.0, 0, 0, 0
L 340.0, -37.0, -3.0, 338.0, -37.0, -3.0, 205, 133, 63
L 343.0, -36.0, -3.0, 343.0, -38.0, -3.0, 205, 133, 63
L 340.0, -38.0, -3.0, 340.0, -36.0, -3.0, 205, 133, 63
L 372.0, -11.0, -3.0, 386.0, -11.0, -3.0, 0, 0, 0
L 386.0, -21.0, -3.0, 386.0, -23.0, -3.0, 0, 0, 0
L 386.0, -23.0, -3.0, 386.0, -24.0, -3.0, 0, 0, 0
L 360.0, -24.0, -3.0, 386.0, -24.0, -3.0, 0, 0, 0
L 386.0, -12.0, -3.0, 386.0, -11.0, -3.0, 0, 0, 0
L 398.0, -12.0, -3.0, 386.0, -12.0, -3.0, 139, 69, 19
L 386.0, -19.0, -3.0, 386.0, -16.0, -3.0, 205, 133, 63
L 381.0, -19.0, -3.0, 381.0, -16.0, -3.0, 205, 133, 63
L 383.0, -14.0, -3.0, 386.0, -14.0, -3.0, 0, 0, 0
L 383.0, -21.0, -3.0, 352.0, -21.0, -3.0, 0, 0, 0
L 383.0, -14.0, -3.0, 383.0, -16.0, -3.0, 205, 133, 63
L 386.0, -19.0, -3.0, 383.0, -19.0, -3.0, 205, 133, 63
L 383.0, -19.0, -3.0, 383.0, -21.0, -3.0, 205, 133, 63
L 383.0, -19.0, -3.0, 381.0, -19.0, -3.0, 205, 133, 63
L 381.0, -16.0, -3.0, 383.0, -16.0, -3.0, 205, 133, 63
L 383.0, -16.0, -3.0, 386.0, -16.0, -3.0, 205, 133, 63
L 391.0, 81.0, -13.0, 387.0, 81.0, -13.0, 205, 133, 63
L 391.0, 86.0, -13.0, 387.0, 86.0, -13.0, 205, 133, 63
L 393.0, 83.0, -13.0, 393.0, 86.0, -13.0, 0, 0, 0
L 386.0, 83.0, -13.0, 386.0, 86.0, -13.0, 0, 0, 0
L 393.0, 83.0, -13.0, 391.0, 83.0, -13.0, 205, 133, 63
L 387.0, 81.0, -13.0, 387.0, 83.0, -13.0, 205, 133, 63
L 387.0, 83.0, -13.0, 386.0, 83.0, -13.0, 205, 133, 63
L 387.0, 83.0, -13.0, 387.0, 86.0, -13.0, 205, 133, 63
L 391.0, 86.0, -13.0, 391.0, 83.0, -13.0, 205, 133, 63
L 391.0, 83.0, -13.0, 391.0, 81.0, -13.0, 205, 133, 63
L 263.0, -179.0, 0.0, 241.0, -168.0, 0.0, 0, 0, 0
L 146.0, -74.0, 2.0, 141.0, -76.0, 2.0, 0, 0, 0
L 165.0, -74.0, 2.0, 170.0, -76.0, 2.0, 0, 0, 0
L 149.0, -71.0, 2.0, 152.0, -71.0, 2.0, 0, 0, 0
L 162.0, -71.0, 0.0, 159.0, -71.0, 2.0, 0, 0, 0
L 152.0, -59.0, -3.0, 162.0, -59.0, -3.0, 150, 150, 150
L 152.0, -71.0, 2.0, 152.0, -59.0, -3.0, 150, 150, 150
L 162.0, -65.0, -3.0, 162.0, -59.0, -3.0, 150, 150, 150
L 213.0, -77.0, 14.0, 204.0, -77.0, 14.0, 150, 150, 150
L 213.0, -133.0, 2.0, 213.0, -100.0, 2.0, 0, 0, 0
L 204.0, -77.0, 14.0, 201.0, -77.0, 14.0, 0, 204, 0
L 204.0, -100.0, 2.0, 213.0, -100.0, 2.0, 150, 150, 150
L 213.0, -100.0, 2.0, 213.0, -97.0, 4.0, 0, 204, 0
L 204.0, -100.0, 2.0, 204.0, -97.0, 4.0, 0, 204, 0
L 204.0, -88.0, 8.0, 204.0, -86.0, 10.0, 0, 204, 0
L 213.0, -88.0, 8.0, 213.0, -86.0, 10.0, 0, 204, 0
L 213.0, -88.0, 8.0, 204.0, -88.0, 8.0, 150, 150, 150
L 204.0, -94.0, 5.0, 204.0, -91.0, 7.0, 0, 204, 0
L 213.0, -94.0, 5.0, 213.0, -91.0, 7.0, 0, 204, 0
L 204.0, -94.0, 5.0, 213.0, -94.0, 5.0, 150, 150, 150
L 213.0, -97.0, 4.0, 213.0, -94.0, 5.0, 0, 204, 0
L 204.0, -97.0, 4.0, 204.0, -94.0, 5.0, 0, 204, 0
L 213.0, -97.0, 4.0, 204.0, -97.0, 4.0, 150, 150, 150
L 204.0, -91.0, 7.0, 204.0, -88.0, 8.0, 0, 204, 0
L 213.0, -91.0, 7.0, 213.0, -88.0, 8.0, 0, 204, 0
L 204.0, -91.0, 7.0, 213.0, -91.0, 7.0, 150, 150, 150
L 213.0, -83.0, 11.0, 213.0, -80.0, 13.0, 0, 204, 0
L 204.0, -83.0, 11.0, 204.0, -80.0, 13.0, 0, 204, 0
L 213.0, -83.0, 11.0, 204.0, -83.0, 11.0, 150, 150, 150
L 204.0, -86.0, 10.0, 204.0, -83.0, 11.0, 0, 204, 0
L 213.0, -86.0, 10.0, 213.0, -83.0, 11.0, 0, 204, 0
L 204.0, -86.0, 10.0, 213.0, -86.0, 10.0, 150, 150, 150
L 213.0, -80.0, 13.0, 213.0, -77.0, 14.0, 0, 204, 0
L 204.0, -80.0, 13.0, 204.0, -77.0, 14.0, 0, 204, 0
L 213.0, -80.0, 13.0, 204.0, -80.0, 13.0, 150, 150, 150
L 201.0, -103.0, 24.0, 201.0, -96.0, 24.0, 0, 204, 0
L 201.0, -77.0, 14.0, 192.0, -77.0, 14.0, 150, 150, 150
L 192.0, -96.0, 24.0, 201.0, -96.0, 24.0, 150, 150, 150
L 201.0, -96.0, 24.0, 201.0, -93.0, 23.0, 0, 204, 0
L 192.0, -96.0, 24.0, 192.0, -93.0, 23.0, 0, 204, 0
L 192.0, -86.0, 19.0, 192.0, -84.0, 18.0, 0, 204, 0
L 201.0, -86.0, 19.0, 201.0, -84.0, 18.0, 0, 204, 0
L 192.0, -86.0, 19.0, 201.0, -86.0, 19.0, 150, 150, 150
L 192.0, -91.0, 22.0, 192.0, -89.0, 20.0, 0, 204, 0
L 201.0, -91.0, 22.0, 201.0, -89.0, 20.0, 0, 204, 0
L 192.0, -91.0, 22.0, 201.0, -91.0, 22.0, 150, 150, 150
L 192.0, -93.0, 23.0, 192.0, -91.0, 22.0, 0, 204, 0
L 201.0, -93.0, 23.0, 201.0, -91.0, 22.0, 0, 204, 0
L 192.0, -93.0, 23.0, 201.0, -93.0, 23.0, 150, 150, 150
L 192.0, -89.0, 20.0, 192.0, -86.0, 19.0, 0, 204, 0
L 201.0, -89.0, 20.0, 201.0, -86.0, 19.0, 0, 204, 0
L 192.0, -89.0, 20.0, 201.0, -89.0, 20.0, 150, 150, 150
L 192.0, -84.0, 18.0, 192.0, -79.0, 15.0, 0, 204, 0
L 201.0, -84.0, 18.0, 201.0, -79.0, 15.0, 0, 204, 0
L 201.0, -84.0, 18.0, 192.0, -84.0, 18.0, 150, 150, 150
L 192.0, -79.0, 15.0, 192.0, -77.0, 14.0, 0, 204, 0
L 201.0, -79.0, 15.0, 201.0, -77.0, 14.0, 0, 204, 0
L 192.0, -79.0, 15.0, 201.0, -79.0, 15.0, 150, 150, 150
L 192.0, -118.0, 32.0, 201.0, -118.0, 32.0, 150, 150, 150
L 201.0, -127.0, 32.0, 201.0, -118.0, 32.0, 0, 204, 0
L 201.0, -118.0, 32.0, 201.0, -116.0, 31.0, 0, 204, 0
L 192.0, -118.0, 32.0, 192.0, -116.0, 31.0, 0, 204, 0
L 192.0, -110.0, 28.0, 192.0, -109.0, 27.0, 0, 204, 0
L 201.0, -110.0, 28.0, 201.0, -109.0, 27.0, 0, 204, 0
L 192.0, -110.0, 28.0, 201.0, -110.0, 28.0, 150, 150, 150
L 192.0, -114.0, 30.0, 192.0, -112.0, 29.0, 0, 204, 0
L 201.0, -114.0, 30.0, 201.0, -112.0, 29.0, 0, 204, 0
L 192.0, -114.0, 30.0, 201.0, -114.0, 30.0, 150, 150, 150
L 201.0, -107.0, 26.0, 201.0, -105.0, 25.0, 0, 204, 0
L 192.0, -107.0, 26.0, 192.0, -105.0, 25.0, 0, 204, 0
L 201.0, -107.0, 26.0, 192.0, -107.0, 26.0, 150, 150, 150
L 192.0, -109.0, 27.0, 192.0, -107.0, 26.0, 0, 204, 0
L 201.0, -109.0, 27.0, 201.0, -107.0, 26.0, 0, 204, 0
L 192.0, -109.0, 27.0, 201.0, -109.0, 27.0, 150, 150, 150
L 201.0, -105.0, 25.0, 201.0, -103.0, 24.0, 0, 204, 0
L 192.0, -105.0, 25.0, 192.0, -103.0, 24.0, 0, 204, 0
L 201.0, -105.0, 25.0, 192.0, -105.0, 25.0, 150, 150, 150
L 192.0, -112.0, 29.0, 192.0, -110.0, 28.0, 0, 204, 0
L 201.0, -112.0, 29.0, 201.0, -110.0, 28.0, 0, 204, 0
L 192.0, -112.0, 29.0, 201.0, -112.0, 29.0, 150, 150, 150
L 201.0, -116.0, 31.0, 201.0, -114.0, 30.0, 0, 204, 0
L 192.0, -116.0, 31.0, 192.0, -114.0, 30.0, 0, 204, 0
L 201.0, -116.0, 31.0, 192.0, -116.0, 31.0, 150, 150, 150
L 192.0, -118.0, 32.0, 192.0, -127.0, 32.0, 150, 150, 150
L 186.0, -127.0, 36.0, 186.0, -118.0, 36.0, 150, 150, 150
L 186.0, -127.0, 36.0, 134.0, -127.0, 36.0, 0, 204, 0
L 186.0, -127.0, 36.0, 187.0, -127.0, 35.0, 0, 204, 0
L 186.0, -118.0, 36.0, 189.0, -118.0, 34.0, 0, 204, 0
L 189.0, -118.0, 34.0, 190.0, -118.0, 33.0, 0, 204, 0
L 189.0, -127.0, 34.0, 190.0, -127.0, 33.0, 0, 204, 0
L 189.0, -127.0, 34.0, 189.0, -118.0, 34.0, 150, 150, 150
L 187.0, -127.0, 35.0, 189.0, -127.0, 34.0, 0, 204, 0
L 187.0, -127.0, 35.0, 187.0, -118.0, 35.0, 150, 150, 150
L 190.0, -127.0, 33.0, 192.0, -127.0, 32.0, 0, 204, 0
L 190.0, -118.0, 33.0, 192.0, -118.0, 32.0, 0, 204, 0
L 190.0, -127.0, 33.0, 190.0, -118.0, 33.0, 150, 150, 150
L 148.0, -102.0, 44.0, 163.0, -102.0, 44.0, 150, 150, 150
L 163.0, -99.0, 44.0, 163.0, -102.0, 44.0, 0, 204, 0
L 163.0, -102.0, 44.0, 163.0, -105.0, 42.0, 0, 204, 0
L 148.0, -102.0, 44.0, 148.0, -104.0, 43.0, 0, 204, 0
L 163.0, -109.0, 40.0, 163.0, -111.0, 39.0, 0, 204, 0
L 148.0, -109.0, 40.0, 148.0, -111.0, 39.0, 0, 204, 0
L 163.0, -109.0, 40.0, 148.0, -109.0, 40.0, 150, 150, 150
L 148.0, -105.0, 42.0, 148.0, -107.0, 41.0, 0, 204, 0
L 163.0, -105.0, 42.0, 163.0, -107.0, 41.0, 0, 204, 0
L 163.0, -105.0, 42.0, 148.0, -105.0, 42.0, 150, 150, 150
L 148.0, -104.0, 43.0, 148.0, -105.0, 42.0, 0, 204, 0
L 148.0, -104.0, 43.0, 163.0, -104.0, 43.0, 150, 150, 150
L 163.0, -107.0, 41.0, 163.0, -109.0, 40.0, 0, 204, 0
L 163.0, -104.0, 43.0, 163.0, -107.0, 41.0, 0, 204, 0
L 148.0, -107.0, 41.0, 148.0, -109.0, 40.0, 0, 204, 0
L 163.0, -107.0, 41.0, 148.0, -107.0, 41.0, 150, 150, 150
L 148.0, -112.0, 38.0, 148.0, -114.0, 37.0, 0, 204, 0
L 163.0, -112.0, 38.0, 163.0, -114.0, 37.0, 0, 204, 0
L 148.0, -112.0, 38.0, 163.0, -112.0, 38.0, 150, 150, 150
L 163.0, -111.0, 39.0, 163.0, -112.0, 38.0, 0, 204, 0
L 148.0, -111.0, 39.0, 148.0, -112.0, 38.0, 0, 204, 0
L 148.0, -111.0, 39.0, 163.0, -111.0, 39.0, 150, 150, 150
L 163.0, -114.0, 37.0, 163.0, -116.0, 36.0, 0, 204, 0
L 148.0, -114.0, 37.0, 148.0, -116.0, 36.0, 0, 204, 0
L 163.0, -114.0, 37.0, 148.0, -114.0, 37.0, 150, 150, 150
L 336.0, 231.0, -15.0, 331.0, 231.0, -15.0, 0, 0, 0
L 336.0, 224.0, -15.0, 331.0, 224.0, -15.0, 0, 0, 0
L 334.0, 229.0, -15.0, 334.0, 225.0, -15.0, 205, 133, 63
L 338.0, 229.0, -15.0, 338.0, 225.0, -15.0, 205, 133, 63
L 336.0, 231.0, -15.0, 336.0, 229.0, -15.0, 205, 133, 63
L 338.0, 225.0, -15.0, 336.0, 225.0, -15.0, 205, 133, 63
L 336.0, 225.0, -15.0, 336.0, 224.0, -15.0, 205, 133, 63
L 336.0, 225.0, -15.0, 334.0, 225.0, -15.0, 205, 133, 63
L 334.0, 229.0, -15.0, 336.0, 229.0, -15.0, 205, 133, 63
L 336.0, 229.0, -15.0, 338.0, 229.0, -15.0, 205, 133, 63
L 409.0, 212.0, -15.0, 409.0, 200.0, -15.0, 0, 0, 0
L 429.0, 200.0, -15.0, 409.0, 200.0, -15.0, 0, 0, 0
L 287.0, 370.0, 2.0, 287.0, 380.0, 2.0, 0, 0, 0
L 276.0, 360.0, 0.0, 276.0, 380.0, 0.0, 0, 0, 0
L 287.0, 370.0, 2.0, 276.0, 370.0, 2.0, 199, 21, 133
L 242.0, -237.0, 0.0, 252.0, -237.0, 0.0, 139, 69, 19
L 286.0, -254.0, 0.0, 275.0, -254.0, 0.0, 139, 69, 19
L 275.0, -237.0, 0.0, 285.0, -237.0, 0.0, 139, 69, 19
L 275.0, -237.0, 0.0, 275.0, -215.0, -47.0, 0, 0, 255
L 275.0, -254.0, 0.0, 252.0, -254.0, 0.0, 139, 69, 19
L 275.0, -254.0, 0.0, 275.0, -252.0, -47.0, 0, 0, 255
L 252.0, -237.0, 0.0, 275.0, -237.0, 0.0, 139, 69, 19
L 252.0, -215.0, -47.0, 252.0, -237.0, 0.0, 0, 0, 255
L 252.0, -254.0, 0.0, 242.0, -254.0, 0.0, 139, 69, 19
L 252.0, -254.0, 0.0, 252.0, -264.0, -47.0, 0, 0, 255
L 287.0, -234.9, 0.0, 285.0, -237.0, 0.0, 139, 69, 19
L 242.0, -254.0, 0.0, 240.0, -256.1, 0.0, 139, 69, 19
L 286.0, -254.0, 0.0, 288.0, -256.1, 0.0, 139, 69, 19
L 240.0, -234.9, 0.0, 240.0, -239.0, 0.0, 0, 0, 0
L 240.0, -234.9, 0.0, 242.0, -237.0, 0.0, 139, 69, 19
L 120.0, 110.9, 2.1, 96.0, 83.2, 0.0, 150, 150, 150
L 96.0, 83.2, 0.0, 83.7, 82.8, 0.0, 150, 150, 150
L 83.7, 82.8, 0.0, 71.9, 95.2, -0.0, 150, 150, 150
L 71.9, 95.2, -0.0, 46.9, 107.0, -8.0, 150, 150, 150
L 46.8, 107.8, -8.0, 46.9, 131.9, -9.7, 150, 150, 150
L 46.9, 131.9, -9.7, 59.3, 156.8, -12.0, 150, 150, 150
L 59.3, 156.8, -12.0, 72.2, 157.0, -12.0, 150, 150, 150
L 72.2, 157.0, -12.0, 84.0, 145.4, -12.0, 150, 150, 150
L 71.1, 169.1, -12.0, 92.8, 180.5, -15.1, 150, 150, 150
L 92.8, 180.5, -15.1, 119.7, 203.2, -15.6, 150, 150, 150
L 119.7, 203.2, -15.6, 121.0, 183.0, -21.8, 150, 150, 150
L 130.9, 183.8, -21.6, 130.9, 204.5, -16.0, 150, 150, 150
L 130.9, 204.5, -16.0, 152.9, 204.9, -19.6, 150, 150, 150
L 95.0, 191.0, -15.4, 106.7, 202.5, -16.0, 150, 150, 150
L 106.7, 202.5, -16.0, 111.3, 216.0, -16.0, 150, 150, 150
L 111.3, 216.0, -16.0, 99.5, 216.9, -21.2, 150, 150, 150
L 99.0, 226.9, -21.5, 109.0, 227.0, -16.0, 150, 150, 150
L 109.0, 227.0, -16.0, 109.6, 236.9, -19.6, 150, 150, 150
L 118.9, 236.9, -19.6, 120.7, 215.2, -16.0, 150, 150, 150
L 120.7, 215.2, -16.0, 131.4, 217.4, -15.5, 150, 150, 150
L 131.4, 217.4, -15.5, 133.0, 250.9, -16.0, 150, 150, 150
L 152.9, 214.9, -19.6, 142.7, 216.7, -16.0, 150, 150, 150
L 142.7, 216.7, -16.0, 143.6, 239.9, -16.0, 150, 150, 150
L 143.6, 239.9, -16.0, 167.5, 241.0, -16.0, 150, 150, 150
L 192.0, 205.0, 0.0, 189.0, 205.0, 0.0, 0, 0, 0
L 192.0, 213.0, -3.0, 192.0, 206.5, 0.0, 178, 102, 255
L 199.0, 214.0, -3.0, 199.0, 206.5, 0.0, 178, 102, 255
L 192.0, 206.5, 0.0, 192.0, 205.0, 0.0, 0, 0, 0
L 192.0, 206.5, 0.0, 194.3, 206.5, 0.0, 205, 133, 63
L 194.3, 205.0, 0.0, 194.3, 208.0, 0.0, 205, 133, 63
L 194.3, 205.0, 0.0, 196.7, 205.0, 0.0, 205, 133, 63
L 194.3, 208.0, 0.0, 196.7, 208.0, 0.0, 205, 133, 63
L 196.7, 205.0, 0.0, 196.7, 206.5, 0.0, 205, 133, 63
L 196.7, 206.5, 0.0, 196.7, 208.0, 0.0, 205, 133, 63
L 199.0, 206.5, 0.0, 199.0, 205.0, 0.0, 0, 0, 0
L 196.7, 206.5, 0.0, 199.0, 206.5, 0.0, 205, 133, 63
