L -671.0, 1921.0, -447.8, -671.0, 1887.0, -447.8, 102, 0, 204
L -543.0, 1921.0, -447.8, -543.0, 1887.1, -447.8, 102, 0, 204
L -577.0, 1921.0, -447.8, -543.0, 1921.0, -447.8, 102, 0, 204
L -577.0, 1887.0, -447.8, -577.0, 1921.0, -447.8, 102, 0, 204
L -543.0, 1887.1, -447.8, -577.0, 1887.0, -447.8, 102, 0, 204
L -543.0, 1793.0, -447.8, -543.0, 1759.0, -447.8, 102, 0, 204
L -577.0, 1793.0, -447.8, -543.0, 1793.0, -447.8, 102, 0, 204
L -577.0, 1759.0, -447.8, -577.0, 1793.0, -447.8, 102, 0, 204
L -543.0, 1759.0, -447.8, -577.0, 1759.0, -447.8, 102, 0, 204
L -543.1, 1665.0, -447.8, -543.0, 1631.0, -447.8, 102, 0, 204
L -577.0, 1665.0, -447.8, -543.1, 1665.0, -447.8, 102, 0, 204
L -577.0, 1631.0, -447.8, -577.0, 1665.0, -447.8, 102, 0, 204
L -543.0, 1631.0, -447.8, -577.0, 1631.0, -447.8, 102, 0, 204
L -543.0, 1503.0, -447.8, -577.0, 1503.0, -447.8, 102, 0, 204
L -543.0, 1537.0, -447.8, -543.0, 1503.0, -447.8, 102, 0, 204
L -577.0, 1537.0, -447.8, -543.0, 1537.0, -447.8, 102, 0, 204
L -577.0, 1503.0, -447.8, -577.0, 1537.0, -447.8, 102, 0, 204
L -593.0, 1409.0, -447.8, -592.9, 1375.1, -447.8, 102, 0, 204
L -513.0, 1409.0, -447.8, -593.0, 1409.0, -447.8, 102, 0, 204
L -513.0, 1473.0, -447.8, -513.0, 1409.0, -447.8, 102, 0, 204
L -448.9, 1473.0, -447.8, -513.0, 1473.0, -447.8, 102, 0, 204
L -449.0, 1951.0, -447.8, -448.9, 1473.0, -447.8, 102, 0, 204
L -513.0, 1951.0, -447.8, -449.0, 1951.0, -447.8, 102, 0, 204
L -513.0, 2015.0, -447.8, -513.0, 1951.0, -447.8, 102, 0, 204
L -593.0, 2015.0, -447.8, -513.0, 2015.0, -447.8, 102, 0, 204
L -735.0, 2015.0, -447.8, -654.9, 2015.0, -447.8, 102, 0, 204
L -735.0, 1951.0, -447.8, -735.0, 2015.0, -447.8, 102, 0, 204
L -799.0, 1951.0, -447.8, -735.0, 1951.0, -447.8, 102, 0, 204
L -799.0, 1473.0, -447.8, -799.0, 1951.0, -447.8, 102, 0, 204
L -735.0, 1473.0, -447.8, -799.0, 1473.0, -447.8, 102, 0, 204
L -735.0, 1408.9, -447.8, -735.0, 1473.0, -447.8, 102, 0, 204
L -655.0, 1409.0, -447.8, -735.0, 1408.9, -447.8, 102, 0, 204
L -655.1, 1375.0, -447.8, -655.0, 1409.0, -447.8, 102, 0, 204
L -592.9, 1375.1, -447.8, -577.3, 1375.0, -447.8, 102, 0, 204
L -671.1, 1375.0, -447.8, -655.1, 1375.0, -447.8, 102, 0, 204
L -636.3, 929.0, -287.8, -641.4, 929.0, -287.8, 102, 0, 204
L -576.9, 929.0, -287.8, -671.1, 929.0, -287.8, 102, 0, 204
L -577.0, 1121.0, -319.8, -577.0, 1096.5, -311.8, 102, 0, 204
L -923.0, 1023.0, -127.8, -774.5, 1022.9, -127.8, 178, 102, 255
L -923.0, 1023.0, -127.8, -923.0, 1007.1, -127.8, 178, 102, 255
L -1471.0, 1297.0, -127.8, -1471.0, 1280.4, -127.8, 178, 102, 255
L -1489.0, 1297.0, -127.8, -1471.0, 1297.0, -127.8, 178, 102, 255
L -1489.0, 1281.0, -127.8, -1489.0, 1297.0, -127.8, 178, 102, 255
L -1504.4, 1281.0, -127.8, -1489.0, 1281.0, -127.8, 178, 102, 255
L -1536.4, 1249.0, -127.8, -1504.4, 1281.0, -127.8, 178, 102, 255
L -1553.0, 1249.0, -127.8, -1536.4, 1249.0, -127.8, 178, 102, 255
L -1553.0, 1231.0, -127.8, -1553.0, 1234.0, -127.8, 178, 102, 255
L -1503.0, 655.2, -127.8, -1536.9, 655.0, -127.8, 178, 102, 255
L -1503.0, 689.0, -127.8, -1503.0, 655.2, -127.8, 178, 102, 255
L -1537.0, 689.0, -127.8, -1503.0, 689.0, -127.8, 178, 102, 255
L -1536.9, 655.0, -127.8, -1537.0, 689.0, -127.8, 178, 102, 255
L -1665.0, 655.0, -127.8, -1665.0, 689.0, -127.8, 178, 102, 255
L -1631.0, 655.0, -127.8, -1665.0, 655.0, -127.8, 178, 102, 255
L -1631.0, 689.0, -127.8, -1631.0, 655.0, -127.8, 178, 102, 255
L -1665.0, 689.0, -127.8, -1631.0, 689.0, -127.8, 178, 102, 255
L -1665.0, 817.0, -127.8, -1631.0, 817.0, -127.8, 178, 102, 255
L -1665.0, 783.0, -127.8, -1665.0, 817.0, -127.8, 178, 102, 255
L -1631.0, 783.0, -127.8, -1665.0, 783.0, -127.8, 178, 102, 255
L -1631.0, 817.0, -127.8, -1631.0, 783.0, -127.8, 178, 102, 255
L -1503.0, 783.0, -127.8, -1537.0, 783.0, -127.8, 178, 102, 255
L -1503.0, 817.0, -127.8, -1503.0, 783.0, -127.8, 178, 102, 255
L -1537.0, 817.0, -127.8, -1503.0, 817.0, -127.8, 178, 102, 255
L -1537.0, 783.0, -127.8, -1537.0, 817.0, -127.8, 178, 102, 255
L -1617.0, 703.0, -127.8, -1617.0, 769.0, -127.8, 178, 102, 255
L -1551.0, 703.0, -127.8, -1617.0, 703.0, -127.8, 178, 102, 255
L -1551.0, 769.0, -127.8, -1551.0, 703.0, -127.8, 178, 102, 255
L -1617.0, 769.0, -127.8, -1551.0, 769.0, -127.8, 178, 102, 255
L -1537.0, 1231.0, -127.8, -1553.0, 1231.0, -127.8, 178, 102, 255
L -1537.0, 1199.0, -127.8, -1537.0, 1231.0, -127.8, 178, 102, 255
L -1505.0, 1199.0, -127.8, -1537.0, 1199.0, -127.8, 178, 102, 255
L -1505.0, 1137.0, -127.8, -1505.0, 1199.0, -127.8, 178, 102, 255
L -1537.0, 1137.0, -127.8, -1505.0, 1137.0, -127.8, 178, 102, 255
L -1537.0, 1103.0, -127.8, -1537.0, 1137.0, -127.8, 178, 102, 255
L -1505.0, 1103.0, -127.8, -1537.0, 1103.0, -127.8, 178, 102, 255
L -1505.0, 1041.0, -127.8, -1505.0, 1103.0, -127.8, 178, 102, 255
L -1537.0, 1041.0, -127.8, -1505.0, 1041.0, -127.8, 178, 102, 255
L -1537.0, 1007.0, -127.8, -1537.0, 1041.0, -127.8, 178, 102, 255
L -1505.0, 1007.0, -127.8, -1537.0, 1007.0, -127.8, 178, 102, 255
L -1505.0, 945.0, -127.8, -1505.0, 1007.0, -127.8, 178, 102, 255
L -1537.0, 945.0, -127.8, -1505.0, 945.0, -127.8, 178, 102, 255
L -1537.0, 911.0, -127.8, -1537.0, 945.0, -127.8, 178, 102, 255
L -1504.4, 911.0, -127.8, -1537.0, 911.0, -127.8, 178, 102, 255
L -1409.0, 815.6, -127.8, -1504.4, 911.0, -127.8, 178, 102, 255
L -1409.0, 656.4, -127.8, -1409.0, 815.6, -127.8, 178, 102, 255
L -1504.4, 561.0, -127.8, -1409.0, 656.4, -127.8, 178, 102, 255
L -1663.6, 561.0, -127.8, -1504.4, 561.0, -127.8, 178, 102, 255
L -1759.0, 656.4, -127.8, -1663.6, 561.0, -127.8, 178, 102, 255
L -1759.0, 815.6, -127.8, -1759.0, 656.4, -127.8, 178, 102, 255
L -1663.6, 911.0, -127.8, -1759.0, 815.6, -127.8, 178, 102, 255
L -1631.0, 911.0, -127.8, -1663.6, 911.0, -127.8, 178, 102, 255
L -1631.0, 945.0, -127.8, -1631.0, 911.0, -127.8, 178, 102, 255
L -1663.0, 945.0, -127.8, -1631.0, 945.0, -127.8, 178, 102, 255
L -1663.0, 1007.0, -127.8, -1663.0, 945.0, -127.8, 178, 102, 255
L -1631.0, 1007.0, -127.8, -1663.0, 1007.0, -127.8, 178, 102, 255
L -1631.0, 1041.0, -127.8, -1631.0, 1007.0, -127.8, 178, 102, 255
L -1663.1, 1041.0, -127.8, -1631.0, 1041.0, -127.8, 178, 102, 255
L -1663.0, 1103.0, -127.8, -1663.1, 1041.0, -127.8, 178, 102, 255
L -1631.0, 1103.0, -127.8, -1663.0, 1103.0, -127.8, 178, 102, 255
L -1631.0, 1137.0, -127.8, -1631.0, 1103.0, -127.8, 178, 102, 255
L -1663.0, 1137.0, -127.8, -1631.0, 1137.0, -127.8, 178, 102, 255
L -1663.0, 1199.0, -127.8, -1663.0, 1137.0, -127.8, 178, 102, 255
L -1631.1, 1199.0, -127.8, -1663.0, 1199.0, -127.8, 178, 102, 255
L -1631.0, 1231.0, -127.8, -1631.1, 1199.0, -127.8, 178, 102, 255
L -1615.1, 1231.1, -127.8, -1631.0, 1231.0, -127.8, 178, 102, 255
L -1615.0, 1249.0, -127.8, -1615.1, 1231.1, -127.8, 178, 102, 255
L -1631.6, 1249.0, -127.8, -1615.0, 1249.0, -127.8, 178, 102, 255
L -1663.5, 1281.0, -127.8, -1631.6, 1249.0, -127.8, 178, 102, 255
L -1679.0, 1281.0, -127.8, -1663.5, 1281.0, -127.8, 178, 102, 255
L -1679.0, 1375.0, -127.8, -1679.0, 1281.0, -127.8, 178, 102, 255
L -1663.6, 1375.0, -127.8, -1679.0, 1375.0, -127.8, 178, 102, 255
L -1652.2, 1386.4, -127.8, -1652.4, 1386.2, -127.8, 178, 102, 255
L -1631.6, 1407.0, -127.8, -1663.6, 1375.0, -127.8, 178, 102, 255
L -1536.4, 1407.0, -127.8, -1631.6, 1407.0, -127.8, 178, 102, 255
L -1504.4, 1375.0, -127.8, -1536.4, 1407.0, -127.8, 178, 102, 255
L -1489.0, 1375.1, -127.8, -1504.4, 1375.0, -127.8, 178, 102, 255
L -1489.0, 1359.0, -127.8, -1489.0, 1375.1, -127.8, 178, 102, 255
L -1471.0, 1359.0, -127.8, -1489.0, 1359.0, -127.8, 178, 102, 255
L -1217.0, 1569.0, -127.8, -1217.0, 1535.0, -127.8, 178, 102, 255
L -1345.0, 1377.0, -127.8, -1247.0, 1377.0, -127.8, 178, 102, 255
L -1345.0, 1279.0, -127.8, -1345.0, 1377.0, -127.8, 178, 102, 255
L -1247.0, 1279.0, -127.8, -1345.0, 1279.0, -127.8, 178, 102, 255
L -1247.0, 1377.0, -127.8, -1247.0, 1279.0, -127.8, 178, 102, 255
L -1121.0, 1359.0, -127.8, -1121.0, 1375.6, -127.8, 178, 102, 255
L -1120.9, 1280.4, -127.8, -1121.0, 1297.0, -127.8, 178, 102, 255
L -1184.4, 1217.0, -127.8, -1120.9, 1280.4, -127.8, 178, 102, 255
L -1217.0, 1217.0, -127.8, -1184.4, 1217.0, -127.8, 178, 102, 255
L -1217.0, 1185.0, -127.8, -1217.0, 1217.0, -127.8, 178, 102, 255
L -1375.0, 1185.0, -127.8, -1217.0, 1185.0, -127.8, 178, 102, 255
L -1375.0, 1217.0, -127.8, -1375.0, 1185.0, -127.8, 178, 102, 255
L -1407.6, 1217.0, -127.8, -1375.0, 1217.0, -127.8, 178, 102, 255
L -1471.0, 1280.4, -127.8, -1407.6, 1217.0, -127.8, 178, 102, 255
L -1471.0, 1375.6, -127.8, -1471.0, 1359.0, -127.8, 178, 102, 255
L -1407.6, 1439.0, -127.8, -1471.0, 1375.6, -127.8, 178, 102, 255
L -1375.0, 1439.1, -127.8, -1407.6, 1439.0, -127.8, 178, 102, 255
L -1375.0, 1473.0, -127.8, -1375.0, 1439.1, -127.8, 178, 102, 255
L -1407.0, 1472.9, -127.8, -1375.0, 1473.0, -127.8, 178, 102, 255
L -1407.0, 1535.0, -127.8, -1407.0, 1472.9, -127.8, 178, 102, 255
L -1375.0, 1535.0, -127.8, -1407.0, 1535.0, -127.8, 178, 102, 255
L -1375.0, 1569.0, -127.8, -1375.0, 1535.0, -127.8, 178, 102, 255
L -1407.0, 1569.0, -127.8, -1375.0, 1569.0, -127.8, 178, 102, 255
L -1407.0, 1631.0, -127.8, -1407.0, 1569.0, -127.8, 178, 102, 255
L -1375.0, 1631.0, -127.8, -1407.0, 1631.0, -127.8, 178, 102, 255
L -1375.0, 1665.0, -127.8, -1375.0, 1631.0, -127.8, 178, 102, 255
L -1407.0, 1665.0, -127.8, -1375.0, 1665.0, -127.8, 178, 102, 255
L -1407.0, 1727.0, -127.8, -1407.0, 1665.0, -127.8, 178, 102, 255
L -1375.0, 1727.0, -127.8, -1407.0, 1727.0, -127.8, 178, 102, 255
L -1375.0, 1759.0, -127.8, -1375.0, 1727.0, -127.8, 178, 102, 255
L -1327.0, 1759.0, -127.8, -1375.0, 1759.0, -127.8, 178, 102, 255
L -1184.5, 1439.0, -127.8, -1121.0, 1375.6, -127.8, 178, 102, 255
L -1217.0, 1439.0, -127.8, -1184.5, 1439.0, -127.8, 178, 102, 255
L -1217.0, 1473.0, -127.8, -1217.0, 1439.0, -127.8, 178, 102, 255
L -1184.9, 1473.0, -127.8, -1217.0, 1473.0, -127.8, 178, 102, 255
L -1185.0, 1535.0, -127.8, -1184.9, 1473.0, -127.8, 178, 102, 255
L -1217.0, 1535.0, -127.8, -1185.0, 1535.0, -127.8, 178, 102, 255
L -1185.0, 1569.0, -127.8, -1217.0, 1569.0, -127.8, 178, 102, 255
L -1185.0, 1631.0, -127.8, -1185.0, 1569.0, -127.8, 178, 102, 255
L -1216.9, 1631.0, -127.8, -1185.0, 1631.0, -127.8, 178, 102, 255
L -1217.0, 1665.0, -127.8, -1216.9, 1631.0, -127.8, 178, 102, 255
L -1185.0, 1664.9, -127.8, -1217.0, 1665.0, -127.8, 178, 102, 255
L -1185.0, 1727.0, -127.8, -1185.0, 1664.9, -127.8, 178, 102, 255
L -1217.0, 1727.0, -127.8, -1185.0, 1727.0, -127.8, 178, 102, 255
L -1217.0, 1759.0, -127.8, -1217.0, 1727.0, -127.8, 178, 102, 255
L -1265.0, 1759.0, -127.8, -1217.0, 1759.0, -127.8, 178, 102, 255
L -1343.0, 1793.0, -127.8, -1343.0, 1874.5, -127.8, 178, 102, 255
L -1327.0, 1793.0, -127.8, -1343.2, 1793.0, -127.8, 178, 102, 255
L -1327.0, 1759.0, -127.8, -1327.0, 1762.0, -127.8, 178, 102, 255
L -1265.0, 1793.0, -127.8, -1249.0, 1793.0, -127.8, 178, 102, 255
L -1265.0, 1759.0, -127.8, -1265.0, 1762.0, -127.8, 178, 102, 255
L -1135.0, 1809.0, 100.2, -1135.0, 1794.0, 100.2, 0, 204, 0
L -1151.0, 1809.0, 100.2, -1135.0, 1809.0, 100.2, 0, 204, 0
L -1057.0, 1809.0, 100.2, -1057.0, 1897.8, 100.2, 0, 204, 0
L -1073.0, 1809.0, 100.2, -1057.0, 1809.0, 100.2, 0, 204, 0
L -1073.0, 1791.0, 100.2, -1073.0, 1794.0, 100.2, 0, 204, 0
L -1056.3, 1791.0, 100.2, -1073.0, 1791.0, 100.2, 0, 204, 0
L -897.0, 1695.5, 100.2, -1056.3, 1791.0, 100.2, 0, 204, 0
L -897.0, 1631.0, 100.2, -897.0, 1695.5, 100.2, 0, 204, 0
L -893.5, 1631.0, 100.2, -897.0, 1631.0, 100.2, 0, 204, 0
L -893.5, 1608.8, 100.2, -893.5, 1631.0, 100.2, 0, 204, 0
L -835.6, 1608.8, 100.2, -893.5, 1608.8, 100.2, 0, 204, 0
L -835.6, 1631.0, 100.2, -835.6, 1608.8, 100.2, 0, 204, 0
L -828.9, 1631.0, 100.2, -835.6, 1631.0, 100.2, 0, 204, 0
L -828.9, 1608.8, 100.2, -828.9, 1631.0, 100.2, 0, 204, 0
L -770.9, 1608.8, 100.2, -828.9, 1608.8, 100.2, 0, 204, 0
L -771.0, 1631.0, 100.2, -770.9, 1608.8, 100.2, 0, 204, 0
L -764.5, 1631.0, 100.2, -771.0, 1631.0, 100.2, 0, 204, 0
L -765.1, 1609.6, 100.2, -764.5, 1631.0, 100.2, 0, 204, 0
L -707.1, 1608.1, 100.2, -765.1, 1609.6, 100.2, 0, 204, 0
L -707.1, 1608.1, 100.2, -706.6, 1631.0, 100.2, 0, 204, 0
L -705.0, 1631.0, 100.2, -706.6, 1631.0, 100.2, 0, 204, 0
L -705.0, 1505.0, 100.2, -705.0, 1631.0, 100.2, 0, 204, 0
L -708.8, 1505.0, 100.2, -705.0, 1505.0, 100.2, 0, 204, 0
L -708.7, 1527.2, 100.2, -708.8, 1505.0, 100.2, 0, 204, 0
L -766.7, 1527.2, 100.2, -708.7, 1527.2, 100.2, 0, 204, 0
L -766.7, 1505.0, 100.2, -766.7, 1527.2, 100.2, 0, 204, 0
L -770.8, 1505.0, 100.2, -766.7, 1505.0, 100.2, 0, 204, 0
L -770.8, 1527.2, 100.2, -770.8, 1505.0, 100.2, 0, 204, 0
L -828.8, 1527.1, 100.2, -770.8, 1527.2, 100.2, 0, 204, 0
L -828.7, 1504.9, 100.2, -828.8, 1527.1, 100.2, 0, 204, 0
L -835.0, 1505.0, 100.2, -828.7, 1504.9, 100.2, 0, 204, 0
L -835.0, 1527.2, 100.2, -835.0, 1505.0, 100.2, 0, 204, 0
L -893.0, 1527.2, 100.2, -835.0, 1527.2, 100.2, 0, 204, 0
L -893.0, 1505.0, 100.2, -893.0, 1527.2, 100.2, 0, 204, 0
L -893.0, 1505.0, 100.2, -897.0, 1505.0, 100.2, 0, 204, 0
L -897.0, 1454.1, 100.2, -897.0, 1505.0, 100.2, 0, 204, 0
L -915.7, 1454.1, 100.2, -897.0, 1454.1, 100.2, 0, 204, 0
L -915.8, 1426.2, 100.2, -915.7, 1454.1, 100.2, 0, 204, 0
L -897.0, 1426.2, 100.2, -915.8, 1426.2, 100.2, 0, 204, 0
L -897.0, 1375.0, 100.2, -897.0, 1426.2, 100.2, 0, 204, 0
L -893.2, 1375.0, 100.2, -897.0, 1375.0, 100.2, 0, 204, 0
L -893.2, 1352.8, 100.2, -893.2, 1375.0, 100.2, 0, 204, 0
L -835.2, 1352.8, 100.2, -893.2, 1352.8, 100.2, 0, 204, 0
L -835.2, 1375.0, 100.2, -835.2, 1352.8, 100.2, 0, 204, 0
L -829.1, 1375.0, 100.2, -835.2, 1375.0, 100.2, 0, 204, 0
L -829.1, 1352.8, 100.2, -829.1, 1375.0, 100.2, 0, 204, 0
L -771.2, 1352.8, 100.2, -829.1, 1352.8, 100.2, 0, 204, 0
L -771.2, 1375.0, 100.2, -771.2, 1352.8, 100.2, 0, 204, 0
L -766.3, 1375.0, 100.2, -771.2, 1375.0, 100.2, 0, 204, 0
L -766.3, 1352.8, 100.2, -766.3, 1375.0, 100.2, 0, 204, 0
L -708.3, 1352.8, 100.2, -766.3, 1352.8, 100.2, 0, 204, 0
L -708.3, 1375.0, 100.2, -708.3, 1352.8, 100.2, 0, 204, 0
L -704.9, 1375.0, 100.2, -708.3, 1375.0, 100.2, 0, 204, 0
L -705.0, 1248.8, 100.2, -704.9, 1375.0, 100.2, 0, 204, 0
L -708.2, 1249.0, 100.2, -705.0, 1248.8, 100.2, 0, 204, 0
L -708.2, 1273.4, 100.2, -708.2, 1249.0, 100.2, 0, 204, 0
L -766.5, 1273.4, 100.2, -708.2, 1273.4, 100.2, 0, 204, 0
L -766.5, 1249.0, 100.2, -766.5, 1273.4, 100.2, 0, 204, 0
L -771.2, 1249.0, 100.2, -766.5, 1249.0, 100.2, 0, 204, 0
L -771.2, 1273.3, 100.2, -771.2, 1249.0, 100.2, 0, 204, 0
L -829.2, 1273.3, 100.2, -771.2, 1273.3, 100.2, 0, 204, 0
L -829.2, 1249.0, 100.2, -829.2, 1273.3, 100.2, 0, 204, 0
L -835.2, 1249.0, 100.2, -829.2, 1249.0, 100.2, 0, 204, 0
L -835.1, 1273.3, 100.2, -835.2, 1249.0, 100.2, 0, 204, 0
L -893.1, 1273.3, 100.2, -835.1, 1273.3, 100.2, 0, 204, 0
L -893.1, 1249.0, 100.2, -893.1, 1273.3, 100.2, 0, 204, 0
L -893.1, 1249.0, 100.2, -897.0, 1248.9, 100.2, 0, 204, 0
L -897.0, 1184.9, 100.2, -897.0, 1248.9, 100.2, 0, 204, 0
L -1073.0, 1185.0, 100.2, -897.0, 1184.9, 100.2, 0, 204, 0
L -1089.0, 1569.0, 100.2, -1089.0, 1589.1, 100.2, 0, 204, 0
L -1055.0, 1569.0, 100.2, -1089.0, 1569.0, 100.2, 0, 204, 0
L -1055.0, 1564.6, 100.2, -1055.0, 1569.0, 100.2, 0, 204, 0
L -1032.6, 1564.6, 100.2, -1055.0, 1564.6, 100.2, 0, 204, 0
L -1032.7, 1506.7, 100.2, -1032.6, 1564.6, 100.2, 0, 204, 0
L -1055.0, 1506.7, 100.2, -1032.7, 1506.7, 100.2, 0, 204, 0
L -1055.0, 1501.6, 100.2, -1055.0, 1506.7, 100.2, 0, 204, 0
L -1032.8, 1501.6, 100.2, -1055.0, 1501.6, 100.2, 0, 204, 0
L -1032.8, 1443.7, 100.2, -1032.8, 1501.6, 100.2, 0, 204, 0
L -1055.0, 1443.7, 100.2, -1032.8, 1443.7, 100.2, 0, 204, 0
L -1055.0, 1437.6, 100.2, -1055.0, 1443.7, 100.2, 0, 204, 0
L -1032.8, 1437.6, 100.2, -1055.0, 1437.6, 100.2, 0, 204, 0
L -1032.9, 1379.6, 100.2, -1032.8, 1437.6, 100.2, 0, 204, 0
L -1055.0, 1379.6, 100.2, -1032.9, 1379.6, 100.2, 0, 204, 0
L -1055.0, 1372.8, 100.2, -1055.0, 1379.6, 100.2, 0, 204, 0
L -1032.8, 1372.8, 100.2, -1055.0, 1372.8, 100.2, 0, 204, 0
L -1032.8, 1314.8, 100.2, -1032.8, 1372.8, 100.2, 0, 204, 0
L -1055.0, 1314.8, 100.2, -1032.8, 1314.8, 100.2, 0, 204, 0
L -1055.0, 1314.8, 100.2, -1055.0, 1310.9, 100.2, 0, 204, 0
L -1153.0, 1311.1, 100.2, -1055.0, 1310.9, 100.2, 0, 204, 0
L -1153.0, 1314.5, 100.2, -1153.0, 1311.1, 100.2, 0, 204, 0
L -1175.3, 1314.6, 100.2, -1153.0, 1314.5, 100.2, 0, 204, 0
L -1175.3, 1372.5, 100.2, -1175.3, 1314.6, 100.2, 0, 204, 0
L -1153.0, 1372.5, 100.2, -1175.3, 1372.5, 100.2, 0, 204, 0
L -1153.0, 1379.1, 100.2, -1153.0, 1372.5, 100.2, 0, 204, 0
L -1175.2, 1379.1, 100.2, -1153.0, 1379.1, 100.2, 0, 204, 0
L -1175.2, 1437.0, 100.2, -1175.2, 1379.1, 100.2, 0, 204, 0
L -1153.0, 1437.0, 100.2, -1175.2, 1437.0, 100.2, 0, 204, 0
L -1153.0, 1443.4, 100.2, -1153.0, 1437.0, 100.2, 0, 204, 0
L -1175.2, 1443.4, 100.2, -1153.0, 1443.4, 100.2, 0, 204, 0
L -1175.2, 1501.3, 100.2, -1175.2, 1443.4, 100.2, 0, 204, 0
L -1153.0, 1501.3, 100.2, -1175.2, 1501.3, 100.2, 0, 204, 0
L -1153.0, 1506.5, 100.2, -1153.0, 1501.3, 100.2, 0, 204, 0
L -1175.2, 1506.5, 100.2, -1153.0, 1506.5, 100.2, 0, 204, 0
L -1175.1, 1564.5, 100.2, -1175.2, 1506.5, 100.2, 0, 204, 0
L -1153.0, 1564.4, 100.2, -1175.1, 1564.5, 100.2, 0, 204, 0
L -1153.0, 1569.0, 100.2, -1153.0, 1564.4, 100.2, 0, 204, 0
L -1119.0, 1569.0, 100.2, -1153.0, 1569.0, 100.2, 0, 204, 0
L -1119.0, 1589.1, 100.2, -1119.0, 1569.0, 100.2, 0, 204, 0
L -1089.0, 1589.1, 100.2, -1119.0, 1589.1, 100.2, 0, 204, 0
L -1151.6, 1791.0, 100.2, -1135.0, 1791.0, 100.2, 0, 204, 0
L -1311.0, 1695.5, 100.2, -1151.6, 1791.0, 100.2, 0, 204, 0
L -1311.0, 1631.0, 100.2, -1311.0, 1695.5, 100.2, 0, 204, 0
L -1315.2, 1631.0, 100.2, -1311.0, 1631.0, 100.2, 0, 204, 0
L -1315.2, 1608.8, 100.2, -1315.2, 1631.0, 100.2, 0, 204, 0
L -1373.2, 1608.8, 100.2, -1315.2, 1608.8, 100.2, 0, 204, 0
L -1373.2, 1631.0, 100.2, -1373.2, 1608.8, 100.2, 0, 204, 0
L -1379.6, 1631.0, 100.2, -1373.2, 1631.0, 100.2, 0, 204, 0
L -1379.6, 1608.8, 100.2, -1379.6, 1631.0, 100.2, 0, 204, 0
L -1437.5, 1608.8, 100.2, -1379.6, 1608.8, 100.2, 0, 204, 0
L -1437.5, 1631.0, 100.2, -1437.5, 1608.8, 100.2, 0, 204, 0
L -1441.2, 1631.1, 100.2, -1437.5, 1631.0, 100.2, 0, 204, 0
L -1441.2, 1608.8, 100.2, -1441.2, 1631.1, 100.2, 0, 204, 0
L -1499.2, 1608.8, 100.2, -1441.2, 1608.8, 100.2, 0, 204, 0
L -1499.1, 1631.0, 100.2, -1499.2, 1608.8, 100.2, 0, 204, 0
L -1503.0, 1631.0, 100.2, -1499.1, 1631.0, 100.2, 0, 204, 0
L -1501.5, 1375.0, 100.2, -1503.0, 1375.0, 100.2, 0, 204, 0
L -1501.5, 1352.9, 100.2, -1501.5, 1375.0, 100.2, 0, 204, 0
L -1500.1, 1249.0, 100.2, -1503.1, 1249.0, 100.2, 0, 204, 0
L -1500.4, 1270.8, 100.2, -1500.1, 1249.0, 100.2, 0, 204, 0
L -1503.0, 1505.0, 100.2, -1501.1, 1505.0, 100.2, 0, 204, 0
L -1501.1, 1527.2, 100.2, -1501.1, 1505.0, 100.2, 0, 204, 0
L -1503.0, 1505.0, 100.2, -1503.0, 1631.0, 100.2, 0, 204, 0
L -1443.1, 1527.1, 100.2, -1501.1, 1527.2, 100.2, 0, 204, 0
L -1443.1, 1505.0, 100.2, -1443.1, 1527.1, 100.2, 0, 204, 0
L -1436.9, 1505.0, 100.2, -1443.1, 1505.0, 100.2, 0, 204, 0
L -1437.2, 1526.8, 100.2, -1436.9, 1505.0, 100.2, 0, 204, 0
L -1379.2, 1527.5, 100.2, -1437.2, 1526.8, 100.2, 0, 204, 0
L -1378.9, 1505.0, 100.2, -1379.2, 1527.5, 100.2, 0, 204, 0
L -1372.1, 1505.0, 100.2, -1378.9, 1505.0, 100.2, 0, 204, 0
L -1371.5, 1527.9, 100.2, -1372.1, 1505.0, 100.2, 0, 204, 0
L -1313.5, 1526.4, 100.2, -1371.5, 1527.9, 100.2, 0, 204, 0
L -1374.1, 1352.8, 100.2, -1316.2, 1352.8, 100.2, 0, 204, 0
L -1374.1, 1375.0, 100.2, -1374.1, 1352.8, 100.2, 0, 204, 0
L -1379.5, 1375.0, 100.2, -1374.1, 1375.0, 100.2, 0, 204, 0
L -1379.5, 1352.8, 100.2, -1379.5, 1375.0, 100.2, 0, 204, 0
L -1437.5, 1352.8, 100.2, -1379.5, 1352.8, 100.2, 0, 204, 0
L -1437.5, 1375.0, 100.2, -1437.5, 1352.8, 100.2, 0, 204, 0
L -1443.5, 1375.0, 100.2, -1437.5, 1375.0, 100.2, 0, 204, 0
L -1443.5, 1375.0, 100.2, -1443.5, 1352.8, 100.2, 0, 204, 0
L -1501.5, 1352.9, 100.2, -1443.5, 1352.8, 100.2, 0, 204, 0
L -1442.4, 1271.5, 100.2, -1500.4, 1270.8, 100.2, 0, 204, 0
L -1442.1, 1249.0, 100.2, -1442.4, 1271.5, 100.2, 0, 204, 0
L -1442.1, 1249.0, 100.2, -1437.1, 1248.9, 100.2, 0, 204, 0
L -1437.1, 1271.2, 100.2, -1437.1, 1248.9, 100.2, 0, 204, 0
L -1379.2, 1271.2, 100.2, -1437.1, 1271.2, 100.2, 0, 204, 0
L -1373.0, 1271.1, 100.2, -1310.9, 1271.2, 100.2, 0, 204, 0
L -1379.2, 1249.0, 100.2, -1379.2, 1271.2, 100.2, 0, 204, 0
L -1373.0, 1249.0, 100.2, -1373.0, 1271.1, 100.2, 0, 204, 0
L -1373.0, 1249.0, 100.2, -1379.2, 1249.0, 100.2, 0, 204, 0
L -1313.5, 1526.4, 100.2, -1314.1, 1505.0, 100.2, 0, 204, 0
L -1314.1, 1505.0, 100.2, -1311.0, 1505.0, 100.2, 0, 204, 0
L -1311.0, 1455.1, 100.2, -1311.0, 1505.0, 100.2, 0, 204, 0
L -1290.9, 1455.1, 100.2, -1311.0, 1455.1, 100.2, 0, 204, 0
L -1290.8, 1425.2, 100.2, -1290.9, 1455.1, 100.2, 0, 204, 0
L -1311.0, 1425.2, 100.2, -1290.8, 1425.2, 100.2, 0, 204, 0
L -1311.0, 1375.0, 100.2, -1311.0, 1425.2, 100.2, 0, 204, 0
L -1316.1, 1375.0, 100.2, -1311.0, 1375.0, 100.2, 0, 204, 0
L -1316.2, 1352.8, 100.2, -1316.1, 1375.0, 100.2, 0, 204, 0
L -1503.1, 1249.0, 100.2, -1503.0, 1375.0, 100.2, 0, 204, 0
L -1311.1, 1184.9, 100.2, -1310.9, 1271.2, 100.2, 0, 204, 0
L -1135.0, 1185.0, 100.2, -1311.1, 1184.9, 100.2, 0, 204, 0
L -1135.0, 1185.0, 100.2, -1135.0, 1182.1, 100.2, 205, 133, 63
L -1151.1, 1167.0, 100.2, -1135.0, 1167.0, 100.2, 0, 204, 0
L -1073.0, 1167.0, 100.2, -1073.0, 1182.1, 100.2, 0, 204, 0
L -1057.0, 1167.0, 100.2, -1073.0, 1167.0, 100.2, 0, 204, 0
L -1057.0, 1023.1, 100.2, -1057.0, 1167.0, 100.2, 0, 204, 0
L -1151.0, 929.1, 100.2, -1151.1, 1167.0, 100.2, 0, 204, 0
L -753.0, 929.0, 100.2, -1151.0, 929.1, 100.2, 0, 204, 0
L -753.0, 945.0, 100.2, -753.0, 929.0, 100.2, 0, 204, 0
L -735.0, 945.0, 100.2, -738.1, 945.0, 100.2, 0, 204, 0
L -753.0, 1023.0, 100.2, -1057.0, 1023.1, 100.2, 0, 204, 0
L -753.0, 1007.0, 100.2, -753.0, 1023.0, 100.2, 0, 204, 0
L -735.0, 1007.1, 100.2, -753.0, 1007.0, 100.2, 0, 204, 0
L 151.0, 1399.0, 99.8, 151.0, 1257.1, 99.8, 0, 0, 255
L 8.5, 1399.0, 99.8, 151.0, 1399.0, 99.8, 0, 0, 255
L 9.1, 1257.0, 99.8, 8.5, 1399.0, 99.8, 0, 0, 255
L 151.0, 1257.1, 99.8, 9.1, 1257.0, 99.8, 0, 0, 255
L 31.1, 1279.1, 99.8, 128.9, 1278.9, 99.8, 0, 0, 255
L 30.8, 1376.6, 99.8, 31.1, 1279.1, 99.8, 0, 0, 255
L 129.2, 1377.2, 99.8, 30.8, 1376.6, 99.8, 0, 0, 255
L 128.9, 1278.9, 99.8, 129.2, 1377.2, 99.8, 0, 0, 255
L 126.9, 801.0, 100.2, 111.0, 801.0, 100.2, 0, 204, 0
L 127.0, 1151.0, 100.2, 126.9, 801.0, 100.2, 0, 204, 0
L 127.0, 1151.0, 100.2, 111.0, 1151.0, 100.2, 0, 204, 0
L 111.0, 1185.0, 100.2, 111.0, 1154.1, 100.2, 0, 204, 0
L 223.0, 1185.0, 100.2, 111.0, 1185.0, 100.2, 0, 204, 0
L 223.0, 1471.0, 100.2, 223.0, 1185.0, 100.2, 0, 204, 0
L -63.1, 1471.0, 100.2, 223.0, 1471.0, 100.2, 0, 204, 0
L -63.0, 1185.0, 100.2, -63.1, 1471.0, 100.2, 0, 204, 0
L 49.0, 1185.0, 100.2, -63.0, 1185.0, 100.2, 0, 204, 0
L 49.0, 1151.0, 100.2, 49.0, 1154.1, 100.2, 0, 204, 0
L 33.0, 1151.0, 100.2, 49.0, 1151.0, 100.2, 0, 204, 0
L 33.0, 1023.0, 100.2, 33.0, 1151.0, 100.2, 0, 204, 0
L -47.0, 1023.0, 100.2, 33.0, 1023.0, 100.2, 0, 204, 0
L -47.0, 1007.0, 100.2, -47.0, 1023.0, 100.2, 0, 204, 0
L -65.0, 1007.0, 100.2, -62.1, 1007.0, 100.2, 0, 204, 0
L -65.1, 944.9, 100.2, -47.0, 945.0, 100.2, 0, 204, 0
L -47.0, 929.0, 100.2, -47.0, 945.0, 100.2, 0, 204, 0
L 33.0, 929.0, 100.2, -47.0, 929.0, 100.2, 0, 204, 0
L 33.0, 801.0, 100.2, 33.0, 929.0, 100.2, 0, 204, 0
L 49.0, 801.0, 100.2, 33.0, 801.0, 100.2, 0, 204, 0
L 49.0, 801.0, 100.2, 49.0, 797.9, 100.2, 0, 204, 0
L 32.5, 783.0, 100.2, 49.0, 783.0, 100.2, 0, 204, 0
L -31.0, 703.7, 100.2, 32.5, 783.0, 100.2, 0, 204, 0
L -31.0, 608.3, 100.2, -31.0, 703.7, 100.2, 0, 204, 0
L 32.5, 529.0, 100.2, -31.0, 608.3, 100.2, 0, 204, 0
L 127.6, 529.0, 100.2, 32.5, 529.0, 100.2, 0, 204, 0
L 191.0, 608.4, 100.2, 127.6, 529.0, 100.2, 0, 204, 0
L 191.0, 703.6, 100.2, 191.0, 608.4, 100.2, 0, 204, 0
L 127.5, 783.0, 100.2, 191.0, 703.6, 100.2, 0, 204, 0
L 111.0, 783.0, 100.2, 127.5, 783.0, 100.2, 0, 204, 0
L 111.0, 801.0, 100.2, 111.0, 797.9, 100.2, 0, 204, 0
L -640.9, 414.6, 100.2, -642.2, 929.0, 100.2, 0, 204, 0
L -159.7, 415.0, 100.2, -640.9, 414.6, 100.2, 0, 204, 0
L -159.0, 929.3, 100.2, -159.7, 415.0, 100.2, 0, 204, 0
L -65.0, 1007.0, 100.2, -65.0, 1022.8, 100.2, 0, 204, 0
L -65.0, 320.9, 100.2, -65.1, 944.9, 100.2, 0, 204, 0
L -734.9, 321.0, 100.2, -65.0, 320.9, 100.2, 0, 204, 0
L -735.0, 945.0, 100.2, -734.9, 321.0, 100.2, 0, 204, 0
L 63.6, -95.0, 0.2, -31.6, -95.1, 0.2, 0, 0, 0
L -31.6, -95.1, 0.2, -95.0, -31.6, 0.2, 0, 0, 0
L -95.0, -31.6, 0.2, -95.0, -15.0, 0.2, 0, 0, 0
L -95.0, 47.0, 0.2, -95.0, 63.6, 0.2, 0, 0, 0
L -95.0, 63.6, 0.2, -31.6, 127.0, 0.2, 0, 0, 0
L -31.6, 127.0, 0.2, 63.7, 127.0, 0.2, 0, 0, 0
L 63.7, 127.0, 0.2, 127.0, 63.5, 0.2, 0, 0, 0
L 127.0, 63.5, 0.2, 127.0, -31.6, 0.2, 0, 0, 0
L 127.0, -31.6, 0.2, 63.6, -95.0, 0.2, 0, 0, 0
L -95.0, -15.0, 0.2, -98.2, -15.0, 0.2, 0, 0, 0
L -95.0, 47.0, 0.2, -98.2, 47.0, 0.2, 0, 0, 0
L -113.0, 47.0, 0.2, -113.0, 63.0, 0.2, 0, 0, 0
L -113.0, 63.0, 0.2, -160.6, 63.0, 0.2, 0, 0, 0
L -160.6, 63.0, 0.2, -176.6, 95.0, 0.2, 0, 0, 0
L -176.6, 95.0, 0.2, -207.4, 95.0, 0.2, 0, 0, 0
L -207.4, 95.0, 0.2, -223.4, 63.0, 0.2, 0, 0, 0
L -223.4, 63.0, 0.2, -272.3, 63.0, 0.2, 0, 0, 0
L -272.3, 63.0, 0.2, -320.6, 95.2, 0.2, 0, 0, 0
L -113.0, -15.0, 0.2, -113.0, -31.0, 0.2, 0, 0, 0
L -113.0, -31.0, 0.2, -160.6, -31.1, 0.2, 0, 0, 0
L -160.6, -31.1, 0.2, -176.6, -63.0, 0.2, 0, 0, 0
L -176.6, -63.0, 0.2, -207.4, -63.0, 0.2, 0, 0, 0
L -207.4, -63.0, 0.2, -223.4, -31.0, 0.2, 0, 0, 0
L -223.4, -31.0, 0.2, -272.3, -31.0, 0.2, 0, 0, 0
L -272.3, -31.0, 0.2, -320.3, -63.0, 0.2, 0, 0, 0
L -320.3, -63.0, 0.2, -479.6, -63.1, 0.2, 0, 0, 0
L -479.6, -63.1, 0.2, -527.0, -31.5, 0.2, 0, 0, 0
L -527.0, -31.5, 0.2, -527.0, 63.5, 0.2, 0, 0, 0
L -527.0, 63.5, 0.2, -479.3, 95.3, 0.2, 0, 0, 0
L -352.6, 143.0, 0.2, -369.0, 143.0, 0.2, 0, 0, 0
L -369.0, 143.0, 0.2, -369.0, 158.1, 0.2, 0, 0, 0
L -447.5, 143.0, 0.2, -431.0, 143.0, 0.2, 0, 0, 0
L -431.0, 143.0, 0.2, -431.0, 158.1, 0.2, 0, 0, 0
L -447.5, 143.0, 0.2, -479.3, 95.3, 0.2, 0, 0, 0
L -320.6, 95.2, 0.2, -352.6, 143.0, 0.2, 0, 0, 0
L -431.0, 161.0, 0.2, -447.0, 161.0, 0.2, 0, 0, 0
L -447.0, 161.0, 0.2, -446.9, 288.4, 0.2, 0, 0, 0
L -369.0, 161.0, 0.2, -353.0, 161.0, 0.2, 0, 0, 0
L -353.0, 161.0, 0.2, -353.0, 288.4, 0.2, 0, 0, 0
L -446.9, 288.4, 0.2, -479.7, 321.0, 0.2, 0, 0, 0
L -479.7, 321.0, 0.2, -735.0, 320.8, 0.2, 0, 0, 0
L -735.0, 320.8, 0.2, -735.6, 1023.0, 0.2, 0, 0, 0
L -735.6, 1023.0, 0.2, -641.0, 1023.0, 0.2, 0, 0, 0
L -641.0, 1023.0, 0.2, -641.0, 826.7, 0.2, 0, 0, 0
L -641.0, 826.7, 0.2, -631.0, 826.7, 0.2, 0, 0, 0
L -631.0, 826.7, 0.2, -631.0, 911.0, 0.2, 0, 0, 0
L -631.0, 911.0, 0.2, -623.0, 911.0, 0.2, 0, 0, 0
L -623.0, 911.0, 0.2, -623.0, 919.0, 0.2, 0, 0, 0
L -623.0, 919.0, 0.2, -585.0, 919.0, 0.2, 0, 0, 0
L -585.0, 919.0, 0.2, -585.1, 831.0, 0.2, 0, 0, 0
L -631.0, 741.3, 0.2, -631.0, 681.0, 0.2, 0, 0, 0
L -631.0, 681.0, 0.2, -623.0, 681.0, 0.2, 0, 0, 0
L -623.0, 681.0, 0.2, -623.0, 663.0, 0.2, 0, 0, 0
L -623.0, 663.0, 0.2, -631.0, 663.0, 0.2, 0, 0, 0
L -631.0, 663.0, 0.2, -631.0, 602.7, 0.2, 0, 0, 0
L -631.0, 602.7, 0.2, -641.0, 602.7, 0.2, 0, 0, 0
L -641.0, 602.7, 0.2, -640.9, 741.3, 0.2, 0, 0, 0
L -640.9, 741.3, 0.2, -631.0, 741.3, 0.2, 0, 0, 0
L -585.1, 831.0, 0.2, -575.0, 831.0, 0.2, 0, 0, 0
L -481.0, 831.0, 0.2, -471.0, 831.0, 0.2, 0, 0, 0
L -471.0, 831.0, 0.2, -471.1, 919.0, 0.2, 0, 0, 0
L -471.1, 919.0, 0.2, -465.0, 919.0, 0.2, 0, 0, 0
L -465.0, 919.0, 0.2, -465.0, 911.0, 0.2, 0, 0, 0
L -465.0, 911.0, 0.2, -457.0, 911.0, 0.2, 0, 0, 0
L -457.0, 911.0, 0.2, -456.9, 863.6, 0.2, 0, 0, 0
L -456.9, 863.6, 0.2, -416.5, 823.1, 0.2, 0, 0, 0
L -416.5, 823.1, 0.2, -383.6, 823.0, 0.2, 0, 0, 0
L -383.6, 823.0, 0.2, -343.0, 863.7, 0.2, 0, 0, 0
L -343.0, 863.7, 0.2, -343.1, 911.0, 0.2, 0, 0, 0
L -343.1, 911.0, 0.2, -335.0, 911.0, 0.2, 0, 0, 0
L -335.0, 911.0, 0.2, -335.0, 919.0, 0.2, 0, 0, 0
L -335.0, 919.0, 0.2, -329.0, 919.0, 0.2, 0, 0, 0
L -329.0, 919.0, 0.2, -328.9, 831.0, 0.2, 0, 0, 0
L -328.9, 831.0, 0.2, -319.0, 831.0, 0.2, 0, 0, 0
L -319.0, 831.0, 0.2, -319.0, 843.2, 6.7, 0, 204, 0
L -224.9, 831.0, 0.2, -224.9, 843.2, 6.7, 0, 204, 0
L -481.0, 831.0, 0.2, -481.0, 843.2, 6.7, 0, 204, 0
L -575.0, 831.0, 0.2, -575.0, 843.2, 6.7, 0, 204, 0
L -735.0, 1007.1, 100.2, -735.0, 1023.1, 100.2, 0, 204, 0
L -631.0, 517.4, 0.2, -641.0, 517.3, 0.2, 0, 0, 0
L -641.0, 517.3, 0.2, -641.0, 415.0, 0.2, 0, 0, 0
L -641.0, 415.0, 0.2, -442.7, 415.0, 0.2, 0, 0, 0
L -320.5, 320.9, 0.2, -353.0, 288.4, 0.2, 0, 0, 0
L 63.9, 22.2, 0.2, 64.0, 54.3, 0.2, 0, 0, 0
L 64.0, 54.3, 0.2, 95.9, 54.2, 0.2, 0, 0, 0
L 95.9, 54.2, 0.2, 95.9, 22.3, 0.2, 0, 0, 0
L 95.9, 22.3, 0.2, 63.9, 22.2, 0.2, 0, 0, 0
L 64.0, 3.6, 0.2, 95.9, 3.7, 0.2, 0, 0, 0
L 95.9, 3.7, 0.2, 95.9, -28.3, 0.2, 0, 0, 0
L 95.9, -28.3, 0.2, 63.9, -28.3, 0.2, 0, 0, 0
L 63.9, -28.3, 0.2, 64.0, 3.6, 0.2, 0, 0, 0
L -224.9, 831.0, 0.2, -215.0, 831.0, 0.2, 0, 0, 0
L -215.0, 831.0, 0.2, -215.1, 919.0, 0.2, 0, 0, 0
L -215.1, 919.0, 0.2, -177.0, 919.0, 0.2, 0, 0, 0
L -177.0, 919.0, 0.2, -177.0, 911.0, 0.2, 0, 0, 0
L -169.0, 911.0, 0.2, -177.0, 911.0, 0.2, 0, 0, 0
L -169.0, 911.0, 0.2, -169.0, 826.7, 0.2, 0, 0, 0
L -169.0, 826.7, 0.2, -159.0, 826.7, 0.2, 0, 0, 0
L -159.0, 826.7, 0.2, -158.9, 1023.0, 0.2, 0, 0, 0
L -158.9, 1023.0, 0.2, -65.0, 1023.0, 0.2, 0, 0, 0
L -65.0, 1023.0, 0.2, -65.2, 321.0, 0.2, 0, 0, 0
L -65.2, 321.0, 0.2, -320.5, 320.9, 0.2, 0, 0, 0
L -159.0, 741.3, 0.2, -159.0, 602.7, 0.2, 0, 0, 0
L -159.0, 517.3, 0.2, -159.0, 415.0, 0.2, 0, 0, 0
L -159.0, 415.0, 0.2, -357.3, 415.0, 0.2, 0, 0, 0
L -442.7, 415.0, 0.2, -442.7, 425.0, 0.2, 0, 0, 0
L -442.7, 425.0, 0.2, -623.0, 425.0, 0.2, 0, 0, 0
L -623.0, 425.0, 0.2, -623.0, 433.0, 0.2, 0, 0, 0
L -631.0, 433.0, 0.2, -623.0, 433.0, 0.2, 0, 0, 0
L -631.0, 433.0, 0.2, -631.0, 517.4, 0.2, 0, 0, 0
L -357.3, 415.0, 0.2, -357.3, 425.0, 0.2, 0, 0, 0
L -357.3, 425.0, 0.2, -177.0, 425.0, 0.2, 0, 0, 0
L -177.0, 425.0, 0.2, -177.0, 433.0, 0.2, 0, 0, 0
L -177.0, 433.0, 0.2, -169.0, 433.0, 0.2, 0, 0, 0
L -169.0, 433.0, 0.2, -169.0, 517.3, 0.2, 0, 0, 0
L -169.0, 517.3, 0.2, -159.0, 517.3, 0.2, 0, 0, 0
L -159.0, 602.7, 0.2, -169.0, 602.7, 0.2, 0, 0, 0
L -169.0, 602.7, 0.2, -169.0, 663.0, 0.2, 0, 0, 0
L -169.0, 663.0, 0.2, -177.0, 663.0, 0.2, 0, 0, 0
L -177.0, 663.0, 0.2, -177.0, 680.9, 0.2, 0, 0, 0
L -177.0, 680.9, 0.2, -169.0, 681.0, 0.2, 0, 0, 0
L -169.0, 681.0, 0.2, -169.0, 741.3, 0.2, 0, 0, 0
L -169.0, 741.3, 0.2, -159.0, 741.3, 0.2, 0, 0, 0
L -1121.0, 1359.0, -127.8, -1103.0, 1359.0, -127.8, 178, 102, 255
L -1103.0, 1359.0, -127.8, -1103.0, 1375.0, -127.8, 178, 102, 255
L -1103.0, 1375.0, -127.8, -1087.6, 1375.0, -127.8, 178, 102, 255
L -1087.6, 1375.0, -127.8, -1055.6, 1407.0, -127.8, 178, 102, 255
L -1055.6, 1407.0, -127.8, -960.4, 1407.0, -127.8, 178, 102, 255
L -960.4, 1407.0, -127.8, -928.4, 1375.0, -127.8, 178, 102, 255
L -928.4, 1375.0, -127.8, -913.0, 1375.0, -127.8, 178, 102, 255
L -913.0, 1375.0, -127.8, -913.0, 1280.9, -127.8, 178, 102, 255
L -913.0, 1280.9, -127.8, -928.4, 1281.0, -127.8, 178, 102, 255
L -928.4, 1281.0, -127.8, -960.4, 1248.9, -127.8, 178, 102, 255
L -960.4, 1248.9, -127.8, -977.0, 1249.0, -127.8, 178, 102, 255
L -977.0, 1249.0, -127.8, -977.0, 1234.0, -127.8, 178, 102, 255
L -977.0, 1231.0, -127.8, -961.0, 1231.0, -127.8, 178, 102, 255
L -961.0, 1231.0, -127.8, -961.0, 1199.0, -127.8, 178, 102, 255
L -961.0, 1199.0, -127.8, -929.0, 1199.0, -127.8, 178, 102, 255
L -929.0, 1199.0, -127.8, -928.9, 1137.0, -127.8, 178, 102, 255
L -928.9, 1137.0, -127.8, -961.0, 1137.0, -127.8, 178, 102, 255
L -961.0, 1137.0, -127.8, -961.0, 1103.0, -127.8, 178, 102, 255
L -961.0, 1103.0, -127.8, -929.0, 1103.0, -127.8, 178, 102, 255
L -929.0, 1103.0, -127.8, -929.0, 1041.0, -127.8, 178, 102, 255
L -929.0, 1041.0, -127.8, -961.0, 1041.0, -127.8, 178, 102, 255
L -961.0, 1041.0, -127.8, -961.0, 1007.0, -127.8, 178, 102, 255
L -961.0, 1007.0, -127.8, -923.0, 1007.1, -127.8, 178, 102, 255
L -961.0, 945.0, -127.8, -961.0, 911.0, -127.8, 178, 102, 255
L -961.0, 911.0, -127.8, -928.5, 911.0, -127.8, 178, 102, 255
L -928.5, 911.0, -127.8, -833.0, 815.7, -127.8, 178, 102, 255
L -833.0, 815.7, -127.8, -833.0, 656.4, -127.8, 178, 102, 255
L -833.0, 656.4, -127.8, -928.4, 561.0, -127.8, 178, 102, 255
L -928.4, 561.0, -127.8, -1087.6, 561.0, -127.8, 178, 102, 255
L -1087.6, 561.0, -127.8, -1183.0, 656.4, -127.8, 178, 102, 255
L -1183.0, 656.4, -127.8, -1183.0, 815.6, -127.8, 178, 102, 255
L -1183.0, 815.6, -127.8, -1087.6, 911.0, -127.8, 178, 102, 255
L -1087.6, 911.0, -127.8, -1055.0, 911.0, -127.8, 178, 102, 255
L -1055.0, 911.0, -127.8, -1055.0, 945.0, -127.8, 178, 102, 255
L -1055.0, 945.0, -127.8, -1087.0, 945.0, -127.8, 178, 102, 255
L -1087.0, 945.0, -127.8, -1087.0, 1007.0, -127.8, 178, 102, 255
L -1087.0, 1007.0, -127.8, -1055.0, 1007.0, -127.8, 178, 102, 255
L -1055.0, 1007.0, -127.8, -1055.0, 1041.0, -127.8, 178, 102, 255
L -1055.0, 1041.0, -127.8, -1087.0, 1041.0, -127.8, 178, 102, 255
L -1087.0, 1041.0, -127.8, -1087.0, 1103.0, -127.8, 178, 102, 255
L -1087.0, 1103.0, -127.8, -1055.0, 1103.0, -127.8, 178, 102, 255
L -1055.0, 1103.0, -127.8, -1055.0, 1137.0, -127.8, 178, 102, 255
L -1055.0, 1137.0, -127.8, -1087.0, 1137.0, -127.8, 178, 102, 255
L -1087.0, 1137.0, -127.8, -1087.0, 1199.0, -127.8, 178, 102, 255
L -1087.0, 1199.0, -127.8, -1055.0, 1199.0, -127.8, 178, 102, 255
L -1055.0, 1199.0, -127.8, -1055.0, 1231.1, -127.8, 178, 102, 255
L -1055.0, 1231.1, -127.8, -1039.0, 1231.0, -127.8, 178, 102, 255
L -1039.0, 1231.0, -127.8, -1039.0, 1234.0, -127.8, 178, 102, 255
L -1039.0, 1249.0, -127.8, -1055.6, 1249.0, -127.8, 178, 102, 255
L -1055.6, 1249.0, -127.8, -1087.6, 1281.0, -127.8, 178, 102, 255
L -1087.6, 1281.0, -127.8, -1103.0, 1281.0, -127.8, 178, 102, 255
L -1103.0, 1281.0, -127.8, -1103.0, 1296.9, -127.8, 178, 102, 255
L -1103.0, 1296.9, -127.8, -1121.0, 1297.0, -127.8, 178, 102, 255
L -961.0, 817.0, -127.8, -927.0, 817.0, -127.8, 178, 102, 255
L -927.0, 817.0, -127.8, -927.0, 783.0, -127.8, 178, 102, 255
L -927.0, 783.0, -127.8, -961.0, 783.0, -127.8, 178, 102, 255
L -961.0, 783.0, -127.8, -961.0, 817.0, -127.8, 178, 102, 255
L -1055.0, 817.0, -127.8, -1055.0, 783.0, -127.8, 178, 102, 255
L -1055.0, 783.0, -127.8, -1089.0, 783.0, -127.8, 178, 102, 255
L -1089.0, 783.0, -127.8, -1089.0, 817.0, -127.8, 178, 102, 255
L -1089.0, 817.0, -127.8, -1055.0, 817.0, -127.8, 178, 102, 255
L -1041.0, 769.0, -127.8, -975.0, 769.0, -127.8, 178, 102, 255
L -975.0, 769.0, -127.8, -975.0, 703.0, -127.8, 178, 102, 255
L -975.0, 703.0, -127.8, -1041.0, 703.0, -127.8, 178, 102, 255
L -1041.0, 703.0, -127.8, -1041.0, 769.0, -127.8, 178, 102, 255
L -1089.0, 689.0, -127.8, -1089.0, 655.0, -127.8, 178, 102, 255
L -1089.0, 655.0, -127.8, -1055.0, 655.0, -127.8, 178, 102, 255
L -1055.0, 655.0, -127.8, -1055.0, 688.9, -127.8, 178, 102, 255
L -1055.0, 688.9, -127.8, -1089.0, 689.0, -127.8, 178, 102, 255
L -961.0, 655.0, -127.8, -961.0, 689.0, -127.8, 178, 102, 255
L -961.0, 689.0, -127.8, -927.0, 689.0, -127.8, 178, 102, 255
L -927.0, 689.0, -127.8, -927.0, 655.0, -127.8, 178, 102, 255
L -927.0, 655.0, -127.8, -961.0, 655.0, -127.8, 178, 102, 255
L -671.0, 1887.0, -447.8, -705.0, 1887.0, -447.8, 102, 0, 204
L -705.0, 1887.0, -447.8, -705.0, 1920.9, -447.8, 102, 0, 204
L -705.0, 1920.9, -447.8, -671.0, 1921.0, -447.8, 102, 0, 204
L -705.0, 1793.0, -447.8, -671.0, 1793.0, -447.8, 102, 0, 204
L -671.0, 1793.0, -447.8, -671.0, 1759.0, -447.8, 102, 0, 204
L -671.0, 1759.0, -447.8, -705.0, 1759.0, -447.8, 102, 0, 204
L -705.0, 1759.0, -447.8, -705.0, 1793.0, -447.8, 102, 0, 204
L -705.0, 1665.0, -447.8, -671.0, 1665.0, -447.8, 102, 0, 204
L -671.0, 1665.0, -447.8, -671.0, 1631.0, -447.8, 102, 0, 204
L -671.0, 1631.0, -447.8, -705.0, 1631.0, -447.8, 102, 0, 204
L -705.0, 1631.0, -447.8, -705.0, 1665.0, -447.8, 102, 0, 204
L -705.0, 1537.0, -447.8, -671.0, 1537.0, -447.8, 102, 0, 204
L -671.0, 1537.0, -447.8, -671.0, 1503.0, -447.8, 102, 0, 204
L -671.0, 1503.0, -447.8, -705.0, 1503.0, -447.8, 102, 0, 204
L -705.0, 1503.0, -447.8, -705.0, 1537.0, -447.8, 102, 0, 204
L -511.0, 2271.1, -447.8, -737.0, 2271.0, -447.8, 150, 150, 150
L -737.0, 2271.0, -447.8, -737.1, 2497.0, -447.8, 150, 150, 150
L -737.1, 2497.0, -447.8, -511.0, 2497.0, -447.8, 150, 150, 150
L -511.0, 2497.0, -447.8, -511.0, 2271.1, -447.8, 150, 150, 150
L -567.1, 2441.0, -420.2, -567.1, 2440.9, -420.2, 255, 255, 0
L -567.0, 2327.0, -420.2, -680.9, 2327.1, -420.2, 255, 255, 0
L -680.9, 2327.1, -420.2, -681.0, 2441.0, -420.2, 255, 255, 0
L -681.0, 2441.0, -420.2, -567.1, 2441.0, -420.2, 255, 255, 0
L 607.4, 2464.8, -996.6, 639.7, 2497.1, -996.6, 102, 0, 204
L 639.7, 2497.1, -996.6, 767.0, 2496.6, -996.6, 102, 0, 204
L 767.0, 2496.6, -996.6, 767.0, 2527.0, -996.6, 102, 0, 204
L 767.0, 2527.0, -996.6, 480.4, 2527.1, -996.6, 102, 0, 204
L 480.4, 2527.1, -996.6, 385.0, 2431.6, -996.6, 102, 0, 204
L 385.0, 2431.6, -996.6, 385.0, 2336.4, -996.6, 102, 0, 204
L 385.0, 2336.4, -996.6, 480.4, 2241.0, -996.6, 102, 0, 204
L 480.4, 2241.0, -996.6, 767.0, 2241.0, -996.6, 102, 0, 204
L 767.0, 2241.0, -996.6, 767.0, 2271.0, -996.6, 102, 0, 204
L 767.0, 2271.0, -996.6, 639.6, 2271.0, -996.6, 102, 0, 204
L 607.0, 2303.7, -996.6, 639.6, 2271.0, -996.6, 102, 0, 204
L 607.0, 2337.0, -991.8, 641.0, 2337.0, -991.8, 102, 0, 204
L 641.0, 2337.0, -991.8, 641.0, 2305.0, -991.8, 102, 0, 204
L 641.0, 2305.0, -991.8, 735.0, 2305.0, -991.8, 102, 0, 204
L 735.0, 2305.0, -991.8, 735.0, 2341.3, -991.8, 102, 0, 204
L 735.0, 2426.7, -991.8, 735.0, 2463.0, -991.8, 102, 0, 204
L 735.0, 2463.0, -991.8, 641.0, 2462.9, -991.8, 102, 0, 204
L 641.0, 2462.9, -991.8, 641.0, 2431.0, -991.8, 102, 0, 204
L 641.0, 2431.0, -991.8, 607.3, 2431.1, -991.8, 102, 0, 204
L 827.4, 1729.0, -1062.3, 2143.0, 1729.1, -1062.3, 0, 0, 255
L 2143.0, 1729.1, -1062.3, 2143.1, 3044.0, -1062.3, 0, 0, 255
L 2143.1, 3044.0, -1062.3, 834.1, 3037.5, -1062.3, 0, 0, 255
L 834.1, 3037.5, -1062.3, 827.4, 1729.0, -1062.3, 0, 0, 255
L 951.0, 2678.9, -1062.3, 951.0, 2920.9, -1062.3, 0, 0, 255
L 951.0, 2920.9, -1062.3, 1193.0, 2921.1, -1062.3, 0, 0, 255
L 1193.0, 2921.1, -1062.3, 1193.0, 2679.1, -1062.3, 0, 0, 255
L 1193.0, 2679.1, -1062.3, 951.0, 2678.9, -1062.3, 0, 0, 255
L 1193.0, 2089.0, -1062.3, 951.0, 2089.0, -1062.3, 0, 0, 255
L 951.0, 2089.0, -1062.3, 951.0, 1847.0, -1062.3, 0, 0, 255
L 951.0, 1847.0, -1062.3, 1193.0, 1847.0, -1062.3, 0, 0, 255
L 1193.0, 1847.0, -1062.3, 1193.0, 2089.0, -1062.3, 0, 0, 255
L 1783.0, 1847.0, -1062.3, 1783.0, 2089.0, -1062.3, 0, 0, 255
L 1783.0, 2089.0, -1062.3, 2025.0, 2089.0, -1062.3, 0, 0, 255
L 2025.0, 2089.0, -1062.3, 2025.0, 1847.0, -1062.3, 0, 0, 255
L 2025.0, 1847.0, -1062.3, 1783.0, 1847.0, -1062.3, 0, 0, 255
L 2025.0, 2679.0, -1062.3, 1783.0, 2679.0, -1062.3, 0, 0, 255
L 1783.0, 2679.0, -1062.3, 1783.0, 2921.0, -1062.3, 0, 0, 255
L 1783.0, 2921.0, -1062.3, 2025.0, 2921.0, -1062.3, 0, 0, 255
L 2025.0, 2921.0, -1062.3, 2025.0, 2679.0, -1062.3, 0, 0, 255
L 1728.9, 2624.7, -1062.0, 1729.0, 2143.0, -1062.0, 0, 0, 255
L 1729.0, 2143.0, -1062.0, 1643.9, 2143.0, -1062.0, 0, 0, 255
L 1643.9, 2143.0, -1062.0, 1641.3, 2143.0, -1062.0, 0, 0, 255
L 1641.3, 2143.0, -1062.0, 1631.5, 2143.0, -1062.0, 0, 0, 255
L 1537.0, 2143.0, -1062.0, 1537.0, 2116.9, -1044.5, 102, 0, 204
L 1438.4, 2038.8, -991.8, 1438.6, 2064.8, -1009.4, 102, 0, 204
L 1439.1, 2143.0, -1062.0, 1344.5, 2143.0, -1062.0, 0, 0, 255
L 1247.1, 2143.0, -1062.0, 1246.9, 2625.0, -1062.0, 0, 0, 255
L 1246.9, 2625.0, -1062.0, 1344.5, 2625.0, -1062.0, 0, 0, 255
L 1438.8, 2625.0, -1062.0, 1439.1, 2650.9, -1044.5, 102, 0, 204
L 1537.0, 2625.1, -1062.7, 1537.0, 2651.0, -1045.0, 102, 0, 204
L 1537.0, 2625.1, -1062.5, 1728.9, 2624.7, -1062.5, 0, 0, 255
L 1833.0, 2729.0, -991.8, 1833.0, 2039.1, -991.8, 102, 0, 204
L 1833.0, 2039.1, -991.8, 1536.9, 2038.7, -991.8, 102, 0, 204
L 1143.0, 1897.0, -991.8, 1833.0, 1897.0, -991.8, 102, 0, 204
L 1833.0, 1897.0, -991.8, 1833.0, 1847.0, -991.8, 102, 0, 204
L 1975.0, 1847.0, -991.8, 1975.0, 1896.9, -991.8, 102, 0, 204
L 1975.0, 1896.9, -991.8, 2025.0, 1897.0, -991.8, 102, 0, 204
L 2025.0, 2039.0, -991.8, 1975.1, 2039.0, -991.8, 102, 0, 204
L 1975.1, 2039.0, -991.8, 1973.9, 2729.0, -991.8, 102, 0, 204
L 1143.0, 1897.0, -991.8, 1143.0, 1847.0, -991.8, 102, 0, 204
L 1000.9, 1847.0, -991.8, 1001.0, 1897.0, -991.8, 102, 0, 204
L 1001.0, 1897.0, -991.8, 951.0, 1897.0, -991.8, 102, 0, 204
L 951.0, 2039.0, -991.8, 1001.0, 2039.0, -991.8, 102, 0, 204
L 1001.0, 2039.0, -991.8, 1000.5, 2341.3, -991.8, 102, 0, 204
L 1142.5, 2729.0, -991.8, 1143.0, 2039.0, -991.8, 102, 0, 204
L 1143.0, 2039.0, -991.8, 1438.4, 2038.8, -991.8, 102, 0, 204
L 1000.9, 2426.7, -991.8, 1001.0, 2729.0, -991.8, 102, 0, 204
L 1001.0, 2729.0, -991.8, 951.0, 2729.0, -991.8, 102, 0, 204
L 951.0, 2871.0, -991.8, 1000.9, 2871.0, -991.8, 102, 0, 204
L 1000.9, 2871.0, -991.8, 1001.0, 2921.0, -991.8, 102, 0, 204
L 1143.0, 2921.0, -991.8, 1143.0, 2871.0, -991.8, 102, 0, 204
L 1143.0, 2871.0, -991.8, 1833.0, 2870.6, -991.8, 102, 0, 204
L 1439.9, 2728.7, -991.8, 1142.5, 2729.0, -991.8, 102, 0, 204
L 1536.9, 2728.8, -991.8, 1833.0, 2729.0, -991.8, 102, 0, 204
L 1833.0, 2870.6, -991.8, 1833.0, 2921.0, -991.8, 102, 0, 204
L 1975.0, 2871.0, -991.8, 1975.0, 2921.0, -991.8, 102, 0, 204
L 1975.0, 2871.0, -991.8, 2025.0, 2871.0, -991.8, 102, 0, 204
L 1973.9, 2729.0, -991.8, 2025.0, 2729.0, -991.8, 102, 0, 204
L 1381.6, 2500.8, -1055.8, 1436.2, 2533.8, -1055.8, 102, 0, 204
L 1436.2, 2533.8, -1055.8, 1498.5, 2542.7, -1055.8, 102, 0, 204
L 1498.5, 2542.7, -1055.8, 1559.1, 2527.1, -1055.8, 102, 0, 204
L 1559.1, 2527.1, -1055.8, 1609.2, 2489.5, -1055.8, 102, 0, 204
L 1609.2, 2489.5, -1055.8, 1641.1, 2435.5, -1055.8, 102, 0, 204
L 1641.1, 2435.5, -1055.8, 1649.9, 2373.5, -1055.8, 102, 0, 204
L 1649.9, 2373.5, -1055.8, 1634.3, 2312.8, -1055.8, 102, 0, 204
L 1634.3, 2312.8, -1055.8, 1596.7, 2262.7, -1055.8, 102, 0, 204
L 1596.7, 2262.7, -1055.8, 1542.7, 2230.9, -1055.8, 102, 0, 204
L 1542.7, 2230.9, -1055.8, 1480.7, 2222.1, -1055.8, 102, 0, 204
L 1480.7, 2222.1, -1055.8, 1420.0, 2237.7, -1055.8, 102, 0, 204
L 1420.0, 2237.7, -1055.8, 1370.0, 2275.3, -1055.8, 102, 0, 204
L 1370.0, 2275.3, -1055.8, 1338.0, 2329.4, -1055.8, 102, 0, 204
L 1338.0, 2329.4, -1055.8, 1329.3, 2391.5, -1055.8, 102, 0, 204
L 1329.3, 2391.5, -1055.8, 1344.9, 2451.9, -1055.8, 102, 0, 204
L 1344.9, 2451.9, -1055.8, 1381.6, 2500.8, -1055.8, 102, 0, 204
L -1615.1, 1234.0, -127.8, -1594.4, 1234.0, -127.8, 205, 133, 63
L -1594.4, 1231.0, -127.8, -1594.4, 1236.9, -127.8, 205, 133, 63
L -1594.4, 1231.0, -127.8, -1573.7, 1231.0, -127.8, 205, 133, 63
L -1594.3, 1236.9, -127.8, -1573.7, 1236.9, -127.8, 205, 133, 63
L -1573.7, 1231.0, -127.8, -1573.7, 1234.0, -127.8, 205, 133, 63
L -1573.7, 1234.0, -127.8, -1573.7, 1236.9, -127.8, 205, 133, 63
L -1553.0, 1234.0, -127.8, -1553.0, 1249.0, -127.8, 178, 102, 255
L -1573.7, 1234.0, -127.8, -1553.0, 1234.0, -127.8, 205, 133, 63
L -655.1, 1378.1, -447.8, -634.4, 1378.1, -447.8, 205, 133, 63
L -634.4, 1375.1, -447.8, -634.4, 1381.1, -447.8, 205, 133, 63
L -634.4, 1375.1, -447.8, -613.6, 1375.1, -447.8, 205, 133, 63
L -634.3, 1381.1, -447.8, -613.7, 1381.1, -447.8, 205, 133, 63
L -613.6, 1375.1, -447.8, -613.6, 1378.1, -447.8, 205, 133, 63
L -613.6, 1378.1, -447.8, -613.6, 1381.1, -447.8, 205, 133, 63
L -613.6, 1378.1, -447.8, -592.9, 1378.1, -447.8, 205, 133, 63
L -1039.0, 1234.0, -127.8, -1039.0, 1249.0, -127.8, 178, 102, 255
L -1039.0, 1234.0, -127.8, -1018.3, 1234.0, -127.8, 205, 133, 63
L -1018.3, 1231.0, -127.8, -1018.3, 1237.0, -127.8, 205, 133, 63
L -1018.3, 1231.0, -127.8, -997.7, 1231.0, -127.8, 205, 133, 63
L -1018.3, 1237.0, -127.8, -997.7, 1237.0, -127.8, 205, 133, 63
L -997.7, 1231.0, -127.8, -997.7, 1234.0, -127.8, 205, 133, 63
L -997.7, 1234.0, -127.8, -997.7, 1237.0, -127.8, 205, 133, 63
L -977.0, 1234.0, -127.8, -977.0, 1231.0, -127.8, 178, 102, 255
L -997.7, 1234.0, -127.8, -977.0, 1234.0, -127.8, 205, 133, 63
L -1135.0, 1182.1, 100.2, -1135.0, 1167.0, 100.2, 0, 204, 0
L -1135.0, 1182.1, 100.2, -1114.3, 1182.1, 100.2, 205, 133, 63
L -1114.3, 1179.1, 100.2, -1114.3, 1185.0, 100.2, 205, 133, 63
L -1114.3, 1179.1, 100.2, -1093.6, 1179.1, 100.2, 205, 133, 63
L -1114.3, 1185.0, 100.2, -1093.6, 1185.0, 100.2, 205, 133, 63
L -1093.6, 1179.1, 100.2, -1093.6, 1182.1, 100.2, 205, 133, 63
L -1093.6, 1182.1, 100.2, -1093.6, 1185.0, 100.2, 205, 133, 63
L -1073.0, 1182.1, 100.2, -1073.0, 1185.0, 100.2, 205, 133, 63
L -1093.6, 1182.1, 100.2, -1073.0, 1182.1, 100.2, 205, 133, 63
L -431.0, 158.1, 0.2, -431.0, 161.0, 0.2, 0, 0, 0
L -431.0, 158.1, 0.2, -410.3, 158.1, 0.2, 205, 133, 63
L -410.3, 155.1, 0.2, -410.3, 161.2, 0.2, 205, 133, 63
L -410.3, 155.1, 0.2, -389.7, 155.1, 0.2, 205, 133, 63
L -410.3, 161.2, 0.2, -389.7, 161.2, 0.2, 205, 133, 63
L -389.7, 155.1, 0.2, -389.7, 158.1, 0.2, 205, 133, 63
L -389.7, 158.1, 0.2, -389.7, 161.2, 0.2, 205, 133, 63
L -369.0, 158.1, 0.2, -369.0, 161.0, 0.2, 0, 0, 0
L -389.7, 158.1, 0.2, -369.0, 158.1, 0.2, 205, 133, 63
L -101.1, 26.3, 0.2, -101.1, 5.7, 0.2, 205, 133, 63
L -98.2, 47.0, 0.2, -113.0, 47.0, 0.2, 0, 0, 0
L -98.2, 47.0, 0.2, -98.2, 26.3, 0.2, 205, 133, 63
L -101.1, 26.3, 0.2, -95.3, 26.3, 0.2, 205, 133, 63
L -101.1, 5.7, 0.2, -98.2, 5.7, 0.2, 205, 133, 63
L -98.2, 5.7, 0.2, -95.3, 5.7, 0.2, 205, 133, 63
L -98.2, -15.0, 0.2, -113.0, -15.0, 0.2, 0, 0, 0
L -98.2, 5.7, 0.2, -98.2, -15.0, 0.2, 205, 133, 63
L -95.3, 26.3, 0.2, -95.3, 5.7, 0.2, 205, 133, 63
L 49.0, 797.9, 100.2, 49.0, 783.0, 100.2, 0, 204, 0
L 49.0, 797.9, 100.2, 69.7, 797.9, 100.2, 205, 133, 63
L 69.7, 794.9, 100.2, 69.7, 800.9, 100.2, 205, 133, 63
L 69.7, 794.9, 100.2, 90.3, 794.9, 100.2, 205, 133, 63
L 69.7, 800.9, 100.2, 90.3, 800.9, 100.2, 205, 133, 63
L 90.3, 794.9, 100.2, 90.3, 797.9, 100.2, 205, 133, 63
L 90.3, 797.9, 100.2, 90.3, 800.9, 100.2, 205, 133, 63
L 111.0, 797.9, 100.2, 111.0, 783.0, 100.2, 0, 204, 0
L 90.3, 797.9, 100.2, 111.0, 797.9, 100.2, 205, 133, 63
L -65.1, 986.3, 100.2, -65.1, 965.6, 100.2, 205, 133, 63
L -62.1, 1007.0, 100.2, -47.0, 1007.0, 100.2, 0, 204, 0
L -62.1, 1007.0, 100.2, -62.1, 986.3, 100.2, 205, 133, 63
L -65.1, 986.3, 100.2, -59.1, 986.3, 100.2, 205, 133, 63
L -65.1, 965.6, 100.2, -62.1, 965.6, 100.2, 205, 133, 63
L -62.1, 965.6, 100.2, -59.1, 965.6, 100.2, 205, 133, 63
L -62.1, 965.6, 100.2, -62.1, 944.9, 100.2, 205, 133, 63
L -59.1, 986.3, 100.2, -59.1, 965.6, 100.2, 205, 133, 63
L 49.0, 1154.1, 100.2, 49.0, 1185.0, 100.2, 0, 204, 0
L 49.0, 1154.1, 100.2, 69.7, 1154.1, 100.2, 205, 133, 63
L 69.7, 1151.1, 100.2, 69.7, 1157.1, 100.2, 205, 133, 63
L 69.7, 1151.1, 100.2, 90.3, 1151.1, 100.2, 205, 133, 63
L 69.7, 1157.1, 100.2, 90.3, 1157.1, 100.2, 205, 133, 63
L 90.3, 1151.1, 100.2, 90.3, 1154.1, 100.2, 205, 133, 63
L 90.3, 1154.1, 100.2, 90.3, 1157.1, 100.2, 205, 133, 63
L 111.0, 1154.1, 100.2, 111.0, 1151.0, 100.2, 0, 204, 0
L 90.3, 1154.1, 100.2, 111.0, 1154.1, 100.2, 205, 133, 63
L -741.1, 986.4, 100.2, -741.1, 965.7, 100.2, 205, 133, 63
L -738.1, 1007.0, 100.2, -738.1, 986.4, 100.2, 205, 133, 63
L -741.1, 986.4, 100.2, -735.2, 986.4, 100.2, 205, 133, 63
L -741.1, 965.7, 100.2, -738.1, 965.7, 100.2, 205, 133, 63
L -738.1, 965.7, 100.2, -735.2, 965.7, 100.2, 205, 133, 63
L -738.1, 945.0, 100.2, -753.0, 945.0, 100.2, 0, 204, 0
L -738.1, 965.7, 100.2, -738.1, 945.0, 100.2, 205, 133, 63
L -735.2, 986.4, 100.2, -735.2, 965.7, 100.2, 205, 133, 63
L -1327.0, 1762.0, -127.8, -1327.0, 1793.0, -127.8, 178, 102, 255
L -1327.0, 1762.0, -127.8, -1306.4, 1762.0, -127.8, 205, 133, 63
L -1306.4, 1759.0, -127.8, -1306.4, 1764.9, -127.8, 205, 133, 63
L -1306.4, 1759.0, -127.8, -1285.7, 1759.0, -127.8, 205, 133, 63
L -1306.4, 1764.9, -127.8, -1285.7, 1764.9, -127.8, 205, 133, 63
L -1285.7, 1759.0, -127.8, -1285.7, 1762.0, -127.8, 205, 133, 63
L -1285.7, 1762.0, -127.8, -1285.7, 1764.9, -127.8, 205, 133, 63
L -1265.0, 1762.0, -127.8, -1265.0, 1793.0, -127.8, 178, 102, 255
L -1285.7, 1762.0, -127.8, -1265.0, 1762.0, -127.8, 205, 133, 63
L -1135.0, 1794.0, 100.2, -1135.0, 1791.0, 100.2, 0, 204, 0
L -1135.0, 1794.0, 100.2, -1114.3, 1794.0, 100.2, 205, 133, 63
L -1114.3, 1791.1, 100.2, -1114.3, 1797.0, 100.2, 205, 133, 63
L -1114.3, 1791.1, 100.2, -1093.6, 1791.1, 100.2, 205, 133, 63
L -1114.3, 1797.0, 100.2, -1093.6, 1797.0, 100.2, 205, 133, 63
L -1093.6, 1791.1, 100.2, -1093.6, 1794.0, 100.2, 205, 133, 63
L -1093.6, 1794.0, 100.2, -1093.6, 1797.0, 100.2, 205, 133, 63
L -1073.0, 1794.0, 100.2, -1073.0, 1809.0, 100.2, 0, 204, 0
L -1093.6, 1794.0, 100.2, -1073.0, 1794.0, 100.2, 205, 133, 63
L -575.0, 929.0, 52.2, -591.8, 929.0, 64.2, 0, 204, 0
L -225.0, 928.6, 52.2, -208.5, 928.8, 64.2, 0, 204, 0
L -575.0, 831.0, 0.2, -481.0, 831.0, 0.2, 150, 150, 150
L -319.0, 831.0, 0.2, -224.9, 831.0, 0.2, 150, 150, 150
L -575.0, 880.0, 26.2, -481.0, 880.0, 26.2, 150, 150, 150
L -319.1, 880.0, 26.2, -319.1, 892.2, 32.7, 0, 204, 0
L -224.9, 879.8, 26.2, -225.0, 892.0, 32.7, 0, 204, 0
L -319.1, 880.0, 26.2, -224.9, 879.8, 26.2, 150, 150, 150
L -319.1, 904.5, 39.2, -319.1, 916.8, 45.7, 0, 204, 0
L -225.0, 904.2, 39.2, -225.0, 916.4, 45.7, 0, 204, 0
L -319.1, 904.5, 39.2, -225.0, 904.2, 39.2, 150, 150, 150
L -319.0, 855.5, 13.2, -319.0, 867.8, 19.7, 0, 204, 0
L -224.9, 855.4, 13.2, -224.9, 867.6, 19.7, 0, 204, 0
L -319.0, 855.5, 13.2, -224.9, 855.4, 13.2, 150, 150, 150
L -319.0, 867.8, 19.7, -319.1, 880.0, 26.2, 0, 204, 0
L -224.9, 867.6, 19.7, -224.9, 879.8, 26.2, 0, 204, 0
L -319.0, 867.8, 19.7, -224.9, 867.6, 19.7, 150, 150, 150
L -319.0, 843.2, 6.7, -319.0, 855.5, 13.2, 0, 204, 0
L -224.9, 843.2, 6.7, -224.9, 855.4, 13.2, 0, 204, 0
L -319.0, 843.2, 6.7, -224.9, 843.2, 6.7, 150, 150, 150
L -319.1, 892.2, 32.7, -319.1, 904.5, 39.2, 0, 204, 0
L -225.0, 892.0, 32.7, -225.0, 904.2, 39.2, 0, 204, 0
L -319.1, 892.2, 32.7, -225.0, 892.0, 32.7, 150, 150, 150
L -225.0, 916.4, 45.7, -319.1, 916.8, 45.7, 150, 150, 150
L -481.0, 855.5, 13.2, -481.0, 865.9, 18.7, 0, 204, 0
L -575.0, 855.5, 13.2, -481.0, 855.5, 13.2, 150, 150, 150
L -481.0, 843.2, 6.7, -481.0, 855.5, 13.2, 0, 204, 0
L -481.0, 843.2, 6.7, -575.0, 843.2, 6.7, 150, 150, 150
L -575.0, 904.5, 39.1, -575.0, 916.8, 45.6, 0, 204, 0
L -575.0, 843.2, 6.7, -575.0, 855.5, 13.2, 0, 204, 0
L -575.0, 880.0, 26.2, -575.0, 892.2, 32.6, 0, 204, 0
L -575.0, 855.5, 13.2, -575.0, 867.8, 19.7, 0, 204, 0
L -481.0, 903.7, 38.8, -481.0, 916.4, 45.5, 0, 204, 0
L -575.0, 904.5, 39.1, -481.0, 903.7, 38.8, 150, 150, 150
L -575.0, 892.2, 32.6, -575.0, 904.5, 39.1, 0, 204, 0
L -481.0, 892.0, 32.6, -481.0, 903.7, 38.8, 0, 204, 0
L -575.0, 892.2, 32.6, -481.0, 892.0, 32.6, 150, 150, 150
L -575.0, 916.8, 45.6, -575.0, 929.0, 52.1, 0, 204, 0
L -481.0, 916.4, 45.5, -481.0, 929.0, 52.2, 0, 204, 0
L -575.0, 916.8, 45.6, -481.0, 916.4, 45.5, 150, 150, 150
L -575.0, 867.8, 19.7, -575.0, 880.0, 26.2, 0, 204, 0
L -481.0, 865.9, 18.7, -481.0, 892.0, 32.6, 0, 204, 0
L -575.0, 867.8, 19.7, -481.0, 865.9, 18.7, 150, 150, 150
L -575.0, 929.0, 52.1, -575.0, 1023.0, 52.1, 150, 150, 150
L -735.0, 1023.1, 100.2, -642.2, 1023.1, 100.2, 0, 204, 0
L -225.0, 1022.8, 52.1, -575.0, 1023.0, 52.1, 0, 204, 0
L -575.0, 929.0, 52.1, -481.0, 929.0, 52.1, 150, 150, 150
L -415.6, 833.0, 52.1, -447.0, 864.4, 52.1, 0, 204, 0
L -447.0, 929.0, 52.1, -481.0, 929.0, 52.1, 0, 204, 0
L -353.0, 929.0, 52.1, -353.0, 864.5, 52.1, 0, 204, 0
L -353.0, 864.5, 52.1, -384.4, 833.0, 52.1, 0, 204, 0
L -384.4, 833.0, 52.1, -415.6, 833.0, 52.1, 0, 204, 0
L -447.0, 864.4, 52.1, -447.0, 929.0, 52.1, 0, 204, 0
L -319.1, 929.0, 52.1, -353.0, 929.0, 52.1, 0, 204, 0
L -319.1, 929.0, 52.1, -225.0, 928.6, 52.1, 150, 150, 150
L -319.1, 916.8, 45.7, -319.1, 929.0, 52.1, 0, 204, 0
L -225.0, 916.4, 45.7, -225.0, 928.6, 52.1, 0, 204, 0
L -225.0, 928.6, 52.1, -225.0, 1022.8, 52.1, 150, 150, 150
L -642.2, 929.0, 100.2, -642.2, 1023.1, 100.2, 150, 150, 150
L -642.2, 1023.1, 100.2, -159.0, 1022.8, 100.2, 0, 204, 0
L -575.0, 1023.0, 52.1, -591.8, 1023.0, 64.1, 0, 204, 0
L -608.6, 1023.0, 76.1, -625.4, 1023.0, 88.2, 0, 204, 0
L -608.6, 929.0, 76.2, -625.4, 929.0, 88.2, 0, 204, 0
L -608.6, 1023.0, 76.1, -608.6, 929.0, 76.2, 150, 150, 150
L -625.4, 1023.0, 88.2, -642.2, 1023.1, 100.2, 0, 204, 0
L -625.4, 929.0, 88.2, -642.2, 929.0, 100.2, 0, 204, 0
L -625.4, 1023.0, 88.2, -625.4, 929.0, 88.2, 150, 150, 150
L -591.8, 1023.0, 64.1, -608.6, 1023.0, 76.1, 0, 204, 0
L -591.8, 929.0, 64.2, -608.6, 929.0, 76.2, 0, 204, 0
L -591.8, 1023.0, 64.1, -591.8, 929.0, 64.2, 150, 150, 150
L -159.0, 1022.8, 100.2, -65.0, 1022.8, 100.2, 0, 204, 0
L -159.0, 929.3, 100.2, -159.0, 1022.8, 100.2, 150, 150, 150
L -225.0, 1022.8, 52.1, -208.5, 1022.8, 64.1, 0, 204, 0
L -192.0, 1022.8, 76.1, -175.5, 1022.8, 88.2, 0, 204, 0
L -192.0, 929.0, 76.2, -175.5, 929.1, 88.2, 0, 204, 0
L -192.0, 1022.8, 76.1, -192.0, 929.0, 76.2, 150, 150, 150
L -208.5, 1022.8, 64.1, -192.0, 1022.8, 76.1, 0, 204, 0
L -208.5, 928.8, 64.2, -192.0, 929.0, 76.2, 0, 204, 0
L -208.5, 1022.8, 64.1, -208.5, 928.8, 64.2, 150, 150, 150
L -175.5, 1022.8, 88.2, -159.0, 1022.8, 100.2, 0, 204, 0
L -175.5, 929.1, 88.2, -159.0, 929.3, 100.2, 0, 204, 0
L -175.5, 1022.8, 88.2, -175.5, 929.1, 88.2, 150, 150, 150
L -1150.9, 1897.8, 100.2, -1151.0, 1809.0, 100.2, 0, 204, 0
L -1057.0, 1897.8, 100.2, -1150.9, 1897.8, 100.2, 150, 150, 150
L -1057.0, 2079.0, 64.0, -1150.9, 2079.0, 64.0, 0, 204, 0
L -1057.0, 1897.8, 100.2, -1057.0, 1919.6, 91.2, 0, 204, 0
L -1150.9, 1985.0, 64.0, -1150.9, 1963.2, 73.1, 0, 204, 0
L -1057.0, 1985.0, 64.0, -1057.0, 2078.9, 64.0, 0, 204, 0
L -1150.9, 1985.0, 64.0, -1057.0, 1985.0, 64.0, 150, 150, 150
L -1249.0, 1985.0, 32.2, -1224.5, 1985.0, 40.2, 0, 204, 0
L -1150.9, 2079.0, 64.0, -1175.4, 2079.0, 56.1, 0, 204, 0
L -1150.9, 1985.0, 64.0, -1150.9, 2079.0, 64.0, 150, 150, 150
L -1343.0, 2079.0, 32.2, -1343.0, 1985.0, 32.2, 0, 204, 0
L -1249.0, 2079.1, 32.2, -1343.0, 2079.1, 32.2, 0, 204, 0
L -1249.0, 1985.0, 32.2, -1249.0, 2079.1, 32.2, 150, 150, 150
L -1249.0, 1985.0, 32.2, -1343.0, 1985.0, 32.2, 150, 150, 150
L -1343.0, 1793.0, 0.2, -1343.0, 1887.0, 0.2, 0, 204, 0
L -1249.0, 1887.0, 0.2, -1343.0, 1887.0, 0.2, 150, 150, 150
L -1249.0, 1887.0, 0.2, -1249.0, 1792.9, 0.2, 150, 150, 150
L -1249.0, 1792.9, 0.2, -1343.0, 1793.0, 0.2, 0, 204, 0
L -1343.0, 1985.0, 32.2, -1343.0, 1960.5, 24.2, 0, 204, 0
L -1249.0, 1985.0, 32.2, -1249.0, 1960.5, 24.2, 0, 204, 0
L -1151.0, 1887.0, -31.8, -1200.0, 1887.0, -15.8, 178, 102, 255
L -1151.0, 1887.0, -31.8, -1151.0, 1792.9, -31.8, 150, 150, 150
L -1151.0, 1792.9, -31.8, -1175.5, 1792.9, -23.8, 178, 102, 255
L -1056.9, 1792.8, -31.8, -1057.0, 1887.0, -31.8, 178, 102, 255
L -1151.0, 1887.0, -31.8, -1057.0, 1887.0, -31.8, 150, 150, 150
L -1056.9, 1792.8, -31.8, -1151.0, 1792.9, -31.8, 178, 102, 255
L -1056.9, 2079.0, -63.8, -1057.0, 1985.0, -63.8, 178, 102, 255
L -1151.0, 1985.0, -63.8, -1151.0, 1960.5, -55.8, 178, 102, 255
L -1151.0, 1985.0, -63.8, -1057.0, 1985.0, -63.8, 150, 150, 150
L -1057.0, 1985.0, -63.8, -1057.0, 1960.5, -55.8, 178, 102, 255
L -1151.0, 1985.0, -63.8, -1151.0, 2079.0, -63.8, 150, 150, 150
L -1151.0, 2079.0, -63.8, -1057.1, 2079.0, -63.8, 178, 102, 255
L -1343.0, 2079.0, -95.8, -1248.9, 2079.0, -95.8, 178, 102, 255
L -1248.9, 1984.9, -95.8, -1224.4, 1984.9, -87.8, 178, 102, 255
L -1248.9, 1984.9, -95.8, -1248.9, 2079.0, -95.8, 150, 150, 150
L -1248.9, 2079.0, -95.8, -1224.4, 2079.0, -87.8, 178, 102, 255
L -1248.9, 1984.9, -95.8, -1343.1, 1984.9, -95.8, 150, 150, 150
L -1343.1, 1984.9, -95.8, -1343.0, 2079.0, -95.8, 178, 102, 255
L -1249.0, 1793.0, -127.8, -1249.0, 1874.5, -127.8, 178, 102, 255
L -1249.0, 1874.5, -127.8, -1249.0, 1902.1, -119.8, 178, 102, 255
L -1343.0, 1874.5, -127.8, -1343.0, 1902.1, -119.8, 178, 102, 255
L -1249.0, 1874.5, -127.8, -1343.0, 1874.5, -127.8, 150, 150, 150
L -1057.0, 1941.4, 82.1, -1057.0, 1963.2, 73.1, 0, 204, 0
L -1150.9, 1941.4, 82.1, -1150.9, 1919.6, 91.2, 0, 204, 0
L -1057.0, 1941.4, 82.1, -1150.9, 1941.4, 82.1, 150, 150, 150
L -1057.0, 1963.2, 73.1, -1057.0, 1985.0, 64.0, 0, 204, 0
L -1150.9, 1963.2, 73.1, -1150.9, 1941.4, 82.1, 0, 204, 0
L -1057.0, 1963.2, 73.1, -1150.9, 1963.2, 73.1, 150, 150, 150
L -1057.0, 1919.6, 91.2, -1057.0, 1941.4, 82.1, 0, 204, 0
L -1150.9, 1919.6, 91.2, -1150.9, 1897.8, 100.2, 0, 204, 0
L -1057.0, 1919.6, 91.2, -1150.9, 1919.6, 91.2, 150, 150, 150
L -1199.9, 2079.0, 48.1, -1224.5, 2079.1, 40.2, 0, 204, 0
L -1199.9, 1985.0, 48.1, -1175.4, 1985.0, 56.1, 0, 204, 0
L -1199.9, 2079.0, 48.1, -1199.9, 1985.0, 48.1, 150, 150, 150
L -1175.4, 2079.0, 56.1, -1199.9, 2079.0, 48.1, 0, 204, 0
L -1175.4, 1985.0, 56.1, -1150.9, 1985.0, 64.0, 0, 204, 0
L -1175.4, 2079.0, 56.1, -1175.4, 1985.0, 56.1, 150, 150, 150
L -1224.5, 2079.1, 40.2, -1249.0, 2079.1, 32.2, 0, 204, 0
L -1224.5, 1985.0, 40.2, -1199.9, 1985.0, 48.1, 0, 204, 0
L -1224.5, 2079.1, 40.2, -1224.5, 1985.0, 40.2, 150, 150, 150
L -1343.0, 1936.0, 16.2, -1343.0, 1911.5, 8.2, 0, 204, 0
L -1249.0, 1936.0, 16.2, -1249.0, 1911.5, 8.2, 0, 204, 0
L -1343.0, 1936.0, 16.2, -1249.0, 1936.0, 16.2, 150, 150, 150
L -1343.0, 1960.5, 24.2, -1343.0, 1936.0, 16.2, 0, 204, 0
L -1249.0, 1960.5, 24.2, -1249.0, 1936.0, 16.2, 0, 204, 0
L -1343.0, 1960.5, 24.2, -1249.0, 1960.5, 24.2, 150, 150, 150
L -1343.0, 1911.5, 8.2, -1343.0, 1887.0, 0.2, 0, 204, 0
L -1249.0, 1911.5, 8.2, -1249.0, 1887.0, 0.2, 0, 204, 0
L -1343.0, 1911.5, 8.2, -1249.0, 1911.5, 8.2, 150, 150, 150
L -1200.0, 1887.0, -15.8, -1224.5, 1887.0, -7.8, 178, 102, 255
L -1200.0, 1792.9, -15.8, -1224.5, 1792.9, -7.8, 178, 102, 255
L -1200.0, 1887.0, -15.8, -1200.0, 1792.9, -15.8, 150, 150, 150
L -1224.5, 1887.0, -7.8, -1249.0, 1887.0, 0.2, 178, 102, 255
L -1224.5, 1792.9, -7.8, -1249.0, 1792.9, 0.2, 178, 102, 255
L -1224.5, 1887.0, -7.8, -1224.5, 1792.9, -7.8, 150, 150, 150
L -1175.5, 1792.9, -23.8, -1200.0, 1792.9, -15.8, 178, 102, 255
L -1175.5, 1881.0, -23.8, -1175.5, 1792.9, -23.8, 150, 150, 150
L -1151.0, 1936.0, -47.8, -1151.0, 1911.5, -39.8, 178, 102, 255
L -1057.0, 1936.0, -47.8, -1057.0, 1911.5, -39.8, 178, 102, 255
L -1151.0, 1936.0, -47.8, -1057.0, 1936.0, -47.8, 150, 150, 150
L -1151.0, 1911.5, -39.8, -1151.0, 1887.0, -31.8, 178, 102, 255
L -1057.0, 1911.5, -39.8, -1057.0, 1887.0, -31.8, 178, 102, 255
L -1151.0, 1911.5, -39.8, -1057.0, 1911.5, -39.8, 150, 150, 150
L -1151.0, 1960.5, -55.8, -1151.0, 1936.0, -47.8, 178, 102, 255
L -1057.0, 1960.5, -55.8, -1057.0, 1936.0, -47.8, 178, 102, 255
L -1151.0, 1960.5, -55.8, -1057.0, 1960.5, -55.8, 150, 150, 150
L -1199.9, 1984.9, -79.8, -1175.5, 1985.0, -71.8, 178, 102, 255
L -1199.9, 2079.0, -79.8, -1175.5, 2079.0, -71.8, 178, 102, 255
L -1199.9, 1984.9, -79.8, -1199.9, 2079.0, -79.8, 150, 150, 150
L -1175.5, 1985.0, -71.8, -1151.0, 1985.0, -63.8, 178, 102, 255
L -1175.5, 2079.0, -71.8, -1151.0, 2079.0, -63.8, 178, 102, 255
L -1175.5, 1985.0, -71.8, -1175.5, 2079.0, -71.8, 150, 150, 150
L -1224.4, 1984.9, -87.8, -1199.9, 1984.9, -79.8, 178, 102, 255
L -1224.4, 2079.0, -87.8, -1199.9, 2079.0, -79.8, 178, 102, 255
L -1224.4, 1984.9, -87.8, -1224.4, 2079.0, -87.8, 150, 150, 150
L -1343.0, 1929.7, -111.8, -1343.0, 1957.3, -103.8, 178, 102, 255
L -1248.9, 1929.7, -111.8, -1248.9, 1957.3, -103.8, 178, 102, 255
L -1343.0, 1929.7, -111.8, -1248.9, 1929.7, -111.8, 150, 150, 150
L -1343.0, 1902.1, -119.8, -1343.0, 1929.7, -111.8, 178, 102, 255
L -1249.0, 1902.1, -119.8, -1248.9, 1929.7, -111.8, 178, 102, 255
L -1343.0, 1902.1, -119.8, -1249.0, 1902.1, -119.8, 150, 150, 150
L -1343.0, 1957.3, -103.8, -1343.1, 1984.9, -95.8, 178, 102, 255
L -1248.9, 1957.3, -103.8, -1248.9, 1984.9, -95.8, 178, 102, 255
L -1343.0, 1957.3, -103.8, -1248.9, 1957.3, -103.8, 150, 150, 150
L 15.2, 2426.6, -882.9, 385.0, 2426.5, -882.9, 102, 0, 204
L -26.9, 2384.0, -882.9, -14.2, 2353.7, -882.9, 102, 0, 204
L -26.9, 2384.0, -882.9, -14.3, 2414.3, -882.9, 102, 0, 204
L -14.3, 2414.3, -882.9, 15.2, 2426.6, -882.9, 102, 0, 204
L 15.1, 2341.4, -882.9, 385.0, 2341.3, -882.9, 102, 0, 204
L 15.1, 2341.4, -882.9, 77.1, 2341.4, -882.9, 102, 0, 204
L 385.0, 2341.3, -882.9, 385.0, 2383.9, -882.9, 255, 255, 0
L -680.9, 2327.1, -420.2, -737.0, 2271.0, -447.8, 150, 150, 150
L -567.0, 2327.0, -420.2, -511.0, 2271.1, -447.8, 150, 150, 150
L -567.1, 2441.0, -420.2, -511.0, 2497.0, -447.8, 150, 150, 150
L -681.0, 2441.0, -420.2, -737.1, 2497.0, -447.8, 150, 150, 150
L -417.0, 2271.0, -447.8, -386.3, 2271.0, -447.8, 102, 0, 204
L -386.3, 2271.0, -447.8, -511.1, 2146.4, -447.8, 102, 0, 204
L -386.3, 2497.0, -447.8, -417.0, 2497.0, -447.8, 102, 0, 204
L -511.0, 2177.0, -447.8, -545.0, 2177.0, -447.8, 102, 0, 204
L -511.1, 2146.4, -447.8, -511.0, 2177.0, -447.8, 102, 0, 204
L -545.0, 2177.0, -447.8, -545.0, 2145.0, -447.8, 102, 0, 204
L -417.0, 2497.0, -447.8, -417.0, 2463.0, -447.8, 102, 0, 204
L -593.0, 2145.0, -447.8, -593.0, 2015.0, -447.8, 102, 0, 204
L -385.0, 2463.0, -447.8, -384.9, 2305.0, -447.8, 102, 0, 204
L -417.0, 2305.0, -447.8, -417.0, 2271.0, -447.8, 102, 0, 204
L -545.0, 2145.0, -447.8, -593.0, 2145.0, -447.8, 102, 0, 204
L -384.9, 2305.0, -447.8, -417.0, 2305.0, -447.8, 102, 0, 204
L -417.0, 2463.0, -447.8, -385.0, 2463.0, -447.8, 102, 0, 204
L -861.6, 2271.0, -447.8, -831.0, 2271.0, -447.8, 102, 0, 204
L -831.0, 2305.0, -447.8, -863.0, 2305.0, -447.8, 102, 0, 204
L -863.0, 2305.0, -447.8, -863.0, 2463.1, -447.8, 102, 0, 204
L -863.0, 2463.1, -447.8, -831.0, 2463.0, -447.8, 102, 0, 204
L -831.0, 2463.0, -447.8, -831.0, 2497.0, -447.8, 102, 0, 204
L -831.0, 2497.0, -447.8, -861.6, 2497.0, -447.8, 102, 0, 204
L -831.0, 2271.0, -447.8, -831.0, 2305.0, -447.8, 102, 0, 204
L -737.0, 2146.4, -447.8, -861.6, 2271.0, -447.8, 102, 0, 204
L -737.0, 2177.0, -447.8, -737.0, 2146.4, -447.8, 102, 0, 204
L -703.0, 2177.0, -447.8, -737.0, 2177.0, -447.8, 102, 0, 204
L -861.6, 2497.0, -447.8, -737.0, 2621.7, -447.8, 102, 0, 204
L -655.1, 2145.0, -447.8, -703.0, 2145.0, -447.8, 102, 0, 204
L -737.0, 2621.7, -447.8, -737.0, 2591.0, -447.8, 102, 0, 204
L -703.0, 2145.0, -447.8, -703.0, 2177.0, -447.8, 102, 0, 204
L -545.0, 2623.0, -447.8, -545.0, 2591.0, -447.8, 102, 0, 204
L -511.0, 2591.0, -447.8, -511.0, 2621.7, -447.8, 102, 0, 204
L -703.0, 2591.0, -447.8, -703.0, 2623.0, -447.8, 102, 0, 204
L -737.0, 2591.0, -447.8, -703.0, 2591.0, -447.8, 102, 0, 204
L -703.0, 2623.0, -447.8, -545.0, 2623.0, -447.8, 102, 0, 204
L -545.0, 2591.0, -447.8, -511.0, 2591.0, -447.8, 102, 0, 204
L -511.0, 2621.7, -447.8, -386.3, 2497.0, -447.8, 102, 0, 204
L -655.1, 2145.0, -447.8, -654.9, 2015.0, -447.8, 102, 0, 204
L 385.0, 2383.9, -882.9, 385.0, 2426.5, -882.9, 255, 255, 0
L 344.8, 2405.2, -882.9, 344.8, 2362.6, -882.9, 255, 255, 0
L 344.8, 2405.2, -882.9, 385.0, 2383.9, -882.9, 255, 255, 0
L 385.0, 2383.9, -882.9, 344.8, 2362.6, -882.9, 255, 255, 0
L 1000.9, 2426.7, -991.8, 800.4, 2426.7, -991.8, 102, 0, 204
L 735.0, 2341.3, -991.8, 800.4, 2341.3, -991.8, 102, 0, 204
L 787.5, 2398.2, -991.8, 787.5, 2369.8, -991.8, 205, 133, 63
L 800.4, 2426.7, -991.8, 735.0, 2426.7, -991.8, 102, 0, 204
L 800.4, 2426.7, -991.8, 800.4, 2398.2, -991.8, 205, 133, 63
L 787.5, 2398.2, -991.8, 813.2, 2398.2, -991.8, 205, 133, 63
L 787.5, 2369.8, -991.8, 800.4, 2369.8, -991.8, 205, 133, 63
L 800.4, 2369.8, -991.8, 813.2, 2369.8, -991.8, 205, 133, 63
L 800.4, 2341.3, -991.8, 1000.5, 2341.3, -991.8, 102, 0, 204
L 800.4, 2369.8, -991.8, 800.4, 2341.3, -991.8, 205, 133, 63
L 813.2, 2398.2, -991.8, 813.2, 2369.8, -991.8, 205, 133, 63
L -567.0, 2327.0, -420.2, -624.0, 2384.0, -420.2, 255, 255, 0
L -680.9, 2327.1, -420.2, -624.0, 2384.0, -420.2, 255, 255, 0
L -567.1, 2440.9, -420.2, -567.0, 2327.0, -420.2, 255, 255, 0
L -624.0, 2384.0, -420.2, -681.0, 2441.0, -420.2, 255, 255, 0
L -624.0, 2384.0, -420.2, -567.1, 2440.9, -420.2, 255, 255, 0
L -567.1, 2440.9, -420.2, -567.0, 2441.0, -420.2, 0, 0, 0
L -923.0, 944.9, -127.8, -923.0, 929.0, -127.8, 178, 102, 255
L -923.0, 929.0, -127.8, -923.0, 928.8, -127.8, 178, 102, 255
L -923.0, 929.0, -127.8, -774.5, 929.0, -127.8, 178, 102, 255
L -932.4, 1006.4, -127.8, -932.4, 945.6, -127.8, 255, 255, 0
L -923.0, 944.9, -127.8, -961.0, 945.0, -127.8, 178, 102, 255
L -774.5, 929.0, -127.8, -774.5, 1022.9, -127.8, 150, 150, 150
L -774.5, 1022.9, -127.8, -748.6, 1022.9, -135.8, 178, 102, 255
L -576.9, 929.0, -159.8, -671.1, 928.9, -159.8, 178, 102, 255
L -671.1, 1022.9, -159.8, -671.1, 929.0, -159.8, 150, 150, 150
L -671.1, 928.9, -159.8, -696.9, 929.0, -151.8, 178, 102, 255
L -671.1, 929.0, -159.8, -576.9, 929.0, -159.8, 178, 102, 255
L -671.1, 929.0, -159.8, -671.1, 928.9, -159.8, 0, 0, 0
L -671.1, 1022.9, -159.8, -577.0, 1022.9, -159.8, 150, 150, 150
L -577.0, 1022.9, -159.8, -576.9, 929.0, -159.8, 178, 102, 255
L -577.0, 1215.0, -191.8, -577.0, 1121.0, -191.8, 178, 102, 255
L -671.0, 1121.0, -191.8, -671.0, 1096.5, -183.8, 178, 102, 255
L -671.0, 1121.0, -191.8, -577.0, 1121.0, -191.8, 150, 150, 150
L -577.0, 1121.0, -191.8, -577.0, 1096.5, -183.8, 178, 102, 255
L -671.0, 1121.0, -191.8, -671.0, 1215.0, -191.8, 150, 150, 150
L -671.0, 1215.0, -191.8, -577.1, 1215.0, -191.8, 178, 102, 255
L -863.0, 1215.1, -223.8, -769.0, 1215.1, -223.8, 178, 102, 255
L -769.0, 1121.0, -223.8, -744.5, 1121.0, -215.8, 178, 102, 255
L -769.0, 1121.0, -223.8, -769.0, 1215.1, -223.8, 150, 150, 150
L -769.0, 1215.1, -223.8, -744.5, 1215.1, -215.8, 178, 102, 255
L -769.0, 1121.0, -223.8, -863.0, 1121.0, -223.8, 150, 150, 150
L -863.0, 1121.0, -223.8, -863.0, 1215.1, -223.8, 178, 102, 255
L -671.1, 929.0, -287.8, -695.6, 929.0, -279.8, 178, 102, 255
L -863.0, 928.9, -255.8, -863.0, 1023.0, -255.8, 178, 102, 255
L -769.0, 1023.0, -255.8, -769.0, 1047.5, -247.8, 178, 102, 255
L -769.0, 1023.0, -255.8, -863.0, 1023.0, -255.8, 150, 150, 150
L -863.0, 1023.0, -255.8, -863.0, 1047.5, -247.8, 178, 102, 255
L -769.0, 1023.0, -255.8, -769.0, 928.9, -255.8, 150, 150, 150
L -769.0, 928.9, -255.8, -863.1, 929.0, -255.8, 178, 102, 255
L -671.0, 1121.0, -319.8, -671.0, 1096.5, -311.8, 102, 0, 204
L -671.1, 1023.0, -287.8, -695.6, 1023.0, -279.8, 178, 102, 255
L -671.1, 1023.0, -287.8, -671.1, 929.0, -287.8, 150, 150, 150
L -671.1, 1023.0, -287.8, -577.0, 1023.0, -287.8, 150, 150, 150
L -577.0, 1023.0, -287.8, -577.0, 928.8, -287.8, 102, 0, 204
L -577.0, 1215.0, -319.8, -577.0, 1121.0, -319.8, 102, 0, 204
L -769.0, 1121.0, -351.8, -744.5, 1121.0, -343.8, 102, 0, 204
L -671.0, 1121.0, -319.8, -577.0, 1121.0, -319.8, 150, 150, 150
L -671.0, 1121.0, -319.8, -671.0, 1215.0, -319.8, 150, 150, 150
L -671.0, 1215.0, -319.8, -577.1, 1215.0, -319.8, 102, 0, 204
L -769.0, 1023.0, -383.8, -769.0, 1047.5, -375.8, 102, 0, 204
L -862.9, 1215.0, -351.8, -769.0, 1215.0, -351.8, 102, 0, 204
L -769.0, 1121.0, -351.8, -769.0, 1215.0, -351.8, 150, 150, 150
L -769.0, 1215.0, -351.8, -744.5, 1215.0, -343.8, 102, 0, 204
L -769.0, 1121.0, -351.8, -863.0, 1121.0, -351.8, 150, 150, 150
L -863.0, 1121.0, -351.8, -863.0, 1215.0, -351.8, 102, 0, 204
L -576.9, 929.0, -383.8, -577.0, 929.0, -383.8, 102, 0, 204
L -863.1, 929.0, -383.8, -863.0, 1023.0, -383.8, 102, 0, 204
L -769.0, 1023.0, -383.8, -863.0, 1023.0, -383.8, 150, 150, 150
L -863.0, 1121.0, -351.8, -863.0, 1096.5, -359.8, 102, 0, 204
L -769.0, 1023.0, -383.8, -769.0, 929.0, -383.8, 150, 150, 150
L -863.0, 929.0, -383.8, -863.1, 929.0, -383.8, 102, 0, 204
L -769.0, 929.0, -383.8, -863.0, 929.0, -383.8, 102, 0, 204
L -577.0, 929.0, -416.0, -671.0, 929.0, -416.0, 102, 0, 204
L -671.0, 1023.1, -416.0, -695.5, 1023.1, -407.9, 102, 0, 204
L -671.0, 1023.1, -416.0, -671.0, 929.0, -416.0, 150, 150, 150
L -671.0, 929.0, -416.0, -695.5, 929.0, -407.9, 102, 0, 204
L -671.0, 1023.1, -416.0, -577.0, 1023.1, -416.0, 150, 150, 150
L -577.0, 929.0, -416.0, -577.0, 1023.1, -416.0, 102, 0, 204
L -671.1, 1375.0, -447.8, -670.5, 1132.5, -447.8, 102, 0, 204
L -577.0, 1375.0, -447.8, -577.0, 1132.5, -447.8, 102, 0, 204
L -577.0, 1132.5, -447.8, -577.0, 1105.1, -439.8, 102, 0, 204
L -577.0, 1132.5, -447.8, -670.5, 1132.5, -447.8, 150, 150, 150
L -671.0, 1023.1, -416.0, -670.9, 1050.4, -423.9, 102, 0, 204
L -769.0, 1072.0, -239.8, -769.0, 1096.5, -231.8, 178, 102, 255
L -863.0, 1072.0, -239.8, -863.0, 1096.5, -231.8, 178, 102, 255
L -769.0, 1072.0, -239.8, -863.0, 1072.0, -239.8, 150, 150, 150
L -863.0, 1047.5, -247.8, -863.0, 1072.0, -239.8, 178, 102, 255
L -769.0, 1047.5, -247.8, -769.0, 1072.0, -239.8, 178, 102, 255
L -863.0, 1047.5, -247.8, -769.0, 1047.5, -247.8, 150, 150, 150
L -863.0, 1096.5, -231.8, -863.0, 1121.0, -223.8, 178, 102, 255
L -769.0, 1096.5, -231.8, -769.0, 1121.0, -223.8, 178, 102, 255
L -863.0, 1096.5, -231.8, -769.0, 1096.5, -231.8, 150, 150, 150
L -720.0, 1023.0, -399.9, -744.5, 1023.0, -391.8, 102, 0, 204
L -720.0, 929.0, -399.9, -744.5, 929.0, -391.8, 102, 0, 204
L -720.0, 1023.0, -399.9, -720.0, 929.0, -399.9, 150, 150, 150
L -744.5, 1023.0, -391.8, -769.0, 1023.0, -383.8, 102, 0, 204
L -744.5, 929.0, -391.8, -769.0, 929.0, -383.8, 102, 0, 204
L -744.5, 1023.0, -391.8, -744.5, 929.0, -391.8, 150, 150, 150
L -695.5, 1023.1, -407.9, -720.0, 1023.0, -399.9, 102, 0, 204
L -695.5, 929.0, -407.9, -720.0, 929.0, -399.9, 102, 0, 204
L -695.5, 1023.1, -407.9, -695.5, 929.0, -407.9, 150, 150, 150
L -720.0, 929.0, -271.8, -744.5, 928.9, -263.8, 178, 102, 255
L -720.0, 1023.0, -271.8, -744.5, 1023.0, -263.8, 178, 102, 255
L -720.0, 929.0, -271.8, -720.0, 1023.0, -271.8, 150, 150, 150
L -695.6, 929.0, -279.8, -720.0, 929.0, -271.8, 178, 102, 255
L -695.6, 1023.0, -279.8, -720.0, 1023.0, -271.8, 178, 102, 255
L -695.6, 929.0, -279.8, -695.6, 1023.0, -279.8, 150, 150, 150
L -744.5, 928.9, -263.8, -769.0, 928.9, -255.8, 178, 102, 255
L -744.5, 1023.0, -263.8, -769.0, 1023.0, -255.8, 178, 102, 255
L -744.5, 928.9, -263.8, -744.5, 1023.0, -263.8, 150, 150, 150
L -671.0, 1072.0, -303.8, -671.1, 1047.5, -295.8, 102, 0, 204
L -577.0, 1072.0, -303.8, -577.0, 1047.5, -295.8, 102, 0, 204
L -671.0, 1072.0, -303.8, -577.0, 1072.0, -303.8, 150, 150, 150
L -671.1, 1047.5, -295.8, -671.1, 1023.0, -287.8, 102, 0, 204
L -577.0, 1047.5, -295.8, -577.0, 1023.0, -287.8, 102, 0, 204
L -671.1, 1047.5, -295.8, -577.0, 1047.5, -295.8, 150, 150, 150
L -671.0, 1096.5, -311.8, -671.0, 1072.0, -303.8, 102, 0, 204
L -577.0, 1096.5, -311.8, -577.0, 1072.0, -303.8, 102, 0, 204
L -671.0, 1096.5, -311.8, -577.0, 1096.5, -311.8, 150, 150, 150
L -577.0, 1072.0, -175.8, -577.0, 1047.4, -167.8, 178, 102, 255
L -671.0, 1072.0, -175.8, -671.1, 1047.4, -167.8, 178, 102, 255
L -577.0, 1072.0, -175.8, -671.0, 1072.0, -175.8, 150, 150, 150
L -577.0, 1096.5, -183.8, -577.0, 1072.0, -175.8, 178, 102, 255
L -671.0, 1096.5, -183.8, -671.0, 1072.0, -175.8, 178, 102, 255
L -577.0, 1096.5, -183.8, -671.0, 1096.5, -183.8, 150, 150, 150
L -577.0, 1047.4, -167.8, -577.0, 1022.9, -159.8, 178, 102, 255
L -671.1, 1047.4, -167.8, -671.1, 1022.9, -159.8, 178, 102, 255
L -577.0, 1047.4, -167.8, -671.1, 1047.4, -167.8, 150, 150, 150
L -722.8, 929.0, -143.8, -748.6, 929.0, -135.8, 178, 102, 255
L -722.8, 1022.9, -143.8, -696.9, 1022.9, -151.8, 178, 102, 255
L -722.8, 929.0, -143.8, -722.8, 1022.9, -143.8, 150, 150, 150
L -696.9, 929.0, -151.8, -722.8, 929.0, -143.8, 178, 102, 255
L -696.9, 1022.9, -151.8, -671.1, 1022.9, -159.8, 178, 102, 255
L -696.9, 929.0, -151.8, -696.9, 1022.9, -151.8, 150, 150, 150
L -748.6, 929.0, -135.8, -774.5, 929.0, -127.8, 178, 102, 255
L -748.6, 1022.9, -135.8, -722.8, 1022.9, -143.8, 178, 102, 255
L -748.6, 929.0, -135.8, -748.6, 1022.9, -135.8, 150, 150, 150
L -863.0, 1072.0, -367.8, -863.0, 1047.5, -375.8, 102, 0, 204
L -769.0, 1072.0, -367.8, -769.0, 1096.5, -359.8, 102, 0, 204
L -863.0, 1072.0, -367.8, -769.0, 1072.0, -367.8, 150, 150, 150
L -863.0, 1047.5, -375.8, -863.0, 1023.0, -383.8, 102, 0, 204
L -769.0, 1047.5, -375.8, -769.0, 1072.0, -367.8, 102, 0, 204
L -863.0, 1047.5, -375.8, -769.0, 1047.5, -375.8, 150, 150, 150
L -863.0, 1096.5, -359.8, -863.0, 1072.0, -367.8, 102, 0, 204
L -769.0, 1096.5, -359.8, -769.0, 1121.0, -351.8, 102, 0, 204
L -863.0, 1096.5, -359.8, -769.0, 1096.5, -359.8, 150, 150, 150
L -670.8, 1077.8, -431.9, -670.6, 1105.1, -439.8, 102, 0, 204
L -577.0, 1077.8, -431.9, -577.0, 1050.4, -423.9, 102, 0, 204
L -670.8, 1077.8, -431.9, -577.0, 1077.8, -431.9, 150, 150, 150
L -670.9, 1050.4, -423.9, -670.8, 1077.8, -431.9, 102, 0, 204
L -577.0, 1050.4, -423.9, -577.0, 1023.1, -416.0, 102, 0, 204
L -670.9, 1050.4, -423.9, -577.0, 1050.4, -423.9, 150, 150, 150
L -670.6, 1105.1, -439.8, -670.5, 1132.5, -447.8, 102, 0, 204
L -577.0, 1105.1, -439.8, -577.0, 1077.8, -431.9, 102, 0, 204
L -670.6, 1105.1, -439.8, -577.0, 1105.1, -439.8, 150, 150, 150
L -720.0, 1121.0, -335.8, -695.5, 1121.0, -327.8, 102, 0, 204
L -720.0, 1215.0, -335.8, -695.5, 1215.0, -327.8, 102, 0, 204
L -720.0, 1121.0, -335.8, -720.0, 1215.0, -335.8, 150, 150, 150
L -695.5, 1121.0, -327.8, -671.0, 1121.0, -319.8, 102, 0, 204
L -695.5, 1215.0, -327.8, -671.0, 1215.0, -319.8, 102, 0, 204
L -695.5, 1121.0, -327.8, -695.5, 1215.0, -327.8, 150, 150, 150
L -744.5, 1121.0, -343.8, -720.0, 1121.0, -335.8, 102, 0, 204
L -744.5, 1215.0, -343.8, -720.0, 1215.0, -335.8, 102, 0, 204
L -744.5, 1121.0, -343.8, -744.5, 1215.0, -343.8, 150, 150, 150
L -720.0, 1121.0, -207.8, -695.5, 1121.0, -199.8, 178, 102, 255
L -720.0, 1215.0, -207.8, -695.5, 1215.0, -199.8, 178, 102, 255
L -720.0, 1121.0, -207.8, -720.0, 1215.0, -207.8, 150, 150, 150
L -695.5, 1121.0, -199.8, -671.0, 1121.0, -191.8, 178, 102, 255
L -695.5, 1215.0, -199.8, -671.0, 1215.0, -191.8, 178, 102, 255
L -695.5, 1121.0, -199.8, -695.5, 1215.0, -199.8, 150, 150, 150
L -744.5, 1121.0, -215.8, -720.0, 1121.0, -207.8, 178, 102, 255
L -744.5, 1215.1, -215.8, -720.0, 1215.0, -207.8, 178, 102, 255
L -744.5, 1121.0, -215.8, -744.5, 1215.1, -215.8, 150, 150, 150
L -512.4, 2623.0, -703.8, -385.7, 2496.4, -703.8, 0, 0, 255
L -863.0, 2495.6, -703.8, -735.6, 2623.0, -703.8, 0, 0, 255
L -863.0, 2272.5, -703.8, -863.0, 2495.6, -703.8, 0, 0, 255
L -735.6, 2144.9, -703.8, -863.0, 2272.5, -703.8, 0, 0, 255
L -385.7, 2496.4, -703.8, -384.9, 2272.5, -703.8, 0, 0, 255
L -735.6, 2623.0, -703.8, -512.4, 2623.0, -703.8, 0, 0, 255
L -384.9, 2272.5, -703.8, -512.3, 2145.0, -703.8, 0, 0, 255
L -512.3, 2145.0, -703.8, -735.6, 2144.9, -703.8, 0, 0, 255
L -385.4, 2426.7, -703.8, -127.0, 2426.7, -703.8, 102, 0, 204
L -127.0, 2341.3, -703.8, -385.1, 2341.3, -703.8, 102, 0, 204
L 159.0, 2431.3, -703.8, 159.0, 2336.7, -703.8, 102, 0, 204
L -31.8, 2305.0, -703.8, -127.0, 2336.7, -703.8, 102, 0, 204
L -31.9, 2463.0, -703.8, 63.5, 2463.1, -703.8, 102, 0, 204
L -127.0, 2336.7, -703.8, -127.0, 2341.3, -703.8, 102, 0, 204
L 159.0, 2336.7, -703.8, 63.8, 2305.0, -703.8, 102, 0, 204
L -127.0, 2431.3, -703.8, -31.9, 2463.0, -703.8, 102, 0, 204
L 63.5, 2463.1, -703.8, 159.0, 2431.3, -703.8, 102, 0, 204
L 63.8, 2305.0, -703.8, -31.8, 2305.0, -703.8, 102, 0, 204
L -127.0, 2431.3, -703.8, -127.0, 2426.7, -703.8, 102, 0, 204
L -14.2, 2353.7, -703.8, 15.1, 2341.4, -703.8, 255, 255, 0
L 15.1, 2341.4, -882.9, -14.2, 2353.7, -882.9, 102, 0, 204
L 15.1, 2341.4, -703.8, 44.6, 2353.7, -703.8, 255, 255, 0
L -26.9, 2384.0, -703.8, -14.2, 2353.7, -703.8, 255, 255, 0
L -14.3, 2414.3, -703.8, 15.2, 2426.6, -703.8, 255, 255, 0
L 44.5, 2414.3, -703.8, 57.2, 2384.0, -703.8, 255, 255, 0
L 44.6, 2353.7, -703.8, 57.2, 2384.0, -703.8, 255, 255, 0
L -26.9, 2384.0, -703.8, -14.3, 2414.3, -703.8, 255, 255, 0
L 15.2, 2426.6, -703.8, 44.5, 2414.3, -703.8, 255, 255, 0
L 1438.8, 2625.0, -1062.0, 1537.0, 2625.1, -1062.7, 150, 150, 150
L 1439.9, 2728.7, -991.8, 1536.9, 2728.8, -991.8, 150, 150, 150
L 1439.3, 2676.8, -1026.9, 1439.6, 2702.8, -1009.4, 102, 0, 204
L 1536.9, 2676.9, -1027.2, 1536.9, 2702.9, -1009.5, 102, 0, 204
L 1439.3, 2676.8, -1026.9, 1536.9, 2676.9, -1027.2, 150, 150, 150
L 1439.1, 2650.9, -1044.5, 1439.3, 2676.8, -1026.9, 102, 0, 204
L 1537.0, 2651.0, -1045.0, 1536.9, 2676.9, -1027.2, 102, 0, 204
L 1439.1, 2650.9, -1044.5, 1537.0, 2651.0, -1045.0, 150, 150, 150
L 1439.6, 2702.8, -1009.4, 1439.9, 2728.7, -991.8, 102, 0, 204
L 1536.9, 2702.9, -1009.5, 1536.9, 2728.8, -991.8, 102, 0, 204
L 1439.6, 2702.8, -1009.4, 1536.9, 2702.9, -1009.5, 150, 150, 150
L 1438.4, 2038.8, -991.8, 1536.9, 2038.7, -991.8, 150, 150, 150
L 1439.1, 2143.0, -1062.0, 1537.0, 2143.0, -1062.0, 150, 150, 150
L 1438.7, 2090.9, -1026.9, 1438.9, 2116.9, -1044.5, 102, 0, 204
L 1536.9, 2090.8, -1026.9, 1536.9, 2064.8, -1009.4, 102, 0, 204
L 1438.7, 2090.9, -1026.9, 1536.9, 2090.8, -1026.9, 150, 150, 150
L 1438.6, 2064.8, -1009.4, 1438.7, 2090.9, -1026.9, 102, 0, 204
L 1536.9, 2064.8, -1009.4, 1536.9, 2038.7, -991.8, 102, 0, 204
L 1438.6, 2064.8, -1009.4, 1536.9, 2064.8, -1009.4, 150, 150, 150
L 1438.9, 2116.9, -1044.5, 1439.1, 2143.0, -1062.0, 102, 0, 204
L 1537.0, 2116.9, -1044.5, 1536.9, 2090.8, -1026.9, 102, 0, 204
L 1438.9, 2116.9, -1044.5, 1537.0, 2116.9, -1044.5, 150, 150, 150
L 1344.5, 2625.0, -1062.0, 1438.8, 2625.0, -1062.0, 0, 0, 255
L 1344.5, 2527.4, -1062.0, 1344.5, 2625.0, -1062.0, 102, 0, 204
L 1631.5, 2527.5, -1062.0, 1728.9, 2527.5, -1062.0, 102, 0, 204
L 1344.5, 2143.0, -1062.0, 1247.1, 2143.0, -1062.0, 0, 0, 255
L 1344.5, 2240.5, -1062.0, 1344.5, 2143.0, -1062.0, 102, 0, 204
L 1631.5, 2240.5, -1062.0, 1729.0, 2240.5, -1062.0, 102, 0, 204
L 1631.5, 2624.9, -1062.0, 1631.5, 2527.5, -1062.0, 102, 0, 204
L 1631.5, 2143.0, -1062.0, 1537.0, 2143.0, -1062.0, 0, 0, 255
L 1631.5, 2240.5, -1062.0, 1631.5, 2143.0, -1062.0, 102, 0, 204
L 1344.5, 2240.5, -1062.0, 1247.0, 2240.5, -1062.0, 102, 0, 204
L 1247.0, 2527.5, -1062.0, 1344.5, 2527.4, -1062.0, 102, 0, 204
L 1143.0, 2921.0, -991.8, 1001.0, 2921.0, -991.8, 102, 0, 204
L 951.0, 2871.0, -991.8, 951.0, 2729.0, -991.8, 102, 0, 204
L 951.0, 2039.0, -991.8, 951.0, 1897.0, -991.8, 102, 0, 204
L 1000.9, 1847.0, -991.8, 1134.7, 1847.0, -991.8, 102, 0, 204
L 1975.0, 2921.0, -991.8, 1833.0, 2921.0, -991.8, 102, 0, 204
L 2025.0, 2871.0, -991.8, 2025.0, 2729.0, -991.8, 102, 0, 204
L 2025.0, 2039.0, -991.8, 2025.0, 1897.0, -991.8, 102, 0, 204
L 1975.0, 1847.0, -991.8, 1833.0, 1847.0, -991.8, 102, 0, 204
L 607.0, 2303.7, -996.6, 607.0, 2337.0, -991.8, 102, 0, 204
L 607.0, 2337.0, -991.8, 607.3, 2431.1, -991.8, 0, 0, 255
L 607.3, 2431.1, -991.8, 607.4, 2464.8, -996.6, 102, 0, 204
