P 524.7914, 441.7830, 69.9707, 255, 0, 0, 3, to_The_Lavastorm_Mountains
P 502.1277, 969.8027, -21.1211, 240, 0, 0, 3, to_The_Caverns_of_Exile
P 393.0000, 357.0000, 0.0000, 255, 0, 0, 3, to_Nagafen`s_Lair_(6)
P 454.0000, 703.0000, -19.1250, 255, 0, 0, 3, to_Nagafen`s_Lair_(4)
P 558.0000, 353.0000, 0.0000, 255, 0, 0, 3, to_Nagafen`s_Lair_(3)
P 502.0000, 294.0000, 0.0000, 255, 0, 0, 3, to_Nagafen`s_Lair_(1)
P 546.0000, 160.0000, 0.0000, 255, 0, 0, 3, to_Nagafen`s_Lair_(2)
P 559.0000, 1082.0000, 0.0000, 255, 0, 0, 3, to_Nagafen`s_Lair_(5)
P 388.8503, 893.0807, 6.0020, 240, 0, 0, 3, to_Nagafen`s_Lair_(5)_One-Way
P 486.0000, 476.0000, 0.0000, 255, 0, 0, 2, Succor
P 1071.9895, 305.7886, 33.1582, 0, 128, 0, 2, Marlen_Binkdirple_(Merchant)
P 437.4656, 754.4033, 54.1270, 0, 128, 0, 2, goblin_merchant_(Merchant)
P 1177.9224, 269.7195, 33.1582, 255, 255, 0, 2, locked_door
P 1054.9515, 240.5107, 47.1270, 255, 255, 0, 2, switch_for_bridge
P 755.8920, 33.3733, 45.4236, 255, 255, 0, 2, TRAP:_Fake_Floor
P 732.5376, 91.7305, 45.0249, 255, 255, 0, 2, TRAP:_Fake_Floor
P 1001.8729, 199.1927, 47.1267, 255, 255, 0, 2, switch_for_bridge
P 588.1528, 482.5587, 41.9707, 240, 240, 0, 2, TRAP:_Swinging_Axe
P 594.2016, 303.5951, 27.0020, 240, 240, 0, 2, Fake_Wall
P 672.4449, 95.0612, 40.9707, 240, 240, 0, 2, Fake_Wall
P 657.6134, 46.6382, 40.9707, 240, 240, 240, 2, Kitchen
P 554.1833, -1.2120, 31.0020, 240, 240, 0, 2, TRAP:_Crushing_Block
P 591.4706, 91.4711, 27.0020, 240, 240, 0, 2, TRAP:_Spikes
P 753.2007, 163.2496, 46.9707, 240, 240, 0, 2, TRAP:_Spikes
P 729.3783, 428.7934, 21.0020, 240, 240, 0, 2, TRAP:_Spikes
P 838.0857, 539.1395, 42.9717, 240, 240, 0, 2, TRAP:_Swinging_Axe
P 607.2920, 561.7273, 51.9707, 240, 240, 0, 2, Fake_Wall
P 692.2502, 472.7471, 47.9707, 240, 240, 0, 2, Fake_Wall
P 680.1696, 390.9814, 21.0020, 240, 240, 0, 2, Fake_Wall
P 1102.8566, 254.1183, 33.0020, 240, 240, 0, 2, Fake_Wall
P 1108.1726, 245.2656, 33.0012, 240, 240, 0, 2, Button_to_Open_Locked_Door_to_East
P 1184.4907, 267.9253, 33.0012, 240, 240, 0, 2, Door_Button
P 971.9293, 489.4550, 44.9703, 240, 240, 0, 2, Drawbridge_(click)
P 1001.7247, 500.8660, 44.9707, 240, 240, 0, 2, Drawbridge_(click)
P 1057.5186, 229.3706, 46.9707, 240, 240, 0, 2, Fake_Wall
P 892.7361, 124.6392, 51.9707, 240, 240, 0, 2, Fake_Wall
P 946.6468, 71.3509, 51.9707, 240, 240, 0, 2, Fake_Wall
P 948.5543, 186.0096, 51.9707, 240, 240, 0, 2, Fake_Wall
P 974.0142, 178.3353, 51.9707, 240, 240, 0, 2, TRAP:_Crushing_Block
P 927.6663, 396.0513, 33.0020, 240, 240, 0, 2, Fake_Wall
P 456.7967, 591.5698, -19.2067, 240, 240, 0, 2, One-Way_(Down)
P 415.7034, 712.4401, 53.9707, 240, 240, 0, 2, Fake_Wall
P 547.7126, 974.5941, 36.0020, 240, 240, 240, 2, Prison
P 629.9714, 970.9302, 43.9707, 240, 240, 0, 2, Fake_Wall
P 1012.0093, 218.4262, 46.9707, 240, 240, 0, 2, Fake_Wall
P 593.1190, 365.4109, 35.0020, 240, 240, 0, 2, Fake_Wall
P 572.4965, 348.9246, 35.0020, 240, 240, 240, 2, Well
P 713.3553, 792.5167, 53.9707, 0, 0, 0, 2, Fire_Goblin_Drunkard
P 365.2660, 795.6022, 53.9707, 0, 0, 0, 2, Lord_Gimblox_(CLR-1.0)
P 657.9445, 1002.2765, 38.1582, 0, 0, 0, 2, Lynada_the_Exiled
P 457.9151, 863.4885, 15.1582, 0, 0, 0, 2, Solusek_mage_(Roam)
P 1101.6315, 301.1598, 46.9707, 127, 64, 0, 2, Captain_Bipnubble_(Hunter)
P 894.8492, 318.9104, 32.1582, 127, 64, 0, 2, CWG_Model_EXG_(Hunter)
P 1128.7444, 304.9421, 33.1582, 127, 64, 0, 2, Gabbie_Mardoddle_(Hunter)
P 551.8630, 69.8349, 30.0020, 127, 64, 0, 2, Kindle_(Hunter)
P 746.8649, 289.2334, 40.1270, 127, 64, 0, 2, Singe_(Hunter)
P 312.3076, 791.1628, 58.6622, 127, 64, 0, 2, Solusek_goblin_king_(Hunter)
P 726.5046, 721.7387, 47.9707, 127, 64, 0, 2, fire_goblin_bartender_(Hunter)
P 582.6665, 356.3624, 35.1582, 127, 64, 0, 2, flame_goblin_foreman_(Hunter)
P 608.4793, 1002.0330, 43.9707, 127, 64, 0, 2, goblin_high_shaman_(Hunter)
P 681.8079, -70.7604, 40.9707, 127, 64, 0, 2, inferno_goblin_captain_(Hunter)
P 322.8795, 848.1049, 29.0020, 127, 64, 0, 2, inferno_goblin_torturer_(Hunter)
P 536.0038, 359.4250, 52.1270, 127, 64, 0, 2, inferno_goblin_torturer_(Hunter)
P 963.9702, 116.8793, 46.9707, 127, 64, 0, 2, lava_elemental_(Hunter)
P 756.0267, 53.8265, 21.0020, 127, 64, 0, 2, reckless_efreeti_(Hunter)
P 510.2278, 363.2654, 51.9707, 127, 64, 0, 2, Kobold_Predator_(Hunter,Roam,HS)
