P -55.9857, -252.2593, -0.9990, 255, 0, 0, 3, to_The_Lavastorm_Mountains
P -36.0000, -262.0000, 0.0000, 255, 0, 0, 2, Succor
P -6.1500, -539.6070, 16.1370, 255, 255, 0, 2, Secret_Door_(Click_Chest)
P -4.3821, -556.2300, 16.0012, 240, 240, 0, 2, Secret_Door_(Push_Button)
P 72.0000, -443.0000, 17.1260, 0, 128, 0, 3, Terblyn_(Spells)
P 75.7340, -483.5920, 28.0020, 0, 0, 0, 2, Torzan_Searfire
P -6.9190, -503.4130, -37.9980, 0, 0, 0, 2, Tazgar
P -92.5270, -488.2311, 28.0020, 0, 0, 0, 2, Lord_Searfire
P -83.9474, -432.8078, 28.0020, 0, 0, 0, 2, Solomen
P 59.1368, -336.2079, 28.0020, 0, 0, 0, 2, Moltak
P 66.0065, -427.4969, 28.0020, 0, 0, 0, 2, Genni
P 74.3806, -437.8388, 28.0020, 0, 0, 0, 2, Ostorm
P -76.0665, -382.1143, 14.0020, 0, 0, 0, 2, Sultin
P -92.7391, -389.8012, 14.0020, 0, 0, 0, 2, Romar_Sunto
P -91.7832, -361.3771, 14.0020, 0, 0, 0, 2, Vurgo
P -84.7940, -319.2025, 14.0020, 0, 0, 0, 2, Syllina
P -90.3448, -405.0734, 14.0020, 0, 0, 0, 2, Vira
P -77.6634, -424.8308, 14.0020, 0, 0, 0, 2, Joyce
P -93.5150, -434.4897, 14.0020, 0, 0, 0, 2, Lord_Lyfyx_of_Burwood
P 81.0356, -419.6395, 14.0020, 0, 0, 0, 2, Vilissia
P 61.8173, -425.3293, 14.0020, 0, 0, 0, 2, Gardern
P 73.2416, -440.9899, 14.0020, 0, 0, 0, 2, Terblyn_Zelbus
