L 30.0, -540.0, 16.0, 30.0, -527.0, 16.0, 150, 150, 150
L 33.0, -527.0, 17.0, 33.0, -540.0, 17.0, 150, 150, 150
L 36.0, -540.0, 18.0, 36.0, -527.0, 18.0, 150, 150, 150
L 39.0, -527.0, 19.0, 39.0, -540.0, 19.0, 150, 150, 150
L 42.0, -540.0, 20.0, 42.0, -527.0, 20.0, 150, 150, 150
L 45.0, -527.0, 21.0, 45.0, -540.0, 21.0, 150, 150, 150
L 48.0, -540.0, 22.0, 48.0, -527.0, 22.0, 150, 150, 150
L 51.0, -527.0, 23.0, 51.0, -540.0, 23.0, 150, 150, 150
L 54.0, -540.0, 24.0, 54.0, -527.0, 24.0, 150, 150, 150
L 57.0, -527.0, 25.0, 57.0, -540.0, 25.0, 150, 150, 150
L 60.0, -540.0, 26.0, 60.0, -527.0, 26.0, 150, 150, 150
L 66.0, -527.0, 28.0, 66.0, -529.0, 28.0, 102, 255, 102
L 63.0, -540.0, 27.0, 63.0, -527.0, 27.0, 150, 150, 150
L -44.0, -540.0, 16.0, -44.0, -527.0, 16.0, 150, 150, 150
L -47.0, -527.0, 17.0, -47.0, -540.0, 17.0, 150, 150, 150
L -50.0, -540.0, 18.0, -50.0, -527.0, 18.0, 150, 150, 150
L -53.0, -527.0, 19.0, -53.0, -540.0, 19.0, 150, 150, 150
L -56.0, -540.0, 20.0, -56.0, -527.0, 20.0, 150, 150, 150
L -59.0, -527.0, 21.0, -59.0, -540.0, 21.0, 150, 150, 150
L -62.0, -540.0, 22.0, -62.0, -527.0, 22.0, 150, 150, 150
L -65.0, -527.0, 23.0, -65.0, -540.0, 23.0, 150, 150, 150
L -68.0, -540.0, 24.0, -68.0, -527.0, 24.0, 150, 150, 150
L -71.0, -540.0, 25.0, -71.0, -527.0, 25.0, 150, 150, 150
L -74.0, -527.0, 26.0, -74.0, -540.0, 26.0, 150, 150, 150
L -77.0, -540.0, 27.0, -77.0, -527.0, 27.0, 150, 150, 150
L -80.0, -527.0, 28.0, -80.0, -529.0, 28.0, 102, 255, 102
L -83.0, -337.0, 14.0, -80.0, -337.0, 14.0, 0, 204, 0
L -61.0, -250.0, 0.0, -50.0, -250.0, 0.0, 199, 21, 133
L 64.0, -456.0, 0.0, 64.0, -463.0, 0.0, 0, 0, 0
L 50.0, -456.0, 0.0, 64.0, -456.0, 0.0, 0, 0, 0
L 50.0, -441.0, 0.0, 50.0, -456.0, 0.0, 0, 0, 0
L 64.0, -441.0, 0.0, 50.0, -441.0, 0.0, 0, 0, 0
L 64.0, -426.0, 0.0, 64.0, -441.0, 0.0, 0, 0, 0
L 50.0, -426.0, 0.0, 64.0, -426.0, 0.0, 0, 0, 0
L 50.0, -412.0, 0.0, 50.0, -426.0, 0.0, 0, 0, 0
L 15.0, -412.0, 0.0, 50.0, -412.0, 0.0, 0, 0, 0
L 0.0, -411.0, 0.0, 0.0, -426.0, 0.0, 0, 0, 0
L 6.0, -411.0, 0.0, 0.0, -411.0, 0.0, 0, 0, 0
L 6.0, -397.0, 0.0, 6.0, -411.0, 0.0, 0, 0, 0
L 9.0, -397.0, 0.0, 6.0, -397.0, 0.0, 0, 0, 0
L 9.0, -390.0, 0.0, 9.0, -397.0, 0.0, 0, 0, 0
L 30.0, -392.0, 0.0, 12.0, -392.0, 0.0, 0, 0, 0
L 30.0, -376.0, 0.0, 30.0, -392.0, 0.0, 0, 0, 0
L 35.0, -373.0, 0.0, 28.0, -373.0, 0.0, 0, 0, 0
L 35.0, -361.0, 0.0, 35.0, -373.0, 0.0, 0, 0, 0
L 40.0, -400.0, 14.0, 40.0, -398.0, 14.0, 0, 204, 0
L 22.0, -400.0, 14.0, 40.0, -400.0, 14.0, 0, 204, 0
L 22.0, -363.0, 28.0, 22.0, -366.0, 28.0, 102, 255, 102
L 66.0, -363.0, 28.0, 22.0, -363.0, 28.0, 102, 255, 102
L 59.0, -400.0, 28.0, 69.0, -400.0, 28.0, 102, 255, 102
L 59.0, -413.0, 28.0, 59.0, -400.0, 28.0, 102, 255, 102
L 59.0, -443.0, 28.0, 59.0, -400.0, 28.0, 102, 255, 102
L 63.0, -447.0, 28.0, 59.0, -443.0, 28.0, 102, 255, 102
L 71.0, -447.0, 28.0, 63.0, -447.0, 28.0, 102, 255, 102
L 69.0, -467.0, 28.0, 69.0, -450.0, 28.0, 102, 255, 102
L 64.0, -470.0, 28.0, 71.0, -470.0, 28.0, 102, 255, 102
L 64.0, -493.0, 28.0, 64.0, -470.0, 28.0, 102, 255, 102
L 71.0, -493.0, 28.0, 64.0, -493.0, 28.0, 102, 255, 102
L 66.0, -529.0, 28.0, 69.0, -529.0, 28.0, 102, 255, 102
L 10.0, -522.0, 16.0, 10.0, -529.0, 16.0, 0, 0, 0
L 0.0, -522.0, 16.0, 10.0, -522.0, 16.0, 0, 0, 0
L 0.0, -519.0, 16.0, 0.0, -522.0, 16.0, 0, 0, 0
L 19.0, -509.0, 13.0, 0.0, -519.0, 16.0, 0, 0, 0
L 9.0, -494.0, 14.0, 25.0, -491.0, 11.0, 255, 0, 0
L 6.0, -494.0, 14.0, 9.0, -494.0, 14.0, 255, 0, 0
L 2.0, -487.0, 13.0, 6.0, -494.0, 14.0, 255, 0, 0
L 1.0, -480.0, 11.0, 2.0, -487.0, 13.0, 255, 0, 0
L 1.0, -475.0, 8.0, 1.0, -480.0, 11.0, 255, 0, 0
L 25.0, -474.0, 8.0, 1.0, -475.0, 8.0, 255, 0, 0
L 48.0, -485.0, 13.0, 25.0, -474.0, 8.0, 255, 0, 0
L 64.0, -466.0, 2.0, 48.0, -485.0, 13.0, 0, 0, 0
L -62.0, -485.0, 12.0, -78.0, -466.0, 2.0, 0, 0, 0
L -46.0, -498.0, 12.0, -33.0, -509.0, 13.0, 0, 0, 0
L -13.0, -519.0, 16.0, -33.0, -509.0, 13.0, 0, 0, 0
L -13.0, -522.0, 16.0, -13.0, -519.0, 16.0, 0, 0, 0
L -24.0, -522.0, 16.0, -13.0, -522.0, 16.0, 0, 0, 0
L -24.0, -529.0, 16.0, -24.0, -522.0, 16.0, 0, 0, 0
L -78.0, -493.0, 28.0, -85.0, -493.0, 28.0, 102, 255, 102
L -78.0, -470.0, 28.0, -78.0, -493.0, 28.0, 102, 255, 102
L -85.0, -470.0, 28.0, -78.0, -470.0, 28.0, 102, 255, 102
L -83.0, -450.0, 28.0, -83.0, -467.0, 28.0, 102, 255, 102
L -77.0, -447.0, 28.0, -85.0, -447.0, 28.0, 102, 255, 102
L -77.0, -447.0, 28.0, -73.0, -443.0, 28.0, 102, 255, 102
L -73.0, -400.0, 28.0, -73.0, -413.0, 28.0, 102, 255, 102
L -73.0, -413.0, 28.0, -73.0, -443.0, 28.0, 102, 255, 102
L -36.0, -366.0, 28.0, -36.0, -363.0, 28.0, 102, 255, 102
L -54.0, -400.0, 14.0, -36.0, -400.0, 14.0, 0, 204, 0
L -54.0, -397.0, 14.0, -54.0, -398.0, 14.0, 0, 204, 0
L -52.0, -361.0, 0.0, -52.0, -366.0, 0.0, 0, 0, 0
L -49.0, -373.0, 0.0, -49.0, -361.0, 0.0, 0, 0, 0
L -42.0, -373.0, 0.0, -49.0, -373.0, 0.0, 0, 0, 0
L -44.0, -392.0, 0.0, -44.0, -376.0, 0.0, 0, 0, 0
L -26.0, -392.0, 0.0, -44.0, -392.0, 0.0, 0, 0, 0
L -23.0, -397.0, 0.0, -23.0, -390.0, 0.0, 0, 0, 0
L -20.0, -397.0, 0.0, -23.0, -397.0, 0.0, 0, 0, 0
L -20.0, -411.0, 0.0, -20.0, -397.0, 0.0, 0, 0, 0
L -14.0, -411.0, 0.0, -20.0, -411.0, 0.0, 0, 0, 0
L -14.0, -426.0, 0.0, -14.0, -411.0, 0.0, 0, 0, 0
L -29.0, -412.0, 0.0, -29.0, -426.0, 0.0, 0, 0, 0
L -64.0, -412.0, 0.0, -29.0, -412.0, 0.0, 0, 0, 0
L -64.0, -426.0, 0.0, -64.0, -412.0, 0.0, 0, 0, 0
L -78.0, -426.0, 0.0, -64.0, -426.0, 0.0, 0, 0, 0
L -78.0, -441.0, 0.0, -78.0, -426.0, 0.0, 0, 0, 0
L -64.0, -441.0, 0.0, -78.0, -441.0, 0.0, 0, 0, 0
L -64.0, -456.0, 0.0, -64.0, -441.0, 0.0, 0, 0, 0
L -78.0, -456.0, 0.0, -64.0, -456.0, 0.0, 0, 0, 0
L -78.0, -463.0, 0.0, -78.0, -456.0, 0.0, 0, 0, 0
L 18.0, -326.0, 0.0, 18.0, -323.0, 0.0, 0, 0, 0
L 56.0, -325.0, 0.0, 21.0, -325.0, 0.0, 0, 0, 0
L 59.0, -334.0, 0.0, 59.0, -323.0, 0.0, 0, 0, 0
L 33.0, -334.0, 0.0, 59.0, -334.0, 0.0, 0, 0, 0
L 30.0, -334.0, 0.0, 33.0, -334.0, 0.0, 0, 0, 0
L 17.0, -334.0, 0.0, 30.0, -334.0, 0.0, 0, 0, 0
L 17.0, -347.0, 0.0, 17.0, -334.0, 0.0, 0, 0, 0
L 12.0, -350.0, 0.0, 19.0, -350.0, 0.0, 0, 0, 0
L 12.0, -373.0, 0.0, 12.0, -350.0, 0.0, 0, 0, 0
L 19.0, -373.0, 0.0, 12.0, -373.0, 0.0, 0, 0, 0
L 17.0, -379.0, 0.0, 17.0, -376.0, 0.0, 0, 0, 0
L 12.0, -379.0, 0.0, 17.0, -379.0, 0.0, 0, 0, 0
L 9.0, -373.0, 0.0, 9.0, -381.0, 0.0, 0, 0, 0
L 0.0, -373.0, 0.0, 9.0, -373.0, 0.0, 0, 0, 0
L 0.0, -364.0, 0.0, 0.0, -373.0, 0.0, 0, 0, 0
L -14.0, -364.0, 0.0, 0.0, -364.0, 0.0, 0, 0, 0
L -14.0, -373.0, 0.0, -14.0, -364.0, 0.0, 0, 0, 0
L -23.0, -373.0, 0.0, -14.0, -373.0, 0.0, 0, 0, 0
L -26.0, -379.0, 0.0, -31.0, -379.0, 0.0, 0, 0, 0
L -33.0, -373.0, 0.0, -33.0, -376.0, 0.0, 0, 0, 0
L -26.0, -373.0, 0.0, -33.0, -373.0, 0.0, 0, 0, 0
L -26.0, -350.0, 0.0, -26.0, -373.0, 0.0, 0, 0, 0
L -26.0, -350.0, 0.0, -33.0, -350.0, 0.0, 0, 0, 0
L -31.0, -334.0, 0.0, -31.0, -347.0, 0.0, 0, 0, 0
L -44.0, -334.0, 0.0, -31.0, -334.0, 0.0, 0, 0, 0
L -47.0, -334.0, 0.0, -44.0, -334.0, 0.0, 0, 0, 0
L -73.0, -334.0, 0.0, -47.0, -334.0, 0.0, 0, 0, 0
L -73.0, -334.0, 0.0, -73.0, -323.0, 0.0, 0, 0, 0
L -35.0, -325.0, 0.0, -70.0, -325.0, 0.0, 0, 0, 0
L -32.0, -326.0, 0.0, -32.0, -323.0, 0.0, 0, 0, 0
L -32.0, -326.0, 0.0, -23.0, -326.0, 0.0, 0, 0, 0
L 18.0, -326.0, 0.0, 9.0, -326.0, 0.0, 0, 0, 0
L -23.0, -335.0, 0.0, -23.0, -326.0, 0.0, 0, 0, 0
L 9.0, -335.0, 0.0, -23.0, -335.0, 0.0, 0, 0, 0
L 9.0, -326.0, 0.0, 9.0, -335.0, 0.0, 0, 0, 0
L 14.0, -305.0, 0.0, 14.0, -307.0, 0.0, 0, 0, 0
L 14.0, -305.0, 0.0, 18.0, -305.0, 0.0, 0, 0, 0
L 18.0, -310.0, 0.0, 18.0, -314.0, 0.0, 0, 0, 0
L 56.0, -312.0, 0.0, 59.0, -312.0, 0.0, 0, 0, 0
L 28.0, -347.0, 0.0, 33.0, -347.0, 0.0, 0, 0, 0
L 28.0, -350.0, 0.0, 28.0, -348.0, 0.0, 0, 0, 0
L 28.0, -350.0, 0.0, 36.0, -350.0, 0.0, 0, 0, 0
L 51.0, -366.0, 0.0, 51.0, -363.0, 0.0, 0, 0, 0
L 49.0, -400.0, 14.0, 49.0, -398.0, 14.0, 0, 204, 0
L 59.0, -400.0, 14.0, 56.0, -400.0, 14.0, 0, 204, 0
L 56.0, -413.0, 14.0, 59.0, -413.0, 14.0, 0, 204, 0
L -23.0, -413.0, 14.0, -20.0, -413.0, 14.0, 0, 204, 0
L -73.0, -413.0, 14.0, -70.0, -413.0, 14.0, 0, 204, 0
L -77.0, -416.0, 14.0, -73.0, -413.0, 14.0, 0, 204, 0
L -77.0, -421.0, 14.0, -77.0, -416.0, 14.0, 0, 204, 0
L -70.0, -400.0, 14.0, -63.0, -400.0, 14.0, 0, 204, 0
L -70.0, -400.0, 14.0, -73.0, -400.0, 14.0, 0, 204, 0
L -63.0, -400.0, 14.0, -63.0, -398.0, 14.0, 0, 204, 0
L -65.0, -363.0, 0.0, -65.0, -366.0, 0.0, 0, 0, 0
L -42.0, -350.0, 0.0, -50.0, -350.0, 0.0, 0, 0, 0
L -70.0, -312.0, 0.0, -73.0, -312.0, 0.0, 0, 0, 0
L -2.0, -279.0, 0.0, -2.0, -282.0, 0.0, 0, 0, 0
L -50.0, -256.0, 0.0, -50.0, -231.0, 0.0, 0, 0, 0
L -2.0, -256.0, 0.0, -50.0, -256.0, 0.0, 0, 0, 0
L -2.0, -279.0, 0.0, -2.0, -256.0, 0.0, 0, 0, 0
L 18.0, -305.0, 0.0, -2.0, -282.0, 0.0, 0, 0, 0
L 56.0, -312.0, 0.0, 21.0, -312.0, 0.0, 0, 0, 0
L 72.0, -312.0, 0.0, 59.0, -312.0, 0.0, 0, 0, 0
L 72.0, -347.0, 0.0, 72.0, -312.0, 0.0, 0, 0, 0
L 33.0, -347.0, 0.0, 72.0, -347.0, 0.0, 0, 0, 0
L 51.0, -350.0, 0.0, 36.0, -350.0, 0.0, 0, 0, 0
L 51.0, -363.0, 0.0, 51.0, -350.0, 0.0, 0, 0, 0
L 56.0, -400.0, 14.0, 49.0, -400.0, 14.0, 0, 204, 0
L 82.0, -400.0, 14.0, 59.0, -400.0, 14.0, 0, 204, 0
L 82.0, -447.0, 14.0, 82.0, -400.0, 14.0, 0, 204, 0
L 63.0, -447.0, 14.0, 82.0, -447.0, 14.0, 0, 204, 0
L 59.0, -443.0, 14.0, 63.0, -447.0, 14.0, 0, 204, 0
L 59.0, -424.0, 14.0, 59.0, -443.0, 14.0, 0, 204, 0
L 63.0, -420.0, 14.0, 59.0, -424.0, 14.0, 0, 204, 0
L 63.0, -416.0, 14.0, 63.0, -420.0, 14.0, 0, 204, 0
L 59.0, -413.0, 14.0, 63.0, -416.0, 14.0, 0, 204, 0
L 52.0, -416.0, 14.0, 56.0, -413.0, 14.0, 0, 204, 0
L 13.0, -417.0, 14.0, 52.0, -416.0, 14.0, 0, 204, 0
L 10.0, -413.0, 14.0, 13.0, -417.0, 14.0, 0, 204, 0
L 2.0, -417.0, 14.0, 6.0, -413.0, 14.0, 0, 204, 0
L -16.0, -417.0, 14.0, 2.0, -417.0, 14.0, 0, 204, 0
L -20.0, -413.0, 14.0, -16.0, -417.0, 14.0, 0, 204, 0
L -27.0, -417.0, 14.0, -23.0, -413.0, 14.0, 0, 204, 0
L -66.0, -417.0, 14.0, -27.0, -417.0, 14.0, 0, 204, 0
L -70.0, -413.0, 14.0, -66.0, -417.0, 14.0, 0, 204, 0
L -73.0, -424.0, 14.0, -77.0, -421.0, 14.0, 0, 204, 0
L -73.0, -443.0, 14.0, -73.0, -424.0, 14.0, 0, 204, 0
L -77.0, -447.0, 14.0, -73.0, -443.0, 14.0, 0, 204, 0
L -96.0, -447.0, 14.0, -77.0, -447.0, 14.0, 0, 204, 0
L -96.0, -400.0, 14.0, -96.0, -447.0, 14.0, 0, 204, 0
L -73.0, -400.0, 14.0, -96.0, -400.0, 14.0, 0, 204, 0
L -65.0, -350.0, 0.0, -65.0, -363.0, 0.0, 0, 0, 0
L -50.0, -350.0, 0.0, -65.0, -350.0, 0.0, 0, 0, 0
L -86.0, -312.0, 0.0, -86.0, -347.0, 0.0, 0, 0, 0
L -73.0, -312.0, 0.0, -86.0, -312.0, 0.0, 0, 0, 0
L -35.0, -312.0, 0.0, -70.0, -312.0, 0.0, 0, 0, 0
L -32.0, -310.0, 0.0, -32.0, -314.0, 0.0, 0, 0, 0
L -32.0, -305.0, 0.0, -28.0, -305.0, 0.0, 0, 0, 0
L -13.0, -282.0, 0.0, -32.0, -305.0, 0.0, 0, 0, 0
L -13.0, -267.0, 0.0, -13.0, -282.0, 0.0, 0, 0, 0
L -61.0, -267.0, 0.0, -13.0, -267.0, 0.0, 0, 0, 0
L -61.0, -220.0, 0.0, -61.0, -267.0, 0.0, 0, 0, 0
L -62.0, -485.0, 12.0, -34.0, -475.0, 7.0, 255, 0, 0
L -34.0, -475.0, 7.0, -24.0, -472.0, 6.0, 255, 0, 0
L -24.0, -472.0, 6.0, -16.0, -475.0, 7.0, 255, 0, 0
L -16.0, -475.0, 7.0, -16.0, -478.0, 11.0, 255, 0, 0
L -16.0, -478.0, 11.0, -14.0, -485.0, 11.0, 255, 0, 0
L -14.0, -485.0, 11.0, -15.0, -489.0, 14.0, 255, 0, 0
L -15.0, -489.0, 14.0, -20.0, -495.0, 14.0, 255, 0, 0
L -20.0, -495.0, 14.0, -23.0, -494.0, 11.0, 255, 0, 0
L -23.0, -494.0, 11.0, -34.0, -490.0, 11.0, 255, 0, 0
L -34.0, -490.0, 11.0, -46.0, -498.0, 12.0, 255, 0, 0
L -46.0, -498.0, 12.0, -50.0, -498.0, 17.0, 0, 0, 0
L -50.0, -498.0, 17.0, -62.0, -485.0, 12.0, 0, 0, 0
L 36.0, -498.0, 11.0, 48.0, -485.0, 13.0, 0, 0, 0
L 19.0, -509.0, 13.0, 33.0, -498.0, 9.0, 0, 0, 0
L 33.0, -498.0, 9.0, 36.0, -498.0, 11.0, 0, 0, 0
L 33.0, -498.0, 9.0, 25.0, -491.0, 11.0, 255, 0, 0
L -20.0, -400.0, 14.0, 6.0, -400.0, 14.0, 0, 204, 0
L 6.0, -400.0, 14.0, 9.0, -400.0, 14.0, 0, 204, 0
L 9.0, -400.0, 14.0, 13.0, -400.0, 14.0, 0, 204, 0
L 13.0, -366.0, 28.0, 13.0, -363.0, 28.0, 102, 255, 102
L 13.0, -363.0, 28.0, -27.0, -363.0, 28.0, 102, 255, 102
L -27.0, -363.0, 28.0, -27.0, -366.0, 28.0, 102, 255, 102
L -27.0, -400.0, 14.0, -20.0, -400.0, 14.0, 0, 204, 0
L -57.0, -350.0, 28.0, -57.0, -348.0, 28.0, 102, 255, 102
L -57.0, -347.0, 28.0, -66.0, -345.0, 28.0, 102, 255, 102
L -66.0, -345.0, 27.0, -68.0, -343.0, 27.0, 102, 255, 102
L -68.0, -343.0, 26.0, -68.0, -316.0, 26.0, 102, 255, 102
L -68.0, -316.0, 26.0, -66.0, -314.0, 28.0, 102, 255, 102
L -66.0, -314.0, 28.0, -39.0, -314.0, 28.0, 102, 255, 102
L -39.0, -314.0, 28.0, -37.0, -316.0, 26.0, 102, 255, 102
L -37.0, -316.0, 26.0, -37.0, -343.0, 26.0, 102, 255, 102
L -37.0, -343.0, 27.0, -39.0, -345.0, 27.0, 102, 255, 102
L -39.0, -345.0, 28.0, -48.0, -347.0, 28.0, 102, 255, 102
L -48.0, -347.0, 28.0, -48.0, -348.0, 28.0, 102, 255, 102
L -48.0, -350.0, 28.0, 28.0, -350.0, 28.0, 102, 255, 102
L 28.0, -350.0, 28.0, 28.0, -348.0, 28.0, 102, 255, 102
L 28.0, -347.0, 28.0, 21.0, -347.0, 28.0, 102, 255, 102
L 21.0, -347.0, 28.0, 21.0, -324.0, 28.0, 102, 255, 102
L 21.0, -324.0, 28.0, 28.0, -324.0, 28.0, 102, 255, 102
L 28.0, -324.0, 28.0, 28.0, -321.0, 28.0, 102, 255, 102
L 28.0, -321.0, 28.0, 21.0, -321.0, 28.0, 102, 255, 102
L 21.0, -321.0, 28.0, 21.0, -309.0, 28.0, 102, 255, 102
L 21.0, -309.0, 28.0, 47.0, -309.0, 28.0, 102, 255, 102
L 47.0, -309.0, 28.0, 70.0, -309.0, 28.0, 102, 255, 102
L 63.0, -326.0, 28.0, 63.0, -327.0, 28.0, 102, 255, 102
L 70.0, -346.0, 28.0, 47.0, -346.0, 28.0, 102, 255, 102
L 54.0, -329.0, 28.0, 54.0, -327.0, 28.0, 102, 255, 102
L 44.0, -321.0, 28.0, 37.0, -321.0, 28.0, 102, 255, 102
L 37.0, -321.0, 28.0, 37.0, -324.0, 28.0, 102, 255, 102
L 37.0, -324.0, 28.0, 44.0, -324.0, 28.0, 102, 255, 102
L 44.0, -324.0, 28.0, 44.0, -347.0, 28.0, 102, 255, 102
L 44.0, -347.0, 28.0, 37.0, -347.0, 28.0, 102, 255, 102
L 37.0, -347.0, 28.0, 37.0, -348.0, 28.0, 102, 255, 102
L 37.0, -350.0, 28.0, 66.0, -350.0, 28.0, 102, 255, 102
L 66.0, -350.0, 28.0, 69.0, -350.0, 28.0, 102, 255, 102
L 69.0, -350.0, 28.0, 82.0, -350.0, 28.0, 102, 255, 102
L 82.0, -350.0, 28.0, 82.0, -397.0, 28.0, 102, 255, 102
L 82.0, -397.0, 28.0, 82.0, -448.0, 28.0, 102, 255, 102
L 82.0, -448.0, 28.0, 82.0, -467.0, 28.0, 102, 255, 102
L 80.0, -470.0, 28.0, 87.0, -470.0, 28.0, 102, 255, 102
L 87.0, -470.0, 28.0, 87.0, -493.0, 28.0, 102, 255, 102
L 87.0, -493.0, 28.0, 80.0, -493.0, 28.0, 102, 255, 102
L 66.0, -538.0, 28.0, 66.0, -540.0, 28.0, 102, 255, 102
L 10.0, -538.0, 16.0, 10.0, -546.0, 16.0, 0, 0, 0
L 10.0, -548.0, 16.0, 24.0, -548.0, 16.0, 0, 0, 0
L 24.0, -548.0, 16.0, 24.0, -559.0, 16.0, 0, 0, 0
L 24.0, -559.0, 16.0, 1.0, -559.0, 16.0, 0, 0, 0
L 1.0, -559.0, 16.0, 1.0, -546.0, 16.0, 0, 0, 0
L 1.0, -545.0, 16.0, 0.0, -545.0, 16.0, 150, 150, 150
L -15.0, -545.0, 16.0, -15.0, -546.0, 16.0, 0, 0, 0
L -15.0, -559.0, 16.0, -38.0, -559.0, 16.0, 0, 0, 0
L -38.0, -559.0, 16.0, -38.0, -548.0, 16.0, 0, 0, 0
L -38.0, -548.0, 16.0, -24.0, -548.0, 16.0, 0, 0, 0
L -24.0, -548.0, 16.0, -24.0, -546.0, 16.0, 0, 0, 0
L -94.0, -493.0, 28.0, -101.0, -493.0, 28.0, 102, 255, 102
L -101.0, -493.0, 28.0, -101.0, -470.0, 28.0, 102, 255, 102
L -101.0, -470.0, 28.0, -94.0, -470.0, 28.0, 102, 255, 102
L -96.0, -467.0, 28.0, -96.0, -448.0, 28.0, 102, 255, 102
L -96.0, -448.0, 28.0, -96.0, -397.0, 28.0, 102, 255, 102
L -96.0, -312.0, 28.0, -73.0, -312.0, 28.0, 102, 255, 102
L -73.0, -397.0, 14.0, -96.0, -397.0, 14.0, 0, 204, 0
L -96.0, -397.0, 14.0, -96.0, -312.0, 14.0, 0, 204, 0
L -96.0, -312.0, 14.0, -73.0, -312.0, 14.0, 0, 204, 0
L -73.0, -323.0, 14.0, -83.0, -323.0, 14.0, 0, 204, 0
L -83.0, -323.0, 14.0, -83.0, -337.0, 14.0, 0, 204, 0
L -80.0, -321.0, 28.0, -87.0, -321.0, 28.0, 102, 255, 102
L -87.0, -321.0, 28.0, -87.0, -352.0, 28.0, 102, 255, 102
L -87.0, -352.0, 28.0, -72.0, -352.0, 28.0, 102, 255, 102
L 0.0, -545.0, 16.0, 0.0, -547.0, 16.0, 0, 0, 0
L 0.0, -555.0, 16.0, 0.0, -558.0, 16.0, 178, 102, 255
L 0.0, -558.0, 16.0, 0.0, -562.0, 14.0, 178, 102, 255
L 44.0, -594.0, -7.0, 42.0, -590.0, -8.0, 178, 102, 255
L 42.0, -558.0, -19.0, 42.0, -553.0, -19.0, 178, 102, 255
L 39.0, -555.0, -19.0, 0.0, -553.0, -31.0, 178, 102, 255
L 0.0, -553.0, -31.0, -12.0, -555.0, -31.0, 178, 102, 255
L -12.0, -555.0, -31.0, -12.0, -542.0, -31.0, 178, 102, 255
L -12.0, -542.0, -31.0, -12.0, -539.0, -31.0, 178, 102, 255
L -12.0, -539.0, -31.0, -12.0, -522.0, -39.0, 178, 102, 255
L -12.0, -522.0, -39.0, -10.0, -519.0, -39.0, 178, 102, 255
L -10.0, -519.0, -39.0, -27.0, -519.0, -40.0, 178, 102, 255
L -28.0, -487.0, -51.0, -36.0, -495.0, -51.0, 178, 102, 255
L -26.0, -519.0, -40.0, -42.0, -502.0, -51.0, 178, 102, 255
L -42.0, -502.0, -51.0, -45.0, -502.0, -51.0, 178, 102, 255
L -45.0, -502.0, -51.0, -45.0, -479.0, -51.0, 178, 102, 255
L -45.0, -479.0, -51.0, -28.0, -478.0, -51.0, 178, 102, 255
L -28.0, -478.0, -51.0, -28.0, -487.0, -51.0, 178, 102, 255
L -35.0, -495.0, -39.0, -18.0, -512.0, -39.0, 178, 102, 255
L -18.0, -512.0, -39.0, -36.0, -495.0, -51.0, 178, 102, 255
L -9.0, -505.0, -38.0, -28.0, -488.0, -39.0, 178, 102, 255
L -28.0, -488.0, -39.0, -35.0, -495.0, -39.0, 178, 102, 255
L -9.0, -505.0, -38.0, -9.0, -494.0, -37.0, 178, 102, 255
L -9.0, -494.0, -37.0, -3.0, -494.0, -37.0, 178, 102, 255
L -3.0, -505.0, -38.0, -3.0, -494.0, -37.0, 178, 102, 255
L -3.0, -505.0, -38.0, -1.0, -505.0, -39.0, 178, 102, 255
L -1.0, -505.0, -39.0, 15.0, -488.0, -39.0, 178, 102, 255
L 15.0, -488.0, -39.0, 22.0, -495.0, -39.0, 178, 102, 255
L 22.0, -495.0, -39.0, 6.0, -512.0, -40.0, 178, 102, 255
L 6.0, -512.0, -40.0, 23.0, -495.0, -51.0, 178, 102, 255
L 23.0, -495.0, -51.0, 21.0, -493.0, -51.0, 178, 102, 255
L 15.0, -487.0, -51.0, 16.0, -478.0, -51.0, 178, 102, 255
L 16.0, -478.0, -51.0, 24.0, -468.0, -51.0, 178, 102, 255
L 24.0, -468.0, -51.0, 32.0, -478.0, -51.0, 178, 102, 255
L 32.0, -478.0, -51.0, 32.0, -502.0, -51.0, 178, 102, 255
L 32.0, -502.0, -51.0, 29.0, -502.0, -51.0, 178, 102, 255
L 29.0, -502.0, -51.0, 13.0, -519.0, -40.0, 178, 102, 255
L 13.0, -519.0, -40.0, -2.0, -519.0, -39.0, 178, 102, 255
L 24.0, -468.0, -51.0, 12.0, -456.0, -51.0, 178, 102, 255
L 12.0, -456.0, -51.0, -6.0, -455.0, -51.0, 178, 102, 255
L -6.0, -455.0, -51.0, -29.0, -464.0, -51.0, 178, 102, 255
L -29.0, -464.0, -51.0, -32.0, -478.0, -51.0, 178, 102, 255
L 15.0, -487.0, -51.0, -2.0, -504.0, -51.0, 178, 102, 255
L -2.0, -504.0, -51.0, -10.0, -504.0, -51.0, 178, 102, 255
L -10.0, -504.0, -51.0, -28.0, -487.0, -51.0, 178, 102, 255
L 16.0, -489.0, -51.0, -33.0, -540.0, -51.0, 102, 0, 204
L -33.0, -540.0, -51.0, -41.0, -540.0, -51.0, 102, 0, 204
L -41.0, -540.0, -51.0, -41.0, -550.0, -51.0, 102, 0, 204
L -41.0, -550.0, -51.0, -41.0, -553.0, -51.0, 102, 0, 204
L -41.0, -553.0, -51.0, -51.0, -562.0, -51.0, 102, 0, 204
L -51.0, -562.0, -51.0, -51.0, -576.0, -51.0, 102, 0, 204
L -51.0, -576.0, -51.0, -41.0, -586.0, -51.0, 102, 0, 204
L -41.0, -586.0, -51.0, -28.0, -586.0, -51.0, 102, 0, 204
L -28.0, -586.0, -51.0, -18.0, -576.0, -51.0, 102, 0, 204
L -18.0, -576.0, -51.0, -18.0, -562.0, -51.0, 102, 0, 204
L -18.0, -562.0, -51.0, -28.0, -553.0, -51.0, 102, 0, 204
L -28.0, -553.0, -51.0, -28.0, -550.0, -51.0, 102, 0, 204
L -28.0, -550.0, -51.0, -27.0, -545.0, -51.0, 102, 0, 204
L -27.0, -545.0, -51.0, 21.0, -494.0, -51.0, 102, 0, 204
L -2.0, -519.0, -39.0, 0.0, -522.0, -39.0, 178, 102, 255
L 0.0, -522.0, -39.0, 0.0, -539.0, -31.0, 178, 102, 255
L 0.0, -539.0, -31.0, 2.0, -542.0, -31.0, 178, 102, 255
L 2.0, -542.0, -31.0, 39.0, -542.0, -19.0, 178, 102, 255
L 39.0, -542.0, -19.0, 42.0, -542.0, -19.0, 178, 102, 255
L 42.0, -542.0, -19.0, 55.0, -542.0, -19.0, 178, 102, 255
L 55.0, -542.0, -19.0, 55.0, -555.0, -19.0, 178, 102, 255
L 55.0, -555.0, -19.0, 55.0, -558.0, -19.0, 178, 102, 255
L 55.0, -611.0, -7.0, 42.0, -611.0, -7.0, 178, 102, 255
L -13.0, -611.0, 4.0, -13.0, -598.0, 4.0, 178, 102, 255
L -13.0, -598.0, 4.0, -13.0, -595.0, 4.0, 178, 102, 255
L -13.0, -595.0, 4.0, -13.0, -590.0, 5.0, 178, 102, 255
L -13.0, -558.0, 16.0, -13.0, -555.0, 16.0, 178, 102, 255
L -13.0, -545.0, 16.0, -15.0, -545.0, 16.0, 150, 150, 150
L -13.0, -555.0, 16.0, -13.0, -548.0, 16.0, 178, 102, 255
L -29.0, -426.0, 0.0, -14.0, -426.0, 0.0, 0, 0, 0
L 0.0, -426.0, 0.0, 14.0, -426.0, 0.0, 0, 0, 0
L 14.0, -426.0, 0.0, 15.0, -426.0, 0.0, 0, 0, 0
L 15.0, -412.0, 0.0, 15.0, -425.0, 0.0, 0, 0, 0
L 15.0, -425.0, 0.0, 15.0, -426.0, 0.0, 0, 0, 0
L 64.0, -466.0, 2.0, 64.0, -463.0, 0.0, 0, 0, 0
L -78.0, -466.0, 2.0, -78.0, -463.0, 0.0, 0, 0, 0
L 21.0, -312.0, 0.0, 21.0, -314.0, 0.0, 0, 0, 0
L 18.0, -323.0, 0.0, 19.0, -323.0, 0.0, 0, 0, 0
L 21.0, -323.0, 0.0, 21.0, -325.0, 0.0, 0, 0, 0
L 18.0, -314.0, 0.0, 19.0, -314.0, 0.0, 0, 0, 0
L 18.0, -310.0, 0.0, 14.0, -310.0, 0.0, 0, 0, 0
L -28.0, -305.0, 0.0, -28.0, -307.0, 0.0, 0, 0, 0
L -28.0, -310.0, 0.0, -32.0, -310.0, 0.0, 0, 0, 0
L -32.0, -314.0, 0.0, -33.0, -314.0, 0.0, 0, 0, 0
L -32.0, -323.0, 0.0, -33.0, -323.0, 0.0, 0, 0, 0
L -35.0, -312.0, 0.0, -35.0, -314.0, 0.0, 0, 0, 0
L -35.0, -323.0, 0.0, -35.0, -325.0, 0.0, 0, 0, 0
L 59.0, -323.0, 0.0, 56.0, -323.0, 0.0, 0, 0, 0
L 56.0, -325.0, 0.0, 56.0, -323.0, 0.0, 0, 0, 0
L -70.0, -325.0, 0.0, -70.0, -323.0, 0.0, 0, 0, 0
L -73.0, -323.0, 0.0, -70.0, -323.0, 0.0, 0, 0, 0
L -26.0, -392.0, 0.0, -26.0, -390.0, 0.0, 0, 0, 0
L -26.0, -381.0, 0.0, -26.0, -379.0, 0.0, 0, 0, 0
L -26.0, -390.0, 0.0, -24.0, -390.0, 0.0, 0, 0, 0
L 9.0, -390.0, 0.0, 10.0, -390.0, 0.0, 0, 0, 0
L 12.0, -392.0, 0.0, 12.0, -390.0, 0.0, 0, 0, 0
L 12.0, -381.0, 0.0, 12.0, -379.0, 0.0, 0, 0, 0
L -26.0, -381.0, 0.0, -24.0, -381.0, 0.0, 0, 0, 0
L 9.0, -381.0, 0.0, 10.0, -381.0, 0.0, 0, 0, 0
L -86.0, -347.0, 0.0, -42.0, -347.0, 0.0, 0, 0, 0
L -33.0, -350.0, 0.0, -33.0, -348.0, 0.0, 0, 0, 0
L -33.0, -347.0, 0.0, -31.0, -347.0, 0.0, 0, 0, 0
L 19.0, -350.0, 0.0, 19.0, -348.0, 0.0, 0, 0, 0
L 19.0, -347.0, 0.0, 17.0, -347.0, 0.0, 0, 0, 0
L -42.0, -350.0, 0.0, -42.0, -348.0, 0.0, 0, 0, 0
L -52.0, -361.0, 0.0, -50.0, -361.0, 0.0, 0, 0, 0
L 35.0, -361.0, 0.0, 36.0, -361.0, 0.0, 0, 0, 0
L 38.0, -366.0, 0.0, 38.0, -361.0, 0.0, 0, 0, 0
L 17.0, -376.0, 0.0, 19.0, -376.0, 0.0, 0, 0, 0
L 28.0, -373.0, 0.0, 28.0, -376.0, 0.0, 0, 0, 0
L 19.0, -373.0, 0.0, 19.0, -376.0, 0.0, 0, 0, 0
L 28.0, -376.0, 0.0, 30.0, -376.0, 0.0, 0, 0, 0
L -33.0, -376.0, 0.0, -31.0, -376.0, 0.0, 0, 0, 0
L -31.0, -379.0, 0.0, -31.0, -376.0, 0.0, 0, 0, 0
L -42.0, -373.0, 0.0, -42.0, -376.0, 0.0, 0, 0, 0
L -42.0, -376.0, 0.0, -44.0, -376.0, 0.0, 0, 0, 0
L 22.0, -400.0, 14.0, 22.0, -398.0, 14.0, 0, 204, 0
L 13.0, -400.0, 14.0, 13.0, -398.0, 14.0, 0, 204, 0
L 6.0, -413.0, 14.0, 10.0, -413.0, 14.0, 0, 204, 0
L -27.0, -400.0, 14.0, -27.0, -398.0, 14.0, 0, 204, 0
L -36.0, -400.0, 14.0, -36.0, -398.0, 14.0, 0, 204, 0
L 13.0, -540.0, 16.0, 13.0, -538.0, 16.0, 0, 0, 0
L 13.0, -529.0, 16.0, 13.0, -527.0, 16.0, 0, 0, 0
L 10.0, -529.0, 16.0, 11.0, -529.0, 16.0, 0, 0, 0
L 10.0, -538.0, 16.0, 11.0, -538.0, 16.0, 0, 0, 0
L -27.0, -540.0, 16.0, -27.0, -538.0, 16.0, 0, 0, 0
L -27.0, -529.0, 16.0, -27.0, -527.0, 16.0, 0, 0, 0
L -24.0, -538.0, 16.0, -25.0, -538.0, 16.0, 0, 0, 0
L -24.0, -529.0, 16.0, -25.0, -529.0, 16.0, 0, 0, 0
L 44.0, -598.0, -7.0, 44.0, -594.0, -7.0, 178, 102, 255
L 39.0, -555.0, -19.0, 39.0, -553.0, -19.0, 178, 102, 255
L 42.0, -553.0, -19.0, 39.0, -553.0, -19.0, 178, 102, 255
L -73.0, -397.0, 14.0, -73.0, -337.0, 14.0, 0, 204, 0
L 44.0, -321.0, 28.0, 44.0, -319.0, 28.0, 102, 255, 102
L 47.0, -319.0, 28.0, 44.0, -319.0, 28.0, 102, 255, 102
L 47.0, -319.0, 28.0, 47.0, -323.0, 28.0, 102, 255, 102
L 54.0, -329.0, 28.0, 47.0, -331.0, 28.0, 102, 255, 102
L 47.0, -331.0, 28.0, 47.0, -346.0, 28.0, 102, 255, 102
L 54.0, -326.0, 28.0, 47.0, -323.0, 28.0, 102, 255, 102
L 70.0, -309.0, 28.0, 70.0, -323.0, 28.0, 102, 255, 102
L 63.0, -329.0, 28.0, 70.0, -331.0, 28.0, 102, 255, 102
L 70.0, -331.0, 28.0, 70.0, -346.0, 28.0, 102, 255, 102
L 63.0, -326.0, 28.0, 70.0, -323.0, 28.0, 102, 255, 102
L 66.0, -363.0, 28.0, 66.0, -361.0, 28.0, 102, 255, 102
L 69.0, -361.0, 28.0, 66.0, -361.0, 28.0, 102, 255, 102
L -36.0, -363.0, 28.0, -72.0, -363.0, 28.0, 102, 255, 102
L -87.0, -361.0, 28.0, -83.0, -361.0, 28.0, 102, 255, 102
L -83.0, -361.0, 28.0, -83.0, -363.0, 28.0, 102, 255, 102
L -87.0, -361.0, 28.0, -87.0, -397.0, 28.0, 102, 255, 102
L -73.0, -400.0, 28.0, -87.0, -400.0, 28.0, 102, 255, 102
L 69.0, -400.0, 28.0, 69.0, -397.0, 28.0, 102, 255, 102
L 82.0, -467.0, 28.0, 80.0, -467.0, 28.0, 102, 255, 102
L 71.0, -467.0, 28.0, 69.0, -467.0, 28.0, 102, 255, 102
L 71.0, -470.0, 28.0, 71.0, -467.0, 28.0, 102, 255, 102
L 80.0, -470.0, 28.0, 80.0, -467.0, 28.0, 102, 255, 102
L 69.0, -450.0, 28.0, 71.0, -450.0, 28.0, 102, 255, 102
L 71.0, -447.0, 28.0, 71.0, -448.0, 28.0, 102, 255, 102
L -85.0, -447.0, 28.0, -85.0, -448.0, 28.0, 102, 255, 102
L -83.0, -450.0, 28.0, -85.0, -450.0, 28.0, 102, 255, 102
L -85.0, -467.0, 28.0, -85.0, -470.0, 28.0, 102, 255, 102
L -83.0, -467.0, 28.0, -85.0, -467.0, 28.0, 102, 255, 102
L -96.0, -467.0, 28.0, -94.0, -467.0, 28.0, 102, 255, 102
L -94.0, -470.0, 28.0, -94.0, -467.0, 28.0, 102, 255, 102
L 49.0, -397.0, 14.0, 51.0, -397.0, 14.0, 0, 204, 0
L 40.0, -397.0, 14.0, 38.0, -397.0, 14.0, 0, 204, 0
L 38.0, -397.0, 14.0, 38.0, -393.0, 12.0, 0, 204, 0
L 51.0, -397.0, 14.0, 51.0, -393.0, 12.0, 0, 204, 0
L 38.0, -366.0, 0.0, 51.0, -366.0, 0.0, 150, 150, 150
L 38.0, -381.0, 7.0, 38.0, -377.0, 5.0, 0, 204, 0
L 51.0, -381.0, 7.0, 51.0, -377.0, 5.0, 0, 204, 0
L 38.0, -381.0, 7.0, 51.0, -381.0, 7.0, 150, 150, 150
L 38.0, -389.0, 10.0, 38.0, -385.0, 8.0, 0, 204, 0
L 51.0, -389.0, 10.0, 51.0, -385.0, 8.0, 0, 204, 0
L 38.0, -389.0, 10.0, 51.0, -389.0, 10.0, 150, 150, 150
L 38.0, -373.0, 3.0, 38.0, -369.0, 1.0, 0, 204, 0
L 51.0, -373.0, 3.0, 51.0, -369.0, 1.0, 0, 204, 0
L 38.0, -373.0, 3.0, 51.0, -373.0, 3.0, 150, 150, 150
L 38.0, -369.0, 1.0, 38.0, -366.0, 0.0, 0, 204, 0
L 51.0, -369.0, 1.0, 51.0, -366.0, 0.0, 0, 204, 0
L 38.0, -369.0, 1.0, 51.0, -369.0, 1.0, 150, 150, 150
L 38.0, -377.0, 5.0, 38.0, -373.0, 3.0, 0, 204, 0
L 51.0, -377.0, 5.0, 51.0, -373.0, 3.0, 0, 204, 0
L 38.0, -377.0, 5.0, 51.0, -377.0, 5.0, 150, 150, 150
L 38.0, -385.0, 8.0, 38.0, -381.0, 7.0, 0, 204, 0
L 51.0, -385.0, 8.0, 51.0, -381.0, 7.0, 0, 204, 0
L 38.0, -385.0, 8.0, 51.0, -385.0, 8.0, 150, 150, 150
L 38.0, -393.0, 12.0, 38.0, -389.0, 10.0, 0, 204, 0
L 51.0, -393.0, 12.0, 51.0, -389.0, 10.0, 0, 204, 0
L 38.0, -393.0, 12.0, 51.0, -393.0, 12.0, 150, 150, 150
L -54.0, -397.0, 14.0, -52.0, -397.0, 14.0, 0, 204, 0
L -63.0, -397.0, 14.0, -65.0, -397.0, 14.0, 0, 204, 0
L -65.0, -397.0, 14.0, -65.0, -393.0, 12.0, 0, 204, 0
L -52.0, -397.0, 14.0, -52.0, -393.0, 12.0, 0, 204, 0
L -65.0, -366.0, 0.0, -52.0, -366.0, 0.0, 150, 150, 150
L -65.0, -381.0, 7.0, -65.0, -377.0, 5.0, 0, 204, 0
L -52.0, -381.0, 7.0, -52.0, -377.0, 5.0, 0, 204, 0
L -65.0, -381.0, 7.0, -52.0, -381.0, 7.0, 150, 150, 150
L -65.0, -389.0, 10.0, -65.0, -385.0, 8.0, 0, 204, 0
L -52.0, -389.0, 10.0, -52.0, -385.0, 8.0, 0, 204, 0
L -65.0, -389.0, 10.0, -52.0, -389.0, 10.0, 150, 150, 150
L -65.0, -373.0, 3.0, -65.0, -369.0, 1.0, 0, 204, 0
L -52.0, -373.0, 3.0, -52.0, -369.0, 1.0, 0, 204, 0
L -65.0, -373.0, 3.0, -52.0, -373.0, 3.0, 150, 150, 150
L -65.0, -377.0, 5.0, -65.0, -373.0, 3.0, 0, 204, 0
L -52.0, -377.0, 5.0, -52.0, -373.0, 3.0, 0, 204, 0
L -65.0, -377.0, 5.0, -52.0, -377.0, 5.0, 150, 150, 150
L -65.0, -369.0, 1.0, -65.0, -366.0, 0.0, 0, 204, 0
L -52.0, -369.0, 1.0, -52.0, -366.0, 0.0, 0, 204, 0
L -65.0, -369.0, 1.0, -52.0, -369.0, 1.0, 150, 150, 150
L -65.0, -385.0, 8.0, -65.0, -381.0, 7.0, 0, 204, 0
L -52.0, -385.0, 8.0, -52.0, -381.0, 7.0, 0, 204, 0
L -65.0, -385.0, 8.0, -52.0, -385.0, 8.0, 150, 150, 150
L -65.0, -393.0, 12.0, -65.0, -389.0, 10.0, 0, 204, 0
L -52.0, -393.0, 12.0, -52.0, -389.0, 10.0, 0, 204, 0
L -65.0, -393.0, 12.0, -52.0, -393.0, 12.0, 150, 150, 150
L 0.0, -595.0, 4.0, -13.0, -595.0, 4.0, 155, 155, 155
L 0.0, -558.0, 16.0, -13.0, -558.0, 16.0, 155, 155, 155
L 0.0, -576.0, 10.0, 0.0, -581.0, 8.0, 178, 102, 255
L -13.0, -576.0, 10.0, -13.0, -571.0, 11.0, 178, 102, 255
L 0.0, -576.0, 10.0, -13.0, -576.0, 10.0, 155, 155, 155
L 0.0, -585.0, 7.0, 0.0, -590.0, 5.0, 178, 102, 255
L -13.0, -585.0, 7.0, -13.0, -581.0, 8.0, 178, 102, 255
L 0.0, -585.0, 7.0, -13.0, -585.0, 7.0, 155, 155, 155
L 0.0, -590.0, 5.0, 0.0, -595.0, 4.0, 178, 102, 255
L -13.0, -590.0, 5.0, -13.0, -585.0, 7.0, 178, 102, 255
L 0.0, -590.0, 5.0, -13.0, -590.0, 5.0, 155, 155, 155
L 0.0, -567.0, 13.0, 0.0, -571.0, 11.0, 178, 102, 255
L -13.0, -567.0, 13.0, -13.0, -562.0, 14.0, 178, 102, 255
L 0.0, -567.0, 13.0, -13.0, -567.0, 13.0, 155, 155, 155
L 0.0, -571.0, 11.0, 0.0, -576.0, 10.0, 178, 102, 255
L -13.0, -571.0, 11.0, -13.0, -567.0, 13.0, 178, 102, 255
L 0.0, -571.0, 11.0, -13.0, -571.0, 11.0, 155, 155, 155
L 0.0, -562.0, 14.0, 0.0, -567.0, 13.0, 178, 102, 255
L -13.0, -562.0, 14.0, -13.0, -558.0, 16.0, 178, 102, 255
L 0.0, -562.0, 14.0, -13.0, -562.0, 14.0, 155, 155, 155
L 0.0, -581.0, 8.0, 0.0, -585.0, 7.0, 178, 102, 255
L -13.0, -581.0, 8.0, -13.0, -576.0, 10.0, 178, 102, 255
L 0.0, -581.0, 8.0, -13.0, -581.0, 8.0, 155, 155, 155
L 0.0, -595.0, 4.0, 2.0, -595.0, 4.0, 178, 102, 255
L 2.0, -598.0, 4.0, 2.0, -595.0, 4.0, 178, 102, 255
L 2.0, -598.0, 4.0, 2.0, -609.0, 4.0, 155, 155, 155
L -13.0, -611.0, 4.0, 2.0, -611.0, 4.0, 178, 102, 255
L 2.0, -609.0, 4.0, 2.0, -611.0, 4.0, 178, 102, 255
L 42.0, -598.0, -7.0, 44.0, -598.0, -7.0, 178, 102, 255
L 42.0, -598.0, -7.0, 42.0, -609.0, -7.0, 155, 155, 155
L 42.0, -609.0, -7.0, 42.0, -611.0, -7.0, 178, 102, 255
L 42.0, -609.0, -7.0, 37.0, -609.0, -5.0, 178, 102, 255
L 42.0, -598.0, -7.0, 37.0, -598.0, -5.0, 178, 102, 255
L 22.0, -598.0, -1.0, 17.0, -598.0, 0.0, 178, 102, 255
L 22.0, -609.0, -1.0, 17.0, -609.0, 0.0, 178, 102, 255
L 22.0, -598.0, -1.0, 22.0, -609.0, -1.0, 155, 155, 155
L 12.0, -598.0, 1.0, 7.0, -598.0, 2.0, 178, 102, 255
L 12.0, -609.0, 1.0, 7.0, -609.0, 2.0, 178, 102, 255
L 12.0, -598.0, 1.0, 12.0, -609.0, 1.0, 155, 155, 155
L 32.0, -598.0, -4.0, 27.0, -598.0, -2.0, 178, 102, 255
L 32.0, -609.0, -4.0, 27.0, -609.0, -2.0, 178, 102, 255
L 32.0, -598.0, -4.0, 32.0, -609.0, -4.0, 155, 155, 155
L 37.0, -598.0, -5.0, 32.0, -598.0, -4.0, 178, 102, 255
L 37.0, -609.0, -5.0, 32.0, -609.0, -4.0, 178, 102, 255
L 37.0, -598.0, -5.0, 37.0, -609.0, -5.0, 155, 155, 155
L 17.0, -598.0, 0.0, 12.0, -598.0, 1.0, 178, 102, 255
L 17.0, -609.0, 0.0, 12.0, -609.0, 1.0, 178, 102, 255
L 17.0, -598.0, 0.0, 17.0, -609.0, 0.0, 155, 155, 155
L 7.0, -598.0, 2.0, 2.0, -598.0, 4.0, 178, 102, 255
L 7.0, -609.0, 2.0, 2.0, -609.0, 4.0, 178, 102, 255
L 7.0, -598.0, 2.0, 7.0, -609.0, 2.0, 155, 155, 155
L 27.0, -598.0, -2.0, 22.0, -598.0, -1.0, 178, 102, 255
L 27.0, -609.0, -2.0, 22.0, -609.0, -1.0, 178, 102, 255
L 27.0, -598.0, -2.0, 27.0, -609.0, -2.0, 155, 155, 155
L 44.0, -594.0, -7.0, 55.0, -594.0, -7.0, 150, 150, 150
L 55.0, -611.0, -7.0, 55.0, -594.0, -7.0, 178, 102, 255
L 55.0, -594.0, -7.0, 55.0, -590.0, -8.0, 178, 102, 255
L 55.0, -558.0, -19.0, 42.0, -558.0, -19.0, 155, 155, 155
L 42.0, -576.0, -13.0, 42.0, -571.0, -14.0, 178, 102, 255
L 55.0, -576.0, -13.0, 55.0, -571.0, -14.0, 178, 102, 255
L 42.0, -576.0, -13.0, 55.0, -576.0, -13.0, 155, 155, 155
L 42.0, -585.0, -10.0, 42.0, -581.0, -11.0, 178, 102, 255
L 55.0, -585.0, -10.0, 55.0, -581.0, -11.0, 178, 102, 255
L 42.0, -585.0, -10.0, 55.0, -585.0, -10.0, 155, 155, 155
L 42.0, -567.0, -16.0, 42.0, -562.0, -17.0, 178, 102, 255
L 55.0, -567.0, -16.0, 55.0, -562.0, -17.0, 178, 102, 255
L 42.0, -567.0, -16.0, 55.0, -567.0, -16.0, 155, 155, 155
L 42.0, -562.0, -17.0, 42.0, -558.0, -19.0, 178, 102, 255
L 55.0, -562.0, -17.0, 55.0, -558.0, -19.0, 178, 102, 255
L 42.0, -562.0, -17.0, 55.0, -562.0, -17.0, 155, 155, 155
L 42.0, -571.0, -14.0, 42.0, -567.0, -16.0, 178, 102, 255
L 55.0, -571.0, -14.0, 55.0, -567.0, -16.0, 178, 102, 255
L 42.0, -571.0, -14.0, 55.0, -571.0, -14.0, 155, 155, 155
L 42.0, -581.0, -11.0, 42.0, -576.0, -13.0, 178, 102, 255
L 55.0, -581.0, -11.0, 55.0, -576.0, -13.0, 178, 102, 255
L 42.0, -581.0, -11.0, 55.0, -581.0, -11.0, 155, 155, 155
L 42.0, -590.0, -8.0, 42.0, -585.0, -10.0, 178, 102, 255
L 55.0, -590.0, -8.0, 55.0, -585.0, -10.0, 178, 102, 255
L 42.0, -590.0, -8.0, 55.0, -590.0, -8.0, 155, 155, 155
L 39.0, -553.0, -19.0, 39.0, -542.0, -19.0, 178, 102, 255
L 13.0, -397.0, 14.0, 11.0, -397.0, 14.0, 0, 204, 0
L 22.0, -397.0, 14.0, 24.0, -397.0, 14.0, 0, 204, 0
L 13.0, -366.0, 28.0, 11.0, -366.0, 28.0, 102, 255, 102
L 22.0, -366.0, 28.0, 24.0, -366.0, 28.0, 102, 255, 102
L 11.0, -366.0, 28.0, 11.0, -369.0, 26.0, 102, 255, 102
L 24.0, -366.0, 28.0, 24.0, -369.0, 26.0, 102, 255, 102
L 13.0, -366.0, 28.0, 22.0, -366.0, 28.0, 150, 150, 150
L 24.0, -381.0, 21.0, 24.0, -385.0, 19.0, 102, 255, 102
L 11.0, -381.0, 21.0, 11.0, -385.0, 19.0, 102, 255, 102
L 24.0, -381.0, 21.0, 11.0, -381.0, 21.0, 150, 150, 150
L 24.0, -373.0, 24.0, 24.0, -377.0, 22.0, 102, 255, 102
L 11.0, -373.0, 24.0, 11.0, -377.0, 22.0, 102, 255, 102
L 24.0, -373.0, 24.0, 11.0, -373.0, 24.0, 150, 150, 150
L 24.0, -377.0, 22.0, 24.0, -381.0, 21.0, 102, 255, 102
L 11.0, -377.0, 22.0, 11.0, -381.0, 21.0, 102, 255, 102
L 24.0, -377.0, 22.0, 11.0, -377.0, 22.0, 150, 150, 150
L 24.0, -389.0, 17.0, 24.0, -393.0, 15.0, 102, 255, 102
L 11.0, -389.0, 17.0, 11.0, -393.0, 15.0, 102, 255, 102
L 24.0, -389.0, 17.0, 11.0, -389.0, 17.0, 150, 150, 150
L 24.0, -393.0, 15.0, 24.0, -397.0, 14.0, 102, 255, 102
L 11.0, -393.0, 15.0, 11.0, -397.0, 14.0, 102, 255, 102
L 24.0, -393.0, 15.0, 11.0, -393.0, 15.0, 150, 150, 150
L 24.0, -385.0, 19.0, 24.0, -389.0, 17.0, 102, 255, 102
L 11.0, -385.0, 19.0, 11.0, -389.0, 17.0, 102, 255, 102
L 24.0, -385.0, 19.0, 11.0, -385.0, 19.0, 150, 150, 150
L 24.0, -369.0, 26.0, 24.0, -373.0, 24.0, 102, 255, 102
L 11.0, -369.0, 26.0, 11.0, -373.0, 24.0, 102, 255, 102
L 24.0, -369.0, 26.0, 11.0, -369.0, 26.0, 150, 150, 150
L -36.0, -366.0, 28.0, -38.0, -366.0, 28.0, 102, 255, 102
L -27.0, -366.0, 28.0, -25.0, -366.0, 28.0, 102, 255, 102
L -27.0, -397.0, 14.0, -25.0, -397.0, 14.0, 0, 204, 0
L -36.0, -397.0, 14.0, -38.0, -397.0, 14.0, 0, 204, 0
L -38.0, -366.0, 28.0, -38.0, -369.0, 26.0, 102, 255, 102
L -25.0, -366.0, 28.0, -25.0, -369.0, 26.0, 102, 255, 102
L -25.0, -381.0, 21.0, -25.0, -385.0, 19.0, 102, 255, 102
L -38.0, -381.0, 21.0, -38.0, -385.0, 19.0, 102, 255, 102
L -25.0, -381.0, 21.0, -38.0, -381.0, 21.0, 150, 150, 150
L -27.0, -366.0, 28.0, -36.0, -366.0, 28.0, 150, 150, 150
L -25.0, -373.0, 24.0, -25.0, -377.0, 22.0, 102, 255, 102
L -38.0, -373.0, 24.0, -38.0, -377.0, 22.0, 102, 255, 102
L -25.0, -373.0, 24.0, -38.0, -373.0, 24.0, 150, 150, 150
L -25.0, -389.0, 17.0, -25.0, -393.0, 15.0, 102, 255, 102
L -38.0, -389.0, 17.0, -38.0, -393.0, 15.0, 102, 255, 102
L -25.0, -389.0, 17.0, -38.0, -389.0, 17.0, 150, 150, 150
L -25.0, -385.0, 19.0, -25.0, -389.0, 17.0, 102, 255, 102
L -38.0, -385.0, 19.0, -38.0, -389.0, 17.0, 102, 255, 102
L -25.0, -385.0, 19.0, -38.0, -385.0, 19.0, 150, 150, 150
L -25.0, -377.0, 22.0, -25.0, -381.0, 21.0, 102, 255, 102
L -38.0, -377.0, 22.0, -38.0, -381.0, 21.0, 102, 255, 102
L -25.0, -377.0, 22.0, -38.0, -377.0, 22.0, 150, 150, 150
L -25.0, -369.0, 26.0, -25.0, -373.0, 24.0, 102, 255, 102
L -38.0, -369.0, 26.0, -38.0, -373.0, 24.0, 102, 255, 102
L -25.0, -369.0, 26.0, -38.0, -369.0, 26.0, 150, 150, 150
L -25.0, -393.0, 15.0, -25.0, -397.0, 14.0, 102, 255, 102
L -38.0, -393.0, 15.0, -38.0, -397.0, 14.0, 102, 255, 102
L -25.0, -393.0, 15.0, -38.0, -393.0, 15.0, 150, 150, 150
L -80.0, -337.0, 14.0, -73.0, -337.0, 14.0, 150, 150, 150
L -73.0, -312.0, 28.0, -73.0, -321.0, 28.0, 102, 255, 102
L -80.0, -321.0, 28.0, -73.0, -321.0, 28.0, 150, 150, 150
L -80.0, -337.0, 14.0, -80.0, -335.0, 15.0, 102, 255, 102
L -73.0, -337.0, 14.0, -73.0, -335.0, 15.0, 102, 255, 102
L -73.0, -329.0, 21.0, -73.0, -327.0, 22.0, 102, 255, 102
L -80.0, -329.0, 21.0, -80.0, -327.0, 22.0, 102, 255, 102
L -73.0, -329.0, 21.0, -80.0, -329.0, 21.0, 150, 150, 150
L -73.0, -325.0, 24.0, -73.0, -323.0, 26.0, 102, 255, 102
L -80.0, -325.0, 24.0, -80.0, -323.0, 26.0, 102, 255, 102
L -73.0, -325.0, 24.0, -80.0, -325.0, 24.0, 150, 150, 150
L -73.0, -323.0, 26.0, -73.0, -321.0, 28.0, 102, 255, 102
L -80.0, -323.0, 26.0, -80.0, -321.0, 28.0, 102, 255, 102
L -73.0, -323.0, 26.0, -80.0, -323.0, 26.0, 150, 150, 150
L -73.0, -327.0, 22.0, -73.0, -325.0, 24.0, 102, 255, 102
L -80.0, -327.0, 22.0, -80.0, -325.0, 24.0, 102, 255, 102
L -73.0, -327.0, 22.0, -80.0, -327.0, 22.0, 150, 150, 150
L -73.0, -333.0, 17.0, -73.0, -331.0, 19.0, 102, 255, 102
L -80.0, -333.0, 17.0, -80.0, -331.0, 19.0, 102, 255, 102
L -73.0, -333.0, 17.0, -80.0, -333.0, 17.0, 150, 150, 150
L -73.0, -331.0, 19.0, -73.0, -329.0, 21.0, 102, 255, 102
L -80.0, -331.0, 19.0, -80.0, -329.0, 21.0, 102, 255, 102
L -73.0, -331.0, 19.0, -80.0, -331.0, 19.0, 150, 150, 150
L -73.0, -335.0, 15.0, -73.0, -333.0, 17.0, 102, 255, 102
L -80.0, -335.0, 15.0, -80.0, -333.0, 17.0, 102, 255, 102
L -73.0, -335.0, 15.0, -80.0, -335.0, 15.0, 150, 150, 150
L 0.0, -518.0, 16.0, -12.0, -518.0, 16.0, 205, 133, 63
L 3.0, -310.0, 0.0, -17.0, -310.0, 0.0, 205, 133, 63
L 3.0, -305.0, 0.0, -17.0, -305.0, 0.0, 205, 133, 63
L 3.0, -305.0, 0.0, 3.0, -307.0, 0.0, 205, 133, 63
L -17.0, -310.0, 0.0, -17.0, -307.0, 0.0, 205, 133, 63
L -28.0, -307.0, 0.0, -28.0, -310.0, 0.0, 0, 0, 0
L 14.0, -307.0, 0.0, 14.0, -310.0, 0.0, 0, 0, 0
L -28.0, -307.0, 0.0, -17.0, -307.0, 0.0, 205, 133, 63
L 3.0, -307.0, 0.0, 3.0, -310.0, 0.0, 205, 133, 63
L -17.0, -307.0, 0.0, -17.0, -305.0, 0.0, 205, 133, 63
L 3.0, -307.0, 0.0, 14.0, -307.0, 0.0, 205, 133, 63
L -35.0, -320.0, 0.0, -35.0, -316.0, 0.0, 205, 133, 63
L -32.0, -320.0, 0.0, -32.0, -316.0, 0.0, 205, 133, 63
L -35.0, -320.0, 0.0, -33.0, -320.0, 0.0, 205, 133, 63
L -35.0, -316.0, 0.0, -33.0, -316.0, 0.0, 205, 133, 63
L -33.0, -323.0, 0.0, -35.0, -323.0, 0.0, 0, 0, 0
L -33.0, -314.0, 0.0, -35.0, -314.0, 0.0, 0, 0, 0
L -33.0, -323.0, 0.0, -33.0, -320.0, 0.0, 205, 133, 63
L -33.0, -320.0, 0.0, -32.0, -320.0, 0.0, 205, 133, 63
L -33.0, -316.0, 0.0, -32.0, -316.0, 0.0, 205, 133, 63
L -33.0, -316.0, 0.0, -33.0, -314.0, 0.0, 205, 133, 63
L 18.0, -316.0, 0.0, 18.0, -320.0, 0.0, 205, 133, 63
L 21.0, -320.0, 0.0, 21.0, -316.0, 0.0, 205, 133, 63
L 19.0, -323.0, 0.0, 21.0, -323.0, 0.0, 0, 0, 0
L 19.0, -314.0, 0.0, 21.0, -314.0, 0.0, 0, 0, 0
L 19.0, -323.0, 0.0, 19.0, -320.0, 0.0, 205, 133, 63
L 18.0, -316.0, 0.0, 19.0, -316.0, 0.0, 205, 133, 63
L 19.0, -316.0, 0.0, 19.0, -314.0, 0.0, 205, 133, 63
L 19.0, -316.0, 0.0, 21.0, -316.0, 0.0, 205, 133, 63
L 18.0, -320.0, 0.0, 19.0, -320.0, 0.0, 205, 133, 63
L 19.0, -320.0, 0.0, 21.0, -320.0, 0.0, 205, 133, 63
L 56.0, -329.0, 28.0, 60.0, -329.0, 28.0, 205, 133, 63
L 60.0, -326.0, 28.0, 56.0, -326.0, 28.0, 205, 133, 63
L 60.0, -329.0, 28.0, 60.0, -327.0, 28.0, 205, 133, 63
L 56.0, -329.0, 28.0, 56.0, -327.0, 28.0, 205, 133, 63
L 54.0, -327.0, 28.0, 54.0, -326.0, 28.0, 102, 255, 102
L 63.0, -327.0, 28.0, 63.0, -329.0, 28.0, 102, 255, 102
L 54.0, -327.0, 28.0, 56.0, -327.0, 28.0, 205, 133, 63
L 60.0, -327.0, 28.0, 60.0, -326.0, 28.0, 205, 133, 63
L 56.0, -327.0, 28.0, 56.0, -326.0, 28.0, 205, 133, 63
L 60.0, -327.0, 28.0, 63.0, -327.0, 28.0, 205, 133, 63
L 21.0, -350.0, 0.0, 25.0, -350.0, 0.0, 205, 133, 63
L 25.0, -347.0, 0.0, 21.0, -347.0, 0.0, 205, 133, 63
L 28.0, -348.0, 0.0, 28.0, -347.0, 0.0, 0, 0, 0
L 19.0, -348.0, 0.0, 19.0, -347.0, 0.0, 0, 0, 0
L 28.0, -348.0, 0.0, 25.0, -348.0, 0.0, 205, 133, 63
L 21.0, -350.0, 0.0, 21.0, -348.0, 0.0, 205, 133, 63
L 21.0, -348.0, 0.0, 19.0, -348.0, 0.0, 205, 133, 63
L 21.0, -348.0, 0.0, 21.0, -347.0, 0.0, 205, 133, 63
L 25.0, -350.0, 0.0, 25.0, -348.0, 0.0, 205, 133, 63
L 25.0, -348.0, 0.0, 25.0, -347.0, 0.0, 205, 133, 63
L -39.0, -350.0, 0.0, -35.0, -350.0, 0.0, 205, 133, 63
L -35.0, -347.0, 0.0, -39.0, -347.0, 0.0, 205, 133, 63
L -33.0, -348.0, 0.0, -33.0, -347.0, 0.0, 0, 0, 0
L -42.0, -348.0, 0.0, -42.0, -347.0, 0.0, 0, 0, 0
L -33.0, -348.0, 0.0, -35.0, -348.0, 0.0, 205, 133, 63
L -39.0, -350.0, 0.0, -39.0, -348.0, 0.0, 205, 133, 63
L -39.0, -348.0, 0.0, -42.0, -348.0, 0.0, 205, 133, 63
L -39.0, -348.0, 0.0, -39.0, -347.0, 0.0, 205, 133, 63
L -35.0, -350.0, 0.0, -35.0, -348.0, 0.0, 205, 133, 63
L -35.0, -348.0, 0.0, -35.0, -347.0, 0.0, 205, 133, 63
L -52.0, -358.0, 0.0, -52.0, -352.0, 0.0, 205, 133, 63
L -49.0, -358.0, 0.0, -49.0, -352.0, 0.0, 205, 133, 63
L -50.0, -361.0, 0.0, -49.0, -361.0, 0.0, 0, 0, 0
L -50.0, -361.0, 0.0, -50.0, -358.0, 0.0, 205, 133, 63
L -52.0, -352.0, 0.0, -50.0, -352.0, 0.0, 205, 133, 63
L -50.0, -352.0, 0.0, -50.0, -350.0, 0.0, 205, 133, 63
L -50.0, -352.0, 0.0, -49.0, -352.0, 0.0, 205, 133, 63
L -52.0, -358.0, 0.0, -50.0, -358.0, 0.0, 205, 133, 63
L -50.0, -358.0, 0.0, -49.0, -358.0, 0.0, 205, 133, 63
L -23.0, -380.0, 0.0, -23.0, -373.0, 0.0, 0, 0, 0
L -23.0, -381.0, 0.0, -23.0, -380.0, 0.0, 0, 0, 0
L -26.0, -383.0, 0.0, -26.0, -387.0, 0.0, 205, 133, 63
L -23.0, -387.0, 0.0, -23.0, -383.0, 0.0, 205, 133, 63
L -24.0, -381.0, 0.0, -23.0, -381.0, 0.0, 0, 0, 0
L -24.0, -390.0, 0.0, -23.0, -390.0, 0.0, 0, 0, 0
L -24.0, -381.0, 0.0, -24.0, -383.0, 0.0, 205, 133, 63
L -23.0, -387.0, 0.0, -24.0, -387.0, 0.0, 205, 133, 63
L -24.0, -387.0, 0.0, -24.0, -390.0, 0.0, 205, 133, 63
L -24.0, -387.0, 0.0, -26.0, -387.0, 0.0, 205, 133, 63
L -23.0, -383.0, 0.0, -24.0, -383.0, 0.0, 205, 133, 63
L -24.0, -383.0, 0.0, -26.0, -383.0, 0.0, 205, 133, 63
L 9.0, -383.0, 0.0, 9.0, -387.0, 0.0, 205, 133, 63
L 12.0, -387.0, 0.0, 12.0, -383.0, 0.0, 205, 133, 63
L 10.0, -390.0, 0.0, 12.0, -390.0, 0.0, 0, 0, 0
L 10.0, -381.0, 0.0, 12.0, -381.0, 0.0, 0, 0, 0
L 10.0, -390.0, 0.0, 10.0, -387.0, 0.0, 205, 133, 63
L 12.0, -383.0, 0.0, 10.0, -383.0, 0.0, 205, 133, 63
L 10.0, -383.0, 0.0, 10.0, -381.0, 0.0, 205, 133, 63
L 10.0, -383.0, 0.0, 9.0, -383.0, 0.0, 205, 133, 63
L 12.0, -387.0, 0.0, 10.0, -387.0, 0.0, 205, 133, 63
L 10.0, -387.0, 0.0, 9.0, -387.0, 0.0, 205, 133, 63
L 35.0, -358.0, 0.0, 35.0, -352.0, 0.0, 205, 133, 63
L 38.0, -358.0, 0.0, 38.0, -352.0, 0.0, 205, 133, 63
L 36.0, -361.0, 0.0, 38.0, -361.0, 0.0, 0, 0, 0
L 36.0, -361.0, 0.0, 36.0, -358.0, 0.0, 205, 133, 63
L 35.0, -352.0, 0.0, 36.0, -352.0, 0.0, 205, 133, 63
L 36.0, -352.0, 0.0, 36.0, -350.0, 0.0, 205, 133, 63
L 36.0, -352.0, 0.0, 38.0, -352.0, 0.0, 205, 133, 63
L 35.0, -358.0, 0.0, 36.0, -358.0, 0.0, 205, 133, 63
L 36.0, -358.0, 0.0, 38.0, -358.0, 0.0, 205, 133, 63
L -54.0, -398.0, 14.0, -54.0, -400.0, 14.0, 0, 204, 0
L -63.0, -398.0, 14.0, -63.0, -397.0, 14.0, 0, 204, 0
L -54.0, -398.0, 14.0, -56.0, -398.0, 14.0, 205, 133, 63
L -60.0, -397.0, 14.0, -56.0, -397.0, 14.0, 205, 133, 63
L -60.0, -400.0, 14.0, -56.0, -400.0, 14.0, 205, 133, 63
L -56.0, -397.0, 14.0, -56.0, -398.0, 14.0, 205, 133, 63
L -56.0, -398.0, 14.0, -56.0, -400.0, 14.0, 205, 133, 63
L -60.0, -397.0, 14.0, -60.0, -398.0, 14.0, 205, 133, 63
L -60.0, -398.0, 14.0, -63.0, -398.0, 14.0, 205, 133, 63
L -60.0, -398.0, 14.0, -60.0, -400.0, 14.0, 205, 133, 63
L -29.0, -400.0, 14.0, -33.0, -400.0, 14.0, 205, 133, 63
L -29.0, -397.0, 14.0, -33.0, -397.0, 14.0, 205, 133, 63
L -29.0, -400.0, 14.0, -29.0, -398.0, 14.0, 205, 133, 63
L -33.0, -400.0, 14.0, -33.0, -398.0, 14.0, 205, 133, 63
L -36.0, -398.0, 14.0, -36.0, -397.0, 14.0, 0, 204, 0
L -27.0, -398.0, 14.0, -27.0, -397.0, 14.0, 0, 204, 0
L -36.0, -398.0, 14.0, -33.0, -398.0, 14.0, 205, 133, 63
L -29.0, -398.0, 14.0, -29.0, -397.0, 14.0, 205, 133, 63
L -33.0, -398.0, 14.0, -33.0, -397.0, 14.0, 205, 133, 63
L -29.0, -398.0, 14.0, -27.0, -398.0, 14.0, 205, 133, 63
L 22.0, -398.0, 14.0, 22.0, -397.0, 14.0, 0, 204, 0
L 13.0, -398.0, 14.0, 13.0, -397.0, 14.0, 0, 204, 0
L 22.0, -398.0, 14.0, 19.0, -398.0, 14.0, 205, 133, 63
L 15.0, -397.0, 14.0, 19.0, -397.0, 14.0, 205, 133, 63
L 19.0, -400.0, 14.0, 15.0, -400.0, 14.0, 205, 133, 63
L 19.0, -397.0, 14.0, 19.0, -398.0, 14.0, 205, 133, 63
L 19.0, -398.0, 14.0, 19.0, -400.0, 14.0, 205, 133, 63
L 15.0, -397.0, 14.0, 15.0, -398.0, 14.0, 205, 133, 63
L 15.0, -398.0, 14.0, 13.0, -398.0, 14.0, 205, 133, 63
L 15.0, -398.0, 14.0, 15.0, -400.0, 14.0, 205, 133, 63
L 49.0, -398.0, 14.0, 49.0, -397.0, 14.0, 0, 204, 0
L 40.0, -398.0, 14.0, 40.0, -397.0, 14.0, 0, 204, 0
L 49.0, -398.0, 14.0, 46.0, -398.0, 14.0, 205, 133, 63
L 42.0, -397.0, 14.0, 46.0, -397.0, 14.0, 205, 133, 63
L 46.0, -400.0, 14.0, 42.0, -400.0, 14.0, 205, 133, 63
L 46.0, -397.0, 14.0, 46.0, -398.0, 14.0, 205, 133, 63
L 46.0, -398.0, 14.0, 46.0, -400.0, 14.0, 205, 133, 63
L 42.0, -397.0, 14.0, 42.0, -398.0, 14.0, 205, 133, 63
L 42.0, -398.0, 14.0, 40.0, -398.0, 14.0, 205, 133, 63
L 42.0, -398.0, 14.0, 42.0, -400.0, 14.0, 205, 133, 63
L -87.0, -450.0, 28.0, -93.0, -450.0, 28.0, 205, 133, 63
L -87.0, -447.0, 28.0, -93.0, -447.0, 28.0, 205, 133, 63
L -85.0, -448.0, 28.0, -85.0, -450.0, 28.0, 102, 255, 102
L -85.0, -448.0, 28.0, -87.0, -448.0, 28.0, 205, 133, 63
L -93.0, -450.0, 28.0, -93.0, -448.0, 28.0, 205, 133, 63
L -93.0, -448.0, 28.0, -96.0, -448.0, 28.0, 205, 133, 63
L -93.0, -448.0, 28.0, -93.0, -447.0, 28.0, 205, 133, 63
L -87.0, -450.0, 28.0, -87.0, -448.0, 28.0, 205, 133, 63
L -87.0, -448.0, 28.0, -87.0, -447.0, 28.0, 205, 133, 63
L 73.0, -447.0, 28.0, 79.0, -447.0, 28.0, 205, 133, 63
L 73.0, -450.0, 28.0, 79.0, -450.0, 28.0, 205, 133, 63
L 73.0, -447.0, 28.0, 73.0, -448.0, 28.0, 205, 133, 63
L 79.0, -447.0, 28.0, 79.0, -448.0, 28.0, 205, 133, 63
L 71.0, -448.0, 28.0, 71.0, -450.0, 28.0, 102, 255, 102
L 71.0, -448.0, 28.0, 73.0, -448.0, 28.0, 205, 133, 63
L 73.0, -448.0, 28.0, 73.0, -450.0, 28.0, 205, 133, 63
L 79.0, -448.0, 28.0, 79.0, -450.0, 28.0, 205, 133, 63
L 79.0, -448.0, 28.0, 82.0, -448.0, 28.0, 205, 133, 63
L 69.0, -397.0, 28.0, 69.0, -361.0, 28.0, 102, 255, 102
L 72.0, -395.0, 28.0, 78.0, -395.0, 28.0, 205, 133, 63
L 72.0, -400.0, 28.0, 78.0, -400.0, 28.0, 205, 133, 63
L 69.0, -397.0, 28.0, 72.0, -397.0, 28.0, 205, 133, 63
L 78.0, -395.0, 28.0, 78.0, -397.0, 28.0, 205, 133, 63
L 78.0, -397.0, 28.0, 82.0, -397.0, 28.0, 205, 133, 63
L 78.0, -397.0, 28.0, 78.0, -400.0, 28.0, 205, 133, 63
L 72.0, -395.0, 28.0, 72.0, -397.0, 28.0, 205, 133, 63
L 72.0, -397.0, 28.0, 72.0, -400.0, 28.0, 205, 133, 63
L 0.0, -547.0, 16.0, 0.0, -548.0, 16.0, 0, 0, 0
L -13.0, -547.0, 16.0, -13.0, -545.0, 16.0, 0, 0, 0
L 0.0, -547.0, 16.0, -13.0, -547.0, 16.0, 255, 255, 0
L 0.0, -548.0, 16.0, 0.0, -555.0, 16.0, 178, 102, 255
L -13.0, -548.0, 16.0, -13.0, -547.0, 16.0, 0, 0, 0
L 0.0, -548.0, 16.0, -13.0, -548.0, 16.0, 255, 255, 0
L -24.0, -546.0, 16.0, -24.0, -538.0, 16.0, 0, 0, 0
L -15.0, -546.0, 16.0, -15.0, -559.0, 16.0, 0, 0, 0
L -21.0, -548.0, 16.0, -17.0, -548.0, 16.0, 205, 133, 63
L -17.0, -545.0, 16.0, -21.0, -545.0, 16.0, 205, 133, 63
L -17.0, -548.0, 16.0, -17.0, -546.0, 16.0, 205, 133, 63
L -21.0, -548.0, 16.0, -21.0, -546.0, 16.0, 205, 133, 63
L -24.0, -546.0, 16.0, -21.0, -546.0, 16.0, 205, 133, 63
L -17.0, -546.0, 16.0, -17.0, -545.0, 16.0, 205, 133, 63
L -21.0, -546.0, 16.0, -21.0, -545.0, 16.0, 205, 133, 63
L -17.0, -546.0, 16.0, -15.0, -546.0, 16.0, 205, 133, 63
L 7.0, -548.0, 16.0, 3.0, -548.0, 16.0, 205, 133, 63
L 3.0, -545.0, 16.0, 7.0, -545.0, 16.0, 205, 133, 63
L 7.0, -548.0, 16.0, 7.0, -546.0, 16.0, 205, 133, 63
L 3.0, -548.0, 16.0, 3.0, -546.0, 16.0, 205, 133, 63
L 1.0, -546.0, 16.0, 1.0, -545.0, 16.0, 0, 0, 0
L 10.0, -546.0, 16.0, 10.0, -548.0, 16.0, 0, 0, 0
L 1.0, -546.0, 16.0, 3.0, -546.0, 16.0, 205, 133, 63
L 7.0, -546.0, 16.0, 7.0, -545.0, 16.0, 205, 133, 63
L 3.0, -546.0, 16.0, 3.0, -545.0, 16.0, 205, 133, 63
L 7.0, -546.0, 16.0, 10.0, -546.0, 16.0, 205, 133, 63
L 10.0, -531.0, 16.0, 10.0, -535.0, 16.0, 205, 133, 63
L 13.0, -535.0, 16.0, 13.0, -531.0, 16.0, 205, 133, 63
L 10.0, -531.0, 16.0, 11.0, -531.0, 16.0, 205, 133, 63
L 13.0, -535.0, 16.0, 11.0, -535.0, 16.0, 205, 133, 63
L 11.0, -538.0, 16.0, 13.0, -538.0, 16.0, 0, 0, 0
L 11.0, -529.0, 16.0, 13.0, -529.0, 16.0, 0, 0, 0
L 11.0, -538.0, 16.0, 11.0, -535.0, 16.0, 205, 133, 63
L 11.0, -531.0, 16.0, 13.0, -531.0, 16.0, 205, 133, 63
L 11.0, -535.0, 16.0, 10.0, -535.0, 16.0, 205, 133, 63
L 11.0, -531.0, 16.0, 11.0, -529.0, 16.0, 205, 133, 63
L -27.0, -531.0, 16.0, -27.0, -535.0, 16.0, 205, 133, 63
L -24.0, -531.0, 16.0, -24.0, -535.0, 16.0, 205, 133, 63
L -25.0, -538.0, 16.0, -27.0, -538.0, 16.0, 0, 0, 0
L -25.0, -529.0, 16.0, -27.0, -529.0, 16.0, 0, 0, 0
L -25.0, -538.0, 16.0, -25.0, -535.0, 16.0, 205, 133, 63
L -27.0, -535.0, 16.0, -25.0, -535.0, 16.0, 205, 133, 63
L -25.0, -535.0, 16.0, -24.0, -535.0, 16.0, 205, 133, 63
L -24.0, -531.0, 16.0, -25.0, -531.0, 16.0, 205, 133, 63
L -25.0, -531.0, 16.0, -25.0, -529.0, 16.0, 205, 133, 63
L -25.0, -531.0, 16.0, -27.0, -531.0, 16.0, 205, 133, 63
L -27.0, -540.0, 16.0, -44.0, -540.0, 16.0, 102, 255, 102
L -44.0, -527.0, 16.0, -27.0, -527.0, 16.0, 102, 255, 102
L -80.0, -540.0, 28.0, -77.0, -540.0, 27.0, 102, 255, 102
L -47.0, -540.0, 17.0, -44.0, -540.0, 16.0, 102, 255, 102
L -50.0, -540.0, 18.0, -47.0, -540.0, 17.0, 102, 255, 102
L -53.0, -540.0, 19.0, -50.0, -540.0, 18.0, 102, 255, 102
L -56.0, -540.0, 20.0, -53.0, -540.0, 19.0, 102, 255, 102
L -59.0, -540.0, 21.0, -56.0, -540.0, 20.0, 102, 255, 102
L -62.0, -540.0, 22.0, -59.0, -540.0, 21.0, 102, 255, 102
L -65.0, -540.0, 23.0, -62.0, -540.0, 22.0, 102, 255, 102
L -68.0, -540.0, 24.0, -65.0, -540.0, 23.0, 102, 255, 102
L -71.0, -540.0, 25.0, -68.0, -540.0, 24.0, 102, 255, 102
L -74.0, -540.0, 26.0, -71.0, -540.0, 25.0, 102, 255, 102
L -77.0, -540.0, 27.0, -74.0, -540.0, 26.0, 102, 255, 102
L -44.0, -527.0, 16.0, -47.0, -527.0, 17.0, 102, 255, 102
L -47.0, -527.0, 17.0, -50.0, -527.0, 18.0, 102, 255, 102
L -50.0, -527.0, 18.0, -53.0, -527.0, 19.0, 102, 255, 102
L -53.0, -527.0, 19.0, -56.0, -527.0, 20.0, 102, 255, 102
L -56.0, -527.0, 20.0, -59.0, -527.0, 21.0, 102, 255, 102
L -59.0, -527.0, 21.0, -62.0, -527.0, 22.0, 102, 255, 102
L -62.0, -527.0, 22.0, -65.0, -527.0, 23.0, 102, 255, 102
L -65.0, -527.0, 23.0, -68.0, -527.0, 24.0, 102, 255, 102
L -68.0, -527.0, 24.0, -71.0, -527.0, 25.0, 102, 255, 102
L -71.0, -527.0, 25.0, -74.0, -527.0, 26.0, 102, 255, 102
L -74.0, -527.0, 26.0, -77.0, -527.0, 27.0, 102, 255, 102
L -77.0, -527.0, 27.0, -80.0, -527.0, 28.0, 102, 255, 102
L 66.0, -538.0, 28.0, 69.0, -538.0, 28.0, 102, 255, 102
L 69.0, -538.0, 28.0, 69.0, -540.0, 28.0, 102, 255, 102
L -80.0, -529.0, 28.0, -83.0, -529.0, 28.0, 102, 255, 102
L -80.0, -538.0, 28.0, -80.0, -540.0, 28.0, 102, 255, 102
L -83.0, -538.0, 28.0, -83.0, -540.0, 28.0, 102, 255, 102
L -80.0, -538.0, 28.0, -83.0, -538.0, 28.0, 102, 255, 102
L 13.0, -540.0, 16.0, 30.0, -540.0, 16.0, 102, 255, 102
L 13.0, -527.0, 16.0, 30.0, -527.0, 16.0, 102, 255, 102
L 66.0, -540.0, 28.0, 30.0, -540.0, 16.0, 102, 255, 102
L 30.0, -527.0, 16.0, 66.0, -527.0, 28.0, 102, 255, 102
L 71.0, -493.0, 28.0, 71.0, -494.0, 28.0, 102, 255, 102
L 82.0, -540.0, 28.0, 69.0, -540.0, 28.0, 102, 255, 102
L 80.0, -493.0, 28.0, 80.0, -494.0, 28.0, 102, 255, 102
L -94.0, -493.0, 28.0, -94.0, -494.0, 28.0, 102, 255, 102
L -83.0, -540.0, 28.0, -96.0, -540.0, 28.0, 102, 255, 102
L -85.0, -493.0, 28.0, -85.0, -494.0, 28.0, 102, 255, 102
L -96.0, -540.0, 28.0, -96.0, -518.0, 28.0, 102, 255, 102
L 82.0, -540.0, 28.0, 82.0, -518.0, 28.0, 102, 255, 102
L 82.0, -518.0, 28.0, 80.0, -518.0, 28.0, 102, 255, 102
L 71.0, -518.0, 28.0, 69.0, -518.0, 28.0, 102, 255, 102
L 69.0, -529.0, 28.0, 69.0, -518.0, 28.0, 102, 255, 102
L -83.0, -529.0, 28.0, -83.0, -518.0, 28.0, 102, 255, 102
L -83.0, -518.0, 28.0, -85.0, -518.0, 28.0, 102, 255, 102
L -94.0, -518.0, 28.0, -96.0, -518.0, 28.0, 102, 255, 102
L -94.0, -516.0, 28.0, -94.0, -518.0, 28.0, 102, 255, 102
L -85.0, -516.0, 28.0, -85.0, -518.0, 28.0, 102, 255, 102
L -94.0, -516.0, 28.0, -91.0, -516.0, 28.0, 205, 133, 63
L -87.0, -515.0, 28.0, -91.0, -515.0, 28.0, 205, 133, 63
L -87.0, -518.0, 28.0, -91.0, -518.0, 28.0, 205, 133, 63
L -91.0, -515.0, 28.0, -91.0, -516.0, 28.0, 205, 133, 63
L -91.0, -516.0, 28.0, -91.0, -518.0, 28.0, 205, 133, 63
L -87.0, -515.0, 28.0, -87.0, -516.0, 28.0, 205, 133, 63
L -87.0, -516.0, 28.0, -85.0, -516.0, 28.0, 205, 133, 63
L -87.0, -516.0, 28.0, -87.0, -518.0, 28.0, 205, 133, 63
L 77.0, -518.0, 28.0, 73.0, -518.0, 28.0, 205, 133, 63
L 77.0, -515.0, 28.0, 73.0, -515.0, 28.0, 205, 133, 63
L 71.0, -516.0, 28.0, 71.0, -518.0, 28.0, 102, 255, 102
L 80.0, -516.0, 28.0, 80.0, -518.0, 28.0, 102, 255, 102
L 71.0, -516.0, 28.0, 73.0, -516.0, 28.0, 205, 133, 63
L 77.0, -515.0, 28.0, 77.0, -516.0, 28.0, 205, 133, 63
L 77.0, -516.0, 28.0, 80.0, -516.0, 28.0, 205, 133, 63
L 77.0, -516.0, 28.0, 77.0, -518.0, 28.0, 205, 133, 63
L 73.0, -515.0, 28.0, 73.0, -516.0, 28.0, 205, 133, 63
L 73.0, -516.0, 28.0, 73.0, -518.0, 28.0, 205, 133, 63
L 80.0, -494.0, 28.0, 80.0, -516.0, 28.0, 102, 255, 102
L 71.0, -494.0, 28.0, 71.0, -516.0, 28.0, 102, 255, 102
L -85.0, -494.0, 28.0, -85.0, -516.0, 28.0, 102, 255, 102
L -94.0, -494.0, 28.0, -94.0, -516.0, 28.0, 102, 255, 102
L -87.0, -496.0, 28.0, -91.0, -496.0, 28.0, 205, 133, 63
L -91.0, -493.0, 28.0, -87.0, -493.0, 28.0, 205, 133, 63
L -94.0, -494.0, 28.0, -91.0, -494.0, 28.0, 205, 133, 63
L -87.0, -493.0, 28.0, -87.0, -494.0, 28.0, 205, 133, 63
L -87.0, -494.0, 28.0, -85.0, -494.0, 28.0, 205, 133, 63
L -87.0, -494.0, 28.0, -87.0, -496.0, 28.0, 205, 133, 63
L -91.0, -493.0, 28.0, -91.0, -494.0, 28.0, 205, 133, 63
L -91.0, -494.0, 28.0, -91.0, -496.0, 28.0, 205, 133, 63
L 71.0, -494.0, 28.0, 73.0, -494.0, 28.0, 205, 133, 63
L 73.0, -493.0, 28.0, 77.0, -493.0, 28.0, 205, 133, 63
L 73.0, -496.0, 28.0, 77.0, -496.0, 28.0, 205, 133, 63
L 73.0, -493.0, 28.0, 73.0, -494.0, 28.0, 205, 133, 63
L 73.0, -494.0, 28.0, 73.0, -496.0, 28.0, 205, 133, 63
L 77.0, -493.0, 28.0, 77.0, -494.0, 28.0, 205, 133, 63
L 77.0, -494.0, 28.0, 80.0, -494.0, 28.0, 205, 133, 63
L 77.0, -494.0, 28.0, 77.0, -496.0, 28.0, 205, 133, 63
L -57.0, -350.0, 28.0, -70.0, -350.0, 28.0, 102, 255, 102
L -70.0, -352.0, 28.0, -70.0, -350.0, 28.0, 102, 255, 102
L -50.0, -350.0, 28.0, -54.0, -350.0, 28.0, 205, 133, 63
L -50.0, -347.0, 28.0, -54.0, -347.0, 28.0, 205, 133, 63
L -54.0, -350.0, 28.0, -54.0, -348.0, 28.0, 205, 133, 63
L -50.0, -350.0, 28.0, -50.0, -348.0, 28.0, 205, 133, 63
L -48.0, -348.0, 28.0, -48.0, -350.0, 28.0, 102, 255, 102
L -57.0, -348.0, 28.0, -57.0, -347.0, 28.0, 102, 255, 102
L -48.0, -348.0, 28.0, -50.0, -348.0, 28.0, 205, 133, 63
L -54.0, -348.0, 28.0, -54.0, -347.0, 28.0, 205, 133, 63
L -50.0, -348.0, 28.0, -50.0, -347.0, 28.0, 205, 133, 63
L -54.0, -348.0, 28.0, -57.0, -348.0, 28.0, 205, 133, 63
L -72.0, -363.0, 28.0, -83.0, -363.0, 28.0, 102, 255, 102
L -74.0, -360.0, 28.0, -74.0, -354.0, 28.0, 205, 133, 63
L -70.0, -354.0, 28.0, -70.0, -360.0, 28.0, 205, 133, 63
L -74.0, -360.0, 28.0, -72.0, -360.0, 28.0, 205, 133, 63
L -74.0, -354.0, 28.0, -72.0, -354.0, 28.0, 205, 133, 63
L -72.0, -352.0, 28.0, -70.0, -352.0, 28.0, 102, 255, 102
L -72.0, -352.0, 28.0, -72.0, -354.0, 28.0, 205, 133, 63
L -72.0, -360.0, 28.0, -70.0, -360.0, 28.0, 205, 133, 63
L -72.0, -354.0, 28.0, -70.0, -354.0, 28.0, 205, 133, 63
L -72.0, -360.0, 28.0, -72.0, -363.0, 28.0, 205, 133, 63
L -73.0, -323.0, 14.0, -73.0, -312.0, 14.0, 0, 204, 0
L -96.0, -397.0, 28.0, -96.0, -312.0, 28.0, 102, 255, 102
L -89.0, -400.0, 28.0, -93.0, -400.0, 28.0, 205, 133, 63
L -89.0, -395.0, 28.0, -93.0, -395.0, 28.0, 205, 133, 63
L -89.0, -400.0, 28.0, -89.0, -397.0, 28.0, 205, 133, 63
L -93.0, -400.0, 28.0, -93.0, -397.0, 28.0, 205, 133, 63
L -87.0, -397.0, 28.0, -87.0, -400.0, 28.0, 102, 255, 102
L -96.0, -397.0, 28.0, -93.0, -397.0, 28.0, 205, 133, 63
L -89.0, -397.0, 28.0, -89.0, -395.0, 28.0, 205, 133, 63
L -93.0, -397.0, 28.0, -93.0, -395.0, 28.0, 205, 133, 63
L -89.0, -397.0, 28.0, -87.0, -397.0, 28.0, 205, 133, 63
L 30.0, -347.0, 28.0, 34.0, -347.0, 28.0, 205, 133, 63
L 34.0, -350.0, 28.0, 30.0, -350.0, 28.0, 205, 133, 63
L 28.0, -348.0, 28.0, 28.0, -347.0, 28.0, 102, 255, 102
L 37.0, -348.0, 28.0, 37.0, -350.0, 28.0, 102, 255, 102
L 28.0, -348.0, 28.0, 30.0, -348.0, 28.0, 205, 133, 63
L 34.0, -347.0, 28.0, 34.0, -348.0, 28.0, 205, 133, 63
L 34.0, -348.0, 28.0, 37.0, -348.0, 28.0, 205, 133, 63
L 34.0, -348.0, 28.0, 34.0, -350.0, 28.0, 205, 133, 63
L 30.0, -347.0, 28.0, 30.0, -348.0, 28.0, 205, 133, 63
L 30.0, -348.0, 28.0, 30.0, -350.0, 28.0, 205, 133, 63
L 21.0, -494.0, -51.0, 21.0, -493.0, -51.0, 178, 102, 255
L 16.0, -489.0, -51.0, 16.0, -488.0, -51.0, 178, 102, 255
L 16.0, -488.0, -51.0, 15.0, -487.0, -51.0, 178, 102, 255
