P -1414.5127, 1189.3323, -159.9354, 255, 0, 0, 3, to_The_Western_Wastes
P 1859.0522, -1212.6808, 179.9395, 255, 0, 0, 3, to_The_Western_Wastes
P 1697.7177, 600.6412, -19.9980, 255, 0, 0, 3, to_The_Western_Wastes
P 705.5562, -1275.1672, 126.4197, 255, 0, 0, 3, to_The_Plane_of_Mischief_(click)
P 499.0000, 2086.0000, 0.0000, 255, 0, 0, 2, Succor
P 142.5029, 1130.7750, -15.9980, 240, 240, 0, 2, One-Way_Fall_to_West
P 957.5295, 1040.8427, -15.9980, 240, 240, 0, 2, One-Way_Fall_to_East
P 956.3557, 1117.7921, -15.9980, 240, 240, 0, 2, One-Way_Fall_to_East
P 1679.0692, 1001.5538, -19.9980, 240, 240, 0, 2, One-Way_South
P 1556.6959, 779.3872, -19.9980, 240, 240, 0, 2, One-Way_West
P 739.5110, -941.1097, 119.9394, 0, 0, 0, 2, Thylex_of_Veeshan
P 44.9661, -753.8853, 98.8248, 0, 0, 0, 2, Lord_Koi`Doken
P 773.0855, -195.5172, 79.9707, 0, 0, 0, 2, Aaryonar
P 1426.5862, -1806.3519, 159.9394, 0, 0, 0, 2, Zlexak
P 1692.2399, -201.5649, 59.9707, 0, 0, 0, 2, Lord_Kreizenn
P 501.2908, 965.1862, 0.0020, 0, 0, 0, 2, Arreken_Skyward
P 1433.4052, 1321.0996, -19.9980, 240, 127, 0, 2, Casalen_(Raid)
P 1248.7615, -1969.8097, 159.9394, 240, 127, 0, 2, Cekenar_(Raid)
P 1356.7766, -227.6592, 113.3061, 240, 127, 0, 2, Dagarn_the_Destroyer_(Raid)
P 1283.0126, 1081.0422, -19.9980, 240, 127, 0, 2, Dozekar_the_Cursed_(Raid)
P 475.0851, 389.1268, 0.0020, 240, 127, 0, 2, Eashen_of_the_Sky_(Raid)
P 1079.2428, 1325.4194, -19.9980, 240, 127, 0, 2, Essedera_(Raid)
P 211.4231, 687.2637, -19.9980, 240, 127, 0, 2, Gozzrem_(Raid)
P 1591.0979, 1340.5457, -19.9980, 240, 127, 0, 2, Grozzmel_(Raid)
P 754.9935, 568.3329, 0.0020, 240, 127, 0, 2, Ikatiar_the_Venom_(Raid)
P 1782.5370, -1622.3179, 169.9394, 240, 127, 0, 2, Jorlleag_(Raid)
P 1679.5146, 1029.2865, -19.9980, 240, 127, 0, 2, Krigara_(Raid)
P 150.0000, -974.0000, 109.9910, 240, 127, 0, 2, Lady_Mirenilla_(Raid)
P 1643.9873, -1621.1262, 169.9394, 240, 127, 0, 2, Lady_Nevederia_(Raid)
P -1132.1737, 1073.4861, -139.9355, 240, 127, 0, 2, Lendiniara_the_Keeper_(Raid)
P 1420.3186, 1123.7910, -19.9980, 240, 127, 0, 2, Lepethida_(Raid)
P 1268.5465, 57.1502, 69.9707, 240, 127, 0, 2, Lord_Feshlak_(Raid)
P 48.6055, 280.9507, 20.0020, 240, 127, 0, 2, Lord_Vyemm_(Raid)
P 1700.7953, 652.0299, -19.9980, 240, 127, 0, 2, Midayor_(Raid)
P 1258.5846, -1641.9004, 159.9394, 240, 127, 0, 2, Sevalak_(Raid)
P 1417.7084, 1030.2397, -19.9980, 240, 127, 0, 2, Tavekalem_(Raid)
P 207.6637, 1351.1488, -19.9980, 240, 127, 0, 2, Telkorenar_(Raid)
P 742.1181, -519.4059, 117.9395, 240, 127, 0, 2, Vulak`Aerr_(Raid)
P 1910.9003, 1042.9348, -19.9980, 240, 127, 0, 2, Ymmeln_(Raid)