P 78.0000, 762.0000, -99.9677, 255, 0, 0, 3, to_The_City_of_Thurgadin
P -42.0000, -103.0000, -0.9990, 255, 0, 0, 3, to_The_City_of_Thurgadin
P -877.0000, 78.0000, 0.0000, 255, 0, 0, 3, to_The_Great_Divide
P 0.0000, -250.0000, 0.0000, 255, 0, 0, 2, Succor
P -888.2131, -15.4343, -24.8417, 128, 0, 128, 2, Oven
P -882.4570, -13.8061, -24.9980, 0, 0, 240, 1, GS:_Outcast`s_Coal
P -211.0000, -730.0000, 0.0000, 255, 255, 255, 2, Hall_of_Ancestors
P 34.0000, -750.0000, 0.0000, 255, 255, 255, 2, Guarded_Door
P 68.0000, -744.0000, 0.0000, 255, 255, 255, 2, Barracks
P 0.0000, -600.0000, 0.0000, 255, 255, 255, 2, The_Pit
P 66.1769, -668.5523, 58.9717, 0, 127, 127, 2, Dain`s_Historian_Duggans
P -10.2735, -688.3033, 66.6935, 240, 127, 0, 2, Chamberlain_Krystorf_(Raid)
P -5.2416, -775.2722, 63.5884, 240, 127, 0, 2, Dain_Frostreaver_IV_(Raid)
P 6.7489, -758.3961, 63.7330, 240, 127, 0, 2, Seneschal_Aldikar_(Raid)
P -594.1685, 2.7542, -134.2687, 127, 64, 0, 2, Glucose_(Hunter,Roam)
P -362.0653, -479.7146, -113.4429, 127, 64, 0, 2, Grizznot_(Hunter)
