P -3620.5513, -5861.4634, -0.0501, 255, 0, 0, 3, to_The_Overthere_&_South_Desert_of_Ro_(Translocator_Jorbin)
P 2499.1367, 3146.8794, -3.1414, 240, 0, 0, 2, from_Firiona_Vie
P 550.2703, 5139.9019, -3.1018, 240, 0, 0, 3, to_The_Overthere
P -2006.9771, 633.8888, -3.1018, 240, 0, 0, 2, from_The_Overthere
P 2494.0000, -677.0000, 0.0000, 255, 0, 0, 3, to_Firiona_Vie
P 7295.7666, -3309.8054, -3.1342, 240, 0, 0, 2, from_Butcherblock_Mountains
P -4994.1172, -7423.4766, 6.1559, 240, 0, 0, 2, from_South_Desert_of_Ro
P -4324.1133, 12309.9258, -281.1491, 240, 0, 0, 3, to_Halas
P -4367.7017, 12307.1221, -281.1447, 240, 0, 0, 3, to_East_Freeport
P -4424.1743, 12309.6113, -281.1463, 240, 0, 0, 3, to_Cablis_West
P -4426.3540, 12299.1563, -281.1404, 240, 0, 0, 3, to_South_Kaladim
P -4430.3955, 12256.6006, -281.1476, 240, 0, 0, 3, to_Ak`Anon
P -4430.7139, 12220.3867, -281.1436, 240, 0, 0, 3, to_Rivervale
P -4415.3325, 12201.0068, -281.1382, 240, 0, 0, 3, to_Gukta
P -4373.3354, 12200.7666, -281.1337, 240, 0, 0, 3, to_Oggok
P -4328.5405, 12197.1553, -281.1279, 240, 0, 0, 3, to_Erudin
P -4309.4185, 12202.4063, -281.1469, 240, 0, 0, 3, to_Neriak_Commons
P -4309.9639, 12250.1602, -281.1508, 240, 0, 0, 3, to_Greater_Faydark
P -4308.8267, 12295.9355, -281.1451, 240, 0, 0, 3, to_North_Felwithe
P -5317.7866, -7921.3906, 6.1547, 240, 0, 0, 3, to_South_Ro
P 7367.1675, -5114.5684, 1.0009, 240, 0, 0, 3, to_Butcherblock
P 3255.9104, 4543.5596, 17.2296, 240, 0, 0, 3, to_Butcherblock_&_Firiona_Vie_(Translocator_Deela)
P -2194.0000, 5392.0000, 0.0000, 255, 0, 0, 2, Succor
P 6037.6582, 8848.9658, 22.6503, 0, 0, 240, 1, GS:_Crushed_Diamonds
P 3226.0000, 4489.0000, 0.0000, 255, 255, 255, 2, Dock
P -2783.0000, 1293.0000, 0.0000, 255, 255, 255, 2, Ogre_Raiders
P -3566.0000, -5873.0000, 0.0000, 255, 255, 255, 2, Dock
P 5366.2505, 8975.6924, 77.9347, 240, 240, 240, 2, Golra_Island
P 1788.5529, 11604.1221, 10.6337, 240, 240, 240, 2, Oasis_in_a_Deserted_Sea
P -1104.2827, -5843.4321, 15.5775, 240, 240, 240, 2, Spiroc_Tower
P 1868.8612, -5069.7739, 10.3471, 240, 240, 240, 2, Undead_Iksar
P 1991.6963, -5773.1475, 7.9233, 240, 240, 240, 2, Bandit_Camp
P 3772.7427, -6228.6777, 8.0792, 240, 240, 240, 2, Gunthak_Swabby`s
P -3204.8826, -7948.3032, 261.8652, 240, 240, 240, 2, Fallen_Deckhands
P 185.3429, -189.2944, -135.5294, 240, 240, 240, 2, Wrecked_Boat
P -2773.1948, 6376.5283, 4.5260, 240, 240, 240, 2, Chessboard
P 6355.6182, -4039.2722, 15.5626, 240, 240, 0, 2, Ship_Transfer
P 2511.8181, 4054.0217, -3.1414, 240, 240, 0, 2, Ship_Transfer
P -3335.1277, 9391.8828, 14.5170, 240, 240, 240, 2, Raptors
P -1898.8740, 9588.2119, 15.0497, 240, 240, 240, 2, Raptors
P -2091.4941, 9439.5400, 274.4378, 240, 240, 240, 2, Iksar_Statue
P 5989.4971, 6496.3101, 19.9621, 240, 240, 240, 2, Large_Eagle_Statue
P 3755.7156, -5257.6284, 318.6155, 240, 240, 240, 2, Iksar_Statue
P 4337.0000, 5197.0000, 2.2639, 0, 128, 0, 2, Mircus_(Bar)
P 3439.0000, 4868.0000, 15.5947, 0, 128, 0, 2, Seloris_(Merchant)
P 2276.0000, 11594.0000, 71.1716, 0, 128, 0, 2, Portik_(Bar)
P -2795.0000, 5064.0000, 286.0130, 128, 128, 128, 2, Iksar_Master_(GM_Monk)
P -2819.1138, 5925.8359, 1.8620, 0, 0, 0, 2, Alrik_Farsight_(Roam)
P -2738.1885, 6212.0010, 1.4173, 0, 0, 0, 2, Perican_Fallhammer
P -2946.0403, 5773.0850, 0.4720, 0, 0, 0, 2, Xiblin_Fizzlebik
P -2984.9197, 8969.1367, 256.6269, 0, 0, 0, 2, Scout_Sihmoj
P -3169.4421, -5440.9922, 2.8687, 0, 0, 0, 2, Ogre_Wise_One
P 5910.9312, 6445.3945, 16.2392, 0, 0, 0, 2, Sellcondru_Dusaan
P 5929.1343, 9616.0059, 18.4954, 0, 0, 0, 2, Kellewin_Stillwater
P 4930.6987, -5875.3169, 6.1231, 0, 0, 0, 2, Salco_Dagor
P 2156.7546, -5107.3882, 8.0012, 0, 0, 0, 2, Silithis_Sisnta_(Roam)
P -2666.8579, -7365.0532, 9.0419, 0, 0, 0, 2, Farstara_Dio
P -2808.3799, 8985.8408, 1.0965, 0, 0, 0, 2, Ebon_Ice_Servant
P -3734, 11565, 10, 240, 127, 0, 2, Faydedar_(Raid)
P 6112.0952, 9637.7061, 11.9289, 127, 64, 0, 2, Halara_(Hunter)
P 5301.1338, 9320.5674, 91.6232, 127, 64, 0, 2, Halara_(Hunter)
P 5443.2656, 9189.4229, 184.0986, 127, 64, 0, 2, Halara_(Hunter)
P -2697.2827, -7293.8022, 72.2205, 127, 64, 0, 2, Ugrak_da_Raider_(Hunter)
P -3243.8699, -5534.3496, -1.8838, 127, 64, 0, 2, Ugrak_da_Raider_(Hunter)
P -3171.2275, -5429.6260, 0.8590, 127, 64, 0, 2, Ugrak_da_Raider_(Hunter)
P -2535.2471, -5265.1089, 20.8518, 127, 64, 0, 2, Ugrak_da_Raider_(Hunter)
