P 72.0000, -589.0000, -155.9364, 255, 0, 0, 3, to_The_Great_Divide
P 70.3720, -577.5851, -155.9354, 255, 0, 0, 2, Succor
P 177.6291, -422.1174, 31.2022, 255, 255, 0, 2, Fake_Wall_(uppermost_level)
P 159.8579, -523.7610, 1.0020, 240, 240, 0, 2, Fake_Wall
P -1.7405, 241.0799, -74.9667, 240, 240, 0, 2, Vertical_Tunnel_(Up_to_Castle_Area)
P -176.8809, 198.8595, -19.9980, 240, 240, 240, 2, Sunken_Garden
P -9.0528, 29.1127, 129.9394, 240, 240, 240, 2, Top_Level
P -21.3124, 50.0567, 94.9707, 240, 240, 240, 2, Second_Level
P 11.4477, -9.6779, 55.9707, 240, 240, 240, 2, First_Level
P 365.4294, -376.8693, 18.0020, 240, 240, 0, 2, Fake_Wall
P -3.4806, -533.1646, 2.6836, 240, 240, 0, 2, Fake_Wall
P -143.8940, -229.1874, -60.4477, 240, 240, 0, 2, Fake_Wall
P 133.3805, -438.9441, -21.6042, 240, 240, 240, 2, Climb_over_ice_to_continue_up
P 137.9814, -524.6893, -166.2468, 0, 127, 127, 2, Radiwol_Perpin_(Quest)
P 96.6715, -171.4288, -34.5291, 0, 0, 0, 2, Bjoron_Axefall
P 104.8726, -175.9446, -34.5291, 0, 0, 0, 2, Drella_Stonegrinder
P 101.6743, -145.7739, -34.5205, 0, 0, 0, 2, Dlemin_Whiteforge
P 96.7490, -76.7953, -34.5205, 0, 0, 0, 2, Bryma_Loftaxe
P 103.5503, -101.2511, -34.5205, 0, 0, 0, 2, Frekka_Alebringer
P 404.7695, -258.1566, 17.3963, 127, 64, 0, 2, Marlek_Icepaw_(Hunter)
P -156.9183, -30.7103, 19.5077, 127, 64, 0, 2, Qabruh_(Hunter)
P 197.7425, -83.9152, 3.0058, 127, 64, 0, 2, Bledrek_(Hunter)
P 220.6795, -143.9926, -110.3107, 127, 64, 0, 2, an_icy_torment_(Hunter)
P -63.7994, -225.6820, -190.0641, 127, 64, 0, 2, a_restess_tarantula_(Hunter)
P 111.9471, -222.0981, -188.5193, 127, 64, 0, 2, a_restless_tarantula_(Hunter)
P -150.2806, -445.0424, 85.9249, 127, 64, 0, 2, a_restless_devourer_(Hunter)
P -242.0714, 19.8967, 21.9731, 127, 64, 0, 2, Kerdelb_(Hunter)
P 399.0209, -179.1659, 18.9750, 127, 64, 0, 2, Marlek_Icepaw_(Hunter)
P -17.7089, 200.2079, 2.7558, 127, 64, 0, 2, Vorgak_(Hunter)
P 349.3047, -230.8301, -182.8471, 127, 64, 0, 2, an_icy_torment_(Hunter)
P -109.1257, 135.1693, -72.9957, 127, 64, 0, 2, Zarhbub_Icepaw_(Hunter)
P 238.6828, 35.9895, -99.2860, 127, 64, 0, 2, Neemzaq_(Hunter)
P -163.6042, 195.8999, -18.6282, 127, 64, 0, 2, a_velium_horror_(Hunter)
P 53.7491, -108.9410, 4.1028, 127, 64, 0, 2, Qabruh_(Hunter)
P -46.9820, -149.1725, 4.0926, 127, 64, 0, 2, Qabruh_(Hunter)

