P 5002.3433, 559.9229, -198.4052, 255, 0, 0, 3, to_Kael_Drakkel
P -4755.6431, -1545.5203, -63.9677, 255, 0, 0, 3, to_Skyshrine
P 1069.5026, -466.4202, -24.9990, 255, 0, 0, 3, to_The_Plane_of_Growth
P 2978.0000, 3017.0000, 0.0000, 240, 0, 0, 2, Druid_Portal
P 5000.0000, 673.0000, 0.0000, 255, 0, 0, 2, Succor
P 3796.4783, 1597.7062, -54.3286, 0, 0, 240, 1, GS:_Yew_Leaf
P 3486.7891, 719.9222, -193.2258, 0, 0, 240, 1, GS:_Yew_Leaf
P 2001.1653, 97.6349, -193.8532, 0, 0, 240, 1, GS:_Yew_Leaf
P 1114.2782, 454.1202, -178.1053, 0, 0, 240, 1, GS:_Yew_Leaf
P 1110.6205, 657.1791, -188.9941, 0, 0, 240, 1, GS:_Yew_Leaf
P 1113.6714, 716.4874, -175.0823, 0, 0, 240, 1, GS:_Yew_Leaf
P 1349.8494, 716.7043, -179.9848, 0, 0, 240, 1, GS:_Yew_Leaf
P -428.7418, -391.5251, -194.3775, 0, 0, 240, 1, GS:_Yew_Leaf
P -2064.3628, 847.9081, -40.0914, 0, 0, 240, 1, GS:_Yew_Leaf
P -1599.1426, 101.0866, -215.7221, 0, 0, 240, 1, GS:_Yew_Leaf
P -1599.2991, -393.6400, -188.7620, 0, 0, 240, 1, GS:_Yew_Leaf
P -1849.6061, -393.4136, -155.6058, 0, 0, 240, 1, GS:_Yew_Leaf
P -1603.0656, -513.6274, -196.5483, 0, 0, 240, 1, GS:_Yew_Leaf
P -1622.2665, -1529.2880, -155.2307, 0, 0, 240, 1, GS:_Yew_Leaf
P -1599.7317, -2024.4727, -189.0262, 0, 0, 240, 1, GS:_Yew_Leaf
P 100.5268, -2499.9590, 13.9954, 0, 0, 240, 1, GS:_Yew_Leaf
P 938.1154, -2421.9092, -66.8118, 0, 0, 240, 1, GS:_Yew_Leaf
P 2099.4773, -1402.9662, -177.0248, 0, 0, 240, 1, GS:_Yew_Leaf
P 3798.1475, -1399.6476, 23.3770, 0, 0, 240, 1, GS:_Yew_Leaf
P 2289.6775, 718.0674, -190.2878, 0, 0, 240, 1, GS:_Yew_Leaf
P 2581.5774, 717.4866, -195.3729, 0, 0, 240, 1, GS:_Yew_Leaf
P 2100.4595, 1595.2664, -100.4334, 0, 0, 240, 1, GS:_Yew_Leaf
P 1113.2699, 1625.1996, -96.6315, 0, 0, 240, 1, GS:_Yew_Leaf
P 1111.7992, 1340.5448, -167.3570, 0, 0, 240, 1, GS:_Yew_Leaf
P -1597.3578, -245.1224, -164.8262, 0, 0, 240, 1, GS:_Yew_Leaf
P -1600.5420, 563.9133, -160.0611, 0, 0, 240, 1, GS:_Yew_Leaf
P -1600.5381, 848.0754, -109.2803, 0, 0, 240, 1, GS:_Yew_Leaf
P -1602.3324, 1121.7107, -7.7052, 0, 0, 240, 1, GS:_Yew_Leaf
P 1999.9397, 1696.8473, -43.4050, 0, 0, 240, 1, GS:_Yew_Leaf
P 203.9725, 1699.6370, 4.4338, 0, 0, 240, 1, GS:_Yew_Leaf
P -2193.0259, 1203.4141, 6.1165, 0, 0, 240, 1, GS:_Yew_Leaf
P -1015.5638, -391.3241, -193.0012, 0, 0, 240, 1, GS:_Yew_Leaf
P -718.8281, -390.9391, -178.4268, 0, 0, 240, 1, GS:_Yew_Leaf
P -1597.4054, -1445.6448, -166.1441, 0, 0, 240, 1, GS:_Yew_Leaf
P -2199.8826, -2498.2437, -20.5829, 0, 0, 240, 1, GS:_Yew_Leaf
P -1601.4651, -2397.1797, -65.5299, 0, 0, 240, 1, GS:_Yew_Leaf
P 1111.6198, -1621.6753, -179.3799, 0, 0, 240, 1, GS:_Yew_Leaf
P 942.2589, -1626.0790, -175.2980, 0, 0, 240, 1, GS:_Yew_Leaf
P 940.6436, -1245.2581, -194.1027, 0, 0, 240, 1, GS:_Yew_Leaf
P 39.0000, -1726.0000, 0.0000, 255, 255, 255, 2, Fairie_Village
P -2044.0000, 3394.0000, 0.0000, 255, 255, 255, 2, Holgresh_Lair
P -1447.0000, -1857.0000, 0.0000, 0, 0, 0, 2, Lady_Gelistial
P -161.0000, -206.0000, -62.0000, 240, 127, 0, 2, Wuoshi_(Raid)
P -3937.9800, -389.8348, 24.8951, 0, 0, 0, 2, Lantaric`Dar
P 1694.4159, 966.0542, -167.6530, 0, 0, 0, 2, Eysa_Florawhisper
P 4599.2363, -670.6016, 38.0109, 0, 0, 0, 2, Taxonomist_Drorjon
P 4069.7073, 732.5984, -189.8465, 0, 0, 0, 2, Frostgiant_Overseer
P -761.3193, 3083.6882, 24.9020, 0, 0, 0, 2, Scout_Leader_Plavo
P -411.3927, -2988.0813, 23.3770, 0, 0, 0, 2, Rolandal
P 4580.2241, -640.8860, 28.8693, 0, 0, 0, 2, Tomekeeper_Brordnessin
P 819.4376, -2255.4866, -113.2127, 0, 0, 0, 2, Alaurin_(Roam,HS)
P -2029.7830, 4132.3843, -186.7531, 127, 64, 0, 2, an_elder_holgresh_(Hunter)
P -2028.3174, 4133.8101, -186.7323, 127, 64, 0, 2, Grand_Vizier_Poolakacha`tei_(Hunter)
P -1633.2162, 2122.0547, 20.9589, 127, 64, 0, 2, a_holgresh_raider_(Hunter)
P -775.7103, -947.1648, -199.1644, 127, 64, 0, 2, Lord_Gossimerwind_(Hunter,Roam)
P -449.3567, -611.2274, -204.8608, 127, 64, 0, 2, Lord_Prismwing_(Hunter,Roam)
P -797.1703, -2186.2808, -120.7618, 127, 64, 0, 2, Rapticor_(Hunter,Roam,HS)
