P -1129.7229, 85.7169, -110.9677, 255, 0, 0, 3, to_The_Stonebrunt_Mountains
P 908.5730, -747.9073, -36.9990, 255, 0, 0, 3, to_Paineel
P 930.0000, -748.0000, 0.0000, 255, 0, 0, 2, Succor
P 995.3205, -300.7819, -102.7063, 240, 240, 240, 2, Captured_Erudites
P -240.5715, -562.8234, -111.7063, 240, 240, 0, 2, Fake_Wall
P -204.1697, -510.0510, -111.7063, 240, 240, 240, 2, Batlings
P -97.0736, -313.1481, -81.7063, 240, 240, 0, 2, TRAP:_Fake_Floor
P -489.2411, 26.0125, -101.7063, 240, 240, 240, 2, Bat_Caves
P 1039.3036, -379.5395, -94.9667, 240, 240, 240, 2, Prison_Area
P 905.6395, -308.5076, -109.9667, 240, 240, 240, 2, Rat_Room
P 1118.9203, -291.4290, -98.7063, 0, 0, 0, 2, Koajin
P 1123.3639, -263.6197, -98.7063, 0, 0, 0, 2, Aderius_Rhenar
P 1080.5380, -257.9072, -98.7063, 0, 0, 0, 2, Kujanko
P 1076.8711, -278.1062, -98.7063, 0, 0, 0, 2, Owakanji
P 720.3174, -228.0862, -95.9667, 0, 0, 0, 2, Jailor_Mkrarrg
P 755.9648, -305.4942, -89.9667, 0, 0, 0, 2, Trainer_Daxgrr
P -988.2220, -54.0515, -81.9667, 0, 0, 0, 2, Huntmaster_Furgrl
P -789.2255, 102.1461, -101.7063, 0, 0, 0, 2, cave_bat_lord
P -954.9221, 271.6116, -110.7063, 0, 0, 0, 2, The_Mighty_Bear_Paw
P -306.9332, -612.0038, -113.7063, 0, 0, 0, 2, The_Muglwump
P 167.5969, -335.2075, -67.4321, 0, 0, 0, 2, Prince_Bagnar
P -330.4630, -183.5187, -77.4151, 0, 0, 0, 2, King_Gragnar
P -232.6492, -419.2846, -113.7063, 0, 0, 0, 2, Krode_the_Diviner
P -297.7968, -218.0532, -80.7063, 0, 0, 0, 2, High_Shaman_Drogik
P -171.6248, -325.9974, -81.7063, 0, 0, 0, 2, Lorekeeper_Roggik
P 1010.8304, -532.3611, -80.3954, 0, 0, 0, 2, Rikfeer_the_Arcane
P 847.1909, -657.3069, -74.9027, 0, 0, 0, 2, Smithy_Rrarrgin
P 829.7438, -674.1642, -74.9012, 0, 0, 0, 2, Foodmaster_Rargnar
P -238.1769, -613.4816, -97.4457, 0, 0, 0, 2, Wilslik_Gissu_(SHM:1.5)
P 956.7343, -318.7758, -106.6542, 127, 64, 0, 2, Packmaster_Dledsh_(Hunter)
P -107.7657, -339.0149, -80.3925, 127, 64, 0, 2, Warlord_Drrig_(Hunter)
