L -40.0, 71.0, 0.0, -40.0, 82.0, 0.0, 0, 0, 0
L -40.0, 82.0, 0.0, 14.0, 82.0, 0.0, 0, 0, 0
L 112.0, 71.0, 0.0, -28.0, 71.0, 0.0, 0, 0, 0
L -28.0, 71.0, 0.0, -40.0, 71.0, 0.0, 199, 21, 133
L 69.0, 140.0, 0.0, 69.0, 83.0, 0.0, 0, 0, 0
L 69.0, 83.0, 0.0, 125.0, 83.0, 0.0, 0, 0, 0
L 125.0, 83.0, 0.0, 125.0, 62.0, 0.0, 0, 0, 0
L 14.0, 82.0, 0.0, 14.0, 89.3, 0.0, 0, 0, 0
L -87.0, 370.0, -13.0, -90.0, 374.0, -13.0, 255, 255, 0
L -90.0, 381.0, -13.0, -87.0, 384.0, -13.0, 255, 255, 0
L -80.0, 384.0, -13.0, -77.0, 381.0, -13.0, 255, 255, 0
L -77.0, 374.0, -13.0, -80.0, 370.0, -13.0, 255, 255, 0
L 188.0, 347.0, -14.0, 187.0, 351.0, -16.0, 0, 0, 0
L 187.0, 351.0, -16.0, 179.0, 355.0, -16.0, 127, 64, 0
L 179.0, 355.0, -16.0, 174.0, 353.0, -14.0, 127, 64, 0
L 174.0, 353.0, -14.0, 167.0, 357.0, -14.0, 127, 64, 0
L 167.0, 357.0, -14.0, 162.0, 355.0, -14.0, 127, 64, 0
L 162.0, 355.0, -14.0, 155.0, 349.0, -13.0, 127, 64, 0
L 155.0, 349.0, -13.0, 153.0, 352.0, -14.0, 0, 0, 0
L 153.0, 352.0, -14.0, 152.0, 352.0, -14.0, 0, 0, 0
L 238.0, 334.0, -13.0, 221.0, 334.0, -13.0, 0, 0, 0
L 221.0, 334.0, -13.0, 218.0, 338.0, -13.0, 0, 0, 0
L 218.0, 338.0, -13.0, 242.0, 338.0, -13.0, 0, 0, 0
L 238.0, 334.0, -13.0, 242.0, 338.0, -13.0, 0, 0, 0
L 249.0, 338.0, -13.0, 248.5, 335.0, -14.0, 0, 0, 0
L 249.0, 338.0, -13.0, 254.0, 338.0, -14.0, 0, 0, 0
L 254.0, 338.0, -14.0, 254.0, 328.0, -18.0, 0, 0, 0
L 254.0, 328.0, -18.0, 258.0, 323.0, -19.0, 0, 0, 0
L 258.0, 323.0, -19.0, 263.0, 324.0, -19.0, 0, 0, 0
L 263.0, 324.0, -19.0, 275.0, 322.0, -20.0, 0, 0, 0
L 275.0, 322.0, -20.0, 278.0, 329.0, -22.0, 0, 0, 0
L 278.0, 329.0, -22.0, 274.0, 341.0, -24.0, 0, 0, 0
L 274.0, 341.0, -24.0, 276.0, 348.0, -23.0, 0, 0, 0
L 278.0, 355.0, -22.0, 276.0, 365.0, -21.0, 0, 0, 0
L 276.0, 365.0, -21.0, 268.0, 369.0, -20.0, 0, 0, 0
L 268.0, 377.0, -21.0, 268.0, 369.0, -21.0, 0, 0, 0
L 268.0, 377.0, -21.0, 263.0, 380.0, -22.0, 0, 0, 0
L 263.0, 380.0, -22.0, 253.0, 381.0, -25.0, 0, 0, 0
L 253.0, 381.0, -25.0, 249.0, 388.0, -27.0, 0, 0, 0
L 249.0, 388.0, -27.0, 240.0, 386.0, -28.0, 0, 0, 0
L 240.0, 386.0, -28.0, 231.0, 390.0, -29.0, 0, 0, 0
L 231.0, 390.0, -29.0, 222.5, 387.5, -32.0, 0, 0, 0
L 214.0, 385.0, -35.0, 212.0, 380.0, -37.0, 178, 102, 255
L 212.0, 380.0, -37.0, 201.0, 378.0, -41.0, 178, 102, 255
L 201.0, 378.0, -41.0, 193.0, 382.0, -41.0, 178, 102, 255
L 193.0, 382.0, -41.0, 188.0, 393.0, -40.0, 178, 102, 255
L 189.0, 396.0, -39.0, 188.0, 393.0, -40.0, 178, 102, 255
L 189.0, 396.0, -39.0, 181.0, 404.0, -42.0, 178, 102, 255
L 209.2, 335.0, -14.0, 207.0, 338.0, -13.0, 0, 0, 0
L 207.0, 338.0, -13.0, 202.0, 338.0, -14.0, 0, 0, 0
L 202.0, 338.0, -14.0, 206.0, 349.0, -15.0, 127, 64, 0
L 206.0, 349.0, -15.0, 212.0, 350.0, -15.0, 127, 64, 0
L 212.0, 350.0, -15.0, 217.0, 355.0, -17.0, 127, 64, 0
L 217.0, 355.0, -17.0, 228.0, 349.0, -13.0, 127, 64, 0
L 228.0, 349.0, -13.0, 238.0, 351.0, -13.0, 127, 64, 0
L 238.0, 351.0, -13.0, 250.0, 345.0, -13.0, 127, 64, 0
L 250.0, 345.0, -13.0, 258.0, 348.0, -15.0, 127, 64, 0
L 258.0, 348.0, -15.0, 259.0, 340.0, -26.0, 127, 64, 0
L 273.0, 354.0, -27.0, 271.0, 348.0, -26.5, 150, 150, 150
L 269.0, 342.0, -26.0, 259.0, 340.0, -26.0, 150, 150, 150
L 273.0, 354.0, -27.0, 268.0, 358.0, -24.0, 150, 150, 150
L 263.0, 362.0, -21.0, 259.0, 370.0, -22.0, 150, 150, 150
L 259.0, 370.0, -22.0, 256.0, 371.5, -22.8, 150, 150, 150
L 247.0, 376.0, -25.0, 241.0, 377.5, -28.5, 150, 150, 150
L 235.0, 379.0, -32.0, 232.0, 374.5, -35.5, 150, 150, 150
L 140.0, 365.1, -41.0, 140.0, 391.0, -41.0, 178, 102, 255
L 140.0, 391.0, -41.0, 154.0, 405.0, -41.0, 178, 102, 255
L 154.0, 405.0, -41.0, 154.0, 420.6, -41.0, 178, 102, 255
L 154.0, 476.0, -41.0, 111.1, 476.0, -41.0, 178, 102, 255
L 194.0, 556.0, -69.0, 194.0, 568.0, -69.0, 178, 102, 255
L 194.0, 568.0, -69.0, 194.0, 578.0, -69.0, 178, 102, 255
L 194.0, 568.0, -69.0, 192.0, 566.0, -69.0, 150, 150, 150
L 187.0, 566.0, -69.0, 192.0, 566.0, -69.0, 150, 150, 150
L 187.0, 566.0, -69.0, 185.0, 568.0, -68.0, 150, 150, 150
L 185.0, 568.0, -68.0, 183.0, 569.0, -67.0, 150, 150, 150
L 183.0, 569.0, -67.0, 180.0, 572.0, -67.0, 150, 150, 150
L 180.0, 572.0, -67.0, 182.0, 574.0, -68.0, 150, 150, 150
L 182.0, 574.0, -68.0, 183.0, 576.0, -68.0, 150, 150, 150
L 183.0, 576.0, -68.0, 185.0, 578.0, -69.0, 150, 150, 150
L 185.0, 578.0, -69.0, 192.0, 578.0, -69.0, 150, 150, 150
L 154.0, 628.0, -69.0, 154.0, 602.0, -69.0, 102, 0, 204
L 154.0, 602.0, -69.0, 154.0, 598.6, -67.2, 178, 102, 255
L 164.0, 602.0, -69.0, 168.0, 602.0, -69.0, 150, 150, 150
L 168.0, 602.0, -69.0, 168.0, 546.0, -61.0, 150, 150, 150
L 168.0, 546.0, -61.0, 180.0, 546.0, -65.0, 150, 150, 150
L 180.0, 546.0, -65.0, 180.0, 554.0, -64.0, 150, 150, 150
L 180.0, 554.0, -64.0, 183.0, 556.0, -68.0, 150, 150, 150
L 194.0, 556.0, -69.0, 183.0, 556.0, -68.0, 150, 150, 150
L 188.0, 584.0, -67.0, 185.0, 584.0, -69.0, 150, 150, 150
L 183.0, 584.0, -69.0, 180.0, 587.0, -69.0, 150, 150, 150
L 180.0, 587.0, -69.0, 180.0, 602.0, -69.0, 150, 150, 150
L 180.0, 602.0, -69.0, 184.0, 602.0, -69.0, 150, 150, 150
L 184.0, 602.0, -69.0, 185.0, 584.0, -69.0, 150, 150, 150
L 192.0, 578.0, -69.0, 188.0, 584.0, -67.0, 150, 150, 150
L 194.0, 589.0, -69.0, 192.0, 578.0, -69.0, 150, 150, 150
L 184.0, 542.0, -41.0, 184.0, 554.0, -44.0, 150, 150, 150
L 184.0, 554.0, -46.0, 184.0, 554.0, -44.0, 150, 150, 150
L 194.0, 542.9, -42.0, 194.0, 553.0, -45.0, 178, 102, 255
L 194.0, 553.0, -45.0, 187.0, 553.0, -45.0, 150, 150, 150
L 187.0, 553.0, -45.0, 186.0, 554.0, -46.0, 150, 150, 150
L 186.0, 554.0, -46.0, 184.0, 554.0, -46.0, 150, 150, 150
L 69.1, 406.1, -42.0, 55.0, 392.0, -41.0, 178, 102, 255
L 55.0, 392.0, -41.0, 55.0, 390.3, -39.9, 178, 102, 255
L 55.0, 384.0, -36.0, 53.0, 384.0, -33.0, 178, 102, 255
L 53.0, 384.0, -33.0, 48.0, 382.0, -37.0, 178, 102, 255
L 48.0, 382.0, -37.0, 42.0, 379.0, -32.0, 178, 102, 255
L 42.0, 379.0, -32.0, 36.0, 378.0, -30.0, 178, 102, 255
L 36.0, 378.0, -30.0, 30.0, 380.0, -29.0, 178, 102, 255
L 30.0, 380.0, -29.0, 29.0, 382.0, -31.0, 178, 102, 255
L 29.0, 382.0, -31.0, 28.3, 389.4, -37.7, 178, 102, 255
L 28.0, 392.0, -40.0, 14.9, 405.1, -42.0, 178, 102, 255
L -55.1, 408.0, -41.0, -58.9, 408.0, -41.0, 178, 102, 255
L 14.9, 447.8, -41.0, 28.0, 460.0, -41.0, 178, 102, 255
L 28.0, 460.0, -41.0, 55.0, 460.0, -41.0, 178, 102, 255
L 55.0, 460.0, -41.0, 65.0, 450.7, -41.0, 178, 102, 255
L 181.0, 652.0, -70.0, 191.0, 662.0, -70.0, 102, 0, 204
L 191.0, 662.0, -70.0, 191.0, 683.0, -70.0, 102, 0, 204
L 191.0, 683.0, -70.0, 162.0, 692.0, -70.0, 102, 0, 204
L 162.0, 692.0, -70.0, 142.0, 683.0, -70.0, 102, 0, 204
L 142.0, 683.0, -70.0, 142.0, 669.0, -69.0, 102, 0, 204
L 142.0, 669.0, -69.0, 140.0, 659.0, -69.0, 102, 0, 204
L 140.0, 659.0, -69.0, 140.0, 656.9, -70.0, 102, 0, 204
L 145.0, 630.0, -69.0, 155.0, 644.0, -69.0, 102, 0, 204
L 155.0, 644.0, -69.0, 162.0, 644.0, -70.0, 102, 0, 204
L 162.0, 644.0, -70.0, 168.0, 640.0, -69.0, 102, 0, 204
L 121.0, 593.0, -70.0, 98.0, 615.0, -70.0, 102, 0, 204
L 98.0, 615.0, -70.0, 98.0, 610.0, -70.0, 102, 0, 204
L 121.0, 593.0, -70.0, 111.0, 574.0, -69.0, 102, 0, 204
L 111.0, 574.0, -69.0, 111.0, 517.0, -69.0, 102, 0, 204
L 95.0, 610.0, -69.0, 98.0, 610.0, -70.0, 102, 0, 204
L 111.0, 517.0, -69.0, 139.0, 489.0, -67.0, 102, 0, 204
L 139.0, 489.0, -67.0, 139.0, 461.0, -68.0, 102, 0, 204
L 139.0, 461.0, -68.0, 153.0, 447.0, -71.0, 102, 0, 204
L 153.0, 447.0, -71.0, 167.0, 419.0, -75.0, 102, 0, 204
L 167.0, 419.0, -75.0, 167.0, 406.0, -76.0, 102, 0, 204
L 167.0, 406.0, -76.0, 139.0, 350.0, -86.0, 102, 0, 204
L 139.0, 350.0, -86.0, 111.0, 336.0, -86.0, 102, 0, 204
L 111.0, 336.0, -86.0, 84.0, 350.0, -83.0, 102, 0, 204
L 84.0, 350.0, -83.0, 84.0, 377.0, -80.0, 102, 0, 204
L 84.0, 377.0, -80.0, 111.0, 390.0, -80.0, 102, 0, 204
L 111.0, 390.0, -80.0, 125.0, 376.0, -82.0, 102, 0, 204
L 125.0, 376.0, -82.0, 140.0, 391.0, -79.0, 102, 0, 204
L 140.0, 391.0, -79.0, 140.0, 406.0, -76.0, 102, 0, 204
L 140.0, 406.0, -76.0, 126.0, 434.0, -72.0, 102, 0, 204
L 126.0, 434.0, -72.0, 126.0, 449.0, -71.0, 102, 0, 204
L 126.0, 449.0, -71.0, 97.0, 434.0, -64.0, 102, 0, 204
L 96.3, 434.4, -64.0, 70.0, 448.0, -69.0, 102, 0, 204
L 70.0, 448.0, -69.0, 55.0, 448.0, -69.0, 102, 0, 204
L 55.0, 448.0, -69.0, 41.0, 420.0, -70.0, 102, 0, 204
L 41.0, 420.0, -70.0, 26.0, 405.0, -68.0, 102, 0, 204
L 26.0, 405.0, -68.0, 13.0, 378.0, -69.0, 102, 0, 204
L 13.0, 378.0, -70.0, -14.0, 364.0, -70.0, 102, 0, 204
L -14.0, 364.0, -70.0, -56.0, 364.0, -69.0, 102, 0, 204
L -56.0, 364.0, -69.0, -70.0, 350.0, -69.0, 102, 0, 204
L -70.0, 350.0, -69.0, -97.0, 350.0, -69.0, 102, 0, 204
L -97.0, 350.0, -69.0, -111.0, 364.0, -69.0, 102, 0, 204
L -111.0, 364.0, -69.0, -111.0, 391.0, -69.0, 102, 0, 204
L -111.0, 391.0, -69.0, -97.0, 404.0, -69.0, 102, 0, 204
L -97.0, 404.0, -69.0, -70.0, 404.0, -69.0, 102, 0, 204
L -70.0, 404.0, -69.0, -57.7, 392.3, -69.0, 102, 0, 204
L -34.2, 394.0, -69.0, -13.0, 404.0, -68.0, 102, 0, 204
L -13.0, 404.0, -68.0, 14.0, 433.0, -69.0, 102, 0, 204
L 14.0, 433.0, -69.0, 14.0, 462.0, -69.0, 102, 0, 204
L 14.0, 462.0, -69.0, 0.0, 462.0, -76.0, 102, 0, 204
L 0.0, 462.0, -76.0, -14.0, 447.0, -77.0, 102, 0, 204
L -14.0, 447.0, -77.0, -14.0, 434.0, -77.0, 102, 0, 204
L -14.0, 434.0, -77.0, -28.0, 420.0, -77.0, 102, 0, 204
L -28.0, 420.0, -77.0, -55.0, 420.0, -77.0, 102, 0, 204
L -55.0, 420.0, -77.0, -55.0, 447.0, -77.0, 102, 0, 204
L -55.0, 447.0, -77.0, -42.0, 459.0, -77.0, 102, 0, 204
L -43.0, 478.0, -77.0, -56.0, 491.0, -82.0, 102, 0, 204
L -43.0, 478.0, -77.0, -36.0, 482.0, -78.0, 102, 0, 204
L -36.0, 482.0, -78.0, -26.0, 475.0, -75.0, 102, 0, 204
L -26.0, 475.0, -75.0, -19.0, 461.0, -77.0, 102, 0, 204
L -19.0, 461.0, -77.0, -26.0, 450.0, -78.0, 102, 0, 204
L -26.0, 450.0, -78.0, -40.0, 456.0, -77.0, 102, 0, 204
L -40.0, 456.0, -77.0, -42.0, 459.0, -77.0, 102, 0, 204
L -56.0, 491.0, -82.0, -70.0, 462.0, -83.0, 102, 0, 204
L -70.0, 462.0, -83.0, -97.0, 448.0, -83.0, 102, 0, 204
L -97.0, 448.0, -83.0, -111.0, 462.0, -81.0, 102, 0, 204
L -111.0, 462.0, -81.0, -111.0, 489.0, -75.0, 102, 0, 204
L -111.0, 489.0, -75.0, -69.0, 502.0, -79.0, 102, 0, 204
L -69.0, 502.0, -79.0, -42.0, 502.0, -78.0, 102, 0, 204
L -42.0, 502.0, -78.0, -29.0, 489.0, -78.0, 102, 0, 204
L -29.0, 489.0, -78.0, 0.0, 475.0, -74.0, 102, 0, 204
L 0.0, 475.0, -74.0, 13.0, 474.0, -69.0, 102, 0, 204
L 13.0, 474.0, -69.0, 42.0, 502.0, -69.0, 102, 0, 204
L 42.0, 502.0, -69.0, 84.0, 517.0, -70.0, 102, 0, 204
L 127.9, 672.6, -69.5, 126.0, 681.0, -60.0, 102, 0, 204
L 126.0, 681.0, -60.0, 130.0, 694.0, -60.0, 102, 0, 204
L 130.0, 694.0, -60.0, 139.0, 696.0, -60.0, 102, 0, 204
L 139.0, 696.0, -60.0, 139.0, 700.0, -63.0, 102, 0, 204
L 139.0, 700.0, -63.0, 142.0, 700.0, -62.0, 102, 0, 204
L 142.0, 697.0, -60.0, 142.0, 700.0, -62.0, 102, 0, 204
L 142.0, 697.0, -60.0, 148.0, 700.0, -61.0, 102, 0, 204
L 148.0, 700.0, -61.0, 150.0, 712.0, -71.0, 102, 0, 204
L 150.0, 712.0, -71.0, 154.0, 712.0, -71.0, 102, 0, 204
L 154.0, 712.0, -71.0, 156.0, 723.0, -71.0, 102, 0, 204
L 156.0, 723.0, -71.0, 154.2, 729.0, -70.6, 102, 0, 204
L 151.0, 740.0, -70.0, 157.0, 756.0, -70.0, 102, 0, 204
L 157.0, 756.0, -70.0, 173.0, 766.0, -70.0, 102, 0, 204
L 173.0, 766.0, -70.0, 173.0, 783.0, -71.0, 102, 0, 204
L 173.0, 783.0, -71.0, 155.0, 802.0, -72.0, 102, 0, 204
L 155.0, 802.0, -72.0, 131.0, 786.0, -71.0, 102, 0, 204
L 131.0, 786.0, -71.0, 118.0, 784.0, -70.0, 102, 0, 204
L 118.0, 784.0, -70.0, 113.0, 780.0, -71.0, 102, 0, 204
L 113.0, 780.0, -71.0, 91.0, 780.0, -71.0, 102, 0, 204
L 91.0, 780.0, -71.0, 91.0, 784.0, -69.0, 102, 0, 204
L 91.0, 784.0, -69.0, 111.0, 784.0, -69.0, 102, 0, 204
L 111.0, 784.0, -69.0, 139.0, 812.0, -69.0, 102, 0, 204
L 182.8, 798.0, -69.0, 237.0, 798.0, -69.0, 102, 0, 204
L 237.0, 798.0, -69.0, 237.0, 873.4, -69.0, 102, 0, 204
L 237.0, 894.0, -69.0, 209.0, 894.0, -69.0, 102, 0, 204
L 209.0, 894.0, -69.0, 209.0, 909.0, -71.0, 102, 0, 204
L 209.0, 909.0, -71.0, 223.0, 937.0, -70.0, 102, 0, 204
L 223.0, 937.0, -70.0, 222.0, 965.0, -71.0, 102, 0, 204
L 222.0, 965.0, -71.0, 209.0, 992.0, -71.0, 102, 0, 204
L 209.0, 992.0, -71.0, 198.8, 997.1, -69.9, 102, 0, 204
L 181.0, 1006.0, -68.0, 178.0, 1004.8, -68.0, 102, 0, 204
L 70.0, 908.0, -69.0, 42.0, 908.0, -69.0, 102, 0, 204
L 42.0, 908.0, -69.0, 14.0, 881.0, -69.0, 102, 0, 204
L 14.0, 881.0, -69.0, 14.0, 852.8, -69.0, 102, 0, 204
L -81.1, 835.4, -70.0, -87.0, 836.0, -69.0, 102, 0, 204
L -87.0, 836.0, -69.0, -87.0, 838.0, -69.0, 102, 0, 204
L -87.0, 838.0, -69.0, -98.0, 838.0, -69.0, 102, 0, 204
L -98.0, 838.0, -69.0, -98.0, 867.0, -69.0, 102, 0, 204
L -98.0, 867.0, -69.0, -126.0, 894.0, -69.0, 102, 0, 204
L -126.0, 894.0, -69.0, -153.0, 880.0, -69.0, 102, 0, 204
L -153.0, 880.0, -69.0, -180.0, 853.0, -69.0, 102, 0, 204
L -180.0, 853.0, -69.0, -174.4, 841.7, -68.6, 102, 0, 204
L -166.0, 825.0, -68.0, -139.0, 798.0, -69.0, 102, 0, 204
L -139.0, 798.0, -69.0, -126.0, 798.0, -69.0, 102, 0, 204
L -126.0, 798.0, -69.0, -98.0, 812.0, -66.0, 102, 0, 204
L -98.0, 812.0, -66.0, -98.0, 826.0, -69.0, 102, 0, 204
L -98.0, 826.0, -69.0, -87.0, 826.0, -69.0, 102, 0, 204
L -87.0, 828.0, -69.0, -81.1, 827.7, -70.0, 102, 0, 204
L -87.0, 826.0, -69.0, -87.0, 828.0, -69.0, 102, 0, 204
L 14.0, 840.5, -69.0, 14.0, 835.2, -69.0, 102, 0, 204
L 14.0, 812.0, -69.0, 42.0, 784.0, -69.0, 102, 0, 204
L 42.0, 784.0, -69.0, 70.9, 784.0, -69.0, 102, 0, 204
L 111.0, 908.0, -69.0, 83.0, 908.0, -69.0, 102, 0, 204
L 182.8, 894.0, -69.0, 192.5, 894.0, -69.0, 102, 0, 204
L 196.0, 894.0, -69.0, 196.0, 937.0, -71.0, 102, 0, 204
L 196.0, 937.0, -71.0, 211.0, 951.0, -70.0, 102, 0, 204
L 211.0, 951.0, -70.0, 195.0, 966.0, -71.0, 102, 0, 204
L 195.0, 966.0, -71.0, 181.0, 952.0, -70.0, 102, 0, 204
L 181.0, 952.0, -70.0, 179.1, 952.0, -70.0, 102, 0, 204
L 140.0, 952.0, -70.0, 126.0, 966.0, -69.0, 102, 0, 204
L 125.0, 62.0, 0.0, 112.0, 62.0, 0.0, 0, 0, 0
L 112.0, 71.0, 0.0, 112.0, 62.0, 0.0, 0, 0, 0
L 194.0, 578.0, -69.0, 194.0, 589.0, -69.0, 178, 102, 255
L 185.0, 584.0, -69.0, 183.0, 584.0, -69.0, 150, 150, 150
L 194.0, 589.0, -69.0, 194.0, 628.0, -69.0, 102, 0, 204
L 181.3, 632.8, -69.0, 181.0, 652.0, -70.0, 102, 0, 204
L 95.0, 630.0, -69.0, 95.0, 627.0, -69.0, 102, 0, 204
L 84.0, 630.0, -69.0, 84.0, 627.0, -69.0, 102, 0, 204
L 95.0, 627.0, -69.0, 95.0, 610.0, -69.0, 102, 0, 204
L 84.0, 627.0, -69.0, 84.0, 517.0, -69.0, 102, 0, 204
L 95.0, 630.0, -69.0, 145.0, 630.0, -69.0, 102, 0, 204
L -40.0, 71.0, 0.0, -40.0, 63.0, 0.0, 0, 0, 0
L -28.0, 71.0, 0.0, -28.0, 63.0, 0.0, 0, 0, 0
L 164.0, 602.0, -69.0, 154.0, 602.0, -69.0, 150, 150, 150
L 164.0, 548.0, -41.0, 164.0, 551.4, -42.8, 150, 150, 150
L 154.0, 575.0, -55.0, 154.0, 571.6, -53.2, 178, 102, 255
L 164.0, 575.0, -55.0, 164.0, 578.4, -56.8, 150, 150, 150
L 154.0, 575.0, -55.0, 164.0, 575.0, -55.0, 150, 150, 150
L 154.0, 561.5, -48.0, 154.0, 558.1, -46.2, 178, 102, 255
L 164.0, 561.5, -48.0, 164.0, 564.9, -49.8, 150, 150, 150
L 154.0, 561.5, -48.0, 164.0, 561.5, -48.0, 150, 150, 150
L 154.0, 554.8, -44.5, 154.0, 551.4, -42.8, 178, 102, 255
L 164.0, 554.8, -44.5, 164.0, 558.1, -46.2, 150, 150, 150
L 154.0, 554.8, -44.5, 164.0, 554.8, -44.5, 150, 150, 150
L 154.0, 568.2, -51.5, 154.0, 564.9, -49.8, 178, 102, 255
L 164.0, 568.2, -51.5, 164.0, 571.6, -53.2, 150, 150, 150
L 154.0, 568.2, -51.5, 164.0, 568.2, -51.5, 150, 150, 150
L 154.0, 588.5, -62.0, 154.0, 585.1, -60.2, 178, 102, 255
L 164.0, 588.5, -62.0, 164.0, 591.9, -63.8, 150, 150, 150
L 154.0, 588.5, -62.0, 164.0, 588.5, -62.0, 150, 150, 150
L 154.0, 581.8, -58.5, 154.0, 578.4, -56.8, 178, 102, 255
L 164.0, 581.8, -58.5, 164.0, 585.1, -60.2, 150, 150, 150
L 154.0, 581.8, -58.5, 164.0, 581.8, -58.5, 150, 150, 150
L 154.0, 595.2, -65.5, 154.0, 591.9, -63.8, 178, 102, 255
L 164.0, 595.2, -65.5, 164.0, 598.6, -67.2, 150, 150, 150
L 154.0, 595.2, -65.5, 164.0, 595.2, -65.5, 150, 150, 150
L 154.0, 598.6, -67.2, 154.0, 595.2, -65.5, 178, 102, 255
L 164.0, 598.6, -67.2, 164.0, 602.0, -69.0, 150, 150, 150
L 154.0, 598.6, -67.2, 164.0, 598.6, -67.2, 150, 150, 150
L 154.0, 591.9, -63.8, 154.0, 588.5, -62.0, 178, 102, 255
L 164.0, 591.9, -63.8, 164.0, 595.2, -65.5, 150, 150, 150
L 154.0, 591.9, -63.8, 164.0, 591.9, -63.8, 150, 150, 150
L 154.0, 585.1, -60.2, 154.0, 581.8, -58.5, 178, 102, 255
L 164.0, 585.1, -60.2, 164.0, 588.5, -62.0, 150, 150, 150
L 154.0, 585.1, -60.2, 164.0, 585.1, -60.2, 150, 150, 150
L 154.0, 578.4, -56.8, 154.0, 575.0, -55.0, 178, 102, 255
L 164.0, 578.4, -56.8, 164.0, 581.8, -58.5, 150, 150, 150
L 154.0, 578.4, -56.8, 164.0, 578.4, -56.8, 150, 150, 150
L 154.0, 571.6, -53.2, 154.0, 568.2, -51.5, 178, 102, 255
L 164.0, 571.6, -53.2, 164.0, 575.0, -55.0, 150, 150, 150
L 154.0, 571.6, -53.2, 164.0, 571.6, -53.2, 150, 150, 150
L 154.0, 564.9, -49.8, 154.0, 561.5, -48.0, 178, 102, 255
L 164.0, 564.9, -49.8, 164.0, 568.2, -51.5, 150, 150, 150
L 154.0, 564.9, -49.8, 164.0, 564.9, -49.8, 150, 150, 150
L 154.0, 558.1, -46.2, 154.0, 554.8, -44.5, 178, 102, 255
L 164.0, 558.1, -46.2, 164.0, 561.5, -48.0, 150, 150, 150
L 154.0, 558.1, -46.2, 164.0, 558.1, -46.2, 150, 150, 150
L 154.0, 551.4, -42.8, 154.0, 548.0, -41.0, 178, 102, 255
L 164.0, 551.4, -42.8, 164.0, 554.8, -44.5, 150, 150, 150
L 154.0, 551.4, -42.8, 164.0, 551.4, -42.8, 150, 150, 150
L -80.0, 370.0, -69.0, -87.0, 370.0, -69.0, 255, 255, 0
L -90.0, 374.0, -69.0, -90.0, 381.0, -69.0, 255, 255, 0
L -80.0, 384.0, -69.0, -87.0, 384.0, -69.0, 255, 255, 0
L -77.0, 381.0, -69.0, -77.0, 374.0, -69.0, 255, 255, 0
L -77.0, 374.0, -13.0, -77.0, 381.0, -13.0, 255, 255, 0
L -80.0, 384.0, -13.0, -87.0, 384.0, -13.0, 255, 255, 0
L -90.0, 381.0, -13.0, -90.0, 374.0, -13.0, 255, 255, 0
L -87.0, 370.0, -13.0, -80.0, 370.0, -13.0, 255, 255, 0
L -77.0, 381.0, -69.0, -80.0, 384.0, -69.0, 255, 255, 0
L -87.0, 384.0, -69.0, -90.0, 381.0, -69.0, 255, 255, 0
L -90.0, 374.0, -69.0, -87.0, 370.0, -69.0, 255, 255, 0
L -80.0, 370.0, -69.0, -77.0, 374.0, -69.0, 255, 255, 0
L -77.0, 374.0, -69.0, -77.0, 374.0, -13.0, 255, 255, 0
L -80.0, 370.0, -13.0, -80.0, 370.0, -69.0, 255, 255, 0
L -87.0, 370.0, -13.0, -87.0, 370.0, -69.0, 255, 255, 0
L -90.0, 374.0, -13.0, -90.0, 374.0, -69.0, 255, 255, 0
L 80.8, 740.8, -64.5, 98.4, 740.9, -63.2, 102, 0, 204
L 98.4, 740.9, -63.2, 98.9, 742.8, -61.8, 102, 0, 204
L 98.9, 742.8, -61.8, 98.2, 744.6, -60.6, 102, 0, 204
L 98.2, 744.6, -60.6, 97.9, 744.6, -60.6, 102, 0, 204
L 97.9, 744.6, -60.6, 116.2, 740.8, -66.7, 102, 0, 204
L 116.2, 740.8, -66.7, 115.7, 750.8, -65.6, 102, 0, 204
L 115.7, 750.8, -65.6, 115.1, 752.7, -64.8, 102, 0, 204
L 115.1, 752.7, -64.8, 114.0, 753.9, -64.1, 102, 0, 204
L 114.0, 753.9, -64.1, 109.7, 759.1, -66.7, 102, 0, 204
L 109.7, 759.1, -66.7, 109.0, 760.7, -66.8, 102, 0, 204
L 109.0, 760.7, -66.8, 106.3, 767.4, -70.4, 102, 0, 204
L 105.5, 769.3, -71.4, 104.2, 770.7, -71.4, 102, 0, 204
L 104.2, 770.7, -71.4, 102.4, 771.0, -71.3, 102, 0, 204
L 102.4, 771.0, -71.3, 98.9, 771.6, -70.3, 102, 0, 204
L 91.8, 772.8, -68.4, 89.6, 772.3, -67.4, 102, 0, 204
L 89.6, 772.3, -67.4, 87.8, 773.0, -65.8, 102, 0, 204
L 87.8, 773.0, -65.8, 87.3, 774.8, -66.2, 102, 0, 204
L 87.3, 774.8, -66.2, 86.8, 776.8, -66.9, 102, 0, 204
L 86.8, 776.8, -66.9, 86.4, 778.7, -67.8, 102, 0, 204
L 86.4, 778.7, -67.8, 85.6, 780.4, -68.8, 102, 0, 204
L 85.6, 780.4, -68.8, 83.9, 779.6, -66.0, 102, 0, 204
L 83.9, 779.6, -66.0, 83.2, 778.1, -65.9, 102, 0, 204
L 83.2, 778.1, -65.9, 81.4, 774.6, -67.8, 102, 0, 204
L 79.6, 771.1, -69.6, 79.2, 769.3, -68.6, 102, 0, 204
L 79.2, 769.3, -68.6, 78.7, 767.2, -67.3, 102, 0, 204
L 78.7, 767.2, -67.3, 78.8, 765.3, -66.0, 102, 0, 204
L 78.8, 765.3, -66.0, 79.2, 750.2, -63.1, 102, 0, 204
L 79.2, 750.2, -63.1, 79.4, 748.2, -63.4, 102, 0, 204
L 79.4, 748.2, -63.4, 78.1, 746.8, -64.3, 102, 0, 204
L 78.1, 746.8, -64.3, 76.6, 745.7, -65.3, 102, 0, 204
L 76.6, 745.7, -65.3, 76.6, 743.9, -67.7, 102, 0, 204
L 76.6, 743.9, -67.7, 77.6, 742.5, -67.4, 102, 0, 204
L 77.6, 742.5, -67.4, 78.8, 741.0, -67.1, 102, 0, 204
L 78.8, 741.0, -67.1, 80.8, 740.8, -64.5, 102, 0, 204
L 194.0, 553.0, -45.0, 194.0, 556.0, -69.0, 178, 102, 255
L 95.0, 630.0, -69.0, 84.0, 630.0, -69.0, 255, 255, 0
L 95.0, 627.0, -69.0, 84.0, 627.0, -69.0, 255, 255, 0
L 33.8, 246.5, -14.0, 33.9, 241.8, -14.0, 0, 0, 0
L 33.9, 241.8, -14.0, 31.7, 235.9, -14.0, 0, 0, 0
L 31.7, 235.9, -14.0, 36.6, 234.7, -12.7, 0, 0, 0
L 36.6, 234.7, -12.7, 33.4, 232.7, -14.0, 0, 0, 0
L 33.4, 232.7, -14.0, 38.7, 223.9, -14.0, 0, 0, 0
L 38.7, 223.9, -14.0, 42.3, 223.2, -14.0, 0, 0, 0
L 42.3, 223.2, -14.0, 44.3, 225.2, -14.0, 0, 0, 0
L 44.3, 225.2, -14.0, 45.8, 230.2, -14.0, 0, 0, 0
L 45.8, 230.2, -14.0, 60.3, 227.8, -14.0, 0, 0, 0
L 60.3, 227.8, -14.0, 60.6, 239.9, -14.0, 0, 0, 0
L 60.6, 239.9, -14.0, 57.4, 244.7, -14.0, 0, 0, 0
L 57.4, 244.7, -14.0, 49.9, 244.6, -14.0, 0, 0, 0
L 49.9, 244.6, -14.0, 52.6, 246.5, -14.0, 0, 0, 0
L 52.6, 246.5, -14.0, 49.5, 259.1, -14.0, 0, 0, 0
L 49.5, 259.1, -14.0, 35.5, 262.5, -14.0, 0, 0, 0
L 35.5, 262.5, -14.0, 33.8, 255.5, -14.0, 0, 0, 0
L 14.0, 96.3, 0.0, 18.9, 97.8, 0.0, 150, 150, 150
L 18.9, 97.8, 0.0, 23.9, 92.7, 0.0, 150, 150, 150
L 23.9, 92.7, 0.0, 22.2, 83.6, 0.0, 150, 150, 150
L 22.2, 83.6, 0.0, 18.1, 79.7, 0.0, 150, 150, 150
L 18.1, 79.7, 0.0, 15.6, 82.0, 1.3, 150, 150, 150
L 15.6, 82.0, 1.3, 18.1, 85.1, 0.4, 150, 150, 150
L 18.1, 85.1, 0.4, 14.0, 89.3, 0.0, 150, 150, 150
L 86.8, 70.9, 0.0, 89.8, 77.9, 0.0, 150, 150, 150
L 89.8, 77.9, 0.0, 95.4, 80.3, 0.0, 150, 150, 150
L 95.4, 80.3, 0.0, 98.2, 83.1, 0.0, 150, 150, 150
L -97.1, 350.2, -14.0, -111.1, 364.2, -14.0, 0, 0, 0
L -111.1, 364.2, -14.0, -111.1, 391.5, -10.0, 0, 0, 0
L -111.1, 391.5, -10.0, -97.6, 405.0, -14.0, 0, 0, 0
L -97.6, 405.0, -14.0, -70.3, 404.9, -14.0, 0, 0, 0
L -70.3, 404.9, -14.0, -56.9, 391.5, -14.0, 0, 0, 0
L -56.9, 391.5, -14.0, -56.9, 364.2, -14.0, 0, 0, 0
L -56.9, 364.2, -14.0, -65.6, 355.5, -14.0, 0, 0, 0
L -70.9, 342.7, -14.0, -84.2, 347.1, -14.0, 0, 0, 0
L -84.2, 347.1, -14.0, -76.2, 360.6, -14.0, 0, 0, 0
L -76.2, 360.6, -14.0, -65.6, 355.5, -14.0, 0, 0, 0
L -66.1, 389.1, -14.0, -64.8, 382.0, -14.0, 0, 0, 0
L -64.8, 382.0, -14.0, -72.6, 381.0, -14.0, 0, 0, 0
L -72.6, 381.0, -14.0, -73.2, 390.2, -14.0, 0, 0, 0
L -73.2, 390.2, -14.0, -66.1, 389.1, -13.6, 0, 0, 0
L -81.5, 384.8, -14.0, -79.0, 389.7, -14.0, 150, 150, 150
L -79.0, 389.7, -14.0, -80.6, 396.8, -14.0, 150, 150, 150
L -80.6, 396.8, -14.0, -86.0, 398.0, -14.0, 150, 150, 150
L -86.0, 398.0, -14.0, -87.7, 395.8, -14.0, 150, 150, 150
L -87.7, 395.8, -14.0, -90.8, 394.8, -14.0, 150, 150, 150
L -90.8, 394.8, -14.0, -87.9, 384.1, -14.0, 150, 150, 150
L -105.3, 397.3, -12.5, -102.2, 397.7, -14.0, 150, 150, 150
L -102.2, 397.7, -14.0, -103.8, 384.7, -14.0, 150, 150, 150
L -103.8, 384.7, -14.0, -111.1, 385.7, -14.0, 150, 150, 150
L 151.0, 323.8, -14.0, 151.0, 335.0, -14.0, 0, 0, 0
L 151.0, 335.0, -14.0, 86.9, 335.0, -14.0, 0, 0, 0
L 181.0, 323.8, -14.0, 181.0, 351.5, -15.3, 0, 0, 0
L 181.0, 351.5, -15.7, 188.0, 347.3, -14.6, 0, 0, 0
L 154.8, 349.4, -14.0, 154.8, 323.8, -14.0, 0, 0, 0
L 248.5, 335.0, -14.0, 251.0, 335.0, -14.0, 0, 0, 0
L 184.8, 323.8, -14.0, 184.8, 335.0, -14.0, 0, 0, 0
L 184.8, 335.0, -14.0, 193.1, 335.0, -14.0, 0, 0, 0
L 198.0, 335.0, -14.0, 204.1, 326.9, -14.0, 150, 150, 150
L 204.1, 326.9, -14.0, 189.3, 318.4, -14.0, 150, 150, 150
L 189.3, 318.4, -14.0, 186.2, 328.4, -10.8, 150, 150, 150
L 186.2, 328.4, -10.8, 193.1, 335.0, -14.0, 150, 150, 150
L 146.9, 358.1, -42.0, 153.6, 358.7, -40.7, 178, 102, 255
L 153.6, 358.7, -40.7, 153.1, 371.6, -42.0, 178, 102, 255
L 153.1, 371.6, -42.0, 143.0, 370.2, -42.0, 178, 102, 255
L 143.0, 370.2, -42.0, 143.1, 362.0, -42.0, 178, 102, 255
L 143.1, 362.0, -42.0, 140.0, 365.1, -42.0, 178, 102, 255
L 195.9, 476.7, -42.0, 192.5, 483.2, -42.0, 150, 150, 150
L 192.5, 483.2, -42.0, 204.2, 486.5, -42.0, 150, 150, 150
L 204.2, 486.5, -42.0, 207.6, 483.2, -42.0, 150, 150, 150
L 207.6, 483.2, -42.0, 206.3, 476.7, -42.0, 150, 150, 150
L 237.0, 477.7, -42.0, 237.0, 544.9, -42.0, 178, 102, 255
L 237.0, 544.9, -42.0, 199.8, 544.9, -42.0, 178, 102, 255
L 199.8, 532.7, -42.0, 224.8, 532.7, -42.0, 178, 102, 255
L 224.8, 532.7, -42.0, 224.8, 502.9, -42.0, 178, 102, 255
L 224.8, 502.9, -42.0, 128.2, 502.9, -42.0, 178, 102, 255
L 128.2, 502.9, -42.0, 128.6, 500.9, -42.0, 178, 102, 255
L 128.6, 500.9, -42.0, 116.2, 495.5, -42.0, 178, 102, 255
L 116.2, 495.5, -42.0, 112.5, 491.6, -42.0, 178, 102, 255
L 112.5, 491.6, -42.0, 109.5, 492.0, -42.0, 178, 102, 255
L 109.5, 492.0, -42.0, 111.4, 502.9, -42.0, 178, 102, 255
L 111.4, 502.9, -42.0, 98.9, 502.9, -42.0, 178, 102, 255
L 98.9, 502.9, -42.0, 98.9, 465.7, -42.0, 178, 102, 255
L 111.1, 465.7, -42.0, 111.1, 476.0, -42.0, 178, 102, 255
L 222.0, 472.9, -42.0, 196.8, 472.9, -42.0, 178, 102, 255
L 196.8, 472.9, -42.0, 196.8, 420.7, -42.0, 178, 102, 255
L 196.8, 420.7, -42.0, 265.0, 420.7, -42.0, 178, 102, 255
L 265.0, 420.7, -42.0, 265.0, 472.9, -42.0, 178, 102, 255
L 265.0, 472.9, -42.0, 239.8, 472.9, -42.0, 178, 102, 255
L 181.0, 446.9, -42.0, 175.9, 451.3, -42.0, 150, 150, 150
L 175.9, 451.3, -42.0, 177.2, 455.4, -42.0, 150, 150, 150
L 177.2, 455.4, -42.0, 181.0, 456.2, -42.0, 150, 150, 150
L 181.0, 476.7, -42.0, 222.0, 476.7, -42.0, 178, 102, 255
L 181.0, 476.7, -42.0, 181.0, 404.0, -42.0, 178, 102, 255
L 154.0, 443.9, -41.0, 165.3, 439.1, -42.0, 150, 150, 150
L 165.3, 439.1, -42.0, 159.3, 419.8, -42.0, 150, 150, 150
L 159.3, 419.8, -42.0, 154.0, 420.6, -41.0, 150, 150, 150
L 96.1, 460.9, -42.0, 72.9, 460.9, -42.0, 178, 102, 255
L 72.9, 460.9, -42.0, 72.9, 435.7, -42.0, 178, 102, 255
L 72.9, 418.0, -42.0, 72.9, 401.2, -42.0, 178, 102, 255
L 72.9, 364.7, -42.0, 125.0, 364.7, -42.0, 178, 102, 255
L 125.0, 364.7, -42.0, 125.0, 437.0, -42.0, 178, 102, 255
L 125.0, 437.0, -42.0, 118.1, 434.5, -42.0, 178, 102, 255
L 118.1, 434.5, -42.0, 106.5, 450.5, -42.0, 178, 102, 255
L 106.5, 450.5, -42.0, 120.0, 459.2, -39.9, 178, 102, 255
L 120.0, 459.2, -39.9, 125.0, 456.9, -42.0, 178, 102, 255
L 125.0, 456.9, -42.0, 125.0, 460.9, -42.0, 178, 102, 255
L 125.0, 460.9, -42.0, 113.9, 460.9, -42.0, 178, 102, 255
L 72.9, 401.2, -42.0, 72.9, 384.4, -42.0, 178, 102, 255
L 72.9, 401.2, -42.0, 86.3, 411.3, -42.0, 150, 150, 150
L 86.3, 411.3, -42.0, 95.3, 397.3, -42.0, 150, 150, 150
L 95.3, 397.3, -42.0, 93.0, 390.6, -42.0, 150, 150, 150
L 93.0, 390.6, -42.0, 77.6, 381.5, -42.0, 150, 150, 150
L 72.9, 384.4, -42.0, 72.9, 364.7, -42.0, 178, 102, 255
L 77.6, 381.5, -42.0, 72.9, 384.4, -42.0, 150, 150, 150
L 69.1, 418.0, -42.0, 69.1, 406.1, -42.0, 178, 102, 255
L 14.9, 405.1, -42.0, 14.9, 418.0, -42.0, 178, 102, 255
L 65.0, 450.7, -42.0, 62.0, 451.2, -42.0, 178, 102, 255
L 62.0, 451.2, -42.0, 56.2, 448.1, -42.0, 178, 102, 255
L 56.2, 448.1, -42.0, 58.9, 432.3, -42.0, 178, 102, 255
L 58.9, 432.3, -42.0, 61.9, 430.2, -42.0, 178, 102, 255
L 61.9, 430.2, -42.0, 67.1, 432.6, -42.0, 178, 102, 255
L 11.1, 418.0, -42.0, 11.1, 364.7, -42.0, 178, 102, 255
L 11.1, 364.7, -42.0, -55.1, 364.7, -42.0, 178, 102, 255
L -55.1, 364.7, -42.0, -55.1, 396.1, -42.0, 178, 102, 255
L -55.1, 396.1, -42.0, -51.8, 395.1, -42.0, 178, 102, 255
L -51.8, 395.1, -42.0, -47.5, 395.8, -42.0, 178, 102, 255
L -47.5, 395.8, -42.0, -46.3, 406.9, -42.0, 178, 102, 255
L -46.3, 406.9, -42.0, -48.1, 407.9, -42.0, 178, 102, 255
L -48.1, 407.9, -42.0, -53.4, 408.4, -42.0, 178, 102, 255
L -53.4, 408.4, -42.0, -55.1, 407.5, -42.0, 178, 102, 255
L -55.1, 417.0, -42.0, -55.1, 460.9, -42.0, 178, 102, 255
L -55.1, 460.9, -42.0, -27.1, 460.9, -42.0, 178, 102, 255
L -14.9, 460.9, -42.0, 11.1, 460.9, -42.0, 178, 102, 255
L 11.1, 460.9, -42.0, 11.1, 435.7, -42.0, 178, 102, 255
L -7.0, 414.2, -42.0, -14.4, 417.2, -42.0, 178, 102, 255
L -14.4, 417.2, -42.0, -22.3, 435.0, -42.0, 178, 102, 255
L -22.3, 435.0, -42.0, -34.2, 425.7, -42.0, 178, 102, 255
L -34.2, 425.7, -42.0, -29.6, 418.3, -42.0, 178, 102, 255
L -29.6, 418.3, -42.0, -19.8, 406.1, -42.0, 178, 102, 255
L -19.8, 406.1, -42.0, -26.2, 401.8, -42.0, 178, 102, 255
L -26.2, 401.8, -42.0, -23.2, 391.1, -42.0, 178, 102, 255
L -23.2, 391.1, -42.0, -12.0, 395.8, -42.0, 178, 102, 255
L -12.0, 395.8, -42.0, -15.1, 404.2, -42.0, 178, 102, 255
L -15.1, 404.2, -42.0, -11.7, 403.2, -42.0, 178, 102, 255
L -11.7, 403.2, -42.0, -6.7, 408.2, -42.0, 178, 102, 255
L -6.7, 408.2, -42.0, -7.0, 414.2, -42.0, 178, 102, 255
L -58.9, 408.0, -42.0, -58.9, 392.7, -42.0, 178, 102, 255
L -58.9, 392.7, -42.0, -111.1, 392.7, -42.0, 178, 102, 255
L -111.1, 392.7, -42.0, -111.1, 460.9, -42.0, 178, 102, 255
L -111.1, 460.9, -42.0, -58.9, 460.9, -42.0, 178, 102, 255
L -58.9, 460.9, -42.0, -58.9, 431.1, -42.0, 178, 102, 255
L -58.9, 431.1, -42.0, -60.5, 432.1, -42.0, 178, 102, 255
L -60.5, 432.1, -42.0, -65.2, 432.2, -42.0, 178, 102, 255
L -65.2, 432.2, -42.0, -70.5, 420.8, -42.0, 178, 102, 255
L -70.5, 420.8, -42.0, -70.0, 418.3, -42.0, 178, 102, 255
L -70.0, 418.3, -42.0, -62.4, 417.6, -42.0, 178, 102, 255
L -62.4, 417.6, -42.0, -58.9, 420.3, -42.0, 178, 102, 255
L -58.9, 420.3, -42.0, -58.9, 417.0, -42.0, 178, 102, 255
L -58.9, 417.0, -42.0, -55.1, 417.0, -42.0, 178, 102, 255
L -55.1, 407.5, -42.0, -55.1, 408.0, -42.0, 178, 102, 255
L -27.1, 460.9, -42.0, -27.1, 560.7, -42.0, 178, 102, 255
L -14.9, 560.7, -42.0, -14.9, 460.9, -42.0, 178, 102, 255
L 10.1, 560.7, -42.0, -14.9, 560.7, -42.0, 178, 102, 255
L 10.1, 572.9, -42.0, -52.1, 572.9, -42.0, 178, 102, 255
L -52.1, 560.7, -42.0, -27.1, 560.7, -42.0, 178, 102, 255
L 10.1, 562.7, -42.0, 13.0, 562.7, -42.0, 178, 102, 255
L 10.1, 560.7, -42.0, 10.1, 562.7, -42.0, 178, 102, 255
L 15.9, 562.7, -42.0, 15.9, 557.9, -42.0, 178, 102, 255
L 14.9, 557.9, -42.0, 15.9, 557.9, -42.0, 178, 102, 255
L 14.9, 557.9, -42.0, 14.9, 532.7, -42.0, 178, 102, 255
L 69.1, 551.0, -42.0, 69.1, 600.9, -42.0, 178, 102, 255
L 69.1, 600.9, -42.0, 14.9, 600.9, -42.0, 178, 102, 255
L 14.9, 600.9, -42.0, 14.9, 575.7, -42.0, 178, 102, 255
L 36.1, 586.0, -42.0, 37.2, 580.1, -42.0, 178, 102, 255
L 37.2, 580.1, -42.0, 42.1, 581.2, -42.0, 178, 102, 255
L 42.1, 581.2, -42.0, 42.9, 586.2, -42.0, 178, 102, 255
L 42.9, 586.2, -42.0, 36.1, 586.0, -42.0, 178, 102, 255
L 48.8, 572.4, -42.0, 46.7, 568.2, -42.0, 178, 102, 255
L 46.7, 568.2, -42.0, 51.7, 564.8, -42.0, 178, 102, 255
L 51.7, 564.8, -42.0, 52.4, 566.5, -42.0, 178, 102, 255
L 52.4, 566.5, -42.0, 54.4, 570.5, -42.0, 178, 102, 255
L 54.4, 570.5, -42.0, 48.8, 572.4, -42.0, 178, 102, 255
L -56.9, 557.9, -42.0, -56.9, 532.7, -42.0, 178, 102, 255
L -56.9, 532.7, -42.0, -111.1, 532.7, -42.0, 178, 102, 255
L -111.1, 532.7, -42.0, -111.1, 552.4, -42.0, 178, 102, 255
L -111.1, 552.4, -42.0, -108.4, 549.3, -42.0, 178, 102, 255
L -108.4, 549.3, -42.0, -103.3, 549.3, -42.0, 178, 102, 255
L -103.3, 549.3, -42.0, -101.4, 552.4, -41.9, 178, 102, 255
L -101.4, 552.4, -41.9, -79.8, 552.8, -42.0, 178, 102, 255
L -79.8, 552.8, -42.0, -81.0, 558.3, -42.0, 178, 102, 255
L -81.0, 558.3, -42.0, -76.1, 561.9, -40.9, 178, 102, 255
L -76.1, 561.9, -40.9, -86.0, 576.0, -42.0, 178, 102, 255
L -86.0, 576.0, -42.0, -97.2, 566.8, -42.0, 178, 102, 255
L -97.2, 566.8, -42.0, -89.5, 559.8, -38.5, 178, 102, 255
L -89.5, 559.8, -38.5, -97.6, 558.8, -39.3, 178, 102, 255
L -97.6, 558.8, -39.3, -96.8, 561.4, -42.0, 178, 102, 255
L -96.8, 561.4, -42.0, -97.7, 563.9, -42.0, 178, 102, 255
L -97.7, 563.9, -42.0, -100.3, 565.5, -42.0, 178, 102, 255
L -100.3, 565.5, -42.0, -105.3, 565.0, -42.0, 178, 102, 255
L -105.3, 565.0, -42.0, -108.3, 564.5, -42.0, 178, 102, 255
L -111.1, 575.7, -42.0, -111.1, 600.9, -42.0, 178, 102, 255
L -111.1, 600.9, -42.0, -56.9, 600.9, -42.0, 178, 102, 255
L -56.9, 600.9, -42.0, -56.9, 575.7, -42.0, 178, 102, 255
L -152.0, 560.7, -42.0, -116.9, 560.7, -42.0, 178, 102, 255
L -167.0, 572.9, -42.0, -167.0, 561.7, -42.0, 178, 102, 255
L -169.8, 556.9, -42.0, -195.0, 556.9, -42.0, 178, 102, 255
L -195.0, 556.9, -42.0, -195.0, 504.7, -42.0, 178, 102, 255
L -195.0, 504.7, -42.0, -126.8, 504.7, -42.0, 178, 102, 255
L -126.8, 504.7, -42.0, -126.8, 556.9, -42.0, 178, 102, 255
L -126.8, 556.9, -42.0, -152.0, 556.9, -42.0, 178, 102, 255
L -189.9, 536.7, -42.0, -179.1, 530.7, -42.0, 178, 102, 255
L -179.1, 530.7, -42.0, -180.0, 528.9, -42.0, 178, 102, 255
L -180.0, 528.9, -42.0, -169.9, 534.0, -42.0, 178, 102, 255
L -169.9, 534.0, -42.0, -159.1, 515.2, -42.0, 178, 102, 255
L -159.1, 515.2, -42.0, -173.6, 508.7, -42.0, 178, 102, 255
L -173.6, 508.7, -42.0, -183.4, 522.6, -42.0, 178, 102, 255
L -183.4, 522.6, -42.0, -184.7, 521.8, -42.0, 178, 102, 255
L -184.7, 521.8, -42.0, -194.2, 526.9, -42.0, 178, 102, 255
L -194.2, 526.9, -42.0, -189.9, 536.7, -42.0, 178, 102, 255
L 26.1, 600.9, -70.0, 14.9, 600.9, -70.0, 102, 0, 204
L 14.9, 600.9, -70.0, 14.9, 532.7, -70.0, 102, 0, 204
L 14.9, 532.7, -70.0, 24.2, 532.7, -70.0, 102, 0, 204
L 28.6, 569.6, -67.9, 25.7, 571.8, -70.0, 150, 150, 150
L 28.9, 630.6, -70.0, 14.9, 630.6, -70.0, 102, 0, 204
L 28.9, 630.6, -70.0, 28.9, 605.6, -70.0, 102, 0, 204
L 28.6, 569.6, -67.9, 17.2, 537.5, -70.0, 150, 150, 150
L 17.2, 537.5, -70.0, 24.2, 532.7, -70.0, 150, 150, 150
L 83.1, 667.8, -70.0, 83.1, 656.9, -70.0, 102, 0, 204
L 83.1, 656.9, -70.0, 140.0, 656.9, -70.0, 102, 0, 204
L 70.9, 667.8, -70.0, 70.9, 656.9, -70.0, 102, 0, 204
L 14.9, 656.9, -70.0, 14.9, 630.6, -69.4, 102, 0, 204
L 70.9, 656.9, -70.0, 14.9, 656.9, -70.0, 102, 0, 204
L 68.1, 672.6, -70.0, 28.9, 672.6, -70.0, 102, 0, 204
L 28.9, 740.8, -70.0, 68.1, 740.8, -70.0, 102, 0, 204
L 70.9, 745.6, -70.0, 70.9, 784.0, -69.0, 102, 0, 204
L 85.9, 672.6, -70.0, 127.9, 672.6, -69.5, 102, 0, 204
L 117.5, 672.6, -69.5, 112.5, 690.7, -69.7, 150, 150, 150
L 112.5, 690.7, -69.7, 125.7, 705.8, -70.0, 150, 150, 150
L 125.7, 705.8, -70.0, 132.2, 708.1, -70.0, 150, 150, 150
L 156.0, 723.0, -71.0, 148.7, 719.3, -71.6, 150, 150, 150
L 148.7, 719.3, -71.6, 146.9, 725.7, -71.8, 150, 150, 150
L 146.9, 725.7, -71.8, 154.2, 729.0, -70.6, 150, 150, 150
L 14.0, 823.6, -69.0, 21.0, 820.1, -70.0, 150, 150, 150
L 21.0, 820.1, -70.0, 23.4, 823.5, -70.0, 150, 150, 150
L 23.4, 823.5, -70.0, 28.7, 823.4, -70.0, 150, 150, 150
L 28.7, 823.4, -70.0, 28.5, 836.7, -67.2, 150, 150, 150
L 14.0, 835.2, -69.0, 28.5, 836.7, -67.3, 150, 150, 150
L 14.0, 852.8, -70.0, -23.1, 852.8, -70.0, 102, 0, 204
L -28.9, 855.5, -70.0, -28.9, 855.6, -70.0, 102, 0, 204
L -28.9, 894.8, -70.0, -83.1, 894.8, -70.0, 102, 0, 204
L -83.1, 894.8, -70.0, -83.1, 851.1, -70.0, 102, 0, 204
L -83.1, 851.1, -70.0, -76.6, 855.9, -70.0, 150, 150, 150
L -76.6, 855.9, -70.0, -68.6, 843.7, -70.0, 150, 150, 150
L -68.6, 843.7, -70.0, -57.4, 837.9, -70.0, 150, 150, 150
L -57.4, 837.9, -70.0, -44.5, 830.7, -70.0, 150, 150, 150
L -44.5, 830.7, -70.0, -48.8, 821.0, -70.0, 150, 150, 150
L -48.8, 821.0, -70.0, -71.7, 839.5, -67.3, 150, 150, 150
L -71.7, 839.5, -67.3, -77.9, 835.6, -70.0, 150, 150, 150
L -83.1, 823.8, -70.0, -83.1, 798.6, -70.0, 102, 0, 204
L -83.1, 798.6, -70.0, -28.9, 798.6, -70.0, 102, 0, 204
L -28.9, 798.6, -70.0, -28.9, 837.8, -70.0, 102, 0, 204
L -42.1, 892.3, -70.0, -44.2, 887.7, -70.0, 150, 150, 150
L -44.2, 887.7, -70.0, -36.8, 879.6, -70.0, 150, 150, 150
L -36.8, 879.6, -70.0, -34.8, 879.7, -70.0, 150, 150, 150
L -34.8, 879.7, -70.0, -31.4, 883.3, -70.0, 150, 150, 150
L -31.4, 883.3, -70.0, -30.9, 888.9, -70.0, 150, 150, 150
L -30.9, 888.9, -70.0, -36.2, 894.0, -70.0, 150, 150, 150
L -36.2, 894.0, -70.0, -42.1, 892.3, -70.0, 150, 150, 150
L -145.7, 819.1, -70.0, -167.1, 827.1, -68.1, 150, 150, 150
L -145.7, 819.1, -70.0, -143.8, 828.4, -70.0, 150, 150, 150
L -143.8, 828.4, -70.0, -171.1, 835.2, -68.4, 150, 150, 150
L -172.1, 837.2, -68.4, -165.5, 841.5, -68.6, 150, 150, 150
L -165.5, 841.5, -68.6, -169.3, 846.2, -70.0, 150, 150, 150
L -169.3, 846.2, -70.0, -174.4, 841.7, -68.6, 150, 150, 150
L -98.9, 821.3, -67.0, -104.2, 827.9, -70.0, 150, 150, 150
L -104.2, 827.9, -70.0, -113.5, 820.4, -70.0, 150, 150, 150
L -113.5, 820.4, -70.0, -105.2, 809.1, -70.0, 150, 150, 150
L 108.2, 801.0, -70.0, 113.0, 811.8, -70.0, 102, 0, 204
L 113.0, 811.8, -70.0, 125.1, 806.4, -70.0, 102, 0, 204
L 125.1, 806.4, -70.0, 120.3, 797.1, -70.0, 102, 0, 204
L 120.3, 797.1, -70.0, 108.2, 801.0, -70.0, 102, 0, 204
L 92.5, 824.2, -70.0, 81.2, 822.0, -70.0, 102, 0, 204
L 81.2, 822.0, -70.0, 74.9, 847.2, -70.0, 102, 0, 204
L 74.9, 847.2, -70.0, 80.2, 848.4, -70.0, 102, 0, 204
L 80.2, 848.4, -70.0, 92.5, 824.2, -70.0, 102, 0, 204
L 81.4, 774.6, -67.8, 73.9, 768.0, -69.9, 150, 150, 150
L 73.9, 768.0, -69.9, 70.9, 750.9, -69.3, 150, 150, 150
L 70.9, 750.9, -69.3, 78.8, 736.8, -68.9, 150, 150, 150
L 78.8, 736.8, -68.9, 96.1, 732.5, -69.7, 150, 150, 150
L 96.1, 732.5, -69.7, 106.5, 733.9, -70.5, 150, 150, 150
L 147.0, 992.4, -68.5, 141.3, 978.5, -71.6, 150, 150, 150
L 141.3, 978.5, -71.6, 127.8, 984.7, -68.8, 150, 150, 150
L 184.3, 834.0, -68.6, 209.7, 813.0, -70.0, 150, 150, 150
L 209.7, 813.0, -70.0, 216.6, 824.2, -69.9, 150, 150, 150
L 216.6, 824.2, -69.9, 193.4, 836.7, -70.0, 150, 150, 150
L 193.4, 836.7, -70.0, 185.6, 840.6, -70.0, 150, 150, 150
L 185.6, 840.6, -70.0, 184.3, 834.0, -68.6, 150, 150, 150
L 182.8, 854.4, -70.0, 182.8, 886.4, -69.2, 102, 0, 204
L 182.8, 886.4, -69.2, 189.8, 885.7, -70.0, 150, 150, 150
L 189.8, 885.7, -70.0, 192.5, 894.0, -69.0, 150, 150, 150
L 14.0, 89.3, 0.0, 14.0, 96.3, 0.0, 0, 0, 0
L 14.0, 96.3, 0.0, 14.0, 140.0, 0.0, 0, 0, 0
L 179.0, 323.8, -14.0, 179.0, 319.8, -14.0, 0, 0, 0
L 186.8, 319.8, -14.0, 179.0, 319.8, -14.0, 0, 0, 0
L 184.8, 323.8, -14.0, 186.8, 323.8, -14.0, 0, 0, 0
L 186.8, 323.8, -14.0, 186.8, 319.8, -14.0, 0, 0, 0
L 179.0, 323.8, -14.0, 181.0, 323.8, -14.0, 0, 0, 0
L 152.9, 319.8, -14.0, 152.9, 316.5, -14.0, 205, 133, 63
L 152.9, 319.8, -14.0, 149.0, 319.8, -14.0, 0, 0, 0
L 154.8, 323.8, -14.0, 156.8, 323.8, -14.0, 0, 0, 0
L 149.0, 323.8, -14.0, 149.0, 319.8, -14.0, 0, 0, 0
L 152.9, 316.5, -14.0, 154.9, 316.5, -14.0, 205, 133, 63
L 156.8, 319.8, -14.0, 152.9, 319.8, -14.0, 0, 0, 0
L 151.0, 316.5, -14.0, 152.9, 316.5, -14.0, 205, 133, 63
L 149.0, 323.8, -14.0, 151.0, 323.8, -14.0, 0, 0, 0
L 156.8, 323.8, -14.0, 156.8, 319.8, -14.0, 0, 0, 0
L 69.0, 425.2, -42.0, 71.0, 425.2, -42.0, 205, 133, 63
L 72.9, 428.5, -42.0, 72.9, 425.2, -42.0, 205, 133, 63
L 71.0, 428.5, -42.0, 72.9, 428.5, -42.0, 205, 133, 63
L 71.0, 425.2, -42.0, 72.9, 425.2, -42.0, 205, 133, 63
L 72.9, 435.7, -42.0, 74.9, 435.7, -42.0, 178, 102, 255
L 67.1, 418.0, -42.0, 69.1, 418.0, -42.0, 178, 102, 255
L 69.0, 428.5, -42.0, 71.0, 428.5, -42.0, 205, 133, 63
L 71.0, 431.8, -42.0, 67.1, 431.8, -42.0, 178, 102, 255
L 72.9, 418.0, -42.0, 74.9, 418.0, -42.0, 178, 102, 255
L 74.9, 435.7, -42.0, 74.9, 431.8, -42.0, 178, 102, 255
L 71.0, 431.8, -42.0, 71.0, 428.5, -42.0, 205, 133, 63
L 74.9, 431.8, -42.0, 71.0, 431.8, -42.0, 178, 102, 255
L 74.9, 418.0, -42.0, 74.9, 421.9, -42.0, 178, 102, 255
L 71.0, 421.9, -42.0, 67.1, 421.9, -42.0, 178, 102, 255
L 69.0, 428.5, -42.0, 69.0, 425.2, -42.0, 205, 133, 63
L 74.9, 421.9, -42.0, 71.0, 421.9, -42.0, 178, 102, 255
L 71.0, 425.2, -42.0, 71.0, 421.9, -42.0, 205, 133, 63
L 67.1, 418.0, -42.0, 67.1, 421.9, -42.0, 178, 102, 255
L 67.1, 432.6, -42.0, 67.1, 431.8, -42.0, 178, 102, 255
L 14.9, 428.5, -42.0, 14.9, 425.2, -42.0, 205, 133, 63
L 13.0, 428.5, -42.0, 14.9, 428.5, -42.0, 205, 133, 63
L 11.1, 425.2, -42.0, 13.0, 425.2, -42.0, 205, 133, 63
L 13.0, 425.2, -42.0, 14.9, 425.2, -42.0, 205, 133, 63
L 9.1, 418.0, -42.0, 11.1, 418.0, -42.0, 178, 102, 255
L 9.1, 435.7, -42.0, 11.1, 435.7, -42.0, 178, 102, 255
L 11.1, 428.5, -42.0, 13.0, 428.5, -42.0, 205, 133, 63
L 13.0, 431.8, -42.0, 9.1, 431.8, -42.0, 178, 102, 255
L 14.9, 435.7, -42.0, 16.9, 435.7, -42.0, 178, 102, 255
L 11.1, 428.5, -42.0, 11.1, 425.2, -42.0, 205, 133, 63
L 13.0, 421.9, -42.0, 9.1, 421.9, -42.0, 178, 102, 255
L 16.9, 418.0, -42.0, 16.9, 421.9, -42.0, 178, 102, 255
L 9.1, 418.0, -42.0, 9.1, 421.9, -42.0, 178, 102, 255
L 9.1, 435.7, -42.0, 9.1, 431.8, -42.0, 178, 102, 255
L 13.0, 425.2, -42.0, 13.0, 421.9, -42.0, 205, 133, 63
L 16.9, 421.9, -42.0, 13.0, 421.9, -42.0, 178, 102, 255
L 16.9, 435.7, -42.0, 16.9, 431.8, -42.0, 178, 102, 255
L 16.9, 431.8, -42.0, 13.0, 431.8, -42.0, 178, 102, 255
L 13.0, 431.8, -42.0, 13.0, 428.5, -42.0, 205, 133, 63
L 14.9, 418.0, -42.0, 16.9, 418.0, -42.0, 178, 102, 255
L 14.9, 435.7, -42.0, 14.9, 447.8, -42.0, 178, 102, 255
L 55.0, 390.3, -39.9, 55.0, 388.5, -38.8, 178, 102, 255
L 28.1, 390.7, -38.8, 28.0, 392.0, -40.0, 178, 102, 255
L 55.0, 390.3, -39.9, 28.1, 390.7, -38.8, 150, 150, 150
L 28.3, 389.4, -37.7, 28.1, 390.7, -38.8, 178, 102, 255
L 55.0, 388.5, -38.8, 55.0, 386.7, -37.7, 178, 102, 255
L 28.3, 389.4, -37.7, 55.0, 388.5, -38.8, 150, 150, 150
L 55.0, 386.7, -37.7, 55.0, 384.0, -36.0, 178, 102, 255
L 55.0, 386.7, -37.7, 28.3, 386.7, -37.7, 150, 150, 150
L 193.1, 335.0, -14.0, 198.0, 335.0, -14.0, 0, 0, 0
L 198.0, 335.0, -14.0, 209.2, 335.0, -14.0, 0, 0, 0
L 154.0, 443.9, -41.0, 154.0, 476.0, -41.0, 178, 102, 255
L 154.0, 420.6, -41.0, 154.0, 443.9, -41.0, 178, 102, 255
L -111.1, 575.6, -42.0, -111.1, 575.7, -42.0, 178, 102, 255
L -110.3, 561.8, -42.0, -113.2, 561.8, -42.0, 178, 102, 255
L -111.1, 575.7, -42.0, -109.1, 575.7, -42.0, 178, 102, 255
L -109.1, 571.7, -42.0, -113.2, 571.7, -42.0, 178, 102, 255
L -109.1, 575.7, -42.0, -109.1, 571.7, -42.0, 178, 102, 255
L -116.9, 560.7, -42.0, -116.9, 561.8, -42.0, 178, 102, 255
L -116.9, 572.9, -42.0, -116.9, 571.7, -42.0, 178, 102, 255
L -167.0, 572.9, -42.0, -116.9, 572.9, -42.0, 178, 102, 255
L -108.3, 564.5, -42.0, -110.3, 561.8, -42.0, 178, 102, 255
L 0.0, 154.0, -6.5, 0.0, 157.2, -8.1, 0, 0, 0
L 83.0, 166.0, -13.0, 83.0, 163.0, -11.4, 0, 0, 0
L 83.0, 167.0, -13.0, 83.0, 166.0, -13.0, 0, 0, 0
L 69.0, 140.0, 0.0, 14.0, 140.0, 0.0, 150, 150, 150
L 83.0, 167.0, -13.0, 0.0, 167.0, -13.0, 150, 150, 150
L 14.0, 140.0, 0.0, 10.5, 143.5, -1.6, 0, 0, 0
L 83.0, 154.0, -6.5, 79.5, 150.5, -4.9, 0, 0, 0
L 83.0, 154.0, -6.5, 0.0, 154.0, -6.5, 150, 150, 150
L 83.0, 160.0, -9.8, 83.0, 157.0, -8.1, 0, 0, 0
L 0.0, 160.5, -9.8, 0.0, 163.7, -11.4, 0, 0, 0
L 83.0, 160.0, -9.8, 0.0, 160.5, -9.8, 150, 150, 150
L 76.0, 147.0, -3.2, 72.5, 143.5, -1.6, 0, 0, 0
L 7.0, 147.0, -3.2, 3.5, 150.5, -4.9, 0, 0, 0
L 76.0, 147.0, -3.2, 7.0, 147.0, -3.2, 150, 150, 150
L 72.5, 143.5, -1.6, 69.0, 140.0, 0.0, 0, 0, 0
L 10.5, 143.5, -1.6, 7.0, 147.0, -3.2, 0, 0, 0
L 72.5, 143.5, -1.6, 10.5, 143.5, -1.6, 150, 150, 150
L 79.5, 150.5, -4.9, 76.0, 147.0, -3.2, 0, 0, 0
L 3.5, 150.5, -4.9, 0.0, 154.0, -6.5, 0, 0, 0
L 79.5, 150.5, -4.9, 3.5, 150.5, -4.9, 150, 150, 150
L 83.0, 157.0, -8.1, 83.0, 154.0, -6.5, 0, 0, 0
L 0.0, 157.2, -8.1, 0.0, 160.5, -9.8, 0, 0, 0
L 83.0, 157.0, -8.1, 0.0, 157.2, -8.1, 150, 150, 150
L 83.0, 163.0, -11.4, 83.0, 160.0, -9.8, 0, 0, 0
L 0.0, 163.7, -11.4, 0.0, 167.0, -13.0, 0, 0, 0
L 83.0, 163.0, -11.4, 0.0, 163.7, -11.4, 150, 150, 150
L 151.5, 352.6, -14.0, 146.9, 358.1, -42.0, 178, 102, 255
L 202.0, 338.0, -14.0, 187.0, 351.0, -16.0, 0, 0, 0
L 229.0, 370.0, -39.0, 214.0, 385.0, -35.0, 150, 150, 150
L 235.0, 379.0, -32.0, 231.0, 390.0, -29.0, 150, 150, 150
L 241.0, 377.5, -28.5, 235.0, 379.0, -32.0, 150, 150, 150
L 241.0, 377.5, -28.5, 240.0, 386.0, -28.0, 150, 150, 150
L 247.0, 376.0, -25.0, 249.0, 388.0, -27.0, 150, 150, 150
L 253.0, 373.0, -23.5, 247.0, 376.0, -25.0, 150, 150, 150
L 253.0, 373.0, -23.5, 253.0, 381.0, -25.0, 150, 150, 150
L 259.0, 370.0, -22.0, 268.0, 377.0, -21.0, 150, 150, 150
L 263.0, 362.0, -21.0, 268.0, 369.0, -20.0, 150, 150, 150
L 273.0, 354.0, -27.0, 278.0, 355.0, -22.0, 150, 150, 150
L 269.0, 342.0, -26.0, 274.0, 341.0, -24.0, 150, 150, 150
L 268.0, 358.0, -24.0, 263.0, 362.0, -21.0, 150, 150, 150
L 268.0, 358.0, -24.0, 276.0, 365.0, -21.0, 150, 150, 150
L 256.0, 371.5, -22.8, 253.0, 373.0, -23.5, 150, 150, 150
L 256.0, 371.5, -22.8, 263.0, 380.0, -22.0, 150, 150, 150
L 271.0, 348.0, -26.5, 269.0, 342.0, -26.0, 150, 150, 150
L 276.0, 348.0, -23.0, 278.0, 355.0, -22.0, 0, 0, 0
L 271.0, 348.0, -26.5, 276.0, 348.0, -23.0, 150, 150, 150
L 259.0, 340.0, -26.0, 278.0, 329.0, -22.0, 150, 150, 150
L 259.0, 340.0, -26.0, 254.0, 338.0, -14.0, 150, 150, 150
L 259.0, 340.0, -26.0, 275.0, 322.0, -20.0, 150, 150, 150
L 232.0, 374.5, -35.5, 229.0, 370.0, -39.0, 150, 150, 150
L 222.5, 387.5, -32.0, 214.0, 385.0, -35.0, 0, 0, 0
L 232.0, 374.5, -35.5, 222.5, 387.5, -32.0, 150, 150, 150
L 69.0, 334.0, -14.0, 83.0, 321.0, -14.0, 0, 0, 0
L 55.0, 350.0, -14.0, 55.0, 343.0, -14.0, 0, 0, 0
L 46.0, 349.0, -14.0, 48.0, 348.0, -14.0, 0, 0, 0
L 28.0, 334.0, -14.0, 28.0, 347.0, -14.0, 0, 0, 0
L 48.0, 348.0, -14.0, 55.0, 350.0, -14.0, 0, 0, 0
L 39.0, 349.0, -14.0, 46.0, 349.0, -14.0, 0, 0, 0
L 55.0, 343.0, -14.0, 55.0, 334.0, -14.0, 0, 0, 0
L 28.0, 347.0, -14.0, 34.0, 352.0, -14.0, 0, 0, 0
L 55.0, 334.0, -14.0, 69.0, 334.0, -14.0, 0, 0, 0
L 34.0, 352.0, -14.0, 39.0, 349.0, -14.0, 0, 0, 0
L 2.9, 207.0, -14.0, 2.9, 212.8, -14.0, 0, 0, 0
L -2.9, 221.0, -14.0, -0.0, 221.0, -14.0, 0, 0, 0
L 2.9, 263.0, -14.0, 2.9, 268.8, -14.0, 0, 0, 0
L -2.9, 210.8, -14.0, -2.9, 212.8, -14.0, 0, 0, 0
L -2.9, 221.0, -14.0, -2.9, 223.0, -14.0, 0, 0, 0
L 2.9, 268.8, -14.0, -0.0, 268.8, -14.0, 0, 0, 0
L 0.0, 207.0, -14.0, 2.9, 207.0, -14.0, 0, 0, 0
L 0.0, 226.8, -14.0, 2.9, 226.8, -14.0, 0, 0, 0
L 2.9, 221.0, -14.0, 2.9, 226.8, -14.0, 0, 0, 0
L -2.9, 266.8, -14.0, -2.9, 268.8, -14.0, 0, 0, 0
L -2.9, 279.0, -14.0, -2.9, 277.0, -14.0, 0, 0, 0
L 0.0, 167.0, -13.0, 0.0, 207.0, -14.0, 0, 0, 0
L -183.8, 307.0, -14.0, -183.8, 306.0, -14.0, 0, 0, 0
L 0.0, 282.8, -14.0, 2.9, 282.8, -14.0, 0, 0, 0
L -170.8, 311.8, -14.0, -166.0, 311.8, -14.0, 0, 0, 0
L 2.9, 277.0, -14.0, 2.9, 282.8, -14.0, 0, 0, 0
L -166.0, 311.8, -14.0, -166.0, 310.8, -14.0, 0, 0, 0
L -183.8, 310.8, -14.0, -183.8, 311.8, -14.0, 0, 0, 0
L -179.0, 306.0, -14.0, -183.8, 306.0, -14.0, 0, 0, 0
L -170.8, 306.0, -14.0, -166.0, 306.0, -14.0, 0, 0, 0
L -56.4, 158.3, -14.0, -55.9, 162.8, -14.0, 150, 150, 150
L -179.0, 311.8, -14.0, -183.8, 311.8, -14.0, 0, 0, 0
L -166.0, 307.0, -14.0, -166.0, 306.0, -14.0, 0, 0, 0
L -2.9, 277.0, -14.0, -0.0, 277.0, -14.0, 0, 0, 0
L 0.0, 263.0, -14.0, 2.9, 263.0, -14.0, 0, 0, 0
L 0.0, 282.8, -14.0, 0.0, 321.0, -14.0, 0, 0, 0
L 0.0, 226.8, -14.0, 0.0, 263.0, -14.0, 0, 0, 0
L -1.4, 268.8, -14.0, -2.9, 268.8, -14.0, 0, 0, 0
L -102.9, 183.8, -14.0, -100.9, 183.8, -14.0, 0, 0, 0
L -102.9, 183.8, -14.0, -102.9, 179.9, -14.0, 0, 0, 0
L -72.9, 166.0, -14.0, -70.9, 166.0, -14.0, 0, 0, 0
L -124.2, 144.7, -14.0, -118.8, 149.9, -14.0, 0, 0, 0
L -111.4, 186.3, -14.0, -117.9, 183.2, -14.0, 150, 150, 150
L -95.1, 166.0, -14.0, -95.1, 170.0, -14.0, 0, 0, 0
L -113.3, 193.3, -14.0, -111.4, 186.3, -14.0, 150, 150, 150
L -117.9, 183.2, -14.0, -119.8, 190.5, -14.0, 150, 150, 150
L -100.9, 166.0, -14.0, -100.9, 126.8, -14.0, 0, 0, 0
L -109.9, 194.0, -14.0, -110.6, 190.4, -14.0, 150, 150, 150
L -97.1, 126.8, -14.0, -97.1, 166.0, -14.0, 0, 0, 0
L -101.0, 192.7, -14.0, -106.0, 196.3, -14.0, 150, 150, 150
L -97.1, 166.0, -14.0, -95.1, 166.0, -14.0, 0, 0, 0
L -97.1, 183.8, -14.0, -97.1, 223.0, -14.0, 0, 0, 0
L -102.9, 166.0, -14.0, -100.9, 166.0, -14.0, 0, 0, 0
L -110.6, 190.4, -14.0, -104.1, 184.7, -14.0, 150, 150, 150
L -119.8, 190.5, -14.0, -113.3, 193.3, -14.0, 150, 150, 150
L -106.0, 196.3, -14.0, -109.9, 194.0, -14.0, 150, 150, 150
L -104.1, 184.7, -14.0, -101.0, 192.7, -14.0, 150, 150, 150
L -100.9, 223.0, -14.0, -100.9, 183.8, -14.0, 0, 0, 0
L -131.5, 182.0, -14.0, -118.0, 167.3, -14.0, 0, 0, 0
L -118.0, 167.3, -14.0, -125.1, 158.0, -14.0, 0, 0, 0
L -102.9, 166.0, -14.0, -102.9, 170.0, -14.0, 0, 0, 0
L -95.1, 170.0, -14.0, -102.9, 170.0, -14.0, 0, 0, 0
L -95.1, 179.9, -14.0, -102.9, 179.9, -14.0, 0, 0, 0
L -95.1, 183.8, -14.0, -95.1, 179.9, -14.0, 0, 0, 0
L -97.1, 183.8, -14.0, -95.1, 183.8, -14.0, 0, 0, 0
L -69.0, 179.9, -14.0, -72.9, 179.9, -14.0, 0, 0, 0
L -69.0, 176.6, -14.0, -67.0, 176.6, -14.0, 205, 133, 63
L -69.0, 179.9, -14.0, -69.0, 176.6, -14.0, 205, 133, 63
L -67.0, 176.6, -14.0, -67.0, 173.3, -14.0, 205, 133, 63
L -67.1, 183.8, -14.0, -65.1, 183.8, -14.0, 0, 0, 0
L -69.0, 173.3, -14.0, -67.0, 173.3, -14.0, 205, 133, 63
L -69.0, 170.0, -14.0, -72.9, 170.0, -14.0, 0, 0, 0
L -69.0, 173.3, -14.0, -69.0, 170.0, -14.0, 205, 133, 63
L -65.1, 183.8, -14.0, -65.1, 179.9, -14.0, 0, 0, 0
L -102.9, 323.8, -14.0, -100.9, 323.8, -14.0, 0, 0, 0
L -70.9, 176.6, -14.0, -70.9, 173.3, -14.0, 205, 133, 63
L -72.9, 183.8, -14.0, -70.9, 183.8, -14.0, 0, 0, 0
L -65.1, 179.9, -14.0, -69.0, 179.9, -14.0, 0, 0, 0
L -65.1, 170.0, -14.0, -69.0, 170.0, -14.0, 0, 0, 0
L -70.9, 173.3, -14.0, -69.0, 173.3, -14.0, 205, 133, 63
L -72.9, 166.0, -14.0, -72.9, 170.0, -14.0, 0, 0, 0
L -67.1, 166.0, -14.0, -65.1, 166.0, -14.0, 0, 0, 0
L -65.1, 166.0, -14.0, -65.1, 170.0, -14.0, 0, 0, 0
L -72.9, 183.8, -14.0, -72.9, 179.9, -14.0, 0, 0, 0
L -70.9, 176.6, -14.0, -69.0, 176.6, -14.0, 205, 133, 63
L -65.1, 309.9, -14.0, -69.0, 309.9, -14.0, 0, 0, 0
L -65.1, 319.8, -14.0, -69.0, 319.8, -14.0, 0, 0, 0
L -97.1, 323.8, -14.0, -95.1, 323.8, -14.0, 0, 0, 0
L -102.9, 323.8, -14.0, -102.9, 319.8, -14.0, 0, 0, 0
L -99.0, 313.2, -14.0, -97.0, 313.2, -14.0, 205, 133, 63
L -99.0, 309.9, -14.0, -102.9, 309.9, -14.0, 0, 0, 0
L -99.0, 313.2, -14.0, -99.0, 309.9, -14.0, 205, 133, 63
L -67.1, 323.8, -14.0, -65.1, 323.8, -14.0, 0, 0, 0
L -100.9, 316.5, -14.0, -99.0, 316.5, -14.0, 205, 133, 63
L -72.9, 323.8, -14.0, -70.9, 323.8, -14.0, 0, 0, 0
L -95.1, 306.0, -14.0, -95.1, 309.9, -14.0, 0, 0, 0
L -67.0, 316.5, -14.0, -67.0, 313.2, -14.0, 205, 133, 63
L -70.9, 316.5, -14.0, -69.0, 316.5, -14.0, 205, 133, 63
L -72.9, 306.0, -14.0, -72.9, 309.9, -14.0, 0, 0, 0
L -69.0, 319.8, -14.0, -72.9, 319.8, -14.0, 0, 0, 0
L -69.0, 316.5, -14.0, -67.0, 316.5, -14.0, 205, 133, 63
L -69.0, 319.8, -14.0, -69.0, 316.5, -14.0, 205, 133, 63
L -97.1, 306.0, -14.0, -95.1, 306.0, -14.0, 0, 0, 0
L -99.0, 319.8, -14.0, -102.9, 319.8, -14.0, 0, 0, 0
L -99.0, 316.5, -14.0, -97.0, 316.5, -14.0, 205, 133, 63
L -99.0, 319.8, -14.0, -99.0, 316.5, -14.0, 205, 133, 63
L -65.1, 323.8, -14.0, -65.1, 319.8, -14.0, 0, 0, 0
L -102.9, 306.0, -14.0, -100.9, 306.0, -14.0, 0, 0, 0
L -118.8, 149.9, -14.0, -120.1, 154.0, -14.0, 0, 0, 0
L -95.1, 323.8, -14.0, -95.1, 319.8, -14.0, 0, 0, 0
L -70.9, 313.2, -14.0, -69.0, 313.2, -14.0, 205, 133, 63
L -69.0, 313.2, -14.0, -67.0, 313.2, -14.0, 205, 133, 63
L -69.0, 309.9, -14.0, -72.9, 309.9, -14.0, 0, 0, 0
L -69.0, 313.2, -14.0, -69.0, 309.9, -14.0, 205, 133, 63
L -67.1, 306.0, -14.0, -65.1, 306.0, -14.0, 0, 0, 0
L -95.1, 309.9, -14.0, -99.0, 309.9, -14.0, 0, 0, 0
L -72.9, 306.0, -14.0, -70.9, 306.0, -14.0, 0, 0, 0
L -95.1, 319.8, -14.0, -99.0, 319.8, -14.0, 0, 0, 0
L -65.1, 306.0, -14.0, -65.1, 309.9, -14.0, 0, 0, 0
L -70.9, 316.5, -14.0, -70.9, 313.2, -14.0, 205, 133, 63
L -72.9, 323.8, -14.0, -72.9, 319.8, -14.0, 0, 0, 0
L -102.9, 306.0, -14.0, -102.9, 309.9, -14.0, 0, 0, 0
L -100.9, 316.5, -14.0, -100.9, 313.2, -14.0, 205, 133, 63
L -100.9, 313.2, -14.0, -99.0, 313.2, -14.0, 205, 133, 63
L -97.0, 316.5, -14.0, -97.0, 313.2, -14.0, 205, 133, 63
L 14.0, 334.0, -14.0, 28.0, 334.0, -14.0, 0, 0, 0
L 0.0, 321.0, -14.0, 14.0, 334.0, -14.0, 0, 0, 0
L -2.9, 210.8, -14.0, -70.9, 210.8, -14.0, 0, 0, 0
L -167.0, 223.0, -14.0, -100.9, 223.0, -14.0, 0, 0, 0
L -97.1, 223.0, -14.0, -2.9, 223.0, -14.0, 0, 0, 0
L -67.1, 207.0, -14.0, -67.1, 183.8, -14.0, 0, 0, 0
L -97.1, 323.8, -14.0, -97.1, 350.2, -14.0, 0, 0, 0
L -39.5, 188.5, -14.0, -46.6, 189.9, -14.0, 150, 150, 150
L -140.2, 155.8, -14.0, -131.5, 182.0, -14.0, 0, 0, 0
L -29.7, 182.1, -14.0, -34.9, 178.2, -14.0, 150, 150, 150
L -125.1, 158.0, -14.0, -120.1, 154.0, -14.0, 0, 0, 0
L -67.1, 166.0, -14.0, -67.1, 163.7, -14.0, 0, 0, 0
L -167.0, 126.8, -14.0, -167.0, 223.0, -14.0, 0, 0, 0
L -133.5, 147.9, -14.0, -140.2, 155.8, -14.0, 0, 0, 0
L -100.9, 126.8, -14.0, -167.0, 126.8, -14.0, 0, 0, 0
L 33.8, 255.5, -14.0, 16.2, 245.7, -14.0, 0, 0, 0
L 22.2, 238.1, -14.0, 33.8, 246.5, -14.0, 0, 0, 0
L -70.9, 166.0, -14.0, -70.9, 126.8, -14.0, 0, 0, 0
L -46.6, 189.9, -14.0, -43.9, 196.2, -14.0, 150, 150, 150
L -132.0, 150.5, -14.0, -133.5, 147.9, -14.0, 0, 0, 0
L -21.0, 186.2, -14.0, -14.9, 191.6, -14.0, 150, 150, 150
L -34.9, 178.2, -14.0, -38.9, 185.4, -14.0, 150, 150, 150
L -43.9, 196.2, -14.0, -37.5, 196.0, -14.0, 150, 150, 150
L -70.9, 306.0, -14.0, -70.9, 279.0, -14.0, 0, 0, 0
L -70.9, 126.8, -14.0, -97.1, 126.8, -14.0, 0, 0, 0
L -2.9, 266.8, -14.0, -97.1, 266.8, -14.0, 0, 0, 0
L -26.9, 192.8, -14.0, -21.0, 186.2, -14.0, 150, 150, 150
L -20.7, 198.3, -14.0, -26.9, 192.8, -14.0, 150, 150, 150
L -14.9, 207.0, -14.0, -67.1, 207.0, -14.0, 0, 0, 0
L -97.1, 266.8, -14.0, -97.1, 306.0, -14.0, 0, 0, 0
L 16.2, 245.7, -14.0, 22.2, 238.1, -14.0, 0, 0, 0
L -37.5, 196.0, -14.0, -39.5, 188.5, -14.0, 150, 150, 150
L -67.1, 126.8, -14.0, -14.9, 126.8, -14.0, 0, 0, 0
L -70.9, 210.8, -14.0, -70.9, 183.8, -14.0, 0, 0, 0
L -124.2, 144.7, -14.0, -132.0, 150.5, -14.0, 0, 0, 0
L -70.9, 279.0, -14.0, -2.9, 279.0, -14.0, 0, 0, 0
L -61.4, 157.9, -14.0, -56.4, 158.3, -14.0, 150, 150, 150
L -56.4, 158.3, -14.0, -56.8, 153.5, -14.0, 150, 150, 150
L -70.9, 323.8, -14.0, -70.9, 342.7, -14.0, 0, 0, 0
L -67.1, 163.7, -14.0, -67.1, 157.5, -14.0, 0, 0, 0
L -67.1, 163.7, -14.0, -55.9, 162.8, -14.0, 150, 150, 150
L -55.9, 162.8, -14.0, -55.6, 165.9, -14.0, 150, 150, 150
L -88.9, 271.7, -14.0, -94.3, 275.2, -14.0, 0, 0, 0
L -195.0, 307.0, -14.0, -195.0, 266.8, -14.0, 0, 0, 0
L -153.0, 316.1, -14.0, -147.4, 315.6, -14.0, 0, 0, 0
L -67.1, 306.0, -14.0, -67.1, 282.8, -14.0, 0, 0, 0
L -38.9, 185.4, -14.0, -33.1, 189.5, -14.0, 150, 150, 150
L -67.1, 335.0, -14.0, -67.1, 323.8, -14.0, 0, 0, 0
L -179.0, 311.8, -14.0, -179.0, 306.0, -14.0, 0, 0, 0
L -143.5, 316.0, -14.0, -141.2, 313.9, -14.0, 0, 0, 0
L -148.5, 303.3, -14.0, -150.4, 302.1, -14.0, 0, 0, 0
L -100.9, 323.8, -14.0, -100.9, 335.0, -14.0, 0, 0, 0
L -140.5, 310.9, -14.0, -146.1, 301.9, -14.0, 0, 0, 0
L -163.9, 307.0, -14.0, -166.0, 307.0, -14.0, 0, 0, 0
L -48.8, 319.0, -14.0, -42.4, 307.2, -14.0, 150, 150, 150
L -67.1, 157.5, -14.0, -67.1, 126.8, -14.0, 0, 0, 0
L -67.1, 157.5, -14.0, -61.4, 157.9, -14.0, 150, 150, 150
L -52.3, 129.0, -14.0, -55.2, 136.7, -14.0, 150, 150, 150
L -51.3, 304.3, -14.0, -54.7, 310.2, -14.0, 150, 150, 150
L -33.1, 189.5, -14.0, -29.7, 182.1, -14.0, 150, 150, 150
L -195.0, 310.8, -14.0, -183.8, 310.8, -14.0, 0, 0, 0
L -195.0, 266.8, -14.0, -100.9, 266.8, -14.0, 0, 0, 0
L -141.2, 313.9, -14.0, -140.5, 310.9, -14.0, 0, 0, 0
L -146.1, 301.9, -14.0, -148.5, 303.3, -14.0, 0, 0, 0
L -147.4, 315.6, -14.0, -143.5, 316.0, -14.0, 0, 0, 0
L -14.9, 191.6, -14.0, -14.9, 207.0, -14.0, 0, 0, 0
L -2.9, 335.0, -14.0, -67.1, 335.0, -14.0, 0, 0, 0
L -170.8, 311.8, -14.0, -170.8, 306.0, -14.0, 0, 0, 0
L -183.8, 307.0, -14.0, -195.0, 307.0, -14.0, 0, 0, 0
L -150.4, 302.1, -14.0, -163.9, 307.0, -14.0, 0, 0, 0
L -91.1, 268.6, -14.0, -88.9, 271.7, -14.0, 0, 0, 0
L -195.0, 335.0, -14.0, -195.0, 310.8, -14.0, 0, 0, 0
L -100.9, 266.8, -14.0, -100.9, 306.0, -14.0, 0, 0, 0
L -42.4, 307.2, -14.0, -44.2, 304.4, -14.0, 150, 150, 150
L -159.9, 310.8, -14.0, -156.8, 315.6, -14.0, 0, 0, 0
L -156.8, 335.0, -14.0, -195.0, 335.0, -14.0, 0, 0, 0
L -63.7, 306.7, -14.0, -55.8, 308.2, -14.0, 0, 0, 0
L -54.7, 310.2, -14.0, -55.4, 314.1, -14.0, 150, 150, 150
L -94.3, 275.2, -14.0, -96.8, 269.8, -14.0, 0, 0, 0
L -156.8, 315.6, -14.0, -156.8, 335.0, -14.0, 0, 0, 0
L -153.0, 335.0, -14.0, -153.0, 316.1, -14.0, 0, 0, 0
L -55.8, 308.2, -14.0, -52.6, 299.3, -14.0, 0, 0, 0
L -55.4, 314.1, -14.0, -48.8, 319.0, -14.0, 150, 150, 150
L -67.1, 282.8, -14.0, -2.9, 282.8, -14.0, 0, 0, 0
L -96.8, 269.8, -14.0, -91.1, 268.6, -14.0, 0, 0, 0
L -59.7, 296.9, -14.0, -63.7, 306.7, -14.0, 0, 0, 0
L -44.2, 304.4, -14.0, -51.3, 304.3, -14.0, 150, 150, 150
L -2.9, 282.8, -14.0, -2.9, 335.0, -14.0, 0, 0, 0
L -166.0, 310.8, -14.0, -159.9, 310.8, -14.0, 0, 0, 0
L -14.9, 191.6, -14.0, -20.7, 198.3, -14.0, 150, 150, 150
L -52.6, 299.3, -14.0, -59.7, 296.9, -14.0, 0, 0, 0
L -1.4, 274.3, -14.0, -0.0, 274.3, -14.0, 205, 133, 63
L -0.0, 274.3, -14.0, 1.4, 274.3, -14.0, 205, 133, 63
L -0.0, 277.0, -14.0, -0.0, 274.3, -14.0, 205, 133, 63
L -1.4, 274.3, -14.0, -1.4, 271.5, -14.0, 205, 133, 63
L -0.0, 268.8, -14.0, -1.4, 268.8, -14.0, 0, 0, 0
L -0.0, 271.5, -14.0, -0.0, 268.8, -14.0, 205, 133, 63
L -0.0, 277.0, -14.0, 2.9, 277.0, -14.0, 0, 0, 0
L -1.4, 271.5, -14.0, 1.4, 271.5, -14.0, 205, 133, 63
L 2.9, 212.8, -14.0, -0.0, 212.8, -14.0, 0, 0, 0
L 1.4, 274.3, -14.0, 1.4, 271.5, -14.0, 205, 133, 63
L -0.0, 221.0, -14.0, -0.0, 218.3, -14.0, 205, 133, 63
L -0.0, 212.8, -14.0, -2.9, 212.8, -14.0, 0, 0, 0
L -0.0, 215.5, -14.0, 1.4, 215.5, -14.0, 205, 133, 63
L -1.4, 218.3, -14.0, -1.4, 215.5, -14.0, 205, 133, 63
L -0.0, 215.5, -14.0, -0.0, 212.8, -14.0, 205, 133, 63
L 1.4, 218.3, -14.0, 1.4, 215.5, -14.0, 205, 133, 63
L -0.0, 221.0, -14.0, 2.9, 221.0, -14.0, 0, 0, 0
L -1.4, 218.3, -14.0, 1.4, 218.3, -14.0, 205, 133, 63
L -1.4, 215.5, -14.0, -0.0, 215.5, -14.0, 205, 133, 63
L -100.9, 335.0, -14.0, -153.0, 335.0, -14.0, 0, 0, 0
L 182.9, 179.9, -14.0, 179.0, 179.9, -14.0, 0, 0, 0
L 149.0, 183.8, -14.0, 149.0, 179.9, -14.0, 0, 0, 0
L 182.9, 176.6, -14.0, 184.9, 176.6, -14.0, 205, 133, 63
L 184.9, 176.6, -14.0, 184.9, 173.3, -14.0, 205, 133, 63
L 184.8, 202.9, -14.0, 184.8, 210.8, -14.0, 0, 0, 0
L 182.9, 179.9, -14.0, 182.9, 176.6, -14.0, 205, 133, 63
L 189.4, 186.4, -14.0, 184.8, 202.9, -14.0, 150, 150, 150
L 179.0, 166.0, -14.0, 181.0, 166.0, -14.0, 0, 0, 0
L 181.0, 176.6, -14.0, 181.0, 173.3, -14.0, 205, 133, 63
L 149.0, 183.8, -14.0, 151.0, 183.8, -14.0, 0, 0, 0
L 179.0, 166.0, -14.0, 179.0, 170.0, -14.0, 0, 0, 0
L 152.9, 170.0, -14.0, 149.0, 170.0, -14.0, 0, 0, 0
L 154.8, 183.8, -14.0, 154.8, 210.8, -14.0, 0, 0, 0
L 152.9, 173.3, -14.0, 152.9, 170.0, -14.0, 205, 133, 63
L 151.0, 173.3, -14.0, 154.9, 173.3, -14.0, 205, 133, 63
L 154.8, 183.8, -14.0, 156.8, 183.8, -14.0, 0, 0, 0
L 184.8, 166.0, -14.0, 186.8, 166.0, -14.0, 0, 0, 0
L 156.8, 183.8, -14.0, 156.8, 179.9, -14.0, 0, 0, 0
L 154.8, 300.8, -14.0, 154.8, 293.3, -14.0, 0, 0, 0
L 181.0, 173.3, -14.0, 182.9, 173.3, -14.0, 205, 133, 63
L 154.9, 176.6, -14.0, 154.9, 173.3, -14.0, 205, 133, 63
L 156.8, 166.0, -14.0, 156.8, 170.0, -14.0, 0, 0, 0
L 184.8, 183.8, -14.0, 184.8, 184.5, -14.0, 0, 0, 0
L 181.0, 183.8, -14.0, 181.0, 203.9, -14.0, 0, 0, 0
L 156.0, 226.0, -14.0, 156.0, 223.0, -14.0, 0, 0, 0
L 154.8, 210.8, -14.0, 151.6, 210.8, -14.0, 0, 0, 0
L 179.0, 183.8, -14.0, 179.0, 181.6, -14.0, 0, 0, 0
L 186.8, 166.0, -14.0, 186.8, 170.0, -14.0, 0, 0, 0
L 186.8, 306.0, -14.0, 186.8, 309.9, -14.0, 0, 0, 0
L 151.0, 126.8, -14.0, 151.0, 166.0, -14.0, 0, 0, 0
L 179.0, 306.0, -14.0, 179.0, 309.9, -14.0, 0, 0, 0
L 186.8, 309.9, -14.0, 179.0, 309.9, -14.0, 0, 0, 0
L 184.8, 306.0, -14.0, 186.8, 306.0, -14.0, 0, 0, 0
L 179.0, 306.0, -14.0, 181.0, 306.0, -14.0, 0, 0, 0
L 154.8, 126.8, -14.0, 181.0, 126.8, -14.0, 0, 0, 0
L 152.9, 313.2, -14.0, 154.9, 313.2, -14.0, 205, 133, 63
L 152.9, 309.9, -14.0, 149.0, 309.9, -14.0, 0, 0, 0
L 152.9, 313.2, -14.0, 152.9, 309.9, -14.0, 205, 133, 63
L 154.8, 166.0, -14.0, 156.8, 166.0, -14.0, 0, 0, 0
L 149.0, 166.0, -14.0, 151.0, 166.0, -14.0, 0, 0, 0
L 184.8, 126.8, -14.0, 251.0, 126.8, -14.0, 0, 0, 0
L 251.0, 126.8, -14.0, 251.0, 223.0, -14.0, 0, 0, 0
L 154.8, 166.0, -14.0, 154.8, 126.8, -14.0, 0, 0, 0
L 156.8, 170.0, -14.0, 152.9, 170.0, -14.0, 0, 0, 0
L 151.0, 176.6, -14.0, 152.9, 176.6, -14.0, 205, 133, 63
L 128.8, 226.0, -14.0, 156.0, 226.0, -14.0, 0, 0, 0
L 186.8, 183.8, -14.0, 186.8, 179.9, -14.0, 0, 0, 0
L 98.9, 126.8, -14.0, 151.0, 126.8, -14.0, 0, 0, 0
L 142.9, 152.0, -14.0, 146.5, 151.7, -14.0, 0, 0, 0
L 181.0, 126.8, -14.0, 181.0, 166.0, -14.0, 0, 0, 0
L 184.8, 166.0, -14.0, 184.8, 126.8, -14.0, 0, 0, 0
L 184.8, 183.8, -14.0, 186.8, 183.8, -14.0, 0, 0, 0
L 135.9, 159.6, -14.0, 141.5, 160.3, -14.0, 0, 0, 0
L 186.8, 179.9, -14.0, 182.9, 179.9, -14.0, 0, 0, 0
L 132.5, 151.1, -14.0, 135.9, 159.6, -14.0, 0, 0, 0
L 179.0, 183.8, -14.0, 181.0, 183.8, -14.0, 0, 0, 0
L 135.7, 141.8, -14.0, 132.5, 151.1, -14.0, 0, 0, 0
L 181.0, 176.6, -14.0, 182.9, 176.6, -14.0, 205, 133, 63
L 152.9, 179.9, -14.0, 152.9, 176.6, -14.0, 205, 133, 63
L 186.8, 170.0, -14.0, 182.9, 170.0, -14.0, 0, 0, 0
L 181.0, 223.4, -14.0, 181.0, 227.1, -14.0, 0, 0, 0
L 117.7, 215.8, -14.0, 115.6, 223.0, -14.0, 150, 150, 150
L 158.7, 223.0, -14.0, 181.0, 223.4, -14.0, 150, 150, 150
L 151.0, 313.2, -14.0, 152.9, 313.2, -14.0, 205, 133, 63
L 151.6, 210.8, -14.0, 159.4, 213.9, -14.0, 150, 150, 150
L 181.0, 203.9, -14.0, 164.0, 200.4, -14.0, 150, 150, 150
L 115.6, 223.0, -14.0, 156.0, 223.0, -14.0, 0, 0, 0
L 184.8, 210.8, -14.0, 184.8, 223.0, -14.0, 0, 0, 0
L 156.8, 306.0, -14.0, 156.8, 309.9, -14.0, 0, 0, 0
L 164.0, 200.4, -14.0, 174.6, 180.5, -14.0, 150, 150, 150
L 152.9, 176.6, -14.0, 154.9, 176.6, -14.0, 205, 133, 63
L 174.6, 180.5, -14.0, 179.0, 181.6, -14.0, 150, 150, 150
L 156.8, 179.9, -14.0, 149.0, 179.9, -14.0, 0, 0, 0
L 179.0, 181.6, -14.0, 179.0, 179.9, -14.0, 0, 0, 0
L 181.0, 203.9, -14.0, 181.0, 223.4, -14.0, 0, 0, 0
L 151.0, 316.5, -14.0, 151.0, 313.2, -14.0, 205, 133, 63
L 145.2, 156.9, -14.0, 142.9, 152.0, -14.0, 0, 0, 0
L 145.9, 140.2, -14.0, 135.7, 141.8, -14.0, 0, 0, 0
L 184.8, 184.5, -14.0, 189.4, 186.4, -14.0, 150, 150, 150
L 151.0, 207.0, -14.0, 98.9, 207.0, -14.0, 0, 0, 0
L 149.0, 306.0, -14.0, 151.0, 306.0, -14.0, 0, 0, 0
L 184.8, 184.5, -14.0, 184.8, 202.9, -14.0, 0, 0, 0
L 149.0, 166.0, -14.0, 149.0, 170.0, -14.0, 0, 0, 0
L 151.0, 176.6, -14.0, 151.0, 173.3, -14.0, 205, 133, 63
L 154.9, 316.5, -14.0, 154.9, 313.2, -14.0, 205, 133, 63
L 156.8, 309.9, -14.0, 152.9, 309.9, -14.0, 0, 0, 0
L 182.9, 173.3, -14.0, 184.9, 173.3, -14.0, 205, 133, 63
L 98.9, 207.0, -14.0, 98.9, 126.8, -14.0, 0, 0, 0
L 154.8, 306.0, -14.0, 156.8, 306.0, -14.0, 0, 0, 0
L 151.0, 183.8, -14.0, 151.0, 207.0, -14.0, 0, 0, 0
L 149.0, 306.0, -14.0, 149.0, 309.9, -14.0, 0, 0, 0
L 182.9, 170.0, -14.0, 179.0, 170.0, -14.0, 0, 0, 0
L 251.0, 223.0, -14.0, 184.8, 223.0, -14.0, 0, 0, 0
L 146.5, 151.7, -14.0, 145.9, 140.2, -14.0, 0, 0, 0
L 156.7, 216.8, -14.0, 158.7, 223.0, -14.0, 150, 150, 150
L 172.2, 311.3, -14.0, 173.5, 304.8, -14.0, 0, 0, 0
L 128.8, 255.0, -14.0, 128.8, 243.6, -14.0, 0, 0, 0
L 141.5, 160.3, -14.0, 145.2, 156.9, -14.0, 0, 0, 0
L 117.7, 215.8, -14.0, 124.6, 213.4, -14.0, 150, 150, 150
L 124.9, 210.8, -14.0, 86.0, 210.8, -14.0, 0, 0, 0
L 124.6, 213.4, -14.0, 124.9, 210.8, -14.0, 150, 150, 150
L 182.9, 173.3, -14.0, 182.9, 170.0, -14.0, 205, 133, 63
L 181.0, 255.0, -14.0, 128.8, 255.0, -14.0, 0, 0, 0
L 159.4, 213.9, -14.0, 156.7, 216.8, -14.0, 150, 150, 150
L 133.9, 243.5, -14.0, 135.1, 246.6, -14.0, 150, 150, 150
L 181.0, 227.1, -14.0, 181.0, 255.0, -14.0, 0, 0, 0
L 181.0, 227.1, -14.0, 159.8, 226.8, -14.0, 150, 150, 150
L 159.8, 226.8, -14.0, 160.1, 228.4, -14.0, 150, 150, 150
L 151.4, 241.6, -14.0, 133.9, 243.5, -14.0, 150, 150, 150
L 160.1, 228.4, -14.0, 150.1, 239.3, -14.0, 150, 150, 150
L 150.1, 239.3, -14.0, 151.4, 241.6, -14.0, 150, 150, 150
L 128.8, 243.6, -14.0, 128.8, 226.0, -14.0, 0, 0, 0
L 135.1, 246.6, -14.0, 128.8, 243.6, -14.0, 150, 150, 150
L 184.8, 266.8, -14.0, 251.0, 266.8, -14.0, 0, 0, 0
L 164.5, 298.7, -14.0, 156.8, 290.7, -14.0, 150, 150, 150
L 154.8, 300.8, -14.0, 157.5, 303.7, -14.0, 150, 150, 150
L 151.0, 306.0, -14.0, 151.0, 300.7, -14.0, 0, 0, 0
L 251.0, 266.8, -14.0, 251.0, 335.0, -14.0, 0, 0, 0
L 154.8, 306.0, -14.0, 154.8, 300.8, -14.0, 0, 0, 0
L 164.2, 310.2, -14.0, 172.2, 311.3, -14.0, 0, 0, 0
L 151.0, 282.8, -14.0, 151.0, 293.8, -14.0, 0, 0, 0
L 184.8, 306.0, -14.0, 184.8, 266.8, -14.0, 0, 0, 0
L 157.5, 303.7, -14.0, 164.5, 298.7, -14.0, 150, 150, 150
L 151.0, 293.8, -14.0, 135.7, 283.2, -14.0, 0, 0, 0
L 173.5, 304.8, -14.0, 164.5, 303.0, -14.0, 0, 0, 0
L 135.7, 283.2, -14.0, 130.7, 290.5, -14.0, 0, 0, 0
L 130.6, 290.5, -14.0, 151.0, 300.7, -14.0, 0, 0, 0
L 181.0, 266.8, -14.0, 181.0, 306.0, -14.0, 0, 0, 0
L 154.8, 293.3, -14.0, 154.8, 279.0, -14.0, 0, 0, 0
L 156.8, 290.7, -14.0, 154.8, 293.3, -14.0, 150, 150, 150
L 164.5, 303.0, -14.0, 164.2, 310.2, -14.0, 0, 0, 0
L 79.1, 220.2, -14.0, 83.0, 220.2, -14.0, 0, 0, 0
L 86.0, 223.0, -14.0, 115.6, 223.0, -14.0, 0, 0, 0
L 83.0, 263.0, -14.0, 82.0, 226.0, -14.0, 0, 0, 0
L 83.0, 206.0, -14.0, 83.0, 167.0, -13.0, 0, 0, 0
L 83.0, 220.2, -14.0, 86.0, 220.2, -14.0, 0, 0, 0
L 83.0, 217.4, -14.0, 84.4, 217.4, -14.0, 205, 133, 63
L 83.0, 220.2, -14.0, 83.0, 217.4, -14.0, 205, 133, 63
L 80.1, 206.0, -14.0, 80.1, 211.8, -14.0, 0, 0, 0
L 81.6, 217.4, -14.0, 81.6, 214.6, -14.0, 205, 133, 63
L 84.4, 217.4, -14.0, 84.4, 214.6, -14.0, 205, 133, 63
L 83.0, 214.6, -14.0, 84.4, 214.6, -14.0, 205, 133, 63
L 83.0, 211.8, -14.0, 80.1, 211.8, -14.0, 0, 0, 0
L 83.0, 214.6, -14.0, 83.0, 211.8, -14.0, 205, 133, 63
L 81.6, 214.6, -14.0, 83.0, 214.6, -14.0, 205, 133, 63
L 81.6, 217.4, -14.0, 83.0, 217.4, -14.0, 205, 133, 63
L 80.1, 263.0, -14.0, 83.0, 263.0, -14.0, 0, 0, 0
L 154.8, 279.0, -14.0, 86.9, 279.0, -14.0, 0, 0, 0
L 80.1, 282.0, -14.0, 83.0, 282.0, -14.0, 0, 0, 0
L 86.9, 266.8, -14.0, 181.0, 266.8, -14.0, 0, 0, 0
L 86.9, 282.8, -14.0, 151.0, 282.8, -14.0, 0, 0, 0
L 79.1, 220.2, -14.0, 79.1, 226.0, -14.0, 0, 0, 0
L 86.0, 220.2, -14.0, 86.0, 223.0, -14.0, 0, 0, 0
L 79.1, 226.0, -14.0, 82.0, 226.0, -14.0, 0, 0, 0
L 86.9, 335.0, -14.0, 86.9, 282.8, -14.0, 0, 0, 0
L 83.0, 321.0, -14.0, 83.0, 282.0, -14.0, 0, 0, 0
L 80.1, 206.0, -14.0, 83.0, 206.0, -14.0, 0, 0, 0
L 151.6, 210.8, -14.0, 124.9, 210.8, -14.0, 0, 0, 0
L 86.0, 210.8, -14.0, 85.9, 211.8, -14.0, 0, 0, 0
L 85.9, 211.8, -14.0, 83.0, 211.8, -14.0, 0, 0, 0
L 80.1, 263.0, -14.0, 80.1, 268.8, -14.0, 0, 0, 0
L 83.0, 274.4, -14.0, 84.4, 274.4, -14.0, 205, 133, 63
L 83.0, 277.2, -14.0, 83.0, 274.4, -14.0, 205, 133, 63
L 81.6, 271.6, -14.0, 83.0, 271.6, -14.0, 205, 133, 63
L 81.6, 274.4, -14.0, 81.6, 271.6, -14.0, 205, 133, 63
L 83.0, 271.6, -14.0, 84.4, 271.6, -14.0, 205, 133, 63
L 84.4, 274.4, -14.0, 84.4, 271.6, -14.0, 205, 133, 63
L 83.0, 268.8, -14.0, 80.1, 268.8, -14.0, 0, 0, 0
L 83.0, 271.6, -14.0, 83.0, 268.8, -14.0, 205, 133, 63
L 81.6, 274.4, -14.0, 83.0, 274.4, -14.0, 205, 133, 63
L 83.0, 277.2, -14.0, 80.1, 277.2, -14.0, 0, 0, 0
L 80.1, 277.2, -14.0, 80.1, 282.0, -14.0, 0, 0, 0
L 86.9, 279.0, -14.0, 86.9, 277.2, -14.0, 0, 0, 0
L 86.9, 268.8, -14.0, 86.9, 266.8, -14.0, 0, 0, 0
L 83.0, 268.8, -14.0, 86.9, 268.8, -14.0, 0, 0, 0
L 83.0, 277.2, -14.0, 86.9, 277.2, -14.0, 0, 0, 0
L -55.2, 136.7, -14.0, -46.9, 139.8, -14.0, 150, 150, 150
L -46.9, 139.8, -14.0, -44.0, 132.1, -14.0, 150, 150, 150
L -42.6, 160.7, -14.0, -36.8, 158.6, -14.0, 150, 150, 150
L -46.2, 152.5, -14.0, -44.6, 152.5, -14.0, 150, 150, 150
L -38.7, 164.4, -14.0, -43.3, 164.0, -14.0, 150, 150, 150
L -34.5, 149.2, -14.0, -23.4, 148.6, -14.0, 150, 150, 150
L -35.0, 161.5, -14.0, -26.4, 160.9, -14.0, 150, 150, 150
L -23.4, 148.6, -14.0, -23.4, 149.5, -14.0, 150, 150, 150
L -14.9, 149.5, -14.0, -14.9, 160.6, -14.0, 0, 0, 0
L -23.4, 149.5, -14.0, -14.9, 149.5, -14.0, 150, 150, 150
L -44.0, 132.1, -14.0, -52.3, 129.0, -14.0, 150, 150, 150
L -46.2, 152.5, -14.0, -47.4, 150.7, -14.0, 150, 150, 150
L -44.0, 158.4, -14.0, -44.6, 152.5, -14.0, 150, 150, 150
L -44.0, 158.4, -14.0, -42.6, 160.7, -14.0, 150, 150, 150
L -56.8, 153.5, -14.0, -46.2, 152.5, -14.0, 150, 150, 150
L -14.9, 126.8, -14.0, -14.9, 149.5, -14.0, 0, 0, 0
L -36.6, 145.1, -14.0, -34.5, 149.2, -14.0, 150, 150, 150
L -47.4, 150.7, -14.0, -36.6, 145.1, -14.0, 150, 150, 150
L -26.4, 160.9, -14.0, -26.2, 162.1, -14.0, 150, 150, 150
L -35.3, 158.1, -14.0, -35.0, 161.5, -14.0, 150, 150, 150
L -55.6, 165.9, -14.0, -43.4, 164.7, -14.0, 150, 150, 150
L -43.4, 164.7, -14.0, -44.0, 158.4, -14.0, 150, 150, 150
L -36.8, 158.6, -14.0, -38.7, 164.4, -14.0, 150, 150, 150
L -26.2, 162.1, -14.0, -14.9, 160.6, -14.0, 150, 150, 150
L -36.8, 158.6, -14.0, -35.3, 158.1, -14.0, 150, 150, 150
L -36.8, 158.6, -14.0, -30.8, 156.4, -14.0, 150, 150, 150
L -34.5, 149.2, -14.0, -30.8, 156.4, -14.0, 150, 150, 150
L -23.4, 149.5, -14.0, -23.4, 160.9, -14.0, 150, 150, 150
L -26.4, 160.9, -14.0, -23.4, 160.9, -14.0, 150, 150, 150
L -14.9, 160.6, -14.0, -14.9, 191.6, -14.0, 0, 0, 0
L 26.3, 573.9, -42.0, 26.6, 572.0, -42.0, 255, 255, 0
L 27.8, 566.1, -42.0, 25.7, 565.0, -42.0, 255, 255, 0
L 19.6, 561.8, -42.0, 16.2, 565.1, -42.0, 255, 255, 0
L 20.1, 575.9, -42.0, 26.3, 573.9, -42.0, 255, 255, 0
L 14.9, 575.7, -42.0, 15.9, 575.6, -42.0, 178, 102, 255
L 15.9, 575.6, -42.0, 15.9, 570.9, -42.0, 178, 102, 255
L 10.1, 570.9, -42.0, 10.1, 572.9, -42.0, 178, 102, 255
L 96.1, 460.9, -42.0, 96.2, 459.9, -42.0, 178, 102, 255
L 96.2, 459.9, -42.0, 100.9, 459.9, -42.0, 178, 102, 255
L 100.9, 465.7, -42.0, 98.9, 465.7, -42.0, 178, 102, 255
L 109.2, 465.7, -42.0, 109.1, 459.9, -42.0, 178, 102, 255
L 109.1, 459.9, -42.0, 113.8, 459.9, -42.0, 178, 102, 255
L 113.9, 460.9, -42.0, 113.8, 459.9, -42.0, 178, 102, 255
L 109.2, 465.7, -42.0, 111.1, 465.7, -42.0, 178, 102, 255
L 226.8, 477.7, -42.0, 222.0, 477.7, -42.0, 178, 102, 255
L 222.0, 476.7, -42.0, 222.0, 477.7, -42.0, 178, 102, 255
L 226.8, 477.7, -42.0, 226.8, 474.8, -42.0, 178, 102, 255
L 226.8, 471.9, -42.0, 222.0, 471.9, -42.0, 178, 102, 255
L 222.0, 472.9, -42.0, 222.0, 471.9, -42.0, 178, 102, 255
L 239.8, 472.9, -42.0, 239.8, 471.9, -42.0, 178, 102, 255
L 15.9, 570.9, -42.0, 13.0, 570.9, -42.0, 178, 102, 255
L 11.6, 568.2, -42.0, 11.6, 565.4, -42.0, 205, 133, 63
L 13.0, 570.9, -42.0, 10.1, 570.9, -42.0, 178, 102, 255
L 13.0, 570.9, -42.0, 13.0, 568.2, -42.0, 205, 133, 63
L 11.6, 568.2, -42.0, 14.4, 568.2, -42.0, 205, 133, 63
L 11.6, 565.4, -42.0, 13.0, 565.4, -42.0, 205, 133, 63
L 13.0, 565.4, -42.0, 14.4, 565.4, -42.0, 205, 133, 63
L 13.0, 562.7, -42.0, 15.9, 562.7, -42.0, 178, 102, 255
L 13.0, 565.4, -42.0, 13.0, 562.7, -42.0, 205, 133, 63
L 14.4, 568.2, -42.0, 14.4, 565.4, -42.0, 205, 133, 63
L 16.2, 572.0, -42.0, 17.2, 573.0, -42.0, 255, 255, 0
L 16.2, 572.0, -42.0, 16.2, 570.3, -42.0, 255, 255, 0
L 27.8, 566.1, -42.0, 16.2, 572.0, -42.0, 255, 255, 0
L 27.0, 570.0, -42.0, 27.4, 568.0, -42.0, 255, 255, 0
L 18.2, 574.0, -42.0, 19.2, 574.9, -42.0, 255, 255, 0
L 27.0, 570.0, -42.0, 18.2, 574.0, -42.0, 255, 255, 0
L 26.6, 572.0, -42.0, 27.0, 570.0, -42.0, 255, 255, 0
L 19.2, 574.9, -42.0, 20.1, 575.9, -42.0, 255, 255, 0
L 26.6, 572.0, -42.0, 19.2, 574.9, -42.0, 255, 255, 0
L 27.4, 568.0, -42.0, 27.8, 566.1, -42.0, 255, 255, 0
L 17.2, 573.0, -42.0, 18.2, 574.0, -42.0, 255, 255, 0
L 27.4, 568.0, -42.0, 17.2, 573.0, -42.0, 255, 255, 0
L 23.7, 563.9, -42.0, 21.6, 562.9, -42.0, 255, 255, 0
L 16.2, 568.6, -42.0, 16.2, 566.9, -42.0, 255, 255, 0
L 23.7, 563.9, -42.0, 16.2, 568.6, -42.0, 255, 255, 0
L 25.7, 565.0, -42.0, 23.7, 563.9, -42.0, 255, 255, 0
L 16.2, 570.3, -42.0, 16.2, 568.6, -42.0, 255, 255, 0
L 25.7, 565.0, -42.0, 16.2, 570.3, -42.0, 255, 255, 0
L 21.6, 562.9, -42.0, 19.6, 561.8, -42.0, 255, 255, 0
L 16.2, 566.9, -42.0, 16.2, 565.1, -42.0, 255, 255, 0
L 21.6, 562.9, -42.0, 16.2, 566.9, -42.0, 255, 255, 0
L -52.1, 570.9, -42.0, -52.1, 572.9, -42.0, 178, 102, 255
L -52.1, 560.7, -42.0, -52.1, 562.7, -42.0, 178, 102, 255
L -52.1, 570.9, -42.0, -55.0, 570.9, -42.0, 178, 102, 255
L -56.5, 568.2, -42.0, -55.0, 568.2, -42.0, 255, 255, 0
L -57.9, 562.7, -42.0, -55.0, 562.7, -42.0, 178, 102, 255
L -56.5, 565.4, -42.0, -55.0, 565.4, -42.0, 255, 255, 0
L -55.0, 570.9, -42.0, -55.0, 568.2, -42.0, 255, 255, 0
L -55.0, 562.7, -42.0, -52.1, 562.7, -42.0, 178, 102, 255
L -55.0, 565.4, -42.0, -55.0, 562.7, -42.0, 255, 255, 0
L -55.0, 565.4, -42.0, -53.6, 565.4, -42.0, 255, 255, 0
L -55.0, 570.9, -42.0, -57.9, 570.9, -42.0, 178, 102, 255
L -56.5, 568.2, -42.0, -56.5, 565.4, -42.0, 255, 255, 0
L -53.6, 568.2, -42.0, -53.6, 565.4, -42.0, 255, 255, 0
L -55.0, 568.2, -42.0, -53.6, 568.2, -42.0, 255, 255, 0
L -57.9, 562.7, -42.0, -57.9, 557.9, -42.0, 178, 102, 255
L -56.9, 557.9, -42.0, -57.9, 557.9, -42.0, 178, 102, 255
L -57.9, 575.6, -42.0, -57.9, 570.9, -42.0, 178, 102, 255
L -56.9, 575.7, -42.0, -57.9, 575.6, -42.0, 178, 102, 255
L 100.9, 459.9, -42.0, 100.9, 462.8, -42.0, 178, 102, 255
L 100.9, 462.8, -42.0, 100.9, 465.7, -42.0, 178, 102, 255
L 100.9, 462.8, -42.0, 103.6, 462.8, -42.0, 205, 133, 63
L 103.6, 461.4, -42.0, 103.6, 464.3, -42.0, 205, 133, 63
L 103.6, 461.4, -42.0, 106.3, 461.4, -42.0, 205, 133, 63
L 103.6, 464.3, -42.0, 106.3, 464.3, -42.0, 205, 133, 63
L 106.3, 464.3, -42.0, 106.4, 464.3, -42.0, 205, 133, 63
L 106.3, 461.4, -42.0, 106.3, 462.8, -42.0, 205, 133, 63
L 106.3, 462.8, -42.0, 106.3, 464.3, -42.0, 205, 133, 63
L 106.3, 462.8, -42.0, 109.1, 462.8, -42.0, 205, 133, 63
L 199.8, 542.9, -42.0, 199.8, 544.9, -42.0, 178, 102, 255
L 199.8, 532.7, -42.0, 199.8, 534.7, -42.0, 178, 102, 255
L 198.3, 540.2, -42.0, 198.3, 537.4, -42.0, 205, 133, 63
L 195.4, 540.2, -42.0, 196.9, 540.2, -42.0, 205, 133, 63
L 194.0, 534.7, -42.0, 196.9, 534.7, -42.0, 178, 102, 255
L 195.4, 537.4, -42.0, 196.9, 537.4, -42.0, 205, 133, 63
L 196.9, 534.7, -42.0, 199.8, 534.7, -42.0, 178, 102, 255
L 196.9, 537.4, -42.0, 196.9, 534.7, -42.0, 205, 133, 63
L 196.9, 537.4, -42.0, 198.3, 537.4, -42.0, 205, 133, 63
L 195.4, 540.2, -42.0, 195.4, 537.4, -42.0, 205, 133, 63
L 196.9, 542.9, -42.0, 194.0, 542.9, -42.0, 178, 102, 255
L 196.9, 542.9, -42.0, 196.9, 540.2, -42.0, 205, 133, 63
L 199.8, 542.9, -42.0, 196.9, 542.9, -42.0, 178, 102, 255
L 196.9, 540.2, -42.0, 198.3, 540.2, -42.0, 205, 133, 63
L 194.0, 534.7, -42.0, 194.0, 529.9, -42.0, 178, 102, 255
L 194.0, 529.9, -42.0, 195.0, 529.9, -42.0, 178, 102, 255
L 162.9, 518.0, -42.0, 195.0, 518.0, -42.0, 178, 102, 255
L 195.0, 529.9, -42.0, 195.0, 518.0, -42.0, 178, 102, 255
L 229.6, 473.4, -42.0, 232.3, 473.4, -42.0, 205, 133, 63
L 235.0, 471.9, -42.0, 239.8, 471.9, -42.0, 178, 102, 255
L 235.1, 477.7, -42.0, 237.1, 477.7, -42.0, 178, 102, 255
L 235.1, 477.7, -42.0, 235.0, 471.9, -42.0, 178, 102, 255
L 226.8, 474.8, -42.0, 226.8, 471.9, -42.0, 178, 102, 255
L 226.8, 474.8, -42.0, 229.6, 474.8, -42.0, 205, 133, 63
L 232.3, 474.8, -42.0, 235.1, 474.8, -42.0, 205, 133, 63
L 229.6, 473.4, -42.0, 229.6, 474.8, -42.0, 205, 133, 63
L 232.3, 473.4, -42.0, 232.3, 474.8, -42.0, 205, 133, 63
L 229.6, 476.3, -42.0, 232.3, 476.3, -42.0, 205, 133, 63
L 232.3, 476.3, -42.0, 232.4, 476.3, -42.0, 205, 133, 63
L 232.3, 474.8, -42.0, 232.3, 476.3, -42.0, 205, 133, 63
L 229.6, 474.8, -42.0, 229.6, 476.3, -42.0, 205, 133, 63
L -165.0, 555.9, -42.0, -169.8, 555.9, -42.0, 178, 102, 255
L -152.0, 556.9, -42.0, -152.0, 555.9, -42.0, 178, 102, 255
L -169.8, 556.9, -42.0, -169.8, 555.9, -42.0, 178, 102, 255
L -165.0, 561.7, -42.0, -165.0, 558.8, -42.0, 178, 102, 255
L -159.5, 557.3, -42.0, -159.5, 558.8, -42.0, 205, 133, 63
L -159.5, 560.2, -42.0, -159.4, 560.2, -42.0, 205, 133, 63
L -159.5, 558.8, -42.0, -159.5, 560.2, -42.0, 205, 133, 63
L -162.2, 557.3, -42.0, -159.5, 557.3, -42.0, 205, 133, 63
L -156.8, 555.9, -42.0, -152.0, 555.9, -42.0, 178, 102, 255
L -156.7, 561.7, -42.0, -156.8, 555.9, -42.0, 178, 102, 255
L -165.0, 558.8, -42.0, -165.0, 555.9, -42.0, 178, 102, 255
L -165.0, 558.8, -42.0, -162.2, 558.8, -42.0, 205, 133, 63
L -159.5, 558.8, -42.0, -156.7, 558.8, -42.0, 205, 133, 63
L -162.2, 557.3, -42.0, -162.2, 558.8, -42.0, 205, 133, 63
L -162.2, 558.8, -42.0, -162.2, 560.2, -42.0, 205, 133, 63
L -162.2, 560.2, -42.0, -159.5, 560.2, -42.0, 205, 133, 63
L -156.7, 561.7, -42.0, -151.9, 561.7, -42.0, 178, 102, 255
L -152.0, 560.7, -42.0, -151.9, 561.7, -42.0, 178, 102, 255
L -165.0, 561.7, -42.0, -167.0, 561.7, -42.0, 178, 102, 255
L 184.1, 628.0, -69.0, 184.1, 627.0, -69.0, 102, 0, 204
L 176.6, 628.4, -69.0, 176.6, 629.9, -69.0, 205, 133, 63
L 173.8, 629.9, -69.0, 173.8, 631.3, -69.0, 205, 133, 63
L 173.8, 631.3, -69.0, 176.6, 631.3, -69.0, 205, 133, 63
L 179.3, 627.0, -69.0, 184.1, 627.0, -69.0, 102, 0, 204
L 173.8, 628.4, -69.0, 176.6, 628.4, -69.0, 205, 133, 63
L 179.4, 632.8, -69.0, 179.3, 627.0, -69.0, 102, 0, 204
L 171.1, 629.9, -69.0, 173.8, 629.9, -69.0, 205, 133, 63
L 176.6, 629.9, -69.0, 179.3, 629.9, -69.0, 205, 133, 63
L 179.4, 632.8, -69.0, 181.3, 632.8, -69.0, 102, 0, 204
L 173.8, 628.4, -69.0, 173.8, 629.9, -69.0, 205, 133, 63
L 171.0, 632.8, -69.0, 168.0, 632.8, -69.0, 102, 0, 204
L 176.6, 629.9, -69.0, 176.6, 631.3, -69.0, 205, 133, 63
L 166.3, 628.0, -69.0, 166.3, 627.0, -69.0, 102, 0, 204
L 171.1, 627.0, -69.0, 166.3, 627.0, -69.0, 102, 0, 204
L 171.0, 632.8, -69.0, 171.1, 627.0, -69.0, 102, 0, 204
L 184.1, 628.0, -69.0, 194.0, 628.0, -69.0, 102, 0, 204
L 166.3, 628.0, -69.0, 154.0, 628.0, -69.0, 102, 0, 204
L 168.0, 640.0, -69.0, 168.0, 632.8, -69.0, 102, 0, 204
L -90.0, 381.0, -13.0, -90.0, 381.0, -69.0, 255, 255, 0
L -87.0, 384.0, -69.0, -87.0, 384.0, -13.0, 255, 255, 0
L -80.0, 384.0, -69.0, -80.0, 384.0, -13.0, 255, 255, 0
L -98.0, 700.0, -70.0, -98.0, 687.2, -70.0, 102, 0, 204
L -64.0, 754.0, -70.0, -58.0, 749.0, -70.0, 102, 0, 204
L -34.0, 648.0, -70.0, -28.0, 650.0, -70.0, 102, 0, 204
L -41.0, 700.0, -70.0, -41.0, 644.0, -70.0, 102, 0, 204
L -84.0, 684.0, -70.0, -84.0, 666.6, -70.0, 102, 0, 204
L -56.0, 742.0, -70.0, -41.0, 742.0, -70.0, 102, 0, 204
L -41.0, 644.0, -70.0, -34.0, 648.0, -70.0, 102, 0, 204
L -58.0, 749.0, -70.0, -56.0, 742.0, -70.0, 102, 0, 204
L -41.0, 742.0, -70.0, -41.0, 734.3, -70.0, 102, 0, 204
L -111.0, 712.0, -70.0, -111.0, 695.0, -70.0, 102, 0, 204
L -98.0, 684.0, -70.0, -84.0, 684.0, -70.0, 102, 0, 204
L -28.0, 712.0, -70.0, -28.0, 754.0, -70.0, 102, 0, 204
L -28.0, 754.0, -70.0, -64.0, 754.0, -70.0, 102, 0, 204
L -28.0, 650.0, -70.0, -28.0, 675.0, -70.0, 102, 0, 204
L -41.0, 712.0, -70.0, -106.8, 712.0, -70.0, 102, 0, 204
L -139.0, 644.0, -70.0, -139.0, 664.0, -70.0, 102, 0, 204
L -84.0, 644.0, -70.0, -115.3, 644.0, -70.0, 102, 0, 204
L -139.0, 684.0, -70.0, -111.0, 684.0, -70.0, 102, 0, 204
L -98.0, 700.0, -70.0, -41.0, 700.0, -70.0, 102, 0, 204
L 24.0, 710.0, -70.0, 24.0, 712.0, -70.0, 102, 0, 204
L 24.0, 712.0, -70.0, -28.0, 712.0, -70.0, 102, 0, 204
L 24.0, 700.0, -70.0, 24.0, 701.8, -70.0, 102, 0, 204
L 28.9, 672.6, -70.0, 28.9, 697.8, -70.0, 102, 0, 204
L 30.9, 715.6, -70.0, 30.9, 710.0, -70.0, 102, 0, 204
L -28.0, 700.0, -70.0, -17.4, 700.0, -70.0, 102, 0, 204
L 28.9, 715.6, -70.0, 30.9, 715.6, -70.0, 102, 0, 204
L 28.9, 697.9, -70.0, 30.9, 697.9, -70.0, 102, 0, 204
L 30.9, 697.9, -70.0, 30.9, 701.8, -70.0, 102, 0, 204
L 28.9, 715.6, -70.0, 28.9, 740.8, -70.0, 102, 0, 204
L 24.0, 710.0, -70.0, 27.6, 710.0, -70.0, 102, 0, 204
L 30.9, 701.8, -70.0, 27.6, 701.8, -70.0, 102, 0, 204
L 25.7, 707.3, -70.0, 25.7, 704.5, -70.0, 205, 133, 63
L 27.6, 710.0, -70.0, 30.9, 710.0, -70.0, 102, 0, 204
L 27.6, 710.0, -70.0, 27.6, 707.3, -70.0, 205, 133, 63
L 25.7, 707.3, -70.0, 29.4, 707.3, -70.0, 205, 133, 63
L 25.7, 704.5, -70.0, 27.6, 704.5, -70.0, 205, 133, 63
L 27.6, 704.5, -70.0, 29.4, 704.5, -70.0, 205, 133, 63
L 27.6, 701.8, -70.0, 24.0, 701.8, -70.0, 102, 0, 204
L 27.6, 704.5, -70.0, 27.6, 701.8, -70.0, 205, 133, 63
L 29.4, 707.3, -70.0, 29.4, 704.5, -70.0, 205, 133, 63
L 164.0, 542.0, -42.0, 164.0, 548.0, -42.0, 150, 150, 150
L 154.0, 548.0, -42.0, 164.0, 548.0, -42.0, 150, 150, 150
L 154.0, 526.6, -42.0, 154.0, 548.0, -42.0, 178, 102, 255
L 164.0, 542.0, -42.0, 184.0, 542.0, -42.0, 150, 150, 150
L -27.0, 845.0, -70.0, -27.0, 841.7, -70.0, 205, 133, 63
L -30.9, 837.8, -70.0, -28.9, 837.8, -70.0, 102, 0, 204
L -25.0, 848.3, -70.0, -25.0, 845.0, -70.0, 205, 133, 63
L -28.9, 848.3, -70.0, -28.9, 845.0, -70.0, 205, 133, 63
L -27.0, 851.6, -70.0, -30.9, 851.6, -70.0, 102, 0, 204
L -30.9, 855.6, -70.0, -28.9, 855.6, -70.0, 102, 0, 204
L -27.0, 841.7, -70.0, -30.9, 841.7, -70.0, 102, 0, 204
L -27.0, 845.0, -70.0, -25.0, 845.0, -70.0, 205, 133, 63
L -27.0, 848.3, -70.0, -25.0, 848.3, -70.0, 205, 133, 63
L -30.9, 855.6, -70.0, -30.9, 851.6, -70.0, 102, 0, 204
L -30.9, 837.8, -70.0, -30.9, 841.7, -70.0, 102, 0, 204
L -28.9, 848.3, -70.0, -27.0, 848.3, -70.0, 205, 133, 63
L -23.1, 851.6, -70.0, -27.0, 851.6, -70.0, 102, 0, 204
L -23.1, 841.7, -70.0, -27.0, 841.7, -70.0, 102, 0, 204
L -27.0, 851.6, -70.0, -27.0, 848.3, -70.0, 205, 133, 63
L -28.9, 845.0, -70.0, -27.0, 845.0, -70.0, 205, 133, 63
L -23.1, 840.5, -70.0, 14.0, 840.5, -70.0, 102, 0, 204
L -28.9, 855.6, -70.0, -28.9, 894.8, -70.0, 102, 0, 204
L -23.1, 840.5, -70.0, -23.1, 841.7, -70.0, 102, 0, 204
L -23.1, 852.8, -70.0, -23.1, 851.6, -70.0, 102, 0, 204
L -83.1, 823.8, -70.0, -81.1, 823.8, -70.0, 102, 0, 204
L -81.1, 823.8, -70.0, -81.1, 827.7, -70.0, 102, 0, 204
L -81.1, 841.6, -70.0, -81.1, 839.6, -70.0, 102, 0, 204
L -81.1, 841.6, -70.0, -83.1, 841.6, -70.0, 102, 0, 204
L -83.1, 851.1, -70.0, -83.1, 843.4, -70.0, 102, 0, 204
L -83.1, 843.4, -70.0, -83.1, 841.6, -70.0, 102, 0, 204
L -105.2, 809.1, -70.0, -98.9, 821.3, -67.0, 150, 150, 150
L 192.0, 578.0, -69.0, 194.0, 578.0, -69.0, 150, 150, 150
L 154.2, 729.0, -70.6, 151.0, 740.0, -70.0, 102, 0, 204
L 14.0, 835.2, -69.0, 14.0, 823.6, -69.0, 102, 0, 204
L 14.0, 823.6, -69.0, 14.0, 812.0, -69.0, 102, 0, 204
L -174.4, 841.7, -68.6, -172.1, 837.2, -68.4, 102, 0, 204
L -172.1, 837.2, -68.4, -171.1, 835.2, -68.4, 102, 0, 204
L -171.1, 835.2, -68.4, -167.1, 827.1, -68.1, 102, 0, 204
L -167.1, 827.1, -68.1, -166.0, 825.0, -68.0, 102, 0, 204
L 192.5, 894.0, -69.0, 196.0, 894.0, -69.0, 102, 0, 204
L 182.8, 886.4, -69.2, 182.8, 894.0, -69.0, 102, 0, 204
L 14.9, 532.7, -42.0, 51.0, 532.7, -42.0, 178, 102, 255
L 51.0, 532.7, -42.0, 56.9, 532.7, -42.0, 178, 102, 255
L 49.6, 543.6, -42.0, 69.1, 551.0, -42.0, 178, 102, 255
L 56.9, 532.7, -42.0, 49.6, 543.6, -42.0, 178, 102, 255
L 69.1, 600.9, -70.0, 44.0, 600.8, -70.0, 102, 0, 204
L 69.1, 558.2, -70.0, 69.1, 565.8, -70.0, 102, 0, 204
L 69.1, 558.2, -70.0, 50.6, 552.0, -70.0, 102, 0, 204
L 43.6, 532.7, -70.0, 24.2, 532.7, -70.0, 102, 0, 204
L 50.6, 552.0, -70.0, 43.6, 532.7, -70.0, 102, 0, 204
L 69.1, 565.8, -70.0, 69.1, 571.4, -70.0, 102, 0, 204
L 25.7, 571.8, -70.0, 63.0, 584.5, -70.0, 150, 150, 150
L 69.1, 571.4, -70.0, 69.1, 600.9, -70.0, 102, 0, 204
L 63.0, 584.5, -70.0, 69.1, 571.4, -70.0, 150, 150, 150
L 81.2, 673.6, -70.0, 81.1, 667.8, -70.0, 102, 0, 204
L 78.4, 670.7, -70.0, 81.1, 670.7, -70.0, 205, 133, 63
L 78.4, 669.3, -70.0, 78.4, 670.7, -70.0, 205, 133, 63
L 75.7, 670.7, -70.0, 75.7, 672.2, -70.0, 205, 133, 63
L 72.9, 670.7, -70.0, 75.7, 670.7, -70.0, 205, 133, 63
L 75.7, 672.2, -70.0, 78.4, 672.2, -70.0, 205, 133, 63
L 78.4, 672.2, -70.0, 78.5, 672.2, -70.0, 205, 133, 63
L 75.7, 669.3, -70.0, 78.4, 669.3, -70.0, 205, 133, 63
L 78.4, 670.7, -70.0, 78.4, 672.2, -70.0, 205, 133, 63
L 72.9, 673.6, -70.0, 72.9, 667.8, -70.0, 102, 0, 204
L 75.7, 669.3, -70.0, 75.7, 670.7, -70.0, 205, 133, 63
L 68.1, 672.6, -70.0, 68.1, 673.6, -70.0, 178, 102, 255
L 72.9, 673.6, -70.0, 68.1, 673.6, -70.0, 102, 0, 204
L 86.0, 673.6, -70.0, 81.2, 673.6, -70.0, 102, 0, 204
L 85.9, 672.6, -70.0, 86.0, 673.6, -70.0, 102, 0, 204
L 81.1, 667.8, -70.0, 83.1, 667.8, -70.0, 102, 0, 204
L 72.9, 667.8, -70.0, 70.9, 667.8, -70.0, 102, 0, 204
L 41.1, 605.6, -70.0, 41.1, 630.6, -70.0, 102, 0, 204
L 41.1, 630.6, -70.0, 84.0, 630.0, -69.0, 102, 0, 204
L 43.9, 599.8, -70.0, 44.0, 600.8, -70.0, 102, 0, 204
L 44.0, 600.8, -70.0, 43.9, 600.8, -70.0, 102, 0, 204
L 26.1, 599.9, -70.0, 26.2, 600.9, -70.0, 102, 0, 204
L 43.9, 599.8, -70.0, 39.1, 599.8, -70.0, 102, 0, 204
L 30.9, 599.9, -70.0, 26.1, 599.9, -70.0, 102, 0, 204
L 39.2, 605.6, -70.0, 39.1, 599.8, -70.0, 102, 0, 204
L 36.4, 601.2, -70.0, 36.4, 602.7, -70.0, 205, 133, 63
L 30.9, 602.7, -70.0, 33.7, 602.7, -70.0, 205, 133, 63
L 36.4, 602.7, -70.0, 39.2, 602.7, -70.0, 205, 133, 63
L 33.7, 604.1, -70.0, 36.4, 604.1, -70.0, 205, 133, 63
L 36.4, 602.7, -70.0, 36.4, 604.1, -70.0, 205, 133, 63
L 33.7, 602.7, -70.0, 33.7, 604.1, -70.0, 205, 133, 63
L 33.7, 601.2, -70.0, 36.4, 601.2, -70.0, 205, 133, 63
L 33.7, 601.2, -70.0, 33.7, 602.7, -70.0, 205, 133, 63
L 36.4, 604.1, -70.0, 36.5, 604.1, -70.0, 205, 133, 63
L 30.9, 605.6, -70.0, 30.9, 599.8, -70.0, 102, 0, 204
L 41.1, 605.6, -70.0, 39.2, 605.6, -70.0, 102, 0, 204
L 30.9, 605.6, -70.0, 28.9, 605.6, -70.0, 102, 0, 204
L 182.8, 854.4, -70.0, 184.8, 854.4, -70.0, 102, 0, 204
L 184.8, 850.5, -70.0, 184.8, 854.4, -70.0, 102, 0, 204
L 184.8, 836.7, -70.0, 184.8, 840.6, -70.0, 102, 0, 204
L 81.4, 774.6, -67.8, 79.6, 771.1, -69.6, 102, 0, 204
L 180.9, 843.9, -70.0, 180.9, 840.6, -70.0, 205, 133, 63
L 182.9, 847.2, -70.0, 182.9, 843.9, -70.0, 205, 133, 63
L 179.0, 847.2, -70.0, 179.0, 843.9, -70.0, 205, 133, 63
L 180.9, 850.5, -70.0, 177.0, 850.5, -70.0, 102, 0, 204
L 180.9, 847.2, -70.0, 182.9, 847.2, -70.0, 205, 133, 63
L 179.0, 843.9, -70.0, 180.9, 843.9, -70.0, 205, 133, 63
L 184.8, 850.5, -70.0, 180.9, 850.5, -70.0, 102, 0, 204
L 179.0, 847.2, -70.0, 180.9, 847.2, -70.0, 205, 133, 63
L 180.9, 843.9, -70.0, 182.9, 843.9, -70.0, 205, 133, 63
L 184.8, 840.6, -70.0, 180.9, 840.6, -70.0, 102, 0, 204
L 180.9, 840.6, -70.0, 177.0, 840.6, -70.0, 102, 0, 204
L 180.9, 850.5, -70.0, 180.9, 847.2, -70.0, 205, 133, 63
L 182.8, 836.7, -70.0, 182.8, 798.0, -70.0, 102, 0, 204
L 184.8, 836.7, -70.0, 182.8, 836.7, -70.0, 102, 0, 204
L 139.0, 812.0, -69.0, 139.0, 840.0, -69.0, 102, 0, 204
L 139.0, 881.0, -69.0, 111.0, 908.0, -69.0, 102, 0, 204
L 139.0, 852.0, -69.0, 139.0, 881.0, -69.0, 102, 0, 204
L 177.0, 850.5, -70.0, 177.0, 852.0, -70.0, 102, 0, 204
L 139.0, 840.0, -70.0, 177.0, 840.0, -70.0, 102, 0, 204
L 177.0, 852.0, -70.0, 139.0, 852.0, -70.0, 102, 0, 204
L 177.0, 840.6, -70.0, 177.0, 840.0, -70.0, 102, 0, 204
L 238.0, 352.7, -38.1, 228.1, 350.8, -38.1, 178, 102, 255
L 228.1, 350.8, -38.1, 218.1, 356.8, -38.8, 178, 102, 255
L 218.1, 356.8, -38.8, 211.5, 350.8, -38.2, 178, 102, 255
L 211.5, 350.8, -38.2, 205.1, 350.1, -38.7, 178, 102, 255
L 205.1, 350.1, -38.7, 201.4, 339.2, -42.0, 178, 102, 255
L 201.4, 339.2, -42.0, 189.8, 346.2, -42.0, 178, 102, 255
L 189.8, 346.2, -42.0, 188.3, 352.7, -40.8, 178, 102, 255
L 188.3, 352.7, -40.8, 178.1, 356.2, -41.7, 178, 102, 255
L 178.1, 356.2, -41.7, 174.1, 354.8, -40.1, 178, 102, 255
L 174.1, 354.8, -40.1, 167.7, 358.8, -41.2, 178, 102, 255
L 167.7, 358.8, -41.2, 161.6, 356.7, -40.6, 178, 102, 255
L 161.6, 356.7, -40.6, 156.1, 351.3, -38.1, 178, 102, 255
L 156.1, 351.3, -38.1, 154.2, 354.0, -38.8, 178, 102, 255
L 154.2, 354.0, -38.7, 151.5, 352.6, -39.8, 178, 102, 255
L 227.4, 445.0, -42.0, 212.9, 465.5, -42.0, 150, 150, 150
L 212.9, 465.5, -42.0, 216.6, 469.6, -42.0, 150, 150, 150
L 216.6, 469.6, -42.0, 223.3, 469.2, -42.0, 150, 150, 150
L 223.3, 469.2, -42.0, 224.8, 466.6, -42.0, 150, 150, 150
L 224.8, 466.6, -42.0, 225.2, 461.3, -42.0, 150, 150, 150
L 225.2, 461.3, -42.0, 234.4, 451.0, -42.0, 150, 150, 150
L 234.4, 451.0, -42.0, 227.4, 445.0, -42.0, 150, 150, 150
L 162.9, 518.0, -42.0, 164.5, 521.5, -42.0, 178, 102, 255
L 164.5, 521.5, -42.0, 162.0, 525.9, -42.0, 178, 102, 255
L 162.0, 525.9, -42.0, 154.0, 526.6, -42.0, 178, 102, 255
L 178.0, 1004.8, -68.0, 181.1, 991.9, -71.9, 150, 150, 150
L 181.1, 991.9, -71.9, 198.8, 997.1, -69.9, 150, 150, 150
L 179.1, 952.0, -70.0, 183.4, 964.6, -71.3, 150, 150, 150
L 183.4, 964.6, -71.3, 161.1, 969.0, -71.4, 150, 150, 150
L 161.1, 969.0, -71.4, 160.4, 963.8, -70.3, 150, 150, 150
L 160.4, 963.8, -70.3, 150.5, 966.2, -71.3, 150, 150, 150
L 150.5, 966.2, -71.3, 150.1, 959.7, -71.2, 150, 150, 150
L 150.1, 959.7, -71.2, 160.6, 958.3, -66.1, 150, 150, 150
L 160.6, 958.3, -66.1, 157.9, 952.0, -70.0, 150, 150, 150
L 237.0, 887.5, -69.0, 229.6, 882.3, -70.0, 102, 0, 204
L 229.6, 882.3, -70.0, 224.2, 870.6, -70.0, 102, 0, 204
L 224.2, 870.6, -70.0, 235.1, 867.9, -70.0, 102, 0, 204
L 235.1, 867.9, -70.0, 237.0, 873.4, -69.0, 102, 0, 204
L 132.2, 708.1, -70.0, 150.0, 712.0, -71.0, 150, 150, 150
L 106.3, 767.4, -70.4, 124.9, 755.2, -72.7, 150, 150, 150
L 124.9, 755.2, -72.7, 124.0, 737.2, -72.1, 150, 150, 150
L 124.0, 737.2, -72.1, 106.5, 733.9, -70.5, 150, 150, 150
L -17.4, 700.0, -70.0, -17.4, 704.7, -70.0, 150, 150, 150
L -17.4, 704.7, -70.0, -18.8, 707.1, -70.0, 150, 150, 150
L -18.8, 707.1, -70.0, -23.6, 706.5, -67.4, 150, 150, 150
L -23.6, 706.5, -67.4, -29.8, 702.8, -70.0, 150, 150, 150
L -29.8, 702.8, -70.0, -28.0, 693.4, -70.0, 150, 150, 150
L -28.0, 675.0, -70.0, -41.1, 668.2, -69.6, 150, 150, 150
L -41.0, 734.3, -70.0, -41.0, 712.0, -70.0, 102, 0, 204
L -41.0, 734.3, -70.0, -28.9, 734.0, -69.4, 150, 150, 150
L -98.0, 687.2, -70.0, -101.6, 683.8, -70.0, 150, 150, 150
L -101.6, 683.8, -70.0, -97.5, 672.8, -69.7, 150, 150, 150
L -97.5, 672.8, -69.7, -87.9, 663.4, -70.0, 150, 150, 150
L -87.9, 663.4, -70.0, -84.0, 666.6, -70.0, 150, 150, 150
L -84.0, 658.2, -70.0, -95.2, 660.2, -69.7, 150, 150, 150
L -95.2, 660.2, -69.7, -107.0, 657.5, -70.0, 150, 150, 150
L -107.0, 657.5, -70.0, -113.9, 650.4, -70.0, 150, 150, 150
L -113.9, 650.4, -70.0, -115.3, 644.0, -70.0, 150, 150, 150
L -121.0, 644.0, -70.0, -124.8, 652.4, -70.0, 150, 150, 150
L -124.8, 652.4, -70.0, -133.4, 664.3, -70.0, 150, 150, 150
L -133.4, 664.3, -70.0, -139.0, 664.0, -70.0, 150, 150, 150
L -111.0, 695.0, -70.0, -101.3, 701.8, -70.0, 150, 150, 150
L -101.3, 701.8, -70.0, -99.6, 709.7, -70.0, 150, 150, 150
L -99.6, 709.7, -70.0, -104.1, 710.1, -70.0, 150, 150, 150
L -104.1, 710.1, -70.0, -106.8, 712.0, -70.0, 150, 150, 150
L 84.9, 576.2, -71.0, 90.2, 573.2, -70.0, 150, 150, 150
L 90.2, 573.2, -70.0, 89.0, 562.9, -70.0, 150, 150, 150
L 89.0, 562.9, -70.0, 84.9, 561.2, -70.0, 150, 150, 150
L 111.1, 517.9, -70.0, 95.8, 519.9, -70.0, 150, 150, 150
L 95.8, 519.9, -70.0, 103.1, 497.6, -67.7, 150, 150, 150
L 103.1, 497.6, -67.7, 106.8, 488.8, -68.1, 150, 150, 150
L 106.8, 488.8, -68.1, 113.6, 490.2, -67.8, 150, 150, 150
L 113.6, 490.2, -67.8, 129.2, 499.3, -67.0, 150, 150, 150
L 139.0, 480.9, -67.7, 133.7, 479.8, -67.9, 150, 150, 150
L 133.7, 479.8, -67.9, 135.8, 467.5, -68.4, 150, 150, 150
L 135.8, 467.5, -68.4, 139.0, 468.1, -68.3, 150, 150, 150
L 161.2, 431.3, -72.3, 154.8, 424.5, -74.3, 150, 150, 150
L 154.8, 424.5, -74.3, 155.8, 421.8, -74.7, 150, 150, 150
L 155.8, 421.8, -74.7, 163.2, 419.7, -75.0, 150, 150, 150
L 163.2, 419.7, -75.0, 165.6, 422.6, -71.2, 150, 150, 150
L 17.4, 386.6, -69.7, 8.6, 388.6, -68.3, 150, 150, 150
L 8.6, 388.6, -68.3, 4.7, 374.2, -70.4, 150, 150, 150
L -34.2, 394.0, -69.3, -35.0, 379.2, -70.1, 102, 0, 204
L -35.0, 379.2, -70.1, -51.1, 376.4, -70.0, 102, 0, 204
L -51.1, 376.4, -70.0, -54.2, 380.4, -70.0, 102, 0, 204
L -54.2, 380.4, -70.0, -57.7, 392.3, -70.0, 102, 0, 204
L 42.0, 502.6, -70.0, 46.8, 495.8, -70.0, 150, 150, 150
L 46.8, 495.8, -70.0, 53.9, 501.2, -70.0, 150, 150, 150
L 53.9, 501.2, -70.0, 52.3, 506.3, -66.8, 150, 150, 150
L 113.1, 442.3, -70.2, 111.7, 446.8, -68.1, 102, 0, 204
L 111.7, 446.8, -68.1, 105.2, 446.6, -70.2, 102, 0, 204
L 105.2, 446.6, -70.2, 104.4, 442.9, -70.4, 102, 0, 204
L 104.4, 442.9, -70.4, 98.9, 442.7, -70.5, 102, 0, 204
L 98.9, 442.7, -70.5, 96.3, 434.4, -70.9, 102, 0, 204
L 68.1, 740.8, -70.0, 68.1, 739.8, -70.0, 102, 0, 204
L 72.9, 739.8, -70.0, 68.1, 739.8, -70.0, 102, 0, 204
L 70.9, 745.6, -70.0, 72.9, 745.6, -70.0, 102, 0, 204
L 72.9, 739.8, -70.0, 72.9, 745.6, -70.0, 102, 0, 204
L 237.0, 873.4, -69.0, 237.0, 887.5, -69.0, 102, 0, 204
L 237.0, 887.5, -69.0, 237.0, 894.0, -69.0, 102, 0, 204
L 198.8, 997.1, -69.9, 181.0, 1006.0, -68.0, 102, 0, 204
L 178.0, 1004.8, -68.0, 147.0, 992.4, -68.5, 102, 0, 204
L 157.9, 952.0, -70.0, 140.0, 952.0, -70.0, 102, 0, 204
L 179.1, 952.0, -70.0, 157.9, 952.0, -70.0, 102, 0, 204
L -81.1, 839.6, -70.0, -81.1, 835.4, -70.0, 102, 0, 204
L -81.1, 839.6, -70.0, -77.9, 835.6, -70.0, 150, 150, 150
L 144.5, 991.4, -68.5, 127.8, 984.7, -68.8, 102, 0, 204
L 70.0, 947.0, -69.0, 72.0, 947.0, -69.0, 102, 0, 204
L 70.0, 947.0, -69.0, 70.0, 908.0, -69.0, 102, 0, 204
L 126.0, 966.0, -69.0, 111.0, 966.0, -69.0, 102, 0, 204
L 83.0, 947.0, -69.0, 83.0, 908.0, -69.0, 102, 0, 204
L 55.7, 960.9, -69.0, 60.5, 965.0, -69.0, 150, 150, 150
L 67.8, 960.1, -69.0, 63.7, 955.5, -69.0, 150, 150, 150
L 93.2, 967.3, -69.0, 92.6, 975.4, -69.0, 150, 150, 150
L 94.4, 965.9, -69.0, 93.2, 967.3, -69.0, 150, 150, 150
L 60.5, 965.0, -69.0, 67.8, 960.1, -69.0, 150, 150, 150
L 63.7, 955.5, -69.0, 55.7, 960.9, -69.0, 150, 150, 150
L 100.5, 968.5, -69.0, 94.4, 965.9, -69.0, 150, 150, 150
L 92.6, 975.4, -69.0, 96.3, 977.1, -69.0, 150, 150, 150
L 96.3, 977.1, -69.0, 100.7, 974.6, -69.0, 150, 150, 150
L 100.7, 974.6, -69.0, 100.5, 968.5, -69.0, 150, 150, 150
L 111.1, 1006.7, -69.0, 111.1, 978.0, -69.0, 102, 0, 204
L 28.9, 952.5, -69.0, 28.9, 1006.7, -69.0, 102, 0, 204
L 111.1, 965.7, -69.0, 111.1, 952.5, -69.0, 102, 0, 204
L 28.9, 1006.7, -69.0, 111.1, 1006.7, -69.0, 102, 0, 204
L 85.9, 952.5, -69.0, 111.1, 952.5, -69.0, 102, 0, 204
L 68.1, 952.5, -69.0, 28.9, 952.5, -69.0, 102, 0, 204
L 127.8, 984.7, -69.0, 111.1, 978.0, -69.0, 102, 0, 204
L 68.1, 952.5, -69.0, 68.2, 953.5, -69.0, 102, 0, 204
L 86.0, 953.5, -69.0, 81.2, 953.5, -69.0, 102, 0, 204
L 85.9, 952.5, -69.0, 86.0, 953.5, -69.0, 102, 0, 204
L 147.0, 992.4, -68.5, 144.5, 991.4, -68.5, 102, 0, 204
L 72.0, 953.5, -69.0, 68.2, 953.5, -69.0, 102, 0, 204
L 81.2, 953.5, -69.0, 81.2, 950.3, -69.0, 102, 0, 204
L 81.2, 947.0, -69.0, 83.0, 947.0, -69.0, 102, 0, 204
L 72.0, 947.0, -69.0, 72.0, 950.3, -69.0, 102, 0, 204
L 72.0, 950.3, -69.0, 72.0, 953.5, -69.0, 102, 0, 204
L 72.0, 950.3, -69.0, 75.1, 950.3, -69.0, 205, 133, 63
L 75.1, 948.6, -69.0, 75.1, 951.9, -69.0, 205, 133, 63
L 75.1, 948.6, -69.0, 78.1, 948.6, -69.0, 205, 133, 63
L 75.1, 951.9, -69.0, 78.1, 951.9, -69.0, 205, 133, 63
L 78.1, 948.6, -69.0, 78.1, 950.3, -69.0, 205, 133, 63
L 78.1, 950.3, -69.0, 78.1, 951.9, -69.0, 205, 133, 63
L 81.2, 950.3, -69.0, 81.2, 947.0, -69.0, 102, 0, 204
L 78.1, 950.3, -69.0, 81.2, 950.3, -69.0, 205, 133, 63
L -28.0, 675.0, -70.0, -28.0, 693.4, -70.0, 102, 0, 204
L -28.0, 693.4, -70.0, -28.0, 700.0, -70.0, 102, 0, 204
L -17.4, 700.0, -70.0, 24.0, 700.0, -70.0, 102, 0, 204
L -106.8, 712.0, -70.0, -111.0, 712.0, -70.0, 102, 0, 204
L -111.0, 695.0, -70.0, -111.0, 684.0, -70.0, 102, 0, 204
L -98.0, 687.2, -70.0, -98.0, 684.0, -70.0, 102, 0, 204
L -84.0, 666.6, -70.0, -84.0, 658.2, -70.0, 102, 0, 204
L -84.0, 658.2, -70.0, -84.0, 644.0, -70.0, 102, 0, 204
L -115.3, 644.0, -70.0, -121.0, 644.0, -70.0, 102, 0, 204
L -121.0, 644.0, -70.0, -139.0, 644.0, -70.0, 102, 0, 204
L -139.0, 664.0, -70.0, -139.0, 684.0, -70.0, 102, 0, 204
L -111.3, 567.9, -42.0, -111.3, 565.1, -42.0, 205, 133, 63
L -115.0, 567.9, -42.0, -113.2, 567.9, -42.0, 205, 133, 63
L -115.0, 567.9, -42.0, -115.0, 565.1, -42.0, 205, 133, 63
L -115.0, 565.1, -42.0, -113.2, 565.1, -42.0, 205, 133, 63
L -113.2, 567.9, -42.0, -111.3, 567.9, -42.0, 205, 133, 63
L -113.2, 571.7, -42.0, -116.9, 571.7, -42.0, 178, 102, 255
L -113.2, 567.9, -42.0, -113.2, 571.7, -42.0, 205, 133, 63
L -113.2, 565.1, -42.0, -111.3, 565.1, -42.0, 205, 133, 63
L -113.2, 561.8, -42.0, -116.9, 561.8, -42.0, 178, 102, 255
L -113.2, 565.1, -42.0, -113.2, 561.8, -42.0, 205, 133, 63
L 106.3, 767.4, -70.4, 105.5, 769.3, -71.4, 102, 0, 204
L 98.9, 771.6, -70.3, 91.8, 772.8, -68.4, 102, 0, 204
L 98.9, 771.6, -70.3, 86.8, 776.8, -66.9, 150, 150, 150
