L -72.0, -73.0, 9.0, -72.0, -76.0, 9.0, 0, 0, 0
L 199.0, -108.0, 2.0, 199.0, -111.0, 2.0, 0, 0, 0
L 207.0, -112.0, 2.0, 207.0, -109.0, 2.0, 0, 0, 0
L 171.0, -82.0, 2.0, 171.0, -86.0, 2.0, 0, 0, 0
L 186.0, -26.0, -32.0, 189.0, -26.0, -33.0, 178, 102, 255
L -5.0, -225.0, -35.0, -2.0, -225.0, -34.0, 204, 0, 204
L 203.0, 21.0, -112.0, 207.0, 21.0, -112.0, 204, 0, 204
L 216.0, 25.0, -36.0, 216.0, 21.0, -36.0, 204, 0, 204
L -43.0, 36.0, 2.0, -39.0, 37.0, 2.0, 0, 0, 0
L 209.0, -115.0, 2.0, 207.0, -112.0, 2.0, 0, 0, 0
L 220.0, 50.0, 2.0, 215.0, 50.0, 2.0, 0, 0, 0
L -369.0, -257.0, -125.0, -365.0, -258.0, -125.0, 178, 102, 255
L 103.0, -145.0, -34.0, 100.0, -143.0, -34.0, 204, 0, 204
L 158.0, -88.0, -34.0, 158.0, -83.0, -34.0, 204, 0, 204
L 80.0, -264.0, -34.0, 78.0, -261.0, -34.0, 204, 0, 204
L 101.0, -198.0, -34.0, 103.0, -195.0, -34.0, 204, 0, 204
L 20.0, 35.0, -51.0, 15.0, 30.0, -51.0, 178, 102, 255
L -44.0, -19.0, 2.0, -43.0, -24.0, 2.0, 0, 0, 0
L 196.0, -105.0, 2.0, 199.0, -108.0, 2.0, 0, 0, 0
L 207.0, -143.0, 2.0, 212.0, -142.0, 2.0, 0, 0, 0
L -360.0, -216.0, -125.0, -359.0, -220.0, -124.0, 178, 102, 255
L 16.0, -52.0, -46.0, 12.0, -50.0, -46.0, 178, 102, 255
L 135.0, -19.0, -32.0, 139.0, -21.0, -32.0, 178, 102, 255
L -13.0, 132.0, -34.0, -15.0, 128.0, -34.0, 178, 102, 255
L -76.0, -3.0, -35.0, -76.0, -9.0, -35.0, 178, 102, 255
L -88.0, 1.0, -34.0, -90.0, 5.0, -34.0, 178, 102, 255
L -7.0, 71.0, -51.0, -7.0, 65.0, -51.0, 0, 0, 153
L 82.0, 17.0, 3.0, 84.0, 13.0, 3.0, 150, 150, 150
L -49.0, 155.0, 2.0, -53.0, 152.0, 2.0, 0, 0, 0
L -247.0, 129.0, -159.0, -250.0, 125.0, -159.0, 0, 0, 255
L -250.0, 125.0, -159.0, -256.0, 126.0, -159.0, 0, 0, 255
L -91.0, -3.0, -34.0, -88.0, 1.0, -34.0, 178, 102, 255
L -90.0, 5.0, -34.0, -92.0, 10.0, -34.0, 178, 102, 255
L 22.0, 41.0, 3.0, 28.0, 41.0, 2.0, 150, 150, 150
L -47.0, -14.0, 2.0, -44.0, -19.0, 2.0, 0, 0, 0
L 173.0, -76.0, 2.0, 171.0, -82.0, 2.0, 0, 0, 0
L 186.0, -133.0, 2.0, 189.0, -138.0, 2.0, 0, 0, 0
L 212.0, -142.0, 2.0, 217.0, -139.0, 2.0, 0, 0, 0
L 207.0, -109.0, 2.0, 210.0, -104.0, 2.0, 0, 0, 0
L 286.0, -116.0, 2.0, 286.0, -108.0, 2.0, 0, 0, 0
L 209.0, -42.0, 2.0, 205.0, -38.0, 2.0, 0, 0, 0
L 88.0, -320.0, -170.0, 86.0, -321.0, -165.0, 0, 0, 255
L -132.0, -89.0, -37.0, -132.0, -82.0, -34.0, 178, 102, 255
L 134.0, -298.0, -34.0, 139.0, -295.0, -34.0, 204, 0, 204
L 142.0, -271.0, -34.0, 138.0, -267.0, -34.0, 204, 0, 204
L 326.0, 20.0, -36.0, 326.0, 28.0, -36.0, 204, 0, 204
L -15.0, 128.0, -34.0, -16.0, 121.0, -34.0, 178, 102, 255
L -70.0, 34.0, -37.0, -68.0, 40.0, -37.0, 178, 102, 255
L 163.0, 73.0, -112.0, 158.0, 76.0, -112.0, 204, 0, 204
L 56.0, 76.0, -56.0, 61.0, 78.0, -57.0, 0, 0, 153
L 138.0, 42.0, -34.0, 130.0, 42.0, -34.0, 178, 102, 255
L 110.0, -55.0, 3.0, 113.0, -60.0, 3.0, 150, 150, 150
L -53.0, 140.0, 2.0, -49.0, 135.0, 2.0, 0, 0, 0
L 120.0, -144.0, 2.0, 117.0, -138.0, 2.0, 0, 0, 0
L 117.0, -138.0, 2.0, 119.0, -131.0, 2.0, 0, 0, 0
L 177.0, -71.0, 2.0, 173.0, -76.0, 2.0, 0, 0, 0
L 200.0, -86.0, 2.0, 200.0, -77.0, 2.0, 0, 0, 0
L 199.0, -111.0, 2.0, 196.0, -117.0, 2.0, 0, 0, 0
L 186.0, -124.0, 2.0, 186.0, -133.0, 2.0, 0, 0, 0
L 222.0, -134.0, 2.0, 222.0, -125.0, 2.0, 0, 0, 0
L 246.0, -61.0, 2.0, 237.0, -61.0, 2.0, 0, 0, 0
L 209.0, -48.0, 5.0, 209.0, -42.0, 2.0, 0, 0, 0
L 225.0, 54.0, 0.0, 220.0, 50.0, 2.0, 0, 0, 0
L -201.0, -202.0, -89.0, -204.0, -196.0, -89.0, 102, 0, 204
L 6.0, 8.0, -51.0, 10.0, 13.0, -51.0, 178, 102, 255
L 124.0, 0.0, -34.0, 124.0, -9.0, -34.0, 178, 102, 255
L -244.0, -86.0, -131.0, -239.0, -90.0, -131.0, 127, 64, 0
L -14.0, 49.0, -56.0, -7.0, 48.0, -55.0, 0, 0, 153
L 171.0, -9.0, -32.0, 162.0, -9.0, -32.0, 178, 102, 255
L 91.0, -95.0, 3.0, 88.0, -89.0, 3.0, 150, 150, 150
L -30.0, 29.0, 2.0, -37.0, 26.0, 2.0, 0, 0, 0
L -37.0, 26.0, 2.0, -42.0, 21.0, 2.0, 0, 0, 0
L 119.0, -131.0, 2.0, 125.0, -127.0, 2.0, 0, 0, 0
L 200.0, -77.0, 2.0, 194.0, -73.0, 2.0, 0, 0, 0
L 197.0, -143.0, 2.0, 207.0, -143.0, 2.0, 0, 0, 0
L 217.0, -139.0, 2.0, 222.0, -134.0, 2.0, 0, 0, 0
L 205.0, -38.0, 2.0, 195.0, -38.0, 2.0, 0, 0, 0
L 130.0, -16.0, -34.0, 135.0, -19.0, -32.0, 178, 102, 255
L 24.0, -152.0, -34.0, 21.0, -159.0, -34.0, 204, 0, 204
L -76.0, -9.0, -35.0, -79.0, -16.0, -35.0, 178, 102, 255
L -75.0, 29.0, -37.0, -70.0, 34.0, -37.0, 178, 102, 255
L -123.0, -1.0, -34.0, -126.0, -8.0, -34.0, 178, 102, 255
L -126.0, -8.0, -34.0, -125.0, -17.0, -34.0, 178, 102, 255
L -369.0, -96.0, -126.0, -367.0, -88.0, -126.0, 102, 0, 204
L 170.0, -52.0, -144.0, 169.0, -61.0, -147.0, 102, 0, 204
L 353.0, -145.0, -122.0, 363.0, -145.0, -122.0, 102, 0, 204
L 353.0, -209.0, -122.0, 345.0, -207.0, -122.0, 102, 0, 204
L -408.0, -68.0, -126.0, -406.0, -64.0, -130.0, 102, 0, 204
L 0.0, -44.0, -48.0, 1.0, -51.0, -46.0, 178, 102, 255
L 98.0, 36.0, -34.0, 99.0, 45.0, -34.0, 178, 102, 255
L 17.0, 5.0, 3.0, 22.0, 10.0, 3.0, 150, 150, 150
L -71.0, 20.0, 2.0, -71.0, 31.0, 2.0, 0, 0, 0
L 286.0, -108.0, 2.0, 280.0, -103.0, 2.0, 0, 0, 0
L 178.0, -49.0, 2.0, 183.0, -55.0, 2.0, 0, 0, 0
L -334.0, 215.0, -159.0, -324.0, 216.0, -159.0, 102, 0, 204
L -22.0, -292.0, -76.0, -22.0, -297.0, -70.0, 102, 0, 204
L 113.0, -107.0, -34.0, 106.0, -111.0, -34.0, 204, 0, 204
L 70.0, -246.0, -34.0, 73.0, -238.0, -34.0, 204, 0, 204
L 147.0, 131.0, -112.0, 141.0, 136.0, -112.0, 204, 0, 204
L 393.0, -169.0, -122.0, 394.0, -179.0, -122.0, 102, 0, 204
L -58.0, 60.0, -44.0, -69.0, 60.0, -44.0, 0, 0, 153
L 220.0, 14.0, -34.0, 220.0, 5.0, -34.0, 204, 0, 204
L -53.0, 152.0, 2.0, -53.0, 140.0, 2.0, 0, 0, 0
L -72.0, -76.0, 9.0, -74.0, -84.0, 7.0, 0, 0, 0
L 154.0, -132.0, 2.0, 161.0, -127.0, 2.0, 0, 0, 0
L 177.0, -93.0, 2.0, 189.0, -93.0, 2.0, 0, 0, 0
L -301.0, 213.0, -160.0, -296.0, 207.0, -161.0, 102, 0, 204
L -283.0, -222.0, -112.0, -273.0, -221.0, -111.0, 178, 102, 255
L 11.0, -38.0, -48.0, 8.0, -30.0, -49.0, 178, 102, 255
L 15.0, -9.0, -52.0, 10.0, -4.0, -50.0, 178, 102, 255
L 10.0, 13.0, -51.0, 22.0, 13.0, -51.0, 178, 102, 255
L 21.0, -159.0, -34.0, 24.0, -168.0, -34.0, 204, 0, 204
L -95.0, -36.0, -34.0, -91.0, -28.0, -34.0, 178, 102, 255
L 142.0, 148.0, -112.0, 146.0, 156.0, -112.0, 204, 0, 204
L -168.0, -114.0, -135.0, -177.0, -114.0, -132.0, 127, 64, 0
L 181.0, 83.0, -62.0, 179.0, 73.0, -62.0, 204, 0, 204
L -116.0, 73.0, 2.0, -129.0, 73.0, 2.0, 0, 0, 0
L -43.0, -24.0, 2.0, -50.0, -29.0, 1.0, 0, 0, 0
L 72.0, -153.0, 2.0, 81.0, -149.0, 2.0, 0, 0, 0
L 95.0, -153.0, 2.0, 107.0, -152.0, 2.0, 0, 0, 0
L 171.0, -86.0, 2.0, 177.0, -93.0, 2.0, 0, 0, 0
L 194.0, -73.0, 2.0, 205.0, -71.0, 2.0, 0, 0, 0
L 189.0, -138.0, 2.0, 197.0, -143.0, 2.0, 0, 0, 0
L 224.0, -97.0, 2.0, 233.0, -101.0, 2.0, 0, 0, 0
L 266.0, -123.0, 2.0, 279.0, -123.0, 2.0, 0, 0, 0
L 254.0, -108.0, 2.0, 246.0, -103.0, 2.0, 0, 0, 0
L 236.0, -91.0, 2.0, 233.0, -81.0, 2.0, 0, 0, 0
L 195.0, -38.0, 2.0, 186.0, -42.0, 2.0, 0, 0, 0
L -30.0, 154.0, 2.0, -24.0, 154.0, 2.0, 0, 0, 0
L -246.0, -95.0, -131.0, -238.0, -100.0, -131.0, 127, 64, 0
L -6.0, -310.0, -75.0, -5.0, -298.0, -75.0, 102, 0, 204
L 40.0, -339.0, -124.0, 53.0, -339.0, -124.0, 102, 0, 204
L 17.0, -20.0, -52.0, 15.0, -9.0, -52.0, 178, 102, 255
L 119.0, 13.0, -34.0, 130.0, 11.0, -34.0, 178, 102, 255
L 124.0, -9.0, -34.0, 130.0, -16.0, -34.0, 178, 102, 255
L 139.0, -21.0, -32.0, 146.0, -16.0, -31.0, 178, 102, 255
L 148.0, -116.0, -34.0, 154.0, -109.0, -34.0, 204, 0, 204
L 32.0, -113.0, -34.0, 29.0, -123.0, -34.0, 204, 0, 204
L 95.0, -205.0, -34.0, 101.0, -198.0, -34.0, 204, 0, 204
L -70.0, -22.0, -37.0, -66.0, -30.0, -38.0, 178, 102, 255
L 141.0, 136.0, -112.0, 142.0, 148.0, -112.0, 204, 0, 204
L 190.0, -88.0, -144.0, 177.0, -88.0, -147.0, 204, 0, 204
L 394.0, -179.0, -122.0, 391.0, -189.0, -122.0, 102, 0, 204
L -7.0, 48.0, -55.0, 4.0, 49.0, -56.0, 0, 0, 153
L 216.0, 21.0, -36.0, 220.0, 14.0, -34.0, 204, 0, 204
L 75.0, 45.0, -34.0, 74.0, 33.0, -34.0, 178, 102, 255
L 113.0, 1.0, 3.0, 121.0, -4.0, 3.0, 150, 150, 150
L 20.0, -5.0, 3.0, 17.0, 5.0, 3.0, 150, 150, 150
L -49.0, 169.0, 2.0, -49.0, 155.0, 2.0, 0, 0, 0
L 279.0, -123.0, 2.0, 286.0, -116.0, 2.0, 0, 0, 0
L 280.0, -103.0, 2.0, 266.0, -103.0, 2.0, 0, 0, 0
L 233.0, -81.0, 2.0, 246.0, -82.0, 2.0, 0, 0, 0
L 137.0, -243.0, -169.0, 141.0, -252.0, -168.0, 0, 0, 255
L -273.0, -221.0, -111.0, -274.0, -210.0, -109.0, 178, 102, 255
L -133.0, -71.0, -151.0, -133.0, -67.0, -158.0, 102, 0, 204
L 73.0, -238.0, -34.0, 76.0, -227.0, -34.0, 204, 0, 204
L 76.0, -207.0, -34.0, 83.0, -200.0, -34.0, 204, 0, 204
L 103.0, -195.0, -34.0, 103.0, -181.0, -34.0, 204, 0, 204
L -68.0, 40.0, -37.0, -58.0, 44.0, -37.0, 178, 102, 255
L -78.0, 125.0, -138.0, -78.0, 125.0, -128.0, 102, 0, 204
L 178.0, -64.0, -147.0, 190.0, -68.0, -144.0, 204, 0, 204
L -364.0, -75.0, -126.0, -377.0, -76.0, -126.0, 102, 0, 204
L -85.0, 35.0, -43.0, -74.0, 38.0, -43.0, 0, 0, 153
L -42.0, 52.0, -44.0, -32.0, 56.0, -44.0, 0, 0, 153
L 21.0, 65.0, -56.0, 29.0, 71.0, -56.0, 0, 0, 153
L 220.0, 3.0, -34.0, 210.0, -1.0, -34.0, 204, 0, 204
L 115.0, -46.0, 3.0, 110.0, -55.0, 3.0, 150, 150, 150
L 73.0, 48.0, 3.0, 71.0, 36.0, 3.0, 150, 150, 150
L -59.0, 21.0, 2.0, -69.0, 16.0, 2.0, 0, 0, 0
L 139.0, -132.0, 2.0, 154.0, -132.0, 2.0, 0, 0, 0
L 217.0, -80.0, 2.0, 212.0, -90.0, 2.0, 0, 0, 0
L 242.0, -114.0, 2.0, 254.0, -117.0, 2.0, 0, 0, 0
L 237.0, -61.0, 2.0, 228.0, -67.0, 2.0, 0, 0, 0
L 186.0, -42.0, 2.0, 178.0, -49.0, 2.0, 0, 0, 0
L -425.0, -53.0, -126.0, -422.0, -65.0, -126.0, 102, 0, 204
L -238.0, -100.0, -131.0, -229.0, -106.0, -131.0, 127, 64, 0
L 12.0, -50.0, -46.0, 11.0, -38.0, -48.0, 178, 102, 255
L -91.0, -28.0, -34.0, -103.0, -25.0, -34.0, 178, 102, 255
L 155.0, 57.0, -143.0, 158.0, 48.0, -146.0, 102, 0, 204
L -74.0, 38.0, -43.0, -70.0, 48.0, -42.0, 0, 0, 153
L 51.0, 97.0, -51.0, 43.0, 90.0, -51.0, 0, 0, 153
L -3.0, 0.0, -50.0, -6.0, -10.0, -52.0, 178, 102, 255
L 71.0, 36.0, 3.0, 76.0, 26.0, 3.0, 150, 150, 150
L 76.0, 26.0, 3.0, 82.0, 17.0, 3.0, 150, 150, 150
L 84.0, 13.0, 3.0, 94.0, 8.0, 3.0, 150, 150, 150
L -49.0, 135.0, 2.0, -49.0, 119.0, 2.0, 0, 0, 0
L 86.0, -321.0, -165.0, 79.0, -316.0, -169.0, 0, 0, 255
L -373.0, -245.0, -125.0, -369.0, -257.0, -125.0, 178, 102, 255
L 22.0, 13.0, -51.0, 26.0, 23.0, -53.0, 178, 102, 255
L -15.0, 32.0, -34.0, -27.0, 28.0, -34.0, 178, 102, 255
L -82.0, 95.0, -37.0, -95.0, 98.0, -37.0, 178, 102, 255
L -150.0, 39.0, -36.0, -142.0, 32.0, -37.0, 178, 102, 255
L -4.0, 15.0, -50.0, -3.0, 0.0, -50.0, 178, 102, 255
L 162.0, -9.0, -32.0, 151.0, -4.0, -32.0, 178, 102, 255
L 143.0, 31.0, -34.0, 138.0, 42.0, -34.0, 178, 102, 255
L 33.0, 33.0, -52.0, 20.0, 35.0, -51.0, 178, 102, 255
L 34.0, -69.0, 2.0, 32.0, -57.0, 0.0, 150, 150, 150
L 24.0, -47.0, -2.0, 27.0, -34.0, -2.0, 150, 150, 150
L -39.0, 37.0, 2.0, -30.0, 29.0, 2.0, 0, 0, 0
L -42.0, 21.0, 2.0, -59.0, 21.0, 2.0, 0, 0, 0
L -61.0, -101.0, 5.0, -61.0, -118.0, 5.0, 0, 0, 0
L -61.0, -118.0, 5.0, -58.0, -132.0, 5.0, 0, 0, 0
L 161.0, -72.0, 2.0, 177.0, -71.0, 2.0, 0, 0, 0
L 196.0, -117.0, 2.0, 186.0, -124.0, 2.0, 0, 0, 0
L 266.0, -103.0, 2.0, 254.0, -108.0, 2.0, 0, 0, 0
L 269.0, -75.0, 2.0, 276.0, -65.0, 2.0, 0, 0, 0
L -274.0, 187.0, -159.0, -264.0, 181.0, -160.0, 102, 0, 204
L 86.0, -283.0, -178.0, 89.0, -295.0, -176.0, 0, 0, 255
L 20.0, -325.0, -111.0, 27.0, -332.0, -114.0, 102, 0, 204
L -29.0, -261.0, -84.0, -29.0, -275.0, -81.0, 102, 0, 204
L 10.0, -4.0, -50.0, 6.0, 8.0, -51.0, 178, 102, 255
L 130.0, 11.0, -34.0, 124.0, 0.0, -34.0, 178, 102, 255
L 221.0, -46.0, -34.0, 218.0, -60.0, -34.0, 204, 0, 204
L 137.0, -122.0, -34.0, 148.0, -116.0, -34.0, 204, 0, 204
L 7.0, -235.0, -26.0, 23.0, -236.0, -26.0, 204, 0, 204
L 71.0, -269.0, -34.0, 79.0, -278.0, -34.0, 204, 0, 204
L 83.0, -200.0, -34.0, 95.0, -205.0, -34.0, 204, 0, 204
L -79.0, -16.0, -35.0, -70.0, -22.0, -37.0, 178, 102, 255
L -316.0, -124.0, -126.0, -308.0, -116.0, -127.0, 178, 102, 255
L -333.0, -57.0, -126.0, -336.0, -43.0, -126.0, 102, 0, 204
L 146.0, 156.0, -112.0, 149.0, 168.0, -110.0, 204, 0, 204
L -32.0, 56.0, -44.0, -28.0, 57.0, -56.0, 0, 0, 153
L 29.0, 71.0, -56.0, 41.0, 75.0, -57.0, 0, 0, 153
L 41.0, 75.0, -57.0, 56.0, 76.0, -56.0, 0, 0, 153
L 35.0, 82.0, -57.0, 26.0, 79.0, -52.0, 0, 0, 153
L 6.0, 21.0, -51.0, -4.0, 15.0, -50.0, 178, 102, 255
L 138.0, -1.0, -34.0, 139.0, 15.0, -34.0, 178, 102, 255
L 115.0, -29.0, 3.0, 115.0, -46.0, 3.0, 150, 150, 150
L 81.0, -149.0, 2.0, 95.0, -153.0, 2.0, 0, 0, 0
L 189.0, -93.0, 2.0, 200.0, -86.0, 2.0, 0, 0, 0
L 254.0, -117.0, 2.0, 266.0, -123.0, 2.0, 0, 0, 0
L 260.0, -65.0, 2.0, 246.0, -61.0, 2.0, 0, 0, 0
L 214.0, -56.0, 2.0, 196.0, -56.0, 2.0, 0, 0, 0
L 183.0, -55.0, 2.0, 165.0, -56.0, 2.0, 0, 0, 0
L -369.0, -231.0, -125.0, -373.0, -245.0, -125.0, 178, 102, 255
L -9.0, -281.0, -79.0, -7.0, -268.0, -82.0, 102, 0, 204
L -57.0, -52.0, -34.0, -72.0, -55.0, -34.0, 178, 102, 255
L -377.0, -76.0, -126.0, -393.0, -74.0, -126.0, 102, 0, 204
L 15.0, 30.0, -51.0, 6.0, 21.0, -51.0, 178, 102, 255
L 179.0, 73.0, -62.0, 192.0, 68.0, -62.0, 204, 0, 204
L 151.0, -4.0, -32.0, 138.0, -1.0, -34.0, 178, 102, 255
L 108.0, -94.0, 3.0, 91.0, -95.0, 3.0, 150, 150, 150
L 125.0, -127.0, 2.0, 139.0, -132.0, 2.0, 0, 0, 0
L 131.0, -305.0, -170.0, 115.0, -306.0, -168.0, 0, 0, 255
L 115.0, -306.0, -168.0, 104.0, -299.0, -169.0, 0, 0, 255
L 89.0, -295.0, -176.0, 99.0, -303.0, -175.0, 0, 0, 255
L -39.0, -3.0, -177.0, -46.0, 9.0, -177.0, 0, 0, 255
L -289.0, 123.0, -167.0, -297.0, 134.0, -167.0, 0, 0, 255
L -365.0, -258.0, -125.0, -349.0, -261.0, -125.0, 178, 102, 255
L -252.0, -231.0, -87.0, -245.0, -242.0, -86.0, 102, 0, 204
L -224.0, -259.0, -86.0, -206.0, -260.0, -86.0, 102, 0, 204
L -211.0, -190.0, -90.0, -215.0, -203.0, -89.0, 102, 0, 204
L 100.0, -143.0, -34.0, 106.0, -130.0, -34.0, 204, 0, 204
L -95.0, 98.0, -37.0, -111.0, 95.0, -37.0, 178, 102, 255
L -232.0, 67.0, -122.0, -211.0, 70.0, -113.0, 102, 0, 204
L 164.0, -252.0, -155.0, 166.0, -269.0, -155.0, 102, 0, 204
L -17.0, 63.0, -59.0, -28.0, 66.0, -64.0, 0, 0, 153
L 88.0, -89.0, 3.0, 75.0, -83.0, 3.0, 150, 150, 150
L 27.0, -34.0, -2.0, 20.0, -27.0, 3.0, 150, 150, 150
L 28.0, 41.0, 2.0, 27.0, 58.0, 3.0, 150, 150, 150
L -50.0, -29.0, 1.0, -66.0, -30.0, -2.0, 0, 0, 255
L 166.0, 76.0, 2.0, 147.0, 77.0, 2.0, 0, 0, 0
L -30.0, 134.0, 2.0, -30.0, 154.0, 2.0, 0, 0, 0
L 64.0, -265.0, -154.0, 59.0, -245.0, -157.0, 0, 0, 255
L -195.0, -133.0, -119.0, -199.0, -144.0, -114.0, 127, 64, 0
L 76.0, -227.0, -34.0, 76.0, -207.0, -34.0, 204, 0, 204
L -239.0, 23.0, -112.0, -249.0, 31.0, -114.0, 102, 0, 204
L -78.0, 125.0, -128.0, -66.0, 129.0, -134.0, 102, 0, 204
L -185.0, -106.0, -131.0, -170.0, -104.0, -134.0, 127, 64, 0
L -7.0, 65.0, -51.0, -17.0, 63.0, -59.0, 0, 0, 153
L 259.0, 65.0, -42.0, 270.0, 63.0, -35.0, 204, 0, 204
L 139.0, 15.0, -34.0, 143.0, 31.0, -34.0, 178, 102, 255
L 32.0, -57.0, 0.0, 24.0, -47.0, -2.0, 150, 150, 150
L 107.0, -152.0, 2.0, 120.0, -144.0, 2.0, 0, 0, 0
L 205.0, -71.0, 2.0, 217.0, -80.0, 2.0, 0, 0, 0
L 210.0, -104.0, 2.0, 224.0, -97.0, 2.0, 0, 0, 0
L 101.0, 152.0, 2.0, 101.0, 173.0, 2.0, 0, 0, 0
L -256.0, 126.0, -159.0, -272.0, 131.0, -159.0, 0, 0, 255
L -256.0, 102.0, -167.0, -240.0, 97.0, -167.0, 0, 0, 255
L 108.0, -127.0, -159.0, 101.0, -141.0, -159.0, 0, 0, 255
L -366.0, 58.0, -166.0, -368.0, 40.0, -167.0, 0, 0, 255
L 84.0, 13.0, -34.0, 99.0, 19.0, -34.0, 178, 102, 255
L 210.0, -36.0, -34.0, 221.0, -46.0, -34.0, 204, 0, 204
L -16.0, 121.0, -34.0, -12.0, 104.0, -34.0, 178, 102, 255
L -106.0, 20.0, -35.0, -101.0, 5.0, -34.0, 178, 102, 255
L -393.0, -74.0, -126.0, -408.0, -68.0, -126.0, 102, 0, 204
L -261.0, -82.0, -131.0, -244.0, -86.0, -131.0, 127, 64, 0
L -6.0, -10.0, -52.0, -2.0, -25.0, -50.0, 178, 102, 255
L 130.0, 42.0, -34.0, 117.0, 34.0, -34.0, 178, 102, 255
L 117.0, 34.0, -34.0, 98.0, 36.0, -34.0, 178, 102, 255
L -80.0, 28.0, 7.0, -71.0, 20.0, 2.0, 0, 0, 0
L 233.0, -101.0, 2.0, 242.0, -114.0, 2.0, 0, 0, 0
L 246.0, -103.0, 2.0, 236.0, -91.0, 2.0, 0, 0, 0
L -248.0, 195.0, -158.0, -243.0, 178.0, -158.0, 102, 0, 204
L 139.0, 21.0, -152.0, 149.0, 11.0, -154.0, 0, 0, 255
L -271.0, 127.0, -167.0, -289.0, 123.0, -167.0, 0, 0, 255
L -419.0, -38.0, -127.0, -425.0, -53.0, -126.0, 102, 0, 204
L -359.0, -220.0, -124.0, -369.0, -231.0, -125.0, 178, 102, 255
L 8.0, -30.0, -49.0, 17.0, -20.0, -52.0, 178, 102, 255
L 37.0, -143.0, -34.0, 24.0, -152.0, -34.0, 204, 0, 204
L 23.0, -236.0, -26.0, 34.0, -230.0, -31.0, 204, 0, 204
L 103.0, -181.0, -34.0, 116.0, -172.0, -34.0, 204, 0, 204
L -106.0, -32.0, -34.0, -116.0, -44.0, -34.0, 178, 102, 255
L 139.0, -323.0, -155.0, 117.0, -323.0, -155.0, 102, 0, 204
L -28.0, 57.0, -56.0, -14.0, 49.0, -56.0, 0, 0, 153
L 43.0, 90.0, -51.0, 35.0, 82.0, -57.0, 0, 0, 153
L 226.0, 116.0, -62.0, 221.0, 103.0, -58.0, 204, 0, 204
L 248.0, 39.0, -36.0, 226.0, 39.0, -36.0, 204, 0, 204
L 20.0, -27.0, 3.0, 20.0, -5.0, 3.0, 150, 150, 150
L 27.0, 58.0, 3.0, 38.0, 50.0, 0.0, 150, 150, 150
L -208.0, 162.0, 3.0, -208.0, 139.0, 3.0, 0, 0, 0
L -70.0, -14.0, 2.0, -47.0, -14.0, 2.0, 0, 0, 0
L 222.0, -125.0, 2.0, 209.0, -115.0, 2.0, 0, 0, 0
L 276.0, -65.0, 2.0, 283.0, -49.0, 2.0, 0, 0, 0
L 99.0, -303.0, -175.0, 106.0, -314.0, -170.0, 0, 0, 255
L -263.0, -89.0, -131.0, -246.0, -95.0, -131.0, 127, 64, 0
L 24.0, -168.0, -34.0, 2.0, -167.0, -34.0, 204, 0, 204
L 78.0, -261.0, -34.0, 70.0, -246.0, -34.0, 204, 0, 204
L 27.0, 167.0, -34.0, 15.0, 156.0, -34.0, 178, 102, 255
L -110.0, -7.0, -34.0, -91.0, -3.0, -34.0, 178, 102, 255
L -35.0, 48.0, -36.0, -24.0, 43.0, -47.0, 178, 102, 255
L -67.0, 87.0, -37.0, -82.0, 95.0, -37.0, 178, 102, 255
L -150.0, 62.0, -36.0, -150.0, 39.0, -36.0, 178, 102, 255
L 178.0, -212.0, -155.0, 199.0, -213.0, -154.0, 102, 0, 204
L 217.0, -221.0, -148.0, 232.0, -216.0, -145.0, 102, 0, 204
L 95.0, 125.0, -55.0, 77.0, 128.0, -53.0, 0, 0, 153
L -2.0, -25.0, -50.0, 0.0, -44.0, -48.0, 178, 102, 255
L 71.0, 136.0, -34.0, 82.0, 138.0, -44.0, 150, 150, 150
L 118.0, -81.0, 3.0, 108.0, -94.0, 3.0, 150, 150, 150
L 196.0, -56.0, 2.0, 209.0, -48.0, 5.0, 0, 0, 0
L 50.0, 173.0, 2.0, 48.0, 151.0, 2.0, 0, 0, 0
L -272.0, 131.0, -159.0, -271.0, 127.0, -167.0, 0, 0, 255
L -240.0, 97.0, -167.0, -225.0, 88.0, -167.0, 0, 0, 255
L -65.0, 15.0, -167.0, -67.0, 37.0, -167.0, 0, 0, 255
L 106.0, -314.0, -170.0, 88.0, -320.0, -170.0, 0, 0, 255
L 36.0, -273.0, -106.0, 29.0, -261.0, -101.0, 102, 0, 204
L 163.0, -25.0, -32.0, 186.0, -26.0, -32.0, 178, 102, 255
L 92.0, -276.0, -34.0, 80.0, -264.0, -34.0, 204, 0, 204
L 96.0, 212.0, -34.0, 84.0, 200.0, -34.0, 178, 102, 255
L 171.0, -5.0, -145.0, 171.0, -29.0, -145.0, 102, 0, 204
L -28.0, 66.0, -64.0, -32.0, 66.0, -44.0, 0, 0, 153
L 226.0, 39.0, -36.0, 216.0, 25.0, -36.0, 204, 0, 204
L 99.0, 45.0, -34.0, 75.0, 45.0, -34.0, 178, 102, 255
L 251.0, -49.0, 2.0, 260.0, -65.0, 2.0, 0, 0, 0
L 228.0, -67.0, 2.0, 214.0, -56.0, 2.0, 0, 0, 0
L -243.0, 178.0, -158.0, -240.0, 157.0, -159.0, 102, 0, 204
L -245.0, 84.0, -167.0, -269.0, 85.0, -167.0, 0, 0, 255
L -234.0, -241.0, -86.0, -243.0, -229.0, -87.0, 102, 0, 204
L -5.0, -298.0, -75.0, -9.0, -281.0, -79.0, 102, 0, 204
L 12.0, -269.0, -104.0, 14.0, -285.0, -111.0, 102, 0, 204
L 15.0, -76.0, -46.0, 16.0, -52.0, -46.0, 178, 102, 255
L 154.0, -109.0, -34.0, 158.0, -88.0, -34.0, 204, 0, 204
L 58.0, -230.0, -34.0, 66.0, -247.0, -34.0, 204, 0, 204
L 257.0, 17.0, -34.0, 278.0, 15.0, -36.0, 204, 0, 204
L -103.0, -25.0, -34.0, -110.0, -7.0, -34.0, 178, 102, 255
L -299.0, -29.0, -129.0, -277.0, -29.0, -126.0, 102, 0, 204
L 171.0, -29.0, -145.0, 170.0, -52.0, -144.0, 102, 0, 204
L 190.0, 151.0, -107.0, 176.0, 141.0, -108.0, 204, 0, 204
L -354.0, -64.0, -130.0, -364.0, -75.0, -126.0, 102, 0, 204
L -162.0, 53.0, 7.0, -137.0, 53.0, 6.0, 0, 0, 0
L -311.0, 80.0, -160.0, -331.0, 79.0, -155.0, 0, 0, 255
L -101.0, -314.0, -36.0, -111.0, -300.0, -37.0, 102, 0, 204
L -6.0, -76.0, -41.0, 15.0, -76.0, -46.0, 178, 102, 255
L 99.0, 19.0, -34.0, 119.0, 13.0, -34.0, 178, 102, 255
L 202.0, -103.0, -34.0, 179.0, -106.0, -34.0, 204, 0, 204
L 119.0, -250.0, -34.0, 100.0, -257.0, -34.0, 204, 0, 204
L -12.0, 104.0, -34.0, -8.0, 80.0, -34.0, 178, 102, 255
L -27.0, 28.0, -34.0, -51.0, 30.0, -34.0, 178, 102, 255
L -349.0, -121.0, -126.0, -351.0, -145.0, -126.0, 178, 102, 255
L -249.0, 31.0, -114.0, -258.0, 44.0, -118.0, 102, 0, 204
L 158.0, 76.0, -112.0, 147.0, 91.0, -112.0, 204, 0, 204
L 199.0, 43.0, -112.0, 203.0, 21.0, -112.0, 204, 0, 204
L -184.0, -131.0, -121.0, -190.0, -153.0, -113.0, 127, 64, 0
L 87.0, 85.0, -58.0, 102.0, 90.0, -52.0, 0, 0, 153
L 109.0, 114.0, -56.0, 95.0, 125.0, -55.0, 0, 0, 153
L 94.0, 8.0, 3.0, 113.0, 1.0, 3.0, 150, 150, 150
L 113.0, -60.0, 3.0, 118.0, -81.0, 3.0, 150, 150, 150
L 75.0, -83.0, 3.0, 58.0, -77.0, 0.0, 150, 150, 150
L -19.0, 118.0, 2.0, -30.0, 134.0, 2.0, 0, 0, 0
L -324.0, 216.0, -159.0, -301.0, 213.0, -160.0, 102, 0, 204
L 48.0, 102.0, -155.0, 72.0, 99.0, -155.0, 0, 0, 255
L 53.0, -339.0, -124.0, 59.0, -336.0, -142.0, 102, 0, 204
L 52.0, 25.0, -45.0, 70.0, 25.0, -36.0, 178, 102, 255
L 146.0, -16.0, -31.0, 163.0, -25.0, -32.0, 178, 102, 255
L -2.0, -225.0, -34.0, 7.0, -235.0, -26.0, 204, 0, 204
L 34.0, -230.0, -31.0, 58.0, -230.0, -34.0, 204, 0, 204
L 66.0, -247.0, -34.0, 71.0, -269.0, -34.0, 204, 0, 204
L 139.0, -295.0, -34.0, 142.0, -271.0, -34.0, 204, 0, 204
L 100.0, -257.0, -34.0, 92.0, -276.0, -34.0, 204, 0, 204
L -110.0, 32.0, -45.0, -85.0, 35.0, -43.0, 0, 0, 153
L 77.0, 128.0, -53.0, 66.0, 115.0, -56.0, 0, 0, 153
L 188.0, -18.0, -33.0, 171.0, -9.0, -32.0, 178, 102, 255
L 258.0, -28.0, 2.0, 251.0, -49.0, 2.0, 0, 0, 0
L -197.0, 11.0, -109.0, -182.0, -1.0, -110.0, 102, 0, 204
L 113.0, 66.0, -154.0, 123.0, 49.0, -155.0, 0, 0, 255
L 146.0, -295.0, -167.0, 131.0, -305.0, -170.0, 0, 0, 255
L -212.0, -246.0, -87.0, -234.0, -241.0, -86.0, 102, 0, 204
L 70.0, 25.0, -36.0, 84.0, 13.0, -34.0, 178, 102, 255
L 29.0, -123.0, -34.0, 37.0, -143.0, -34.0, 204, 0, 204
L 307.0, 11.0, -36.0, 326.0, 20.0, -36.0, 204, 0, 204
L -58.0, 44.0, -37.0, -35.0, 48.0, -36.0, 178, 102, 255
L -111.0, 95.0, -37.0, -131.0, 87.0, -37.0, 178, 102, 255
L -101.0, 5.0, -34.0, -123.0, -1.0, -34.0, 178, 102, 255
L -152.0, -67.0, -34.0, -152.0, -95.0, -34.0, 178, 102, 255
L -346.0, -72.0, -126.0, -333.0, -57.0, -126.0, 102, 0, 204
L 225.0, -33.0, -141.0, 223.0, -14.0, -134.0, 204, 0, 204
L 164.0, -94.0, -147.0, 150.0, -107.0, -149.0, 102, 0, 204
L 182.0, -243.0, -154.0, 164.0, -252.0, -155.0, 102, 0, 204
L -344.0, -222.0, -128.0, -356.0, -206.0, -125.0, 178, 102, 255
L -155.0, -107.0, -143.0, -168.0, -114.0, -135.0, 127, 64, 0
L 193.0, 99.0, -62.0, 181.0, 83.0, -62.0, 204, 0, 204
L 214.0, 57.0, -60.0, 234.0, 53.0, -56.0, 204, 0, 204
L 82.0, 138.0, -44.0, 75.0, 127.0, -54.0, 150, 150, 150
L 29.0, 134.0, 2.0, 0.0, 134.0, 2.0, 0, 0, 0
L -29.0, -275.0, -81.0, -22.0, -292.0, -76.0, 102, 0, 204
L -52.0, -189.0, -50.0, -64.0, -189.0, -56.0, 204, 0, 204
L 238.0, 182.0, -81.0, 253.0, 183.0, -81.0, 204, 0, 204
L 211.0, -80.0, -144.0, 190.0, -88.0, -144.0, 204, 0, 204
L 246.0, -82.0, 2.0, 269.0, -75.0, 2.0, 0, 0, 0
L -182.0, -1.0, -110.0, -153.0, 0.0, -110.0, 102, 0, 204
L -46.0, 9.0, -177.0, -64.0, 7.0, -167.0, 0, 0, 255
L -204.0, -196.0, -89.0, -195.0, -180.0, -94.0, 102, 0, 204
L -220.0, -175.0, -97.0, -211.0, -190.0, -90.0, 127, 64, 0
L 27.0, -332.0, -114.0, 40.0, -339.0, -124.0, 102, 0, 204
L 179.0, -106.0, -34.0, 164.0, -121.0, -34.0, 204, 0, 204
L 139.0, -103.0, -34.0, 113.0, -107.0, -34.0, 204, 0, 204
L 167.0, 18.0, -148.0, 171.0, -5.0, -145.0, 102, 0, 204
L 170.0, 29.0, -112.0, 179.0, 50.0, -112.0, 204, 0, 204
L 170.0, 119.0, -112.0, 169.0, 90.0, -112.0, 204, 0, 204
L -239.0, -90.0, -131.0, -221.0, -102.0, -131.0, 127, 64, 0
L 26.0, 79.0, -52.0, 13.0, 67.0, -57.0, 0, 0, 153
L 13.0, 67.0, -57.0, -7.0, 71.0, -51.0, 0, 0, 153
L 212.0, -90.0, 2.0, 196.0, -105.0, 2.0, 0, 0, 0
L -210.0, -4.0, -167.0, -182.0, -7.0, -167.0, 0, 0, 255
L 109.0, -232.0, -157.0, 107.0, -246.0, -172.0, 0, 0, 255
L -442.0, -5.0, -167.0, -453.0, 15.0, -167.0, 102, 0, 204
L 138.0, 71.0, -143.0, 155.0, 57.0, -143.0, 102, 0, 204
L 197.0, 72.0, -112.0, 199.0, 43.0, -112.0, 204, 0, 204
L 48.0, -178.0, -153.0, 58.0, -197.0, -155.0, 102, 0, 204
L 217.0, 151.0, -62.0, 226.0, 116.0, -62.0, 204, 0, 204
L 121.0, -4.0, 3.0, 115.0, -29.0, 3.0, 150, 150, 150
L 22.0, 10.0, 3.0, 22.0, 41.0, 3.0, 150, 150, 150
L -74.0, -84.0, 7.0, -61.0, -101.0, 5.0, 0, 0, 0
L 147.0, 77.0, 2.0, 124.0, 68.0, 2.0, 0, 0, 0
L -264.0, 181.0, -160.0, -248.0, 195.0, -158.0, 102, 0, 204
L -400.0, 93.0, -167.0, -378.0, 103.0, -167.0, 0, 0, 255
L 189.0, -26.0, -33.0, 210.0, -36.0, -34.0, 204, 0, 204
L 158.0, -83.0, -34.0, 139.0, -70.0, -34.0, 204, 0, 204
L 175.0, 185.0, -34.0, 210.0, 186.0, -38.0, 178, 102, 255
L -240.0, -6.0, -110.0, -239.0, 23.0, -112.0, 102, 0, 204
L 181.0, 17.0, -121.0, 170.0, 29.0, -112.0, 204, 0, 204
L 258.0, 153.0, -76.0, 237.0, 152.0, -86.0, 150, 150, 150
L 176.0, 141.0, -108.0, 170.0, 119.0, -112.0, 204, 0, 204
L 199.0, -213.0, -154.0, 217.0, -221.0, -148.0, 102, 0, 204
L 41.0, -244.0, -147.0, 52.0, -258.0, -154.0, 102, 0, 204
L -32.0, 66.0, -44.0, -58.0, 60.0, -44.0, 0, 0, 153
L 60.0, 115.0, -34.0, 71.0, 136.0, -34.0, 150, 150, 150
L -71.0, 31.0, 2.0, -43.0, 36.0, 2.0, 0, 0, 0
L 45.0, -284.0, -171.0, 58.0, -270.0, -177.0, 0, 0, 255
L 58.0, -270.0, -177.0, 84.0, -264.0, -178.0, 0, 0, 255
L -368.0, 40.0, -167.0, -352.0, 23.0, -167.0, 0, 0, 255
L -422.0, 82.0, -167.0, -400.0, 93.0, -167.0, 0, 0, 255
L -199.0, -116.0, -131.0, -195.0, -133.0, -119.0, 127, 64, 0
L 139.0, -70.0, -34.0, 139.0, -103.0, -34.0, 204, 0, 204
L 278.0, 15.0, -36.0, 307.0, 11.0, -36.0, 204, 0, 204
L -8.0, 44.0, -31.0, -15.0, 32.0, -34.0, 178, 102, 255
L 4.0, 49.0, -56.0, 21.0, 65.0, -56.0, 0, 0, 153
L 16.0, 83.0, -34.0, 35.0, 95.0, -34.0, 150, 150, 150
L -129.0, 73.0, 2.0, -139.0, 92.0, 7.0, 0, 0, 0
L -102.0, 7.0, -141.0, -114.0, -10.0, -136.0, 102, 0, 204
L -278.0, -69.0, -155.0, -266.0, -53.0, -161.0, 0, 0, 255
L 126.0, -156.0, -34.0, 103.0, -145.0, -34.0, 204, 0, 204
L -125.0, -17.0, -34.0, -106.0, -32.0, -34.0, 178, 102, 255
L 58.0, -197.0, -155.0, 50.0, -218.0, -150.0, 102, 0, 204
L -70.0, 48.0, -42.0, -42.0, 52.0, -44.0, 0, 0, 153
L 61.0, 78.0, -57.0, 87.0, 85.0, -58.0, 0, 0, 153
L 58.0, -77.0, 0.0, 34.0, -69.0, 2.0, 150, 150, 150
L -58.0, -132.0, 5.0, -44.0, -153.0, 5.0, 0, 0, 0
L 0.0, 134.0, 2.0, -19.0, 118.0, 2.0, 0, 0, 0
L -240.0, 157.0, -159.0, -247.0, 129.0, -159.0, 0, 0, 255
L 116.0, -205.0, -158.0, 109.0, -232.0, -157.0, 0, 0, 255
L -376.0, -197.0, -125.0, -360.0, -216.0, -125.0, 178, 102, 255
L -349.0, -261.0, -125.0, -332.0, -243.0, -125.0, 178, 102, 255
L 137.0, -132.0, -34.0, 126.0, -156.0, -34.0, 204, 0, 204
L -66.0, -30.0, -38.0, -57.0, -52.0, -34.0, 178, 102, 255
L 117.0, -323.0, -155.0, 109.0, -307.0, -166.0, 102, 0, 204
L -177.0, -114.0, -132.0, -184.0, -131.0, -121.0, 127, 64, 0
L 102.0, 90.0, -52.0, 109.0, 114.0, -56.0, 0, 0, 153
L 192.0, 68.0, -62.0, 214.0, 57.0, -60.0, 204, 0, 204
L -139.0, 138.0, 3.0, -151.0, 162.0, 3.0, 0, 0, 0
L 48.0, 151.0, 2.0, 29.0, 134.0, 2.0, 0, 0, 0
L 107.0, -246.0, -172.0, 137.0, -243.0, -169.0, 0, 0, 255
L -137.0, -43.0, -166.0, -133.0, -67.0, -158.0, 0, 0, 255
L 26.0, 23.0, -53.0, 52.0, 25.0, -45.0, 178, 102, 255
L -341.0, -93.0, -126.0, -349.0, -121.0, -126.0, 178, 102, 255
L 207.0, 21.0, -112.0, 220.0, 16.0, -130.0, 204, 0, 204
L 220.0, 16.0, -130.0, 235.0, -4.0, -131.0, 204, 0, 204
L 221.0, 103.0, -58.0, 193.0, 99.0, -62.0, 204, 0, 204
L -131.0, -13.0, -167.0, -137.0, -43.0, -166.0, 0, 0, 255
L 102.0, -293.0, -34.0, 134.0, -298.0, -34.0, 204, 0, 204
L 138.0, -267.0, -34.0, 119.0, -250.0, -34.0, 204, 0, 204
L -368.0, -169.0, -126.0, -331.0, -169.0, -126.0, 178, 102, 255
L -289.0, -77.0, -133.0, -312.0, -84.0, -126.0, 178, 102, 255
L -367.0, -88.0, -126.0, -346.0, -72.0, -126.0, 102, 0, 204
L 72.0, 122.0, -143.0, 92.0, 106.0, -144.0, 102, 0, 204
L 101.0, 173.0, 2.0, 77.0, 187.0, 2.0, 0, 0, 0
L -371.0, 215.0, -158.0, -334.0, 215.0, -159.0, 102, 0, 204
L -297.0, 134.0, -167.0, -313.0, 112.0, -167.0, 0, 0, 255
L -245.0, -242.0, -86.0, -224.0, -259.0, -86.0, 102, 0, 204
L 164.0, -121.0, -34.0, 137.0, -132.0, -34.0, 204, 0, 204
L 79.0, -278.0, -34.0, 102.0, -293.0, -34.0, 204, 0, 204
L -312.0, -84.0, -126.0, -341.0, -93.0, -126.0, 178, 102, 255
L 50.0, -218.0, -150.0, 41.0, -244.0, -147.0, 102, 0, 204
L 66.0, 115.0, -56.0, 51.0, 97.0, -51.0, 0, 0, 153
L -146.0, -13.0, -167.0, -122.0, 2.0, -167.0, 0, 0, 255
L 106.0, -130.0, -34.0, 137.0, -122.0, -34.0, 204, 0, 204
L 131.0, 212.0, -37.0, 96.0, 212.0, -34.0, 178, 102, 255
L -92.0, 10.0, -34.0, -75.0, 29.0, -37.0, 178, 102, 255
L 179.0, 50.0, -112.0, 163.0, 73.0, -112.0, 204, 0, 204
L 129.0, -127.0, -145.0, 128.0, -163.0, -143.0, 102, 0, 204
L -99.0, -3.0, 2.0, -70.0, -14.0, 2.0, 0, 0, 0
L 283.0, -49.0, 2.0, 322.0, -48.0, 2.0, 0, 0, 0
L 101.0, -141.0, -159.0, 89.0, -168.0, -158.0, 0, 0, 255
L -104.0, 0.0, -167.0, -131.0, -13.0, -167.0, 0, 0, 255
L -257.0, -149.0, -79.0, -252.0, -176.0, -87.0, 178, 102, 255
L -229.0, -106.0, -131.0, -199.0, -116.0, -131.0, 127, 64, 0
L 200.0, -4.0, -121.0, 181.0, 17.0, -121.0, 204, 0, 204
L 147.0, 91.0, -112.0, 147.0, 131.0, -112.0, 204, 0, 204
L -221.0, -102.0, -131.0, -185.0, -106.0, -131.0, 127, 64, 0
L 210.0, -1.0, -34.0, 188.0, -18.0, -33.0, 204, 0, 204
L 38.0, 50.0, 0.0, 73.0, 48.0, 3.0, 150, 150, 150
L -116.0, 28.0, 2.0, -80.0, 28.0, 7.0, 0, 0, 0
L 76.0, 136.0, 2.0, 101.0, 152.0, 2.0, 0, 0, 0
L 77.0, 187.0, 2.0, 50.0, 173.0, 2.0, 0, 0, 0
L 84.0, -264.0, -178.0, 107.0, -246.0, -172.0, 0, 0, 255
L -313.0, 112.0, -167.0, -311.0, 80.0, -160.0, 0, 0, 255
L -33.0, 140.0, -133.0, -5.0, 149.0, -129.0, 102, 0, 204
L 158.0, 48.0, -146.0, 167.0, 18.0, -148.0, 102, 0, 204
L 353.0, -49.0, 2.0, 332.0, -28.0, 2.0, 0, 0, 0
L 195.0, 68.0, 7.0, 166.0, 76.0, 2.0, 0, 0, 0
L -182.0, -7.0, -167.0, -146.0, -13.0, -167.0, 0, 0, 255
L -195.0, -180.0, -94.0, -180.0, -173.0, -114.0, 102, 0, 204
L -7.0, -268.0, -82.0, 12.0, -269.0, -104.0, 102, 0, 204
L -72.0, -55.0, -34.0, -95.0, -36.0, -34.0, 178, 102, 255
L 235.0, -4.0, -131.0, 237.0, -34.0, -141.0, 204, 0, 204
L 151.0, -301.0, -163.0, 139.0, -323.0, -155.0, 102, 0, 204
L 215.0, 50.0, 2.0, 195.0, 68.0, 7.0, 0, 0, 0
L 104.0, -299.0, -169.0, 86.0, -283.0, -178.0, 0, 0, 255
L -114.0, 6.0, -110.0, -102.0, 7.0, -141.0, 102, 0, 204
L -296.0, 207.0, -161.0, -274.0, 187.0, -159.0, 102, 0, 204
L -269.0, 85.0, -167.0, -271.0, 127.0, -167.0, 0, 0, 255
L -281.0, -160.0, -88.0, -257.0, -149.0, -79.0, 178, 102, 255
L -41.0, -74.0, -34.0, -6.0, -76.0, -41.0, 178, 102, 255
L 116.0, -172.0, -34.0, 159.0, -171.0, -34.0, 204, 0, 204
L -152.0, -95.0, -34.0, -130.0, -120.0, -37.0, 178, 102, 255
L -100.0, 102.0, 2.0, -116.0, 73.0, 2.0, 0, 0, 0
L -208.0, 139.0, 3.0, -163.0, 139.0, 3.0, 0, 0, 0
L -153.0, 0.0, -110.0, -114.0, 6.0, -110.0, 102, 0, 204
L -475.0, 97.0, -167.0, -444.0, 83.0, -167.0, 0, 0, 255
L -131.0, 87.0, -37.0, -150.0, 62.0, -36.0, 178, 102, 255
L -66.0, 129.0, -134.0, -33.0, 140.0, -133.0, 102, 0, 204
L 150.0, -107.0, -149.0, 129.0, -127.0, -145.0, 102, 0, 204
L 251.0, -226.0, -137.0, 227.0, -237.0, -147.0, 102, 0, 204
L 35.0, 95.0, -34.0, 60.0, 115.0, -34.0, 150, 150, 150
L -404.0, 228.0, -158.0, -371.0, 215.0, -158.0, 102, 0, 204
L -16.0, -72.0, -177.0, -25.0, -35.0, -177.0, 0, 0, 255
L -25.0, -35.0, -177.0, -39.0, -3.0, -177.0, 0, 0, 255
L -131.0, -114.0, -158.0, -133.0, -71.0, -151.0, 102, 0, 204
L 14.0, -285.0, -111.0, 20.0, -325.0, -111.0, 102, 0, 204
L 223.0, -14.0, -134.0, 200.0, -4.0, -121.0, 204, 0, 204
L 169.0, 90.0, -112.0, 197.0, 72.0, -112.0, 204, 0, 204
L 123.0, 49.0, -155.0, 139.0, 21.0, -152.0, 0, 0, 255
L -64.0, 7.0, -167.0, -104.0, 0.0, -167.0, 0, 0, 255
L 41.0, -298.0, -123.0, 36.0, -273.0, -106.0, 102, 0, 204
L 270.0, 63.0, -35.0, 248.0, 39.0, -36.0, 204, 0, 204
L -215.0, -203.0, -89.0, -212.0, -246.0, -87.0, 102, 0, 204
L -81.0, -332.0, -46.0, -101.0, -314.0, -36.0, 102, 0, 204
L -69.0, 16.0, 2.0, -99.0, -3.0, 2.0, 0, 0, 0
L 141.0, -252.0, -168.0, 146.0, -295.0, -167.0, 0, 0, 255
L -139.0, 92.0, 7.0, -139.0, 138.0, 3.0, 0, 0, 0
L -137.0, 53.0, 6.0, -116.0, 28.0, 2.0, 0, 0, 0
L -225.0, 88.0, -167.0, -215.0, 48.0, -167.0, 0, 0, 255
L -51.0, 65.0, -159.0, -27.0, 90.0, -158.0, 0, 0, 255
L 326.0, 28.0, -36.0, 299.0, 58.0, -36.0, 204, 0, 204
L -142.0, 32.0, -37.0, -106.0, 20.0, -35.0, 178, 102, 255
L 128.0, -163.0, -143.0, 137.0, -195.0, -152.0, 102, 0, 204
L -308.0, -116.0, -127.0, -287.0, -92.0, -133.0, 178, 102, 255
L 234.0, 53.0, -56.0, 259.0, 65.0, -42.0, 204, 0, 204
L -67.0, 37.0, -167.0, -51.0, 65.0, -159.0, 0, 0, 255
L -22.0, -297.0, -70.0, -31.0, -328.0, -58.0, 102, 0, 204
L 15.0, 156.0, -34.0, -13.0, 132.0, -34.0, 178, 102, 255
L -123.0, 131.0, -133.0, -78.0, 125.0, -138.0, 102, 0, 204
L -406.0, -64.0, -130.0, -354.0, -64.0, -130.0, 102, 0, 204
L -258.0, 44.0, -118.0, -232.0, 67.0, -122.0, 102, 0, 204
L 124.0, 68.0, 2.0, 77.0, 74.0, 1.0, 0, 0, 0
L -350.0, -22.0, -167.0, -406.0, -20.0, -167.0, 0, 0, 255
L 0.0, -243.0, -91.0, -29.0, -261.0, -84.0, 102, 0, 204
L -336.0, -43.0, -126.0, -299.0, -29.0, -129.0, 102, 0, 204
L -5.0, 149.0, -129.0, 34.0, 160.0, -125.0, 102, 0, 204
L 363.0, -145.0, -122.0, 393.0, -169.0, -122.0, 102, 0, 204
L 161.0, -127.0, 2.0, 161.0, -72.0, 2.0, 0, 0, 0
L -406.0, -20.0, -167.0, -442.0, -5.0, -167.0, 0, 0, 255
L -252.0, -176.0, -87.0, -252.0, -231.0, -87.0, 178, 102, 255
L 203.0, 182.0, -101.0, 238.0, 182.0, -81.0, 204, 0, 204
L 166.0, -269.0, -155.0, 151.0, -301.0, -163.0, 102, 0, 204
L 90.0, -280.0, -157.0, 109.0, -307.0, -166.0, 102, 0, 204
L 299.0, 153.0, -61.0, 258.0, 153.0, -76.0, 150, 150, 150
L -151.0, 162.0, 3.0, -208.0, 162.0, 3.0, 0, 0, 0
L -215.0, 48.0, -167.0, -210.0, -4.0, -167.0, 0, 0, 255
L 29.0, -261.0, -101.0, 0.0, -243.0, -91.0, 102, 0, 204
L 345.0, -207.0, -122.0, 292.0, -210.0, -123.0, 102, 0, 204
L -170.0, -104.0, -134.0, -144.0, -88.0, -149.0, 127, 64, 0
L -266.0, -53.0, -161.0, -240.0, -27.0, -167.0, 0, 0, 255
L -484.0, 60.0, -167.0, -487.0, 115.0, -167.0, 102, 0, 204
L 391.0, -189.0, -122.0, 353.0, -209.0, -122.0, 102, 0, 204
L 227.0, -237.0, -147.0, 182.0, -243.0, -154.0, 102, 0, 204
L 322.0, -48.0, 2.0, 328.0, -87.0, 2.0, 0, 0, 0
L -308.0, -5.0, -167.0, -350.0, -22.0, -167.0, 0, 0, 255
L 218.0, -60.0, -34.0, 202.0, -103.0, -34.0, 204, 0, 204
L -51.0, 30.0, -34.0, -76.0, -3.0, -35.0, 178, 102, 255
L -116.0, -44.0, -34.0, -152.0, -67.0, -34.0, 178, 102, 255
L 322.0, -172.0, -121.0, 353.0, -145.0, -122.0, 102, 0, 204
L 74.0, 33.0, -34.0, 33.0, 33.0, -52.0, 178, 102, 255
L -66.0, -30.0, -2.0, -72.0, -73.0, 9.0, 0, 0, 0
L -331.0, -169.0, -126.0, -316.0, -124.0, -126.0, 178, 102, 255
L 137.0, -195.0, -152.0, 178.0, -212.0, -155.0, 102, 0, 204
L -422.0, -65.0, -126.0, -387.0, -93.0, -126.0, 102, 0, 204
L -322.0, -236.0, -128.0, -283.0, -222.0, -112.0, 178, 102, 255
L 52.0, -258.0, -154.0, 64.0, -265.0, -154.0, 102, 0, 204
L 77.0, 74.0, 1.0, 76.0, 136.0, 2.0, 0, 0, 0
L 89.0, -168.0, -158.0, 116.0, -205.0, -158.0, 0, 0, 255
L 59.0, -336.0, -142.0, 85.0, -321.0, -165.0, 102, 0, 204
L 159.0, -171.0, -34.0, 207.0, -189.0, -37.0, 204, 0, 204
L 59.0, -245.0, -157.0, 59.0, -184.0, -161.0, 0, 0, 255
L 59.0, -184.0, -161.0, 59.0, -129.0, -172.0, 0, 0, 255
L -228.0, 35.0, -167.0, -245.0, 84.0, -167.0, 0, 0, 255
L -206.0, -260.0, -86.0, -201.0, -202.0, -89.0, 102, 0, 204
L -31.0, -328.0, -58.0, -81.0, -332.0, -46.0, 102, 0, 204
L -331.0, 79.0, -155.0, -366.0, 58.0, -166.0, 0, 0, 255
L -351.0, -145.0, -126.0, -369.0, -96.0, -126.0, 178, 102, 255
L -49.0, 119.0, 2.0, -100.0, 102.0, 2.0, 0, 0, 0
L 79.0, -316.0, -169.0, 45.0, -284.0, -171.0, 0, 0, 255
L -75.0, -44.0, -150.0, -91.0, -81.0, -134.0, 102, 0, 204
L -199.0, -144.0, -114.0, -220.0, -175.0, -97.0, 127, 64, 0
L 217.0, 151.0, -86.0, 190.0, 151.0, -107.0, 204, 0, 204
L -122.0, 2.0, -167.0, -65.0, 15.0, -167.0, 0, 0, 255
L 292.0, -210.0, -123.0, 251.0, -226.0, -137.0, 102, 0, 204
L -352.0, 23.0, -167.0, -308.0, -5.0, -167.0, 0, 0, 255
L 190.0, -68.0, -144.0, 225.0, -33.0, -141.0, 204, 0, 204
L 332.0, -28.0, 2.0, 258.0, -28.0, 2.0, 0, 0, 0
L -240.0, -27.0, -167.0, -228.0, 35.0, -167.0, 0, 0, 255
L -387.0, -93.0, -126.0, -386.0, -166.0, -126.0, 178, 102, 255
L 285.0, -206.0, -124.0, 322.0, -172.0, -121.0, 102, 0, 204
L 72.0, 99.0, -155.0, 113.0, 66.0, -154.0, 0, 0, 255
L 237.0, -34.0, -141.0, 211.0, -80.0, -144.0, 204, 0, 204
L -453.0, 15.0, -167.0, -484.0, 60.0, -167.0, 102, 0, 204
L -25.0, -347.0, -59.0, -6.0, -310.0, -75.0, 102, 0, 204
L 106.0, -111.0, -34.0, 32.0, -113.0, -34.0, 204, 0, 204
L -277.0, -29.0, -126.0, -240.0, -6.0, -110.0, 102, 0, 204
L -183.0, 136.0, -116.0, -123.0, 131.0, -133.0, 102, 0, 204
L 149.0, 168.0, -110.0, 203.0, 182.0, -101.0, 204, 0, 204
L -211.0, 70.0, -113.0, -197.0, 11.0, -109.0, 102, 0, 204
L -274.0, -210.0, -109.0, -281.0, -160.0, -88.0, 178, 102, 255
L -10.0, -126.0, -154.0, 47.0, -154.0, -154.0, 102, 0, 204
L 92.0, 106.0, -144.0, 138.0, 71.0, -143.0, 102, 0, 204
L 154.0, -90.0, -159.0, 108.0, -127.0, -159.0, 0, 0, 255
L 232.0, -216.0, -145.0, 285.0, -206.0, -124.0, 102, 0, 204
L -114.0, -10.0, -136.0, -75.0, -44.0, -150.0, 102, 0, 204
L -467.0, 203.0, -157.0, -404.0, 228.0, -158.0, 102, 0, 204
L -27.0, 90.0, -158.0, 48.0, 102.0, -155.0, 0, 0, 255
L 84.0, 200.0, -34.0, 27.0, 167.0, -34.0, 178, 102, 255
L -163.0, 139.0, 3.0, -162.0, 53.0, 7.0, 0, 0, 0
L 2.0, -167.0, -34.0, -52.0, -189.0, -50.0, 204, 0, 204
L 34.0, 160.0, -125.0, 72.0, 122.0, -143.0, 102, 0, 204
L -62.0, -213.0, -56.0, -5.0, -225.0, -35.0, 204, 0, 204
L -132.0, -82.0, -34.0, -41.0, -74.0, -34.0, 178, 102, 255
L 149.0, 11.0, -154.0, 154.0, -90.0, -159.0, 0, 0, 255
L -44.0, -153.0, 5.0, 72.0, -153.0, 2.0, 0, 0, 0
L 59.0, -129.0, -172.0, -16.0, -72.0, -177.0, 0, 0, 255
L -91.0, -81.0, -134.0, -10.0, -126.0, -154.0, 102, 0, 204
L -133.0, -67.0, -158.0, -278.0, -69.0, -155.0, 0, 0, 255
L -17.0, 169.0, 2.0, -24.0, 169.0, 2.0, 0, 0, 0
L 357.0, -95.0, 2.0, 355.0, -82.0, 2.0, 0, 0, 0
L -75.0, 49.0, 0.0, -87.0, 42.0, 0.0, 0, 0, 0
L -87.0, 42.0, 0.0, -93.0, 42.0, 0.0, 0, 0, 0
L -93.0, 42.0, 0.0, -102.0, 43.0, 0.0, 0, 0, 0
L -102.0, 43.0, 0.0, -108.0, 52.0, 0.0, 0, 0, 0
L -108.0, 52.0, 0.0, -108.0, 59.0, 0.0, 0, 0, 0
L -108.0, 59.0, 0.0, -102.0, 65.0, 0.0, 0, 0, 0
L -102.0, 65.0, 0.0, -93.0, 67.0, 0.0, 0, 0, 0
L -93.0, 67.0, 0.0, -87.0, 67.0, 0.0, 0, 0, 0
L -87.0, 67.0, 0.0, -76.0, 58.0, 0.0, 0, 0, 0
L -76.0, 58.0, 0.0, -81.0, 58.0, 0.0, 0, 0, 0
L -88.0, 65.0, 0.0, -81.0, 58.0, 0.0, 0, 0, 0
L -88.0, 65.0, 0.0, -92.0, 64.0, 0.0, 0, 0, 0
L -92.0, 64.0, 0.0, -101.0, 63.0, 0.0, 0, 0, 0
L -101.0, 63.0, 0.0, -106.0, 58.0, 0.0, 0, 0, 0
L -106.0, 58.0, 0.0, -106.0, 53.0, 0.0, 0, 0, 0
L -106.0, 53.0, 0.0, -101.0, 45.0, 0.0, 0, 0, 0
L -101.0, 45.0, 0.0, -92.0, 44.0, 0.0, 0, 0, 0
L -92.0, 44.0, 0.0, -88.0, 44.0, 0.0, 0, 0, 0
L -88.0, 44.0, 0.0, -81.0, 49.0, 0.0, 0, 0, 0
L -81.0, 49.0, 0.0, -75.0, 49.0, 0.0, 0, 0, 0
L -49.0, -29.0, 0.0, -42.0, -28.0, 0.0, 0, 0, 255
L -42.0, -28.0, 0.0, -40.0, -23.0, 0.0, 0, 0, 255
L -40.0, -23.0, 0.0, -41.0, -20.0, 0.0, 0, 0, 255
L -41.0, -20.0, 0.0, -45.0, -14.0, 0.0, 0, 0, 255
L -45.0, -14.0, 0.0, -45.0, -5.0, 0.0, 0, 0, 255
L -45.0, -5.0, 0.0, -49.0, -3.0, 0.0, 0, 0, 255
L -49.0, -3.0, 0.0, -49.0, 1.0, 0.0, 0, 0, 255
L -49.0, 1.0, 0.0, -47.0, 5.0, 0.0, 0, 0, 255
L -47.0, 5.0, 0.0, -45.0, 8.0, 0.0, 0, 0, 255
L -45.0, 8.0, 0.0, -46.0, 9.0, 0.0, 0, 0, 255
L -46.0, 9.0, 0.0, -36.0, 16.0, 0.0, 0, 0, 255
L -36.0, 16.0, 0.0, -30.0, 16.0, 0.0, 0, 0, 255
L -30.0, 16.0, 0.0, -24.0, 14.0, 0.0, 0, 0, 255
L -24.0, 14.0, 0.0, -20.0, 10.0, 0.0, 0, 0, 255
L -20.0, 10.0, 0.0, -20.0, 4.0, 0.0, 0, 0, 255
L -20.0, 4.0, 0.0, -32.0, -2.0, 0.0, 127, 64, 0
L -32.0, -2.0, 0.0, -37.0, -6.0, 0.0, 0, 0, 255
L 22.0, -28.0, 0.0, -6.0, -28.0, 0.0, 0, 0, 255
L -6.0, -28.0, 0.0, -12.0, -37.0, 0.0, 0, 0, 255
L -12.0, -37.0, 0.0, -15.0, -40.0, 0.0, 0, 0, 255
L -15.0, -40.0, 0.0, -19.0, -41.0, 0.0, 0, 0, 255
L -19.0, -41.0, 0.0, -30.0, -40.0, -3.0, 0, 0, 255
L -30.0, -40.0, -3.0, -35.0, -40.0, -3.0, 0, 0, 255
L -35.0, -40.0, -3.0, -41.0, -38.0, -4.0, 0, 0, 255
L -41.0, -38.0, -4.0, -65.0, -39.0, -3.0, 0, 0, 255
L -37.0, -6.0, -3.0, -39.0, -13.0, -3.0, 0, 0, 255
L -39.0, -13.0, -3.0, -39.0, -19.0, -3.0, 0, 0, 255
L -39.0, -19.0, -3.0, -36.0, -24.0, -3.0, 0, 0, 255
L -36.0, -24.0, -3.0, -38.0, -27.0, -3.0, 0, 0, 255
L -38.0, -27.0, -3.0, -38.0, -32.0, -3.0, 0, 0, 255
L -38.0, -32.0, -3.0, -32.0, -34.0, -3.0, 0, 0, 255
L -32.0, -34.0, -3.0, -26.0, -34.0, -3.0, 0, 0, 255
L -26.0, -34.0, -3.0, -22.0, -30.0, -3.0, 0, 0, 255
L -22.0, -30.0, -3.0, -20.0, -30.0, -3.0, 0, 0, 255
L -20.0, -30.0, -3.0, -14.0, -27.0, -3.0, 0, 0, 255
L -14.0, -27.0, -3.0, -4.0, -12.0, -3.0, 0, 0, 255
L -4.0, -12.0, -3.0, 6.0, -7.0, -3.0, 0, 0, 255
L 6.0, -7.0, -3.0, 13.0, -6.0, -2.0, 0, 0, 255
L 13.0, -6.0, -2.0, 22.0, -6.0, -2.0, 0, 0, 255
L 28.0, -65.0, 41.0, 22.0, -75.0, 41.0, 127, 64, 0
L 22.0, -75.0, 41.0, -2.0, -73.0, 30.0, 127, 64, 0
L -2.0, -73.0, 30.0, -7.0, -79.0, 29.0, 127, 64, 0
L -7.0, -79.0, 29.0, -16.0, -83.0, 25.0, 127, 64, 0
L -16.0, -83.0, 25.0, -38.0, -74.0, 13.0, 127, 64, 0
L -38.0, -74.0, 13.0, -51.0, -71.0, 8.0, 127, 64, 0
L -51.0, -71.0, 8.0, -50.0, -85.0, 4.0, 127, 64, 0
L -50.0, -85.0, 4.0, -36.0, -102.0, 3.0, 127, 64, 0
L -36.0, -102.0, 3.0, -36.0, -121.0, 2.0, 127, 64, 0
L -36.0, -121.0, 2.0, -21.0, -152.0, 0.0, 127, 64, 0
L -67.0, -47.0, 8.0, -51.0, -47.0, 8.0, 127, 64, 0
L -51.0, -47.0, 8.0, -35.0, -57.0, 15.0, 127, 64, 0
L -35.0, -57.0, 15.0, -35.0, -53.0, 13.0, 127, 64, 0
L -35.0, -53.0, 13.0, -35.0, -42.0, 10.0, 127, 64, 0
L -35.0, -42.0, 10.0, -37.0, -38.0, 10.0, 127, 64, 0
L -37.0, -38.0, 10.0, -37.0, -28.0, 8.0, 127, 64, 0
L -37.0, -28.0, 8.0, -33.0, -22.0, 4.0, 127, 64, 0
L -33.0, -22.0, 4.0, -35.0, -18.0, 4.0, 127, 64, 0
L -35.0, -18.0, 4.0, -35.0, -9.0, 0.0, 127, 64, 0
L -35.0, -9.0, 0.0, -33.0, -9.0, 0.0, 127, 64, 0
L -33.0, -9.0, 0.0, -32.0, -2.0, 0.0, 127, 64, 0
L -20.0, 4.0, 0.0, -14.0, 4.0, 0.0, 127, 64, 0
L -14.0, 4.0, 0.0, -15.0, -22.0, 4.0, 127, 64, 0
L -15.0, -22.0, 4.0, -26.0, -23.0, 5.0, 127, 64, 0
L -26.0, -23.0, 5.0, -26.0, -28.0, 8.0, 127, 64, 0
L -26.0, -28.0, 8.0, -26.0, -41.0, 10.0, 127, 64, 0
L -26.0, -41.0, 10.0, -20.0, -42.0, 10.0, 127, 64, 0
L -20.0, -42.0, 10.0, -20.0, -52.0, 12.0, 127, 64, 0
L -20.0, -52.0, 12.0, -16.0, -59.0, 15.0, 127, 64, 0
L -16.0, -59.0, 15.0, -15.0, -61.0, 26.0, 127, 64, 0
L -15.0, -61.0, 26.0, -1.0, -53.0, 30.0, 127, 64, 0
L -1.0, -53.0, 30.0, 19.0, -56.0, 41.0, 127, 64, 0
L 19.0, -56.0, 41.0, 23.0, -57.0, 41.0, 127, 64, 0
L 23.0, -57.0, 41.0, 28.0, -65.0, 41.0, 127, 64, 0
L 171.0, 31.0, 0.0, 181.0, 34.0, 0.0, 0, 0, 0
L 181.0, 34.0, 0.0, 192.0, 36.0, 0.0, 0, 0, 0
L 192.0, 36.0, 0.0, 196.0, 33.0, 0.0, 0, 0, 0
L 196.0, 33.0, 0.0, 206.0, 37.0, 0.0, 0, 0, 0
L 206.0, 37.0, 0.0, 206.0, 23.0, 0.0, 0, 0, 0
L 206.0, 23.0, 0.0, 196.0, 21.0, 0.0, 0, 0, 0
L 196.0, 21.0, 0.0, 191.0, 23.0, 0.0, 0, 0, 0
L 191.0, 23.0, 0.0, 181.0, 25.0, 0.0, 0, 0, 0
L 181.0, 25.0, 0.0, 172.0, 23.0, 0.0, 0, 0, 0
L 172.0, 23.0, 0.0, 161.0, 27.0, 0.0, 0, 0, 0
L 161.0, 27.0, 0.0, 162.0, 32.0, 0.0, 0, 0, 0
L 162.0, 32.0, 0.0, 171.0, 31.0, 0.0, 0, 0, 0
L 234.0, 36.0, 0.0, 225.0, 36.0, 0.0, 0, 0, 0
L 225.0, 36.0, 0.0, 225.0, 42.0, 0.0, 0, 0, 0
L 225.0, 42.0, 0.0, 221.0, 34.0, 0.0, 0, 0, 0
L 221.0, 34.0, 0.0, 219.0, 34.0, 0.0, 0, 0, 0
L 219.0, 34.0, 0.0, 214.0, -5.0, 0.0, 0, 0, 0
L 214.0, -5.0, 0.0, 194.0, -27.0, 0.0, 0, 0, 0
L 194.0, -27.0, 0.0, 165.0, -45.0, 0.0, 0, 0, 0
L 165.0, -45.0, 0.0, 165.0, -56.0, 0.0, 0, 0, 0
L 239.0, 120.0, 8.0, 240.0, 147.0, 8.0, 0, 0, 0
L 240.0, 147.0, 8.0, 246.0, 167.0, 9.0, 0, 0, 0
L 246.0, 167.0, 9.0, 202.0, 234.0, 9.0, 0, 0, 0
L 202.0, 234.0, 9.0, 172.0, 252.0, 8.0, 0, 0, 0
L 172.0, 252.0, 8.0, 42.0, 252.0, -49.0, 0, 0, 0
L 42.0, 252.0, -49.0, 18.0, 234.0, -49.0, 0, 0, 0
L 18.0, 234.0, -49.0, 18.0, 204.0, -54.0, 0, 0, 0
L 18.0, 204.0, -54.0, 4.0, 204.0, -58.0, 0, 0, 0
L 4.0, 204.0, -58.0, -31.0, 204.0, -76.0, 0, 0, 0
L -31.0, 204.0, -76.0, -61.0, 204.0, -76.0, 0, 0, 0
L -61.0, 204.0, -76.0, -142.0, 177.0, -102.0, 0, 0, 0
L -142.0, 161.0, -102.0, -62.0, 188.0, -77.0, 0, 0, 0
L -62.0, 188.0, -76.0, -30.0, 188.0, -76.0, 0, 0, 0
L -30.0, 188.0, -76.0, 7.0, 188.0, -57.0, 0, 0, 0
L 7.0, 188.0, -57.0, 18.0, 188.0, -57.0, 0, 0, 0
L 18.0, 188.0, -57.0, 34.0, 188.0, -57.0, 0, 0, 0
L 34.0, 188.0, -57.0, 41.0, 235.0, -49.0, 0, 0, 0
L 41.0, 235.0, -49.0, 174.0, 235.0, 9.0, 0, 0, 0
L 174.0, 235.0, 9.0, 221.0, 168.0, 9.0, 0, 0, 0
L 221.0, 168.0, 8.0, 226.0, 120.0, 8.0, 0, 0, 0
L -142.0, 177.0, -102.0, -171.0, 176.0, -118.0, 102, 0, 204
L -171.0, 176.0, -118.0, -183.0, 191.0, -108.0, 102, 0, 204
L -183.0, 191.0, -108.0, -212.0, 191.0, -108.0, 102, 0, 204
L -212.0, 191.0, -108.0, -231.0, 177.0, -118.0, 102, 0, 204
L -231.0, 177.0, -118.0, -234.0, 165.0, -117.0, 102, 0, 204
L -234.0, 165.0, -117.0, -237.0, 165.0, -116.0, 102, 0, 204
L -237.0, 165.0, -116.0, -246.0, 164.0, -117.0, 127, 64, 0
L -246.0, 164.0, -117.0, -255.0, 164.0, -118.0, 127, 64, 0
L -255.0, 164.0, -118.0, -263.0, 166.0, -118.0, 127, 64, 0
L -263.0, 166.0, -118.0, -272.0, 166.0, -119.0, 127, 64, 0
L -272.0, 166.0, -119.0, -289.0, 163.0, -121.0, 127, 64, 0
L -289.0, 163.0, -121.0, -299.0, 164.0, -121.0, 127, 64, 0
L -299.0, 164.0, -121.0, -311.0, 166.0, -122.0, 127, 64, 0
L -311.0, 166.0, -122.0, -322.0, 165.0, -123.0, 127, 64, 0
L -322.0, 165.0, -123.0, -331.0, 161.0, -124.0, 127, 64, 0
L -332.0, 149.0, -124.0, -322.0, 157.0, -123.0, 127, 64, 0
L -322.0, 157.0, -123.0, -311.0, 157.0, -122.0, 127, 64, 0
L -311.0, 157.0, -122.0, -299.0, 153.0, -121.0, 127, 64, 0
L -299.0, 153.0, -121.0, -288.0, 153.0, -120.0, 127, 64, 0
L -288.0, 153.0, -120.0, -272.0, 157.0, -119.0, 127, 64, 0
L -272.0, 157.0, -119.0, -263.0, 157.0, -118.0, 127, 64, 0
L -263.0, 157.0, -118.0, -255.0, 153.0, -118.0, 127, 64, 0
L -255.0, 153.0, -118.0, -246.0, 153.0, -117.0, 127, 64, 0
L -246.0, 153.0, -117.0, -237.0, 157.0, -116.0, 127, 64, 0
L -429.0, 63.0, -124.0, -428.0, 39.0, -113.0, 127, 64, 0
L -428.0, 39.0, -113.0, -414.0, 0.0, -102.0, 127, 64, 0
L -414.0, 0.0, -102.0, -405.0, -23.0, -95.0, 127, 64, 0
L -411.0, -40.0, -88.0, -411.0, -55.0, -88.0, 0, 0, 0
L -411.0, -55.0, -88.0, -406.0, -65.0, -89.0, 0, 0, 0
L -406.0, -65.0, -89.0, -387.0, -73.0, -89.0, 0, 0, 0
L -387.0, -73.0, -89.0, -366.0, -72.0, -89.0, 0, 0, 0
L -366.0, -72.0, -89.0, -354.0, -65.0, -89.0, 0, 0, 0
L -354.0, -65.0, -89.0, -346.0, -55.0, -83.0, 0, 0, 0
L -346.0, -55.0, -83.0, -345.0, -40.0, -83.0, 0, 0, 0
L -345.0, -40.0, -83.0, -345.0, -39.0, -89.0, 127, 64, 0
L -345.0, -39.0, -89.0, -350.0, -24.0, -95.0, 127, 64, 0
L -350.0, -24.0, -95.0, -389.0, -23.0, -95.0, 127, 64, 0
L -389.0, -23.0, -95.0, -413.0, 40.0, -113.0, 127, 64, 0
L -413.0, 40.0, -113.0, -414.0, 64.0, -124.0, 127, 64, 0
L -231.0, 150.0, -118.0, -234.0, 157.0, -117.0, 102, 0, 204
L -237.0, 157.0, -116.0, -234.0, 157.0, -117.0, 102, 0, 204
L -231.0, 150.0, -118.0, -212.0, 139.0, -115.0, 102, 0, 204
L -212.0, 138.0, -129.0, -212.0, 139.0, -115.0, 102, 0, 204
L -212.0, 138.0, -129.0, -225.0, 129.0, -125.0, 102, 0, 204
L -225.0, 129.0, -125.0, -240.0, 124.0, -125.0, 102, 0, 204
L -240.0, 124.0, -125.0, -258.0, 103.0, -129.0, 102, 0, 204
L -258.0, 103.0, -129.0, -295.0, 110.0, -129.0, 102, 0, 204
L -295.0, 110.0, -129.0, -308.0, 102.0, -139.0, 102, 0, 204
L 48.0, -178.0, -153.0, 47.0, -154.0, -154.0, 102, 0, 204
L -183.0, 136.0, -116.0, -183.0, 115.0, -110.0, 127, 64, 0
L -183.0, 115.0, -110.0, -184.0, 96.0, -110.0, 127, 64, 0
L -184.0, 96.0, -110.0, -184.0, 70.0, -113.0, 127, 64, 0
L -184.0, 70.0, -113.0, -128.0, 47.0, -137.0, 150, 150, 150
L -211.0, 70.0, -113.0, -212.0, 85.0, -112.0, 127, 64, 0
L -212.0, 85.0, -112.0, -212.0, 97.0, -110.0, 127, 64, 0
L -212.0, 97.0, -110.0, -212.0, 116.0, -111.0, 127, 64, 0
L -212.0, 116.0, -111.0, -212.0, 139.0, -115.0, 127, 64, 0
L 41.0, 60.0, -161.0, 89.0, 60.0, -161.0, 0, 0, 255
L 89.0, 60.0, -161.0, 90.0, 24.0, -161.0, 0, 0, 255
L 90.0, 24.0, -161.0, 91.0, 18.0, -161.0, 0, 0, 255
L 91.0, 18.0, -161.0, 100.0, 12.0, -161.0, 0, 0, 255
L 100.0, 12.0, -161.0, 121.0, 7.0, -161.0, 0, 0, 255
L 121.0, 7.0, -161.0, 128.0, 1.0, -161.0, 0, 0, 255
L 128.0, 1.0, -161.0, 128.0, -54.0, -161.0, 0, 0, 255
L 127.0, -93.0, -161.0, 108.0, -94.0, -161.0, 0, 0, 255
L 108.0, -94.0, -161.0, 107.0, -93.0, -161.0, 0, 0, 255
L 107.0, -93.0, -161.0, 116.0, -87.0, -161.0, 0, 0, 255
L 116.0, -87.0, -161.0, 116.0, -66.0, -161.0, 0, 0, 255
L 116.0, -66.0, -161.0, 108.0, -57.0, -161.0, 0, 0, 255
L 108.0, -57.0, -161.0, 113.0, -45.0, -161.0, 0, 0, 255
L 113.0, -45.0, -161.0, 113.0, -28.0, -161.0, 0, 0, 255
L 113.0, -28.0, -161.0, 118.0, -27.0, -161.0, 0, 0, 255
L 118.0, -27.0, -161.0, 118.0, -6.0, -161.0, 0, 0, 255
L 118.0, -6.0, -161.0, 116.0, 0.0, -161.0, 0, 0, 255
L 116.0, 0.0, -161.0, 96.0, 4.0, -161.0, 0, 0, 255
L 96.0, 4.0, -161.0, 84.0, 11.0, -161.0, 0, 0, 255
L 84.0, 11.0, -161.0, 82.0, 17.0, -161.0, 0, 0, 255
L 82.0, 17.0, -161.0, 77.0, 23.0, -161.0, 0, 0, 255
L 77.0, 23.0, -161.0, 71.0, 35.0, -161.0, 0, 0, 255
L 71.0, 35.0, -161.0, 71.0, 47.0, -161.0, 0, 0, 255
L 71.0, 47.0, -161.0, 41.0, 47.0, -161.0, 0, 0, 255
L 41.0, 47.0, -161.0, 29.0, 57.0, -161.0, 0, 0, 255
L 29.0, 57.0, -161.0, 29.0, 42.0, -161.0, 0, 0, 255
L 29.0, 42.0, -161.0, 33.0, 35.0, -161.0, 0, 0, 255
L 33.0, 35.0, -161.0, 30.0, 24.0, -161.0, 0, 0, 255
L 30.0, 24.0, -161.0, 33.0, 17.0, -161.0, 0, 0, 255
L 33.0, 17.0, -161.0, 30.0, 11.0, -161.0, 0, 0, 255
L 30.0, 11.0, -161.0, 19.0, 5.0, -161.0, 0, 0, 255
L 19.0, 5.0, -161.0, 22.0, 0.0, -161.0, 0, 0, 255
L 22.0, 0.0, -161.0, 23.0, -5.0, -161.0, 0, 0, 255
L 23.0, -5.0, -161.0, 23.0, -27.0, -161.0, 0, 0, 255
L 23.0, -27.0, -161.0, 30.0, -33.0, -161.0, 0, 0, 255
L 30.0, -33.0, -161.0, 24.0, -45.0, -161.0, 0, 0, 255
L 24.0, -45.0, -161.0, 35.0, -54.0, -161.0, 0, 0, 255
L 35.0, -54.0, -161.0, 30.0, -65.0, -161.0, 0, 0, 255
L 30.0, -65.0, -161.0, 76.0, -81.0, -161.0, 0, 0, 255
L 76.0, -81.0, -161.0, 90.0, -87.0, -161.0, 0, 0, 255
L 90.0, -87.0, -161.0, 89.0, -96.0, -161.0, 0, 0, 255
L 89.0, -96.0, -161.0, 57.0, -89.0, -161.0, 0, 0, 255
L 57.0, -89.0, -161.0, 35.0, -82.0, -161.0, 0, 0, 255
L 35.0, -82.0, -161.0, 35.0, -76.0, -161.0, 0, 0, 255
L 35.0, -76.0, -161.0, 20.0, -67.0, -161.0, 0, 0, 255
L 20.0, -67.0, -161.0, 20.0, -56.0, -161.0, 0, 0, 255
L 20.0, -56.0, -161.0, 15.0, -45.0, -161.0, 0, 0, 255
L 15.0, -45.0, -161.0, 14.0, -33.0, -161.0, 0, 0, 255
L 14.0, -33.0, -161.0, 12.0, -28.0, -161.0, 0, 0, 255
L 12.0, -28.0, -161.0, 11.0, 0.0, -161.0, 0, 0, 255
L 11.0, 0.0, -161.0, 9.0, 5.0, -161.0, 0, 0, 255
L 9.0, 5.0, -161.0, 10.0, 11.0, -161.0, 0, 0, 255
L 10.0, 11.0, -161.0, 10.0, 17.0, -161.0, 0, 0, 255
L 10.0, 17.0, -161.0, 16.0, 24.0, -161.0, 0, 0, 255
L 16.0, 24.0, -161.0, 16.0, 48.0, -161.0, 0, 0, 255
L 16.0, 48.0, -161.0, 26.0, 66.0, -161.0, 0, 0, 255
L 26.0, 66.0, -161.0, 41.0, 60.0, -161.0, 0, 0, 255
L 128.0, -54.0, -161.0, 128.0, -93.0, -161.0, 0, 0, 255
L 128.0, -93.0, -146.0, 158.0, -93.0, -146.0, 127, 64, 0
L 157.0, -55.0, -146.0, 128.0, -56.0, -146.0, 127, 64, 0
L 324.0, 232.0, -65.0, 358.0, 202.0, -65.0, 204, 0, 204
L 358.0, 202.0, -65.0, 366.0, 178.0, -65.0, 204, 0, 204
L 366.0, 178.0, -65.0, 361.0, 151.0, -57.0, 204, 0, 204
L 361.0, 151.0, -57.0, 393.0, 131.0, -65.0, 204, 0, 204
L 393.0, 131.0, -65.0, 393.0, 102.0, -65.0, 204, 0, 204
L 393.0, 102.0, -65.0, 387.0, 86.0, -57.0, 204, 0, 204
L 387.0, 86.0, -57.0, 368.0, 86.0, -57.0, 204, 0, 204
L 368.0, 86.0, -57.0, 339.0, 71.0, -65.0, 204, 0, 204
L 339.0, 71.0, -65.0, 323.0, 58.0, -65.0, 204, 0, 204
L 323.0, 58.0, -65.0, 299.0, 58.0, -65.0, 204, 0, 204
L 324.0, 232.0, -65.0, 314.0, 213.0, -65.0, 204, 0, 204
L 314.0, 213.0, -65.0, 293.0, 213.0, -64.0, 204, 0, 204
L 293.0, 213.0, -64.0, 253.0, 183.0, -81.0, 204, 0, 204
L 253.0, 183.0, -81.0, 297.0, 185.0, -64.0, 150, 150, 150
L 297.0, 153.0, -65.0, 297.0, 130.0, -65.0, 204, 0, 204
L 297.0, 130.0, -65.0, 342.0, 130.0, -65.0, 204, 0, 204
L 342.0, 130.0, -65.0, 333.0, 153.0, -56.0, 204, 0, 204
L 310.0, 146.0, -65.0, 297.0, 153.0, -65.0, 204, 0, 204
L 310.0, 146.0, -65.0, 322.0, 146.0, -65.0, 204, 0, 204
L 322.0, 146.0, -65.0, 333.0, 153.0, -56.0, 204, 0, 204
L 237.0, 97.0, -55.0, 261.0, 85.0, -43.0, 150, 150, 150
L 261.0, 85.0, -43.0, 273.0, 87.0, -44.0, 150, 150, 150
L 322.0, 233.0, -37.0, 245.0, 246.0, -37.0, 178, 102, 255
L 245.0, 246.0, -37.0, 229.0, 246.0, -37.0, 178, 102, 255
L 229.0, 246.0, -37.0, 211.0, 233.0, -37.0, 178, 102, 255
L 211.0, 233.0, -37.0, 160.0, 231.0, -37.0, 178, 102, 255
L 160.0, 231.0, -37.0, 131.0, 212.0, -37.0, 178, 102, 255
L 210.0, 186.0, -38.0, 209.0, 214.0, -37.0, 127, 64, 0
L 209.0, 214.0, -37.0, 292.0, 215.0, -37.0, 127, 64, 0
L 292.0, 215.0, -37.0, 313.0, 215.0, -37.0, 127, 64, 0
L 313.0, 215.0, -37.0, 322.0, 233.0, -37.0, 127, 64, 0
L 259.0, -5.0, -37.0, 270.0, -7.0, -37.0, 204, 0, 204
L 270.0, -7.0, -37.0, 303.0, -7.0, -23.0, 204, 0, 204
L 303.0, -7.0, -23.0, 312.0, 1.0, -23.0, 204, 0, 204
L 312.0, 1.0, -23.0, 351.0, 18.0, -23.0, 204, 0, 204
L 351.0, 18.0, -23.0, 360.0, 19.0, -23.0, 204, 0, 204
L 360.0, 19.0, -23.0, 367.0, 19.0, -23.0, 204, 0, 204
L 367.0, 19.0, -23.0, 370.0, 8.0, -23.0, 204, 0, 204
L 370.0, 8.0, -23.0, 370.0, 3.0, -23.0, 204, 0, 204
L 370.0, 3.0, -23.0, 367.0, -4.0, -23.0, 204, 0, 204
L 367.0, -4.0, -23.0, 359.0, -9.0, -23.0, 204, 0, 204
L 359.0, -9.0, -23.0, 351.0, -9.0, -23.0, 204, 0, 204
L 351.0, -9.0, -23.0, 342.0, -4.0, -23.0, 204, 0, 204
L 342.0, -4.0, -23.0, 327.0, -3.0, -23.0, 204, 0, 204
L 327.0, -3.0, -23.0, 310.0, -11.0, -23.0, 204, 0, 204
L 310.0, -11.0, -23.0, 311.0, -17.0, -23.0, 204, 0, 204
L 311.0, -17.0, -23.0, 327.0, -20.0, -23.0, 204, 0, 204
L 327.0, -20.0, -23.0, 336.0, -11.0, -23.0, 204, 0, 204
L 336.0, -11.0, -23.0, 347.0, -11.0, -23.0, 204, 0, 204
L 347.0, -11.0, -23.0, 354.0, -17.0, -23.0, 204, 0, 204
L 354.0, -17.0, -23.0, 354.0, -29.0, -23.0, 204, 0, 204
L 354.0, -29.0, -23.0, 347.0, -37.0, -23.0, 204, 0, 204
L 347.0, -37.0, -23.0, 336.0, -37.0, -23.0, 204, 0, 204
L 336.0, -37.0, -23.0, 327.0, -29.0, -23.0, 204, 0, 204
L 327.0, -29.0, -23.0, 323.0, -36.0, -23.0, 204, 0, 204
L 323.0, -36.0, -23.0, 331.0, -48.0, -23.0, 204, 0, 204
L 331.0, -48.0, -23.0, 331.0, -59.0, -23.0, 204, 0, 204
L 331.0, -59.0, -23.0, 324.0, -67.0, -23.0, 204, 0, 204
L 324.0, -67.0, -23.0, 313.0, -67.0, -23.0, 204, 0, 204
L 313.0, -67.0, -23.0, 306.0, -59.0, -23.0, 204, 0, 204
L 306.0, -59.0, -23.0, 306.0, -48.0, -23.0, 204, 0, 204
L 306.0, -48.0, -23.0, 312.0, -37.0, -23.0, 204, 0, 204
L 312.0, -37.0, -23.0, 303.0, -22.0, -23.0, 204, 0, 204
L 303.0, -22.0, -23.0, 270.0, -22.0, -37.0, 204, 0, 204
L 270.0, -22.0, -37.0, 259.0, -27.0, -37.0, 204, 0, 204
L 259.0, -27.0, -37.0, 242.0, -48.0, -37.0, 204, 0, 204
L 242.0, -48.0, -37.0, 232.0, -81.0, -37.0, 204, 0, 204
L 232.0, -81.0, -37.0, 233.0, -89.0, -37.0, 204, 0, 204
L 233.0, -89.0, -37.0, 232.0, -99.0, -37.0, 204, 0, 204
L 232.0, -99.0, -37.0, 222.0, -103.0, -37.0, 204, 0, 204
L 222.0, -103.0, -37.0, 221.0, -120.0, -37.0, 204, 0, 204
L 221.0, -120.0, -37.0, 230.0, -120.0, -37.0, 204, 0, 204
L 230.0, -120.0, -37.0, 230.0, -173.0, -37.0, 204, 0, 204
L 230.0, -173.0, -37.0, 226.0, -183.0, -37.0, 204, 0, 204
L 226.0, -183.0, -37.0, 215.0, -189.0, -37.0, 204, 0, 204
L 215.0, -189.0, -37.0, 207.0, -189.0, -37.0, 204, 0, 204
L -110.0, 32.0, -45.0, -121.0, 47.0, -45.0, 0, 0, 153
L -116.0, 62.0, -45.0, -121.0, 47.0, -45.0, 0, 0, 153
L -116.0, 62.0, -45.0, -111.0, 68.0, -45.0, 0, 0, 153
L -111.0, 68.0, -45.0, -110.0, 78.0, -44.0, 0, 0, 153
L -110.0, 78.0, -44.0, -79.0, 78.0, -44.0, 0, 0, 153
L -79.0, 78.0, -44.0, -69.0, 68.0, -44.0, 0, 0, 153
L -69.0, 68.0, -44.0, -69.0, 60.0, -44.0, 0, 0, 153
L 175.0, 185.0, -34.0, 157.0, 179.0, -38.0, 178, 102, 255
L 157.0, 179.0, -37.0, 146.0, 170.0, -37.0, 178, 102, 255
L 146.0, 170.0, -37.0, 133.0, 193.0, -37.0, 178, 102, 255
L 133.0, 193.0, -37.0, 114.0, 179.0, -37.0, 178, 102, 255
L 114.0, 179.0, -37.0, 113.0, 147.0, -43.0, 178, 102, 255
L 113.0, 147.0, -43.0, 113.0, 130.0, -54.0, 178, 102, 255
L 113.0, 130.0, -54.0, 118.0, 115.0, -47.0, 178, 102, 255
L 118.0, 115.0, -47.0, 118.0, 96.0, -53.0, 178, 102, 255
L 118.0, 96.0, -53.0, 98.0, 72.0, -49.0, 178, 102, 255
L 98.0, 72.0, -49.0, 72.0, 68.0, -47.0, 178, 102, 255
L 72.0, 68.0, -47.0, 62.0, 71.0, -52.0, 178, 102, 255
L 62.0, 71.0, -54.0, 45.0, 65.0, -54.0, 178, 102, 255
L 45.0, 65.0, -54.0, 36.0, 65.0, -54.0, 178, 102, 255
L 36.0, 65.0, -54.0, 21.0, 58.0, -54.0, 178, 102, 255
L 21.0, 58.0, -54.0, 11.0, 42.0, -54.0, 178, 102, 255
L 11.0, 42.0, -54.0, -18.0, 43.0, -48.0, 178, 102, 255
L -18.0, 43.0, -48.0, -24.0, 43.0, -47.0, 178, 102, 255
L -6.0, 44.0, -36.0, -6.0, 45.0, -36.0, 127, 64, 0
L -6.0, 78.0, -37.0, -8.0, 80.0, -34.0, 178, 102, 255
L 8.0, 38.0, -37.0, 8.0, 40.0, -37.0, 127, 64, 0
L 9.0, 76.0, -36.0, 11.0, 78.0, -37.0, 150, 150, 150
L 11.0, 78.0, -37.0, 16.0, 83.0, -34.0, 150, 150, 150
L 8.0, 38.0, -37.0, 1.0, 26.0, -37.0, 127, 64, 0
L 1.0, 26.0, -37.0, -7.0, 15.0, -37.0, 127, 64, 0
L -14.0, -10.0, -37.0, -14.0, -16.0, -37.0, 127, 64, 0
L -14.0, -16.0, -37.0, -17.0, -16.0, -37.0, 178, 102, 255
L -17.0, -16.0, -37.0, -21.0, -18.0, -37.0, 178, 102, 255
L -21.0, -18.0, -37.0, -25.0, -18.0, -37.0, 178, 102, 255
L -25.0, -18.0, -37.0, -29.0, -16.0, -37.0, 178, 102, 255
L -29.0, -16.0, -37.0, -38.0, -16.0, -37.0, 178, 102, 255
L -7.0, 15.0, -37.0, -19.0, 11.0, -37.0, 178, 102, 255
L -19.0, 11.0, -37.0, -27.0, 3.0, -37.0, 178, 102, 255
L -27.0, 3.0, -37.0, -27.0, 1.0, -37.0, 178, 102, 255
L -27.0, 1.0, -37.0, -25.0, 0.0, -37.0, 178, 102, 255
L -25.0, 0.0, -37.0, -27.0, -3.0, -37.0, 178, 102, 255
L -27.0, -3.0, -37.0, -40.0, -10.0, -37.0, 178, 102, 255
L -40.0, -10.0, -37.0, -28.0, -10.0, -37.0, 178, 102, 255
L -28.0, -10.0, -37.0, -25.0, -7.0, -37.0, 178, 102, 255
L -25.0, -7.0, -37.0, -21.0, -7.0, -37.0, 178, 102, 255
L -21.0, -7.0, -37.0, -17.0, -10.0, -37.0, 178, 102, 255
L -17.0, -10.0, -37.0, -14.0, -10.0, -37.0, 178, 102, 255
L -38.0, -16.0, -37.0, -38.0, -20.0, -40.0, 178, 102, 255
L -38.0, -20.0, -40.0, -36.0, -23.0, -41.0, 178, 102, 255
L -36.0, -23.0, -41.0, -23.0, -27.0, -42.0, 178, 102, 255
L -23.0, -27.0, -42.0, -43.0, -53.0, -37.0, 178, 102, 255
L -43.0, -53.0, -37.0, -28.0, -53.0, -37.0, 178, 102, 255
L -28.0, -53.0, -38.0, 1.0, -51.0, -47.0, 178, 102, 255
L -419.0, -38.0, -127.0, -439.0, -11.0, -130.0, 102, 0, 204
L -190.0, -153.0, -113.0, -194.0, -162.0, -108.0, 127, 64, 0
L -194.0, -162.0, -108.0, -190.0, -177.0, -100.0, 127, 64, 0
L -211.0, -190.0, -90.0, -224.0, -177.0, -100.0, 102, 0, 204
L -224.0, -177.0, -100.0, -224.0, -177.0, -158.0, 102, 0, 204
L -224.0, -177.0, -158.0, -259.0, -136.0, -158.0, 102, 0, 204
L -259.0, -136.0, -158.0, -279.0, -91.0, -158.0, 102, 0, 204
L -190.0, -177.0, -158.0, -224.0, -177.0, -158.0, 102, 0, 204
L -190.0, -177.0, -158.0, -161.0, -173.0, -158.0, 102, 0, 204
L -161.0, -173.0, -158.0, -144.0, -170.0, -158.0, 102, 0, 204
L -144.0, -170.0, -158.0, -129.0, -131.0, -158.0, 102, 0, 204
L -129.0, -131.0, -158.0, -129.0, -122.0, -158.0, 102, 0, 204
L -129.0, -122.0, -158.0, -131.0, -114.0, -158.0, 102, 0, 204
L -316.0, -225.0, -128.0, -308.0, -221.0, -126.0, 178, 102, 255
L -308.0, -221.0, -126.0, -297.0, -218.0, -123.0, 178, 102, 255
L -297.0, -218.0, -123.0, -285.0, -212.0, -117.0, 178, 102, 255
L -285.0, -212.0, -117.0, -295.0, -185.0, -101.0, 178, 102, 255
L -295.0, -185.0, -101.0, -295.0, -133.0, -87.0, 178, 102, 255
L -295.0, -133.0, -87.0, -254.0, -133.0, -82.0, 178, 102, 255
L -254.0, -133.0, -82.0, -247.0, -136.0, -81.0, 178, 102, 255
L -247.0, -136.0, -81.0, -243.0, -151.0, -81.0, 178, 102, 255
L -243.0, -151.0, -81.0, -243.0, -177.0, -90.0, 178, 102, 255
L -243.0, -177.0, -90.0, -221.0, -187.0, -81.0, 178, 102, 255
L -221.0, -187.0, -81.0, -211.0, -193.0, -78.0, 178, 102, 255
L -211.0, -193.0, -78.0, -202.0, -193.0, -74.0, 178, 102, 255
L -202.0, -193.0, -74.0, -192.0, -186.0, -71.0, 178, 102, 255
L -192.0, -186.0, -71.0, -178.0, -186.0, -69.0, 178, 102, 255
L -178.0, -186.0, -69.0, -171.0, -183.0, -65.0, 178, 102, 255
L -171.0, -183.0, -65.0, -170.0, -200.0, -64.0, 178, 102, 255
L -170.0, -200.0, -64.0, -178.0, -196.0, -69.0, 178, 102, 255
L -178.0, -196.0, -69.0, -204.0, -257.0, -57.0, 178, 102, 255
L -204.0, -257.0, -57.0, -201.0, -268.0, -55.0, 178, 102, 255
L -201.0, -268.0, -55.0, -209.0, -279.0, -54.0, 178, 102, 255
L -209.0, -279.0, -54.0, -212.0, -284.0, -52.0, 178, 102, 255
L -212.0, -284.0, -52.0, -204.0, -283.0, -48.0, 178, 102, 255
L -204.0, -283.0, -48.0, -191.0, -283.0, -45.0, 178, 102, 255
L -191.0, -283.0, -45.0, -186.0, -284.0, -38.0, 178, 102, 255
L -186.0, -284.0, -38.0, -176.0, -285.0, -38.0, 178, 102, 255
L -176.0, -285.0, -38.0, -166.0, -289.0, -38.0, 178, 102, 255
L -166.0, -289.0, -38.0, -160.0, -298.0, -39.0, 178, 102, 255
L -160.0, -298.0, -39.0, -125.0, -298.0, -38.0, 178, 102, 255
L -125.0, -298.0, -38.0, -125.0, -297.0, -37.0, 178, 102, 255
L -125.0, -297.0, -37.0, -125.0, -295.0, -37.0, 102, 0, 204
L -125.0, -294.0, -37.0, -144.0, -287.0, -37.0, 178, 102, 255
L -144.0, -287.0, -37.0, -158.0, -204.0, -35.0, 178, 102, 255
L -158.0, -204.0, -35.0, -158.0, -180.0, -35.0, 178, 102, 255
L -158.0, -180.0, -35.0, -145.0, -140.0, -37.0, 178, 102, 255
L -145.0, -140.0, -37.0, -129.0, -124.0, -37.0, 178, 102, 255
L -114.0, -117.0, -37.0, -132.0, -89.0, -37.0, 178, 102, 255
L -112.0, -121.0, -37.0, -110.0, -123.0, -37.0, 102, 0, 204
L -110.0, -123.0, -37.0, -94.0, -140.0, -37.0, 178, 102, 255
L -94.0, -140.0, -37.0, -86.0, -185.0, -36.0, 178, 102, 255
L -86.0, -185.0, -36.0, -86.0, -219.0, -36.0, 178, 102, 255
L -86.0, -219.0, -36.0, -95.0, -287.0, -37.0, 178, 102, 255
L -95.0, -287.0, -37.0, -111.0, -293.0, -37.0, 178, 102, 255
L -111.0, -293.0, -37.0, -111.0, -295.0, -37.0, 178, 102, 255
L -25.0, -347.0, -59.0, -83.0, -344.0, -50.0, 102, 0, 204
L -83.0, -344.0, -50.0, -112.0, -321.0, -39.0, 102, 0, 204
L -112.0, -321.0, -39.0, -130.0, -320.0, -39.0, 102, 0, 204
L -130.0, -320.0, -39.0, -159.0, -310.0, -38.0, 102, 0, 204
L -159.0, -310.0, -38.0, -190.0, -296.0, -45.0, 178, 102, 255
L -190.0, -296.0, -45.0, -205.0, -296.0, -48.0, 178, 102, 255
L -205.0, -296.0, -48.0, -211.0, -298.0, -49.0, 178, 102, 255
L -211.0, -298.0, -49.0, -215.0, -305.0, -48.0, 178, 102, 255
L -215.0, -305.0, -48.0, -230.0, -305.0, -48.0, 178, 102, 255
L -230.0, -305.0, -48.0, -236.0, -299.0, -49.0, 178, 102, 255
L -236.0, -299.0, -49.0, -230.0, -285.0, -52.0, 178, 102, 255
L -230.0, -285.0, -52.0, -224.0, -280.0, -53.0, 178, 102, 255
L -224.0, -280.0, -53.0, -218.0, -269.0, -54.0, 178, 102, 255
L -218.0, -269.0, -54.0, -220.0, -257.0, -55.0, 178, 102, 255
L -220.0, -257.0, -55.0, -192.0, -198.0, -70.0, 178, 102, 255
L -192.0, -198.0, -70.0, -203.0, -203.0, -75.0, 178, 102, 255
L -203.0, -203.0, -75.0, -221.0, -198.0, -79.0, 178, 102, 255
L -221.0, -198.0, -79.0, -243.0, -226.0, -90.0, 178, 102, 255
L -243.0, -226.0, -90.0, -243.0, -229.0, -87.0, 178, 102, 255
L -166.0, -202.0, -62.0, -167.0, -182.0, -63.0, 204, 0, 204
L -62.0, -213.0, -56.0, -85.0, -218.0, -59.0, 204, 0, 204
L -85.0, -218.0, -59.0, -99.0, -223.0, -59.0, 204, 0, 204
L -99.0, -223.0, -59.0, -109.0, -270.0, -37.0, 150, 150, 150
L -128.0, -272.0, -38.0, -140.0, -223.0, -59.0, 150, 150, 150
L -140.0, -223.0, -59.0, -158.0, -204.0, -59.0, 150, 150, 150
L -158.0, -204.0, -59.0, -166.0, -202.0, -62.0, 204, 0, 204
L -167.0, -182.0, -63.0, -163.0, -180.0, -60.0, 204, 0, 204
L -163.0, -180.0, -60.0, -158.0, -180.0, -59.0, 204, 0, 204
L -158.0, -180.0, -59.0, -141.0, -180.0, -59.0, 150, 150, 150
L -141.0, -180.0, -59.0, -130.0, -147.0, -37.0, 150, 150, 150
L -110.0, -147.0, -37.0, -99.0, -180.0, -59.0, 150, 150, 150
L -99.0, -180.0, -59.0, -86.0, -185.0, -59.0, 150, 150, 150
L -86.0, -185.0, -59.0, -64.0, -189.0, -56.0, 204, 0, 204
L -325.0, -226.0, -128.0, -344.0, -222.0, -128.0, 178, 102, 255
L -325.0, -226.0, -128.0, -322.0, -226.0, -128.0, 178, 102, 255
L -321.0, -226.0, -128.0, -316.0, -225.0, -128.0, 178, 102, 255
L -322.0, -236.0, -128.0, -324.0, -237.0, -128.0, 178, 102, 255
L -326.0, -239.0, -128.0, -332.0, -243.0, -125.0, 178, 102, 255
L -320.0, -229.0, -128.0, -321.0, -233.0, -128.0, 205, 133, 63
L -325.0, -233.0, -128.0, -324.0, -229.0, -128.0, 205, 133, 63
L -322.0, -226.0, -128.0, -321.0, -226.0, -128.0, 178, 102, 255
L -324.0, -237.0, -128.0, -326.0, -239.0, -128.0, 178, 102, 255
L -322.0, -226.0, -128.0, -322.0, -229.0, -128.0, 205, 133, 63
L -321.0, -233.0, -128.0, -323.0, -233.0, -128.0, 205, 133, 63
L -323.0, -233.0, -128.0, -324.0, -237.0, -128.0, 205, 133, 63
L -323.0, -233.0, -128.0, -325.0, -233.0, -128.0, 205, 133, 63
L -320.0, -229.0, -128.0, -322.0, -229.0, -128.0, 205, 133, 63
L -322.0, -229.0, -128.0, -324.0, -229.0, -128.0, 205, 133, 63
L -372.0, -175.0, -128.0, -371.0, -173.0, -128.0, 102, 0, 204
L -386.0, -166.0, -126.0, -385.0, -172.0, -128.0, 178, 102, 255
L -385.0, -172.0, -128.0, -384.0, -173.0, -128.0, 102, 0, 204
L -356.0, -206.0, -125.0, -372.0, -175.0, -128.0, 178, 102, 255
L -384.0, -173.0, -128.0, -376.0, -197.0, -125.0, 178, 102, 255
L -371.0, -173.0, -128.0, -368.0, -169.0, -126.0, 178, 102, 255
L -374.0, -175.0, -128.0, -380.0, -175.0, -128.0, 205, 133, 63
L -374.0, -172.0, -128.0, -380.0, -172.0, -128.0, 205, 133, 63
L -371.0, -173.0, -128.0, -374.0, -173.0, -128.0, 205, 133, 63
L -380.0, -175.0, -128.0, -380.0, -173.0, -128.0, 205, 133, 63
L -380.0, -173.0, -128.0, -384.0, -173.0, -128.0, 205, 133, 63
L -380.0, -173.0, -128.0, -380.0, -172.0, -128.0, 205, 133, 63
L -374.0, -175.0, -128.0, -374.0, -173.0, -128.0, 205, 133, 63
L -374.0, -173.0, -128.0, -374.0, -172.0, -128.0, 205, 133, 63
L -405.0, -23.0, -95.0, -411.0, -40.0, -88.0, 0, 0, 0
L -442.0, -5.0, -167.0, -439.0, -11.0, -130.0, 102, 0, 204
L -487.0, 115.0, -167.0, -477.0, 174.0, -167.0, 102, 0, 204
L -477.0, 174.0, -167.0, -467.0, 203.0, -157.0, 102, 0, 204
L -142.0, 161.0, -102.0, -171.0, 161.0, -118.0, 102, 0, 204
L -171.0, 161.0, -118.0, -183.0, 136.0, -116.0, 102, 0, 204
L -331.0, 161.0, -124.0, -342.0, 158.0, -124.0, 127, 64, 0
L -342.0, 150.0, -124.0, -332.0, 149.0, -124.0, 127, 64, 0
L -414.0, 64.0, -124.0, -419.0, 83.0, -124.0, 127, 64, 0
L -434.0, 85.0, -124.0, -429.0, 63.0, -124.0, 127, 64, 0
L -340.0, 154.0, -124.0, -362.0, 185.0, -124.0, 0, 0, 255
L -340.0, 154.0, -167.0, -362.0, 185.0, -167.0, 0, 0, 255
L -344.0, 143.0, -124.0, -340.0, 154.0, -124.0, 0, 0, 255
L -344.0, 143.0, -167.0, -340.0, 154.0, -167.0, 0, 0, 0
L -362.0, 185.0, -124.0, -378.0, 178.0, -124.0, 0, 0, 255
L -362.0, 185.0, -167.0, -378.0, 178.0, -167.0, 0, 0, 255
L -378.0, 178.0, -124.0, -389.0, 178.0, -124.0, 0, 0, 255
L -378.0, 178.0, -167.0, -389.0, 178.0, -167.0, 0, 0, 255
L -389.0, 178.0, -124.0, -404.0, 186.0, -124.0, 0, 0, 255
L -404.0, 186.0, -167.0, -389.0, 178.0, -167.0, 0, 0, 255
L -446.0, 147.0, -124.0, -439.0, 153.0, -124.0, 0, 0, 255
L -429.0, 153.0, -124.0, -433.0, 132.0, -124.0, 0, 0, 255
L -424.0, 182.0, -124.0, -423.0, 156.0, -124.0, 0, 0, 255
L -424.0, 182.0, -167.0, -423.0, 156.0, -167.0, 0, 0, 255
L -429.0, 153.0, -167.0, -433.0, 132.0, -167.0, 0, 0, 255
L -439.0, 153.0, -167.0, -446.0, 147.0, -167.0, 0, 0, 255
L -423.0, 156.0, -124.0, -429.0, 153.0, -124.0, 0, 0, 255
L -438.0, 127.0, -124.0, -437.0, 133.0, -124.0, 0, 0, 255
L -439.0, 153.0, -124.0, -443.0, 172.0, -124.0, 0, 0, 255
L -404.0, 186.0, -124.0, -424.0, 182.0, -124.0, 0, 0, 255
L -404.0, 186.0, -167.0, -424.0, 182.0, -167.0, 0, 0, 255
L -423.0, 156.0, -167.0, -429.0, 153.0, -167.0, 0, 0, 0
L -443.0, 172.0, -167.0, -439.0, 153.0, -167.0, 0, 0, 255
L -437.0, 133.0, -167.0, -438.0, 127.0, -167.0, 0, 0, 255
L -433.0, 132.0, -124.0, -438.0, 127.0, -124.0, 0, 0, 255
L -443.0, 172.0, -124.0, -466.0, 186.0, -124.0, 0, 0, 255
L -437.0, 133.0, -124.0, -446.0, 147.0, -124.0, 0, 0, 255
L -433.0, 132.0, -167.0, -438.0, 127.0, -167.0, 0, 0, 255
L -437.0, 133.0, -167.0, -446.0, 147.0, -167.0, 0, 0, 255
L -443.0, 172.0, -167.0, -466.0, 186.0, -167.0, 0, 0, 255
L -378.0, 103.0, -124.0, -344.0, 143.0, -124.0, 0, 0, 255
L -487.0, 115.0, -124.0, -475.0, 97.0, -124.0, 0, 0, 255
L -466.0, 186.0, -124.0, -477.0, 174.0, -124.0, 0, 0, 255
L -444.0, 83.0, -124.0, -422.0, 82.0, -124.0, 0, 0, 255
L -466.0, 186.0, -167.0, -477.0, 174.0, -167.0, 0, 0, 255
L -475.0, 97.0, -167.0, -487.0, 115.0, -167.0, 0, 0, 255
L -422.0, 82.0, -167.0, -444.0, 83.0, -167.0, 0, 0, 255
L -378.0, 103.0, -167.0, -344.0, 143.0, -167.0, 0, 0, 255
L -475.0, 97.0, -124.0, -444.0, 83.0, -124.0, 0, 0, 255
L -422.0, 82.0, -124.0, -419.0, 83.0, -124.0, 0, 0, 0
L -419.0, 83.0, -124.0, -419.0, 84.0, -124.0, 127, 64, 0
L -419.0, 83.0, -124.0, -378.0, 103.0, -124.0, 0, 0, 255
L -477.0, 174.0, -124.0, -487.0, 115.0, -124.0, 102, 0, 204
L -144.0, -170.0, -158.0, -180.0, -173.0, -114.0, 102, 0, 204
L -287.0, -92.0, -133.0, -283.0, -91.0, -134.0, 102, 0, 204
L -263.0, -89.0, -131.0, -280.0, -91.0, -136.0, 178, 102, 255
L -261.0, -82.0, -131.0, -281.0, -78.0, -136.0, 178, 102, 255
L -281.0, -78.0, -136.0, -285.0, -77.0, -134.0, 178, 102, 255
L -278.0, -69.0, -155.0, -279.0, -91.0, -158.0, 102, 0, 204
L -287.0, -88.0, -133.0, -288.0, -80.0, -133.0, 205, 133, 63
L -281.0, -87.0, -136.0, -281.0, -81.0, -136.0, 205, 133, 63
L -287.0, -88.0, -133.0, -284.0, -88.0, -134.0, 205, 133, 63
L -288.0, -80.0, -133.0, -285.0, -81.0, -134.0, 205, 133, 63
L -285.0, -77.0, -134.0, -289.0, -77.0, -133.0, 102, 0, 204
L -283.0, -91.0, -134.0, -280.0, -91.0, -136.0, 102, 0, 204
L -285.0, -77.0, -134.0, -285.0, -81.0, -134.0, 205, 133, 63
L -284.0, -88.0, -134.0, -281.0, -87.0, -136.0, 205, 133, 63
L -285.0, -81.0, -134.0, -281.0, -81.0, -136.0, 205, 133, 63
L -284.0, -88.0, -134.0, -283.0, -91.0, -134.0, 205, 133, 63
L -112.0, -121.0, -37.0, -113.0, -119.0, -37.0, 178, 102, 255
L -130.0, -120.0, -37.0, -130.0, -122.0, -37.0, 178, 102, 255
L -126.0, -119.0, -37.0, -118.0, -118.0, -37.0, 205, 133, 63
L -125.0, -123.0, -37.0, -116.0, -121.0, -37.0, 205, 133, 63
L -126.0, -119.0, -37.0, -126.0, -121.0, -37.0, 205, 133, 63
L -118.0, -118.0, -37.0, -117.0, -120.0, -37.0, 205, 133, 63
L -126.0, -121.0, -37.0, -125.0, -123.0, -37.0, 205, 133, 63
L -130.0, -122.0, -37.0, -129.0, -124.0, -37.0, 178, 102, 255
L -126.0, -121.0, -37.0, -130.0, -122.0, -37.0, 205, 133, 63
L -117.0, -120.0, -37.0, -116.0, -121.0, -37.0, 205, 133, 63
L -113.0, -119.0, -37.0, -114.0, -117.0, -37.0, 178, 102, 255
L -117.0, -120.0, -37.0, -113.0, -119.0, -37.0, 205, 133, 63
L -111.0, -295.0, -37.0, -111.0, -300.0, -37.0, 102, 0, 204
L -121.0, -293.0, -37.0, -115.0, -293.0, -37.0, 205, 133, 63
L -121.0, -297.0, -37.0, -115.0, -297.0, -37.0, 205, 133, 63
L -125.0, -295.0, -37.0, -125.0, -294.0, -37.0, 178, 102, 255
L -125.0, -295.0, -37.0, -121.0, -295.0, -37.0, 205, 133, 63
L -115.0, -293.0, -37.0, -115.0, -295.0, -37.0, 205, 133, 63
L -115.0, -295.0, -37.0, -111.0, -295.0, -37.0, 205, 133, 63
L -115.0, -295.0, -37.0, -115.0, -297.0, -37.0, 205, 133, 63
L -121.0, -293.0, -37.0, -121.0, -295.0, -37.0, 205, 133, 63
L -121.0, -295.0, -37.0, -121.0, -297.0, -37.0, 205, 133, 63
L 169.0, -61.0, -147.0, 172.0, -64.0, -147.0, 102, 0, 204
L 177.0, -88.0, -147.0, 172.0, -90.0, -147.0, 102, 0, 204
L 172.0, -90.0, -147.0, 164.0, -94.0, -147.0, 102, 0, 204
L 172.0, -64.0, -147.0, 175.0, -64.0, -147.0, 102, 0, 204
L 177.0, -71.0, -147.0, 175.0, -84.0, -147.0, 205, 133, 63
L 171.0, -70.0, -147.0, 170.0, -84.0, -147.0, 205, 133, 63
L 171.0, -70.0, -147.0, 174.0, -70.0, -147.0, 205, 133, 63
L 170.0, -84.0, -147.0, 172.0, -84.0, -147.0, 205, 133, 63
L 175.0, -64.0, -147.0, 178.0, -64.0, -147.0, 102, 0, 204
L 175.0, -64.0, -147.0, 174.0, -70.0, -147.0, 205, 133, 63
L 174.0, -70.0, -147.0, 177.0, -71.0, -147.0, 205, 133, 63
L 172.0, -84.0, -147.0, 175.0, -84.0, -147.0, 205, 133, 63
L 172.0, -84.0, -147.0, 172.0, -90.0, -147.0, 205, 133, 63
L 257.0, 17.0, -34.0, 257.0, 14.0, -34.0, 204, 0, 204
L 257.0, 14.0, -34.0, 257.0, 2.0, -34.0, 204, 0, 204
L 259.0, -5.0, -37.0, 257.0, 2.0, -34.0, 204, 0, 204
L 220.0, 5.0, -34.0, 220.0, 3.0, -34.0, 204, 0, 204
L 220.0, 5.0, -34.0, 229.0, 7.0, -34.0, 205, 133, 63
L 229.0, 5.0, -34.0, 247.0, 9.0, -34.0, 205, 133, 63
L 247.0, 14.0, -34.0, 229.0, 10.0, -34.0, 205, 133, 63
L 247.0, 9.0, -34.0, 247.0, 12.0, -34.0, 205, 133, 63
L 247.0, 12.0, -34.0, 257.0, 14.0, -34.0, 205, 133, 63
L 247.0, 12.0, -34.0, 247.0, 14.0, -34.0, 205, 133, 63
L 229.0, 5.0, -34.0, 229.0, 7.0, -34.0, 205, 133, 63
L 229.0, 7.0, -34.0, 229.0, 10.0, -34.0, 205, 133, 63
L 226.0, 120.0, 8.0, 224.0, 74.0, 0.0, 0, 0, 0
L 225.0, 54.0, 0.0, 225.0, 71.0, 0.0, 0, 0, 0
L 234.0, 71.0, 0.0, 234.0, 36.0, 0.0, 0, 0, 0
L 234.0, 74.0, 0.0, 234.0, 71.0, 0.0, 0, 0, 0
L 224.0, 74.0, 0.0, 225.0, 74.0, 0.0, 0, 0, 0
L 236.0, 74.0, 0.0, 239.0, 120.0, 8.0, 0, 0, 0
L 236.0, 74.0, 0.0, 234.0, 74.0, 0.0, 0, 0, 0
L 228.0, 68.0, 0.0, 232.0, 68.0, 0.0, 205, 133, 63
L 228.0, 74.0, 0.0, 232.0, 74.0, 0.0, 205, 133, 63
L 225.0, 71.0, 0.0, 225.0, 74.0, 0.0, 0, 0, 0
L 225.0, 71.0, 0.0, 228.0, 71.0, 0.0, 205, 133, 63
L 232.0, 74.0, 0.0, 232.0, 71.0, 0.0, 205, 133, 63
L 232.0, 71.0, 0.0, 234.0, 71.0, 0.0, 205, 133, 63
L 232.0, 71.0, 0.0, 232.0, 68.0, 0.0, 205, 133, 63
L 228.0, 68.0, 0.0, 228.0, 71.0, 0.0, 205, 133, 63
L 228.0, 71.0, 0.0, 228.0, 74.0, 0.0, 205, 133, 63
L -6.0, 44.0, -36.0, -6.0, 40.0, -36.0, 178, 102, 255
L -6.0, 45.0, -36.0, -6.0, 78.0, -37.0, 127, 64, 0
L 8.0, 40.0, -37.0, 9.0, 76.0, -36.0, 127, 64, 0
L -8.0, 44.0, -31.0, -6.0, 40.0, -36.0, 178, 102, 255
L 8.0, 40.0, -37.0, 5.0, 41.0, -37.0, 205, 133, 63
L -2.0, 42.0, -37.0, 5.0, 39.0, -37.0, 205, 133, 63
L -2.0, 45.0, -37.0, 5.0, 43.0, -37.0, 205, 133, 63
L 5.0, 39.0, -37.0, 5.0, 41.0, -37.0, 205, 133, 63
L 5.0, 41.0, -37.0, 5.0, 43.0, -37.0, 205, 133, 63
L -2.0, 42.0, -37.0, -2.0, 44.0, -37.0, 205, 133, 63
L -2.0, 44.0, -37.0, -6.0, 45.0, -36.0, 205, 133, 63
L -2.0, 44.0, -37.0, -2.0, 45.0, -37.0, 205, 133, 63
L 64.0, -265.0, -154.0, 90.0, -280.0, -157.0, 102, 0, 204
L 328.0, -87.0, 2.0, 330.0, -99.0, 2.0, 0, 0, 0
L 355.0, -82.0, 2.0, 353.0, -49.0, 2.0, 0, 0, 0
L 328.0, -87.0, 2.0, 355.0, -82.0, 2.0, 199, 21, 133
L -24.0, 154.0, 2.0, -18.0, 155.0, 2.0, 0, 0, 0
L -24.0, 169.0, 2.0, -49.0, 169.0, 2.0, 0, 0, 0
L -24.0, 154.0, 2.0, -24.0, 169.0, 2.0, 199, 21, 133
L -88.0, 46.4, 0.0, -88.0, 50.2, 0.0, 255, 255, 0
L -88.0, 61.5, 0.0, -91.0, 61.5, 0.0, 255, 255, 0
L -88.0, 46.4, 0.0, -91.0, 46.4, 0.0, 255, 255, 0
L -99.9, 61.5, 0.0, -99.9, 57.7, 0.0, 255, 255, 0
L -99.9, 46.4, 0.0, -88.0, 61.5, 0.0, 255, 255, 0
L -94.0, 46.4, 0.0, -96.9, 46.4, 0.0, 255, 255, 0
L -88.0, 53.9, 0.0, -88.0, 57.7, 0.0, 255, 255, 0
L -94.0, 46.4, 0.0, -88.0, 53.9, 0.0, 255, 255, 0
L -91.0, 46.4, 0.0, -94.0, 46.4, 0.0, 255, 255, 0
L -88.0, 50.2, 0.0, -88.0, 53.9, 0.0, 255, 255, 0
L -91.0, 46.4, 0.0, -88.0, 50.2, 0.0, 255, 255, 0
L -96.9, 46.4, 0.0, -99.9, 46.4, 0.0, 255, 255, 0
L -88.0, 57.7, 0.0, -88.0, 61.5, 0.0, 255, 255, 0
L -96.9, 46.4, 0.0, -88.0, 57.7, 0.0, 255, 255, 0
L -99.9, 53.9, 0.0, -99.9, 50.2, 0.0, 255, 255, 0
L -94.0, 61.5, 0.0, -96.9, 61.5, 0.0, 255, 255, 0
L -99.9, 53.9, 0.0, -94.0, 61.5, 0.0, 255, 255, 0
L -99.9, 50.2, 0.0, -99.9, 46.4, 0.0, 255, 255, 0
L -91.0, 61.5, 0.0, -94.0, 61.5, 0.0, 255, 255, 0
L -99.9, 50.2, 0.0, -91.0, 61.5, 0.0, 255, 255, 0
L -99.9, 57.7, 0.0, -99.9, 53.9, 0.0, 255, 255, 0
L -96.9, 61.5, 0.0, -99.9, 61.5, 0.0, 255, 255, 0
L -99.9, 57.7, 0.0, -96.9, 61.5, 0.0, 255, 255, 0
L 64.3, -175.9, -37.1, 54.8, -174.3, -36.5, 204, 0, 204
L 54.8, -174.3, -36.5, 47.3, -158.0, -36.5, 204, 0, 204
L 47.3, -158.0, -36.5, 51.0, -148.0, -36.5, 204, 0, 204
L 51.0, -148.0, -36.5, 76.7, -156.5, -36.5, 204, 0, 204
L 76.7, -156.5, -36.5, 95.6, -167.6, -37.7, 204, 0, 204
L 95.6, -167.6, -37.7, 85.4, -175.7, -37.6, 204, 0, 204
L 85.4, -175.7, -37.5, 64.3, -175.9, -37.1, 204, 0, 204
