P -890.0000, 656.0000, 400.0874, 255, 0, 0, 3, to_Skyshrine
P -1626.0000, -1585.0000, 62.9385, 255, 0, 0, 3, to_Siren's_Grotto
P 1579.0000, 1056.0000, 304.2904, 255, 255, 255, 2, Dragon_Circle
P 1485.0000, -233.0000, 73.0635, 0, 128, 0, 2, Blumblum_(Brewer)
P 1513.0000, -182.0000, 73.0822, 0, 128, 0, 2, Bloogy_(Baker)
P 1520.0800, -161.7048, 74.5811, 128, 0, 128, 2, Oven
P 1495.3174, -250.3332, 74.5780, 128, 0, 128, 2, Brew_Barrel
P -895.0000, 939.0000, 314.8778, 240, 0, 0, 2, Succor
P 883.5916, -165.9951, -33.3542, 240, 240, 240, 2, Ship_Wreck
P -1059.7570, -271.4398, -44.8813, 0, 0, 0, 2, Yoppa_Greenthumb_(SHM:1.5)
P -1398.8252, -583.3921, -31.7706, 240, 240, 240, 2, Sirens
P -1475.6489, 888.3620, -47.1677, 240, 240, 240, 2, Ship_Wreck
P -544.0000, -381.0000, -63.0000, 240, 127, 0, 2, Kelorek'Dar_(Raid)
P 724.9590, 1055.0907, 296.2213, 127, 64, 0, 2, Azureake_(Hunter,Roam)
P -820.3716, 728.4792, 70.5331, 127, 64, 0, 2, a_bulthar_heardleader_(Hunter)
P 1321.2201, 842.6061, 274.4136, 127, 64, 0, 2, Yvolcarn_(Hunter)
P 893.0076, 1429.4198, -41.1591, 0, 0, 0, 2, an_outcast_siren
