P -432.5011, 1215.0630, 59.1629,  240, 0, 0,  3,  to_Kael_Drakkel
P -875.0000, 682.0000, 399.6035,  240, 0, 0,  3,  to_Skyshrine
P -1461.2007, -2497.8140, 159.4868,  240, 0, 0,  3,  to_Western_Wastes
P -1448.8617, -2056.8174, 71.7203,  240, 240, 240,  2,  Waterfall_Camp
P 1550.5363, 1054.2188, 293.6352,  240, 240, 240,  2,  Othmir_Camp
P 1481.2820, -216.9818, 72.6517,  240, 240, 240,  2,  Othmir_Camp
P 1012.4847, 324.4812, 45.1497,  240, 240, 240,  2,  Ice_Hole
P 459.2561, 777.8531, 74.0904,  0, 240, 240,  2,  Watcher_Sprin_(Mission,_Raid)
P -1473.2870, -2385.8887, 27.5245,  0, 127, 127,  2,  De`ess_Al`coda_(Quests)
P 403.7330, 883.0400, 89.6231,  0, 127, 127,  2,  Aisel_Sharpnose_(Quests)
P -555.4037, 794.4177, 78.0210,  0, 240, 240,  2,  Sentinel_Paxin_(Raids)
P 1427.0784, -92.1917, 81.5860,  0, 127, 127,  2,  Provisionner_Tarka_(Quests)
P -1774.1615, -1781.3113, -21.6803,  0, 127, 127,  2,  Adella_Undertow_(Quests)
P -1580.4474, 44.7493, 51.8558,  0, 0, 0,  2,  Stella_Didginsee
P -1501.1001, -2374.7349, 149.8231,  0, 0, 0,  2,  Merien_Gilfoyle
P -1360.5497, -2063.1897, -12.3491,  127, 64, 0,  2,  Delmare_Undertow_(Hunter)
P 1457.0785, 1280.3806, 296.8168,  0, 127, 0,  2,  Chanter_Bjatel_(Teleport_Spells)
P -1581.4070, 319.3405, -86.3498,  127, 64, 0,  2,  Morwenna_Undertow_(Hunter)
P 1073.7787, -160.2765, -15.2154,  127, 64, 0,  2,  Ol`_Grinnin`_Finley_(Hunter)
P -67.3735, -664.4716, 56.2300,  127, 64, 0,  2,  Pikebreath_(Hunter)
P -1420.5961, -2098.3318, 161.8261,  127, 64, 0,  2,  Skolskin_Haeger_(Hunter)