L 208.0, 236.0, -181.0, 208.0, 197.0, -181.0, 178, 102, 255
L 113.0, -15.0, -181.0, 113.0, -1.0, -181.0, 178, 102, 255
L 113.0, -26.0, -181.0, 113.0, -40.0, -181.0, 178, 102, 255
L 166.0, -40.0, -181.0, 166.0, -1.0, -181.0, 178, 102, 255
L 107.0, -82.0, -181.0, 102.0, -82.0, -181.0, 178, 102, 255
L 102.0, -82.0, -181.0, 96.0, -82.0, -181.0, 178, 102, 255
L 96.0, -99.0, -181.0, 96.0, -82.0, -181.0, 178, 102, 255
L 102.0, -99.0, -181.0, 96.0, -99.0, -181.0, 178, 102, 255
L 107.0, -99.0, -181.0, 102.0, -99.0, -181.0, 178, 102, 255
L 138.0, -99.0, -181.0, 107.0, -99.0, -181.0, 178, 102, 255
L 138.0, -124.0, -181.0, 138.0, -99.0, -181.0, 178, 102, 255
L 113.0, -124.0, -181.0, 138.0, -124.0, -181.0, 178, 102, 255
L 113.0, -110.0, -181.0, 113.0, -124.0, -181.0, 178, 102, 255
L 107.0, -110.0, -181.0, 113.0, -110.0, -181.0, 178, 102, 255
L 102.0, -110.0, -181.0, 107.0, -110.0, -181.0, 178, 102, 255
L 102.0, -110.0, -181.0, 96.0, -110.0, -181.0, 178, 102, 255
L 96.0, -124.0, -181.0, 96.0, -110.0, -181.0, 178, 102, 255
L 82.0, -124.0, -181.0, 96.0, -124.0, -181.0, 178, 102, 255
L 82.0, -134.0, -181.0, 82.0, -124.0, -181.0, 178, 102, 255
L 82.0, -141.0, -181.0, 82.0, -134.0, -181.0, 178, 102, 255
L 96.0, -141.0, -181.0, 82.0, -141.0, -181.0, 178, 102, 255
L 71.0, -50.0, -181.0, 71.0, -55.0, -181.0, 178, 102, 255
L 82.0, -55.0, -181.0, 82.0, -50.0, -181.0, 178, 102, 255
L 102.0, -71.0, -181.0, 96.0, -71.0, -181.0, 178, 102, 255
L 107.0, -71.0, -181.0, 102.0, -71.0, -181.0, 178, 102, 255
L 107.0, -71.0, -181.0, 113.0, -71.0, -181.0, 178, 102, 255
L 138.0, -82.0, -181.0, 107.0, -82.0, -181.0, 178, 102, 255
L 138.0, -57.0, -181.0, 138.0, -82.0, -181.0, 178, 102, 255
L 113.0, -57.0, -181.0, 138.0, -57.0, -181.0, 178, 102, 255
L 113.0, -71.0, -181.0, 113.0, -57.0, -181.0, 178, 102, 255
L 96.0, -57.0, -181.0, 96.0, -71.0, -181.0, 178, 102, 255
L 82.0, -55.0, -181.0, 96.0, -57.0, -181.0, 178, 102, 255
L 82.0, -41.0, -181.0, 82.0, -50.0, -181.0, 178, 102, 255
L 97.0, -26.0, -181.0, 82.0, -41.0, -181.0, 178, 102, 255
L 97.0, -26.0, -181.0, 113.0, -26.0, -181.0, 178, 102, 255
L 166.0, -40.0, -181.0, 113.0, -40.0, -181.0, 178, 102, 255
L 113.0, -1.0, -181.0, 166.0, -1.0, -181.0, 178, 102, 255
L 97.0, -15.0, -181.0, 113.0, -15.0, -181.0, 178, 102, 255
L 82.0, 0.0, -181.0, 97.0, -15.0, -181.0, 178, 102, 255
L 82.0, 14.0, -181.0, 82.0, 0.0, -181.0, 178, 102, 255
L 96.0, 28.0, -181.0, 82.0, 14.0, -181.0, 178, 102, 255
L 96.0, 57.0, -181.0, 96.0, 28.0, -181.0, 178, 102, 255
L 127.0, 57.0, -181.0, 96.0, 57.0, -181.0, 178, 102, 255
L 127.0, 40.0, -181.0, 127.0, 57.0, -181.0, 178, 102, 255
L 113.0, 40.0, -181.0, 127.0, 40.0, -181.0, 178, 102, 255
L 113.0, 15.0, -181.0, 113.0, 40.0, -181.0, 178, 102, 255
L 152.0, 15.0, -181.0, 113.0, 15.0, -181.0, 178, 102, 255
L 152.0, 40.0, -181.0, 152.0, 15.0, -181.0, 178, 102, 255
L 138.0, 40.0, -181.0, 152.0, 40.0, -181.0, 178, 102, 255
L 138.0, 71.0, -181.0, 138.0, 40.0, -181.0, 178, 102, 255
L 183.0, 71.0, -181.0, 138.0, 71.0, -181.0, 178, 102, 255
L 183.0, 40.0, -181.0, 183.0, 71.0, -181.0, 178, 102, 255
L 169.0, 40.0, -181.0, 183.0, 40.0, -181.0, 178, 102, 255
L 169.0, 15.0, -181.0, 169.0, 40.0, -181.0, 178, 102, 255
L 208.0, 15.0, -181.0, 169.0, 15.0, -181.0, 178, 102, 255
L 208.0, 40.0, -181.0, 208.0, 15.0, -181.0, 178, 102, 255
L 194.0, 40.0, -181.0, 208.0, 40.0, -181.0, 178, 102, 255
L 194.0, 82.0, -181.0, 194.0, 40.0, -181.0, 178, 102, 255
L 167.0, 82.0, -181.0, 194.0, 82.0, -181.0, 178, 102, 255
L 124.0, 110.0, -181.0, 167.0, 82.0, -181.0, 178, 102, 255
L 97.0, 124.0, -181.0, 124.0, 110.0, -181.0, 178, 102, 255
L 82.0, 139.0, -181.0, 97.0, 124.0, -181.0, 178, 102, 255
L 82.0, 154.0, -181.0, 82.0, 139.0, -181.0, 178, 102, 255
L 97.0, 169.0, -181.0, 82.0, 154.0, -181.0, 178, 102, 255
L 152.0, 169.0, -181.0, 97.0, 169.0, -181.0, 178, 102, 255
L 152.0, 211.0, -181.0, 152.0, 169.0, -181.0, 178, 102, 255
L 169.0, 211.0, -181.0, 152.0, 211.0, -181.0, 178, 102, 255
L 169.0, 197.0, -181.0, 169.0, 211.0, -181.0, 178, 102, 255
L 208.0, 197.0, -181.0, 169.0, 197.0, -181.0, 178, 102, 255
L 169.0, 236.0, -181.0, 208.0, 236.0, -181.0, 178, 102, 255
L 169.0, 222.0, -181.0, 169.0, 236.0, -181.0, 178, 102, 255
L 141.0, 222.0, -181.0, 169.0, 222.0, -181.0, 178, 102, 255
L 141.0, 180.0, -181.0, 141.0, 222.0, -181.0, 178, 102, 255
L 97.0, 180.0, -181.0, 141.0, 180.0, -181.0, 178, 102, 255
L 82.0, 195.0, -181.0, 97.0, 180.0, -181.0, 178, 102, 255
L 56.0, 180.0, -181.0, 71.0, 195.0, -181.0, 178, 102, 255
L 12.0, 180.0, -181.0, 56.0, 180.0, -181.0, 178, 102, 255
L 12.0, 222.0, -181.0, 12.0, 180.0, -181.0, 178, 102, 255
L -15.0, 222.0, -181.0, 12.0, 222.0, -181.0, 178, 102, 255
L -15.0, 236.0, -181.0, -15.0, 222.0, -181.0, 178, 102, 255
L -54.0, 236.0, -181.0, -15.0, 236.0, -181.0, 178, 102, 255
L -54.0, 197.0, -181.0, -54.0, 236.0, -181.0, 178, 102, 255
L -15.0, 197.0, -181.0, -54.0, 197.0, -181.0, 178, 102, 255
L -15.0, 211.0, -181.0, -15.0, 197.0, -181.0, 178, 102, 255
L 1.0, 211.0, -181.0, -15.0, 211.0, -181.0, 178, 102, 255
L 1.0, 169.0, -181.0, 1.0, 211.0, -181.0, 178, 102, 255
L 56.0, 169.0, -181.0, 1.0, 169.0, -181.0, 178, 102, 255
L 71.0, 154.0, -181.0, 56.0, 169.0, -181.0, 178, 102, 255
L 71.0, 139.0, -181.0, 71.0, 154.0, -181.0, 178, 102, 255
L 56.0, 124.0, -181.0, 71.0, 139.0, -181.0, 178, 102, 255
L 28.0, 110.0, -181.0, 56.0, 124.0, -181.0, 178, 102, 255
L -13.0, 82.0, -181.0, 28.0, 110.0, -181.0, 178, 102, 255
L -40.0, 82.0, -181.0, -13.0, 82.0, -181.0, 178, 102, 255
L -40.0, 40.0, -181.0, -40.0, 82.0, -181.0, 178, 102, 255
L -54.0, 40.0, -181.0, -40.0, 40.0, -181.0, 178, 102, 255
L -54.0, 15.0, -181.0, -54.0, 40.0, -181.0, 178, 102, 255
L -15.0, 15.0, -181.0, -54.0, 15.0, -181.0, 178, 102, 255
L -15.0, 40.0, -181.0, -15.0, 15.0, -181.0, 178, 102, 255
L -29.0, 40.0, -181.0, -15.0, 40.0, -181.0, 178, 102, 255
L -29.0, 71.0, -181.0, -29.0, 40.0, -181.0, 178, 102, 255
L 15.0, 71.0, -181.0, -29.0, 71.0, -181.0, 178, 102, 255
L 15.0, 40.0, -181.0, 15.0, 71.0, -181.0, 178, 102, 255
L 1.0, 40.0, -181.0, 15.0, 40.0, -181.0, 178, 102, 255
L 1.0, 15.0, -181.0, 1.0, 40.0, -181.0, 178, 102, 255
L 40.0, 15.0, -181.0, 1.0, 15.0, -181.0, 178, 102, 255
L 40.0, 40.0, -181.0, 40.0, 15.0, -181.0, 178, 102, 255
L 26.0, 40.0, -181.0, 40.0, 40.0, -181.0, 178, 102, 255
L 26.0, 57.0, -181.0, 26.0, 40.0, -181.0, 178, 102, 255
L 57.0, 57.0, -181.0, 26.0, 57.0, -181.0, 178, 102, 255
L 57.0, 28.0, -181.0, 57.0, 57.0, -181.0, 178, 102, 255
L 71.0, 14.0, -181.0, 57.0, 28.0, -181.0, 178, 102, 255
L 71.0, 0.0, -181.0, 71.0, 14.0, -181.0, 178, 102, 255
L 56.0, -15.0, -181.0, 71.0, 0.0, -181.0, 178, 102, 255
L 71.0, -41.0, -181.0, 71.0, -50.0, -181.0, 178, 102, 255
L 56.0, -26.0, -181.0, 71.0, -41.0, -181.0, 178, 102, 255
L 40.0, -40.0, -181.0, 40.0, -26.0, -181.0, 178, 102, 255
L 40.0, -26.0, -181.0, 56.0, -26.0, -181.0, 178, 102, 255
L 40.0, -15.0, -181.0, 56.0, -15.0, -181.0, 178, 102, 255
L 40.0, -1.0, -181.0, 40.0, -15.0, -181.0, 178, 102, 255
L -12.0, -1.0, -181.0, 40.0, -1.0, -181.0, 178, 102, 255
L -12.0, -40.0, -181.0, -12.0, -1.0, -181.0, 178, 102, 255
L 40.0, -40.0, -181.0, -12.0, -40.0, -181.0, 178, 102, 255
L 57.0, -57.0, -181.0, 71.0, -55.0, -181.0, 178, 102, 255
L 57.0, -71.0, -181.0, 57.0, -57.0, -181.0, 178, 102, 255
L 51.0, -71.0, -181.0, 57.0, -71.0, -181.0, 178, 102, 255
L 51.0, -71.0, -181.0, 46.0, -71.0, -181.0, 178, 102, 255
L 46.0, -71.0, -181.0, 40.0, -71.0, -181.0, 178, 102, 255
L 40.0, -57.0, -181.0, 40.0, -71.0, -181.0, 178, 102, 255
L 15.0, -57.0, -180.0, 40.0, -57.0, -181.0, 178, 102, 255
L 15.0, -82.0, -181.0, 15.0, -57.0, -181.0, 178, 102, 255
L 46.0, -82.0, -181.0, 15.0, -82.0, -181.0, 178, 102, 255
L 46.0, -82.0, -181.0, 51.0, -82.0, -181.0, 178, 102, 255
L 57.0, -82.0, -181.0, 51.0, -82.0, -181.0, 178, 102, 255
L 57.0, -99.0, -181.0, 57.0, -82.0, -181.0, 178, 102, 255
L 51.0, -99.0, -181.0, 57.0, -99.0, -181.0, 178, 102, 255
L 46.0, -99.0, -181.0, 51.0, -99.0, -181.0, 178, 102, 255
L 15.0, -99.0, -181.0, 46.0, -99.0, -181.0, 178, 102, 255
L 15.0, -124.0, -181.0, 15.0, -99.0, -181.0, 178, 102, 255
L 40.0, -124.0, -181.0, 15.0, -124.0, -181.0, 178, 102, 255
L 40.0, -110.0, -181.0, 40.0, -124.0, -181.0, 178, 102, 255
L 46.0, -110.0, -181.0, 40.0, -110.0, -181.0, 178, 102, 255
L 51.0, -110.0, -181.0, 46.0, -110.0, -181.0, 178, 102, 255
L 57.0, -110.0, -181.0, 51.0, -110.0, -181.0, 178, 102, 255
L 71.0, -139.0, -181.0, 57.0, -141.0, -181.0, 178, 102, 255
L 71.0, -134.0, -181.0, 71.0, -139.0, -181.0, 178, 102, 255
L 71.0, -124.0, -181.0, 71.0, -133.0, -181.0, 178, 102, 255
L 57.0, -124.0, -181.0, 71.0, -124.0, -181.0, 178, 102, 255
L 57.0, -110.0, -181.0, 57.0, -124.0, -181.0, 178, 102, 255
L 547.0, -8.0, -195.0, 534.0, -8.0, -195.0, 102, 0, 204
L 547.0, -1.0, -195.0, 547.0, -8.0, -195.0, 102, 0, 204
L 561.0, -1.0, -195.0, 547.0, -1.0, -195.0, 102, 0, 204
L 560.0, -12.0, -195.0, 479.0, -12.0, -195.0, 102, 0, 204
L 574.0, -26.0, -195.0, 560.0, -12.0, -195.0, 102, 0, 204
L 589.0, -26.0, -195.0, 574.0, -26.0, -195.0, 102, 0, 204
L 589.0, -40.0, -195.0, 589.0, -26.0, -195.0, 102, 0, 204
L 631.0, -40.0, -195.0, 589.0, -40.0, -195.0, 102, 0, 204
L 631.0, -57.0, -195.0, 631.0, -40.0, -195.0, 102, 0, 204
L 603.0, -57.0, -195.0, 631.0, -57.0, -195.0, 102, 0, 204
L 603.0, -85.0, -195.0, 603.0, -57.0, -195.0, 102, 0, 204
L 588.0, -85.0, -195.0, 603.0, -85.0, -195.0, 102, 0, 204
L 575.0, -98.0, -195.0, 588.0, -85.0, -195.0, 102, 0, 204
L 575.0, -113.0, -195.0, 575.0, -98.0, -195.0, 102, 0, 204
L 561.0, -113.0, -195.0, 575.0, -113.0, -195.0, 102, 0, 204
L 561.0, -124.0, -195.0, 561.0, -113.0, -195.0, 102, 0, 204
L 575.0, -124.0, -195.0, 561.0, -124.0, -195.0, 102, 0, 204
L 575.0, -141.0, -195.0, 575.0, -124.0, -195.0, 102, 0, 204
L 561.0, -141.0, -195.0, 575.0, -141.0, -195.0, 102, 0, 204
L 561.0, -152.0, -195.0, 561.0, -141.0, -195.0, 102, 0, 204
L 574.0, -152.0, -195.0, 561.0, -152.0, -195.0, 102, 0, 204
L 589.0, -167.0, -195.0, 574.0, -152.0, -195.0, 102, 0, 204
L 575.0, -196.0, -195.0, 589.0, -167.0, -195.0, 102, 0, 204
L 575.0, -222.0, -193.0, 575.0, -196.0, -195.0, 102, 0, 204
L 602.0, -236.0, -193.0, 575.0, -222.0, -193.0, 102, 0, 204
L 602.0, -236.0, -193.0, 615.0, -236.0, -193.0, 102, 0, 204
L 642.0, -222.0, -193.0, 615.0, -236.0, -193.0, 102, 0, 204
L 642.0, -196.0, -195.0, 642.0, -222.0, -193.0, 102, 0, 204
L 627.0, -167.0, -195.0, 642.0, -196.0, -195.0, 102, 0, 204
L 643.0, -152.0, -195.0, 627.0, -167.0, -195.0, 102, 0, 204
L 656.0, -152.0, -195.0, 643.0, -152.0, -195.0, 102, 0, 204
L 656.0, -141.0, -195.0, 656.0, -152.0, -195.0, 102, 0, 204
L 642.0, -141.0, -195.0, 656.0, -141.0, -195.0, 102, 0, 204
L 642.0, -124.0, -195.0, 642.0, -141.0, -195.0, 102, 0, 204
L 656.0, -124.0, -195.0, 642.0, -124.0, -195.0, 102, 0, 204
L 656.0, -113.0, -195.0, 656.0, -124.0, -195.0, 102, 0, 204
L 642.0, -113.0, -195.0, 656.0, -113.0, -195.0, 102, 0, 204
L 642.0, -98.0, -195.0, 642.0, -113.0, -195.0, 102, 0, 204
L 629.0, -85.0, -195.0, 642.0, -98.0, -195.0, 102, 0, 204
L 614.0, -85.0, -195.0, 629.0, -85.0, -195.0, 102, 0, 204
L 614.0, -68.0, -195.0, 614.0, -85.0, -195.0, 102, 0, 204
L 685.0, -82.0, -195.0, 672.0, -82.0, -195.0, 102, 0, 204
L 698.0, -69.0, -195.0, 685.0, -82.0, -195.0, 102, 0, 204
L 658.0, -68.0, -195.0, 614.0, -68.0, -195.0, 102, 0, 204
L 672.0, -82.0, -195.0, 658.0, -68.0, -195.0, 102, 0, 204
L 698.0, -56.0, -195.0, 698.0, -69.0, -195.0, 102, 0, 204
L 743.0, 29.0, -97.0, 743.0, 19.0, -97.0, 178, 102, 255
L 729.0, 29.0, -97.0, 743.0, 29.0, -97.0, 178, 102, 255
L 768.0, 29.0, -97.0, 754.0, 29.0, -97.0, 178, 102, 255
L 768.0, 68.0, -97.0, 768.0, 29.0, -97.0, 178, 102, 255
L 729.0, 68.0, -97.0, 768.0, 68.0, -97.0, 178, 102, 255
L 729.0, 29.0, -97.0, 729.0, 68.0, -97.0, 178, 102, 255
L 376.0, -127.0, -181.0, 376.0, -113.0, -181.0, 178, 102, 255
L 389.0, -127.0, -181.0, 384.0, -127.0, -181.0, 178, 102, 255
L 389.0, -127.0, -181.0, 407.0, -127.0, -181.0, 178, 102, 255
L 384.0, -127.0, -181.0, 376.0, -127.0, -181.0, 178, 102, 255
L 376.0, -113.0, -181.0, 337.0, -113.0, -181.0, 178, 102, 255
L 337.0, -152.0, -181.0, 337.0, -113.0, -181.0, 178, 102, 255
L 353.0, -152.0, -181.0, 337.0, -152.0, -181.0, 178, 102, 255
L 376.0, -152.0, -181.0, 360.0, -152.0, -181.0, 178, 102, 255
L 376.0, -138.0, -181.0, 376.0, -152.0, -181.0, 178, 102, 255
L 384.0, -138.0, -181.0, 376.0, -138.0, -181.0, 178, 102, 255
L 384.0, -138.0, -181.0, 389.0, -138.0, -181.0, 178, 102, 255
L 393.0, -83.0, -181.0, 393.0, -40.0, -181.0, 178, 102, 255
L 407.0, -97.0, -181.0, 393.0, -83.0, -181.0, 178, 102, 255
L 407.0, -127.0, -181.0, 407.0, -97.0, -181.0, 178, 102, 255
L 407.0, -138.0, -181.0, 389.0, -138.0, -181.0, 178, 102, 255
L 407.0, -156.0, -181.0, 407.0, -138.0, -181.0, 178, 102, 255
L 432.0, -156.0, -181.0, 407.0, -156.0, -181.0, 178, 102, 255
L 432.0, -138.0, -181.0, 432.0, -156.0, -181.0, 178, 102, 255
L 446.0, -138.0, -181.0, 432.0, -138.0, -181.0, 178, 102, 255
L 446.0, -127.0, -181.0, 446.0, -138.0, -181.0, 178, 102, 255
L 432.0, -127.0, -181.0, 446.0, -127.0, -181.0, 178, 102, 255
L 432.0, -97.0, -181.0, 432.0, -127.0, -181.0, 178, 102, 255
L 446.0, -83.0, -181.0, 432.0, -97.0, -181.0, 178, 102, 255
L 446.0, -40.0, -181.0, 446.0, -83.0, -181.0, 178, 102, 255
L 461.0, -40.0, -181.0, 446.0, -40.0, -181.0, 178, 102, 255
L 474.0, -27.0, -181.0, 461.0, -40.0, -181.0, 178, 102, 255
L 474.0, 13.0, -181.0, 474.0, -27.0, -181.0, 178, 102, 255
L 461.0, 26.0, -181.0, 474.0, 13.0, -181.0, 178, 102, 255
L 378.0, 26.0, -181.0, 461.0, 26.0, -181.0, 178, 102, 255
L 365.0, 0.0, -181.0, 378.0, 26.0, -181.0, 178, 102, 255
L 365.0, -27.0, -181.0, 365.0, 0.0, -181.0, 178, 102, 255
L 378.0, -40.0, -181.0, 365.0, -27.0, -181.0, 178, 102, 255
L 390.0, -16.0, -196.0, 393.0, -40.0, -195.0, 102, 0, 204
L 430.0, -16.0, -196.0, 421.0, -40.0, -195.0, 102, 0, 204
L 461.0, -40.0, -195.0, 421.0, -40.0, -195.0, 102, 0, 204
L 474.0, -27.0, -195.0, 461.0, -40.0, -195.0, 102, 0, 204
L 365.0, -27.0, -195.0, 378.0, -40.0, -195.0, 102, 0, 204
L 365.0, 0.0, -195.0, 365.0, -27.0, -195.0, 102, 0, 204
L 378.0, 26.0, -195.0, 365.0, 0.0, -195.0, 102, 0, 204
L 461.0, 26.0, -195.0, 378.0, 26.0, -195.0, 102, 0, 204
L 474.0, 13.0, -195.0, 461.0, 26.0, -195.0, 102, 0, 204
L 474.0, -3.0, -195.0, 474.0, 13.0, -195.0, 102, 0, 204
L 479.0, -1.0, -195.0, 474.0, -3.0, -195.0, 102, 0, 204
L 534.0, -1.0, -195.0, 479.0, -1.0, -195.0, 102, 0, 204
L 474.0, -10.0, -195.0, 479.0, -12.0, -195.0, 102, 0, 204
L 474.0, -10.0, -195.0, 474.0, -27.0, -195.0, 102, 0, 204
L 534.0, -1.0, -195.0, 534.0, -8.0, -195.0, 102, 0, 204
L 687.0, 103.0, -195.0, 687.0, 96.0, -195.0, 102, 0, 204
L 658.0, 96.0, -195.0, 687.0, 96.0, -195.0, 102, 0, 204
L 645.0, 83.0, -195.0, 658.0, 96.0, -195.0, 102, 0, 204
L 645.0, 56.0, -195.0, 645.0, 83.0, -195.0, 102, 0, 204
L 658.0, 43.0, -195.0, 645.0, 56.0, -195.0, 102, 0, 204
L 699.0, 43.0, -195.0, 658.0, 43.0, -195.0, 102, 0, 204
L 712.0, 56.0, -195.0, 699.0, 43.0, -195.0, 102, 0, 204
L 712.0, 83.0, -195.0, 712.0, 56.0, -195.0, 102, 0, 204
L 698.0, 98.0, -195.0, 712.0, 83.0, -195.0, 102, 0, 204
L 698.0, 98.0, -195.0, 698.0, 103.0, -195.0, 102, 0, 204
L 561.0, 15.0, -195.0, 561.0, -1.0, -195.0, 102, 0, 204
L 547.0, 15.0, -195.0, 561.0, 15.0, -195.0, 102, 0, 204
L 547.0, 26.0, -195.0, 547.0, 15.0, -195.0, 102, 0, 204
L 560.0, 26.0, -195.0, 547.0, 26.0, -195.0, 102, 0, 204
L 574.0, 40.0, -195.0, 560.0, 26.0, -195.0, 102, 0, 204
L 589.0, 40.0, -195.0, 574.0, 40.0, -195.0, 102, 0, 204
L 589.0, 54.0, -195.0, 589.0, 40.0, -195.0, 102, 0, 204
L 628.0, 54.0, -195.0, 589.0, 54.0, -195.0, 102, 0, 204
L 628.0, 12.0, -195.0, 628.0, 54.0, -195.0, 102, 0, 204
L 672.0, 12.0, -195.0, 628.0, 12.0, -195.0, 102, 0, 204
L 686.0, 26.0, -195.0, 672.0, 12.0, -195.0, 102, 0, 204
L 699.0, 26.0, -195.0, 686.0, 26.0, -195.0, 102, 0, 204
L 713.0, 12.0, -195.0, 699.0, 26.0, -195.0, 102, 0, 204
L 722.0, 12.0, -195.0, 713.0, 12.0, -195.0, 102, 0, 204
L 727.0, 12.0, -195.0, 722.0, 12.0, -195.0, 102, 0, 204
L 754.0, -19.0, -195.0, 754.0, -14.0, -195.0, 102, 0, 204
L 770.0, 1.0, -195.0, 754.0, -14.0, -195.0, 102, 0, 204
L 775.0, 1.0, -195.0, 770.0, 1.0, -195.0, 102, 0, 204
L 754.0, -19.0, -195.0, 754.0, -28.0, -195.0, 102, 0, 204
L 769.0, -43.0, -195.0, 754.0, -28.0, -195.0, 102, 0, 204
L 799.0, -43.0, -195.0, 769.0, -43.0, -195.0, 102, 0, 204
L 799.0, -13.0, -195.0, 799.0, -43.0, -195.0, 102, 0, 204
L 784.0, 1.0, -195.0, 799.0, -13.0, -195.0, 102, 0, 204
L 775.0, 1.0, -195.0, 784.0, 1.0, -195.0, 102, 0, 204
L 743.0, 28.0, -195.0, 727.0, 12.0, -195.0, 102, 0, 204
L 743.0, 33.0, -195.0, 743.0, 28.0, -195.0, 102, 0, 204
L 743.0, 42.0, -195.0, 743.0, 33.0, -195.0, 102, 0, 204
L 729.0, 56.0, -195.0, 743.0, 42.0, -195.0, 102, 0, 204
L 729.0, 69.0, -195.0, 729.0, 56.0, -195.0, 102, 0, 204
L 743.0, 83.0, -195.0, 729.0, 69.0, -195.0, 102, 0, 204
L 743.0, 113.0, -195.0, 743.0, 83.0, -195.0, 102, 0, 204
L 698.0, 113.0, -195.0, 743.0, 113.0, -195.0, 102, 0, 204
L 698.0, 103.0, -195.0, 698.0, 113.0, -195.0, 102, 0, 204
L 687.0, 124.0, -195.0, 687.0, 103.0, -195.0, 102, 0, 204
L 754.0, 124.0, -195.0, 687.0, 124.0, -195.0, 102, 0, 204
L 754.0, 83.0, -195.0, 754.0, 124.0, -195.0, 102, 0, 204
L 768.0, 69.0, -195.0, 754.0, 83.0, -195.0, 102, 0, 204
L 768.0, 56.0, -195.0, 768.0, 69.0, -195.0, 102, 0, 204
L 754.0, 42.0, -195.0, 768.0, 56.0, -195.0, 102, 0, 204
L 754.0, 33.0, -195.0, 754.0, 42.0, -195.0, 102, 0, 204
L 754.0, 28.0, -195.0, 754.0, 33.0, -195.0, 102, 0, 204
L 770.0, 12.0, -195.0, 754.0, 28.0, -195.0, 102, 0, 204
L 775.0, 12.0, -195.0, 770.0, 12.0, -195.0, 102, 0, 204
L 784.0, 12.0, -195.0, 775.0, 12.0, -195.0, 102, 0, 204
L 798.0, 26.0, -195.0, 784.0, 12.0, -195.0, 102, 0, 204
L 811.0, 26.0, -195.0, 798.0, 26.0, -195.0, 102, 0, 204
L 824.0, 13.0, -195.0, 811.0, 26.0, -195.0, 102, 0, 204
L 824.0, 0.0, -195.0, 824.0, 13.0, -195.0, 102, 0, 204
L 810.0, -13.0, -195.0, 824.0, 0.0, -195.0, 102, 0, 204
L 810.0, -54.0, -195.0, 810.0, -13.0, -195.0, 102, 0, 204
L 769.0, -54.0, -195.0, 810.0, -54.0, -195.0, 102, 0, 204
L 755.0, -68.0, -195.0, 769.0, -54.0, -195.0, 102, 0, 204
L 742.0, -68.0, -195.0, 755.0, -68.0, -195.0, 102, 0, 204
L 729.0, -55.0, -195.0, 742.0, -68.0, -195.0, 102, 0, 204
L 729.0, -42.0, -195.0, 729.0, -55.0, -195.0, 102, 0, 204
L 743.0, -28.0, -195.0, 729.0, -42.0, -195.0, 102, 0, 204
L 743.0, -19.0, -195.0, 743.0, -28.0, -195.0, 102, 0, 204
L 743.0, -14.0, -195.0, 743.0, -19.0, -195.0, 102, 0, 204
L 727.0, 1.0, -195.0, 743.0, -14.0, -195.0, 102, 0, 204
L 722.0, 1.0, -195.0, 727.0, 1.0, -195.0, 102, 0, 204
L 713.0, 1.0, -195.0, 722.0, 1.0, -195.0, 102, 0, 204
L 699.0, -12.0, -195.0, 713.0, 1.0, -195.0, 102, 0, 204
L 686.0, -12.0, -195.0, 699.0, -12.0, -195.0, 102, 0, 204
L 672.0, 1.0, -195.0, 686.0, -12.0, -195.0, 102, 0, 204
L 617.0, 1.0, -195.0, 672.0, 1.0, -195.0, 102, 0, 204
L 617.0, 43.0, -195.0, 617.0, 1.0, -195.0, 102, 0, 204
L 600.0, 43.0, -195.0, 617.0, 43.0, -195.0, 102, 0, 204
L 600.0, -29.0, -195.0, 600.0, 43.0, -195.0, 102, 0, 204
L 642.0, -29.0, -195.0, 600.0, -29.0, -195.0, 102, 0, 204
L 642.0, -57.0, -195.0, 642.0, -29.0, -195.0, 102, 0, 204
L 658.0, -57.0, -195.0, 642.0, -57.0, -195.0, 102, 0, 204
L 672.0, -43.0, -195.0, 658.0, -57.0, -195.0, 102, 0, 204
L 685.0, -43.0, -195.0, 672.0, -43.0, -195.0, 102, 0, 204
L 698.0, -56.0, -195.0, 685.0, -43.0, -195.0, 102, 0, 204
L 754.0, 19.0, -97.0, 754.0, 12.0, -97.0, 178, 102, 255
L 754.0, 19.0, -97.0, 754.0, 29.0, -97.0, 178, 102, 255
L 953.0, -141.0, -83.0, 953.0, -169.0, -83.0, 204, 0, 204
L 964.0, -141.0, -83.0, 953.0, -141.0, -83.0, 204, 0, 204
L 964.0, -155.0, -83.0, 964.0, -141.0, -83.0, 204, 0, 204
L 978.0, -155.0, -83.0, 964.0, -155.0, -83.0, 204, 0, 204
L 978.0, -183.0, -83.0, 978.0, -155.0, -83.0, 204, 0, 204
L 995.0, -183.0, -83.0, 978.0, -183.0, -83.0, 204, 0, 204
L 995.0, -153.0, -83.0, 995.0, -183.0, -83.0, 204, 0, 204
L 981.0, -139.0, -83.0, 995.0, -153.0, -83.0, 204, 0, 204
L 981.0, -127.0, -83.0, 981.0, -139.0, -83.0, 204, 0, 204
L 995.0, -127.0, -83.0, 981.0, -127.0, -83.0, 204, 0, 204
L 995.0, -112.0, -83.0, 995.0, -127.0, -83.0, 204, 0, 204
L 1008.0, -99.0, -83.0, 995.0, -112.0, -83.0, 204, 0, 204
L 1020.0, -99.0, -83.0, 1008.0, -99.0, -83.0, 204, 0, 204
L 1034.0, -112.0, -83.0, 1020.0, -99.0, -83.0, 204, 0, 204
L 1034.0, -125.0, -83.0, 1034.0, -112.0, -83.0, 204, 0, 204
L 1020.0, -138.0, -83.0, 1034.0, -125.0, -83.0, 204, 0, 204
L 1006.0, -138.0, -83.0, 1020.0, -138.0, -83.0, 204, 0, 204
L 1006.0, -208.0, -83.0, 1006.0, -138.0, -83.0, 204, 0, 204
L 992.0, -208.0, -83.0, 1006.0, -208.0, -83.0, 204, 0, 204
L 992.0, -222.0, -83.0, 992.0, -208.0, -83.0, 204, 0, 204
L 967.0, -222.0, -83.0, 992.0, -222.0, -83.0, 204, 0, 204
L 967.0, -194.0, -83.0, 967.0, -222.0, -83.0, 204, 0, 204
L 953.0, -194.0, -83.0, 967.0, -194.0, -83.0, 204, 0, 204
L 953.0, -180.0, -83.0, 953.0, -194.0, -83.0, 204, 0, 204
L 943.0, -180.0, -83.0, 953.0, -180.0, -83.0, 204, 0, 204
L 938.0, -180.0, -83.0, 943.0, -180.0, -83.0, 204, 0, 204
L 923.0, -180.0, -83.0, 938.0, -180.0, -83.0, 204, 0, 204
L 918.0, -180.0, -83.0, 923.0, -180.0, -83.0, 204, 0, 204
L 908.0, -180.0, -83.0, 918.0, -180.0, -83.0, 204, 0, 204
L 908.0, -197.0, -83.0, 908.0, -180.0, -83.0, 204, 0, 204
L 922.0, -197.0, -83.0, 908.0, -197.0, -83.0, 204, 0, 204
L 922.0, -211.0, -83.0, 922.0, -197.0, -83.0, 204, 0, 204
L 938.0, -211.0, -83.0, 922.0, -211.0, -83.0, 204, 0, 204
L 938.0, -222.0, -83.0, 938.0, -211.0, -83.0, 204, 0, 204
L 922.0, -222.0, -83.0, 938.0, -222.0, -83.0, 204, 0, 204
L 922.0, -228.0, -83.0, 922.0, -222.0, -83.0, 204, 0, 204
L 922.0, -233.0, -83.0, 922.0, -228.0, -83.0, 204, 0, 204
L 922.0, -239.0, -83.0, 922.0, -233.0, -83.0, 204, 0, 204
L 936.0, -239.0, -83.0, 922.0, -239.0, -83.0, 204, 0, 204
L 936.0, -278.0, -83.0, 936.0, -239.0, -83.0, 204, 0, 204
L 897.0, -239.0, -83.0, 897.0, -253.0, -83.0, 204, 0, 204
L 897.0, -278.0, -83.0, 936.0, -278.0, -83.0, 204, 0, 204
L 897.0, -264.0, -83.0, 897.0, -278.0, -83.0, 204, 0, 204
L 883.0, -264.0, -83.0, 897.0, -264.0, -83.0, 204, 0, 204
L 883.0, -253.0, -83.0, 883.0, -264.0, -83.0, 204, 0, 204
L 897.0, -253.0, -83.0, 883.0, -253.0, -83.0, 204, 0, 204
L 911.0, -239.0, -83.0, 897.0, -239.0, -83.0, 204, 0, 204
L 911.0, -233.0, -83.0, 911.0, -239.0, -83.0, 204, 0, 204
L 911.0, -228.0, -83.0, 911.0, -233.0, -83.0, 204, 0, 204
L 911.0, -208.0, -83.0, 911.0, -228.0, -83.0, 204, 0, 204
L 897.0, -208.0, -83.0, 911.0, -208.0, -83.0, 204, 0, 204
L 897.0, -194.0, -83.0, 897.0, -208.0, -83.0, 204, 0, 204
L 881.0, -194.0, -83.0, 897.0, -194.0, -83.0, 204, 0, 204
L 881.0, -183.0, -83.0, 881.0, -194.0, -83.0, 204, 0, 204
L 897.0, -183.0, -83.0, 881.0, -183.0, -83.0, 204, 0, 204
L 897.0, -169.0, -83.0, 897.0, -183.0, -83.0, 204, 0, 204
L 943.0, -169.0, -83.0, 953.0, -169.0, -83.0, 204, 0, 204
L 943.0, -169.0, -83.0, 936.0, -169.0, -83.0, 204, 0, 204
L 936.0, -141.0, -83.0, 936.0, -169.0, -83.0, 204, 0, 204
L 922.0, -141.0, -83.0, 936.0, -141.0, -83.0, 204, 0, 204
L 918.0, -169.0, -83.0, 897.0, -169.0, -83.0, 204, 0, 204
L 925.0, -169.0, -83.0, 918.0, -169.0, -83.0, 204, 0, 204
L 925.0, -152.0, -83.0, 925.0, -169.0, -83.0, 204, 0, 204
L 880.0, -152.0, -83.0, 925.0, -152.0, -83.0, 204, 0, 204
L 880.0, -166.0, -83.0, 880.0, -152.0, -83.0, 204, 0, 204
L 852.0, -166.0, -83.0, 880.0, -166.0, -83.0, 204, 0, 204
L 852.0, -194.0, -83.0, 852.0, -166.0, -83.0, 204, 0, 204
L 825.0, -194.0, -83.0, 852.0, -194.0, -83.0, 204, 0, 204
L 811.0, -208.0, -83.0, 825.0, -194.0, -83.0, 204, 0, 204
L 784.0, -208.0, -83.0, 811.0, -208.0, -83.0, 204, 0, 204
L 770.0, -194.0, -83.0, 784.0, -208.0, -83.0, 204, 0, 204
L 755.0, -194.0, -83.0, 770.0, -194.0, -83.0, 204, 0, 204
L 740.0, -209.0, -83.0, 755.0, -194.0, -83.0, 204, 0, 204
L 740.0, -225.0, -83.0, 740.0, -209.0, -83.0, 204, 0, 204
L 754.0, -225.0, -83.0, 740.0, -225.0, -83.0, 204, 0, 204
L 754.0, -236.0, -83.0, 754.0, -225.0, -83.0, 204, 0, 204
L 740.0, -236.0, -83.0, 754.0, -236.0, -83.0, 204, 0, 204
L 729.0, -298.0, -83.0, 740.0, -298.0, -83.0, 199, 21, 133
L 715.0, -267.0, -83.0, 715.0, -279.0, -83.0, 204, 0, 204
L 729.0, -267.0, -83.0, 715.0, -267.0, -83.0, 204, 0, 204
L 729.0, -236.0, -83.0, 729.0, -267.0, -83.0, 204, 0, 204
L 715.0, -236.0, -83.0, 729.0, -236.0, -83.0, 204, 0, 204
L 715.0, -225.0, -83.0, 715.0, -236.0, -83.0, 204, 0, 204
L 729.0, -225.0, -83.0, 715.0, -225.0, -83.0, 204, 0, 204
L 729.0, -209.0, -83.0, 729.0, -225.0, -83.0, 204, 0, 204
L 714.0, -194.0, -83.0, 729.0, -209.0, -83.0, 204, 0, 204
L 691.0, -194.0, -83.0, 714.0, -194.0, -83.0, 204, 0, 204
L 693.0, -183.0, -83.0, 691.0, -194.0, -83.0, 204, 0, 204
L 714.0, -183.0, -83.0, 693.0, -183.0, -83.0, 204, 0, 204
L 729.0, -168.0, -83.0, 714.0, -183.0, -83.0, 204, 0, 204
L 729.0, -155.0, -83.0, 729.0, -168.0, -83.0, 204, 0, 204
L 740.0, -155.0, -83.0, 729.0, -155.0, -83.0, 204, 0, 204
L 740.0, -168.0, -83.0, 740.0, -155.0, -83.0, 204, 0, 204
L 755.0, -183.0, -83.0, 740.0, -168.0, -83.0, 204, 0, 204
L 770.0, -183.0, -83.0, 755.0, -183.0, -83.0, 204, 0, 204
L 784.0, -169.0, -83.0, 770.0, -183.0, -83.0, 204, 0, 204
L 811.0, -169.0, -83.0, 784.0, -169.0, -83.0, 204, 0, 204
L 824.0, -183.0, -83.0, 811.0, -169.0, -83.0, 204, 0, 204
L 841.0, -183.0, -83.0, 824.0, -183.0, -83.0, 204, 0, 204
L 841.0, -155.0, -83.0, 841.0, -183.0, -83.0, 204, 0, 204
L 869.0, -155.0, -83.0, 841.0, -155.0, -83.0, 204, 0, 204
L 869.0, -141.0, -83.0, 869.0, -155.0, -83.0, 204, 0, 204
L 911.0, -141.0, -83.0, 869.0, -141.0, -83.0, 204, 0, 204
L 701.0, 19.0, -83.0, 694.0, -20.0, -83.0, 204, 0, 204
L 796.0, -124.0, -83.0, 796.0, -138.0, -83.0, 204, 0, 204
L 811.0, -124.0, -83.0, 796.0, -124.0, -83.0, 204, 0, 204
L 769.0, 26.0, -83.0, 796.0, 19.0, -83.0, 204, 0, 204
L 727.0, 26.0, -83.0, 769.0, 26.0, -83.0, 204, 0, 204
L 701.0, 19.0, -83.0, 727.0, 26.0, -83.0, 204, 0, 204
L 701.0, -31.0, -83.0, 694.0, -20.0, -83.0, 204, 0, 204
L 701.0, -71.0, -83.0, 701.0, -31.0, -83.0, 204, 0, 204
L 686.0, -71.0, -83.0, 701.0, -71.0, -83.0, 204, 0, 204
L 673.0, -84.0, -83.0, 686.0, -71.0, -83.0, 204, 0, 204
L 673.0, -111.0, -83.0, 673.0, -84.0, -83.0, 204, 0, 204
L 686.0, -124.0, -83.0, 673.0, -111.0, -83.0, 204, 0, 204
L 701.0, -124.0, -83.0, 686.0, -124.0, -83.0, 204, 0, 204
L 701.0, -138.0, -83.0, 701.0, -124.0, -83.0, 204, 0, 204
L 796.0, -138.0, -83.0, 701.0, -138.0, -83.0, 204, 0, 204
L 701.0, -127.0, 0.0, 684.0, -127.0, 0.0, 255, 102, 255
L 701.0, -68.0, 0.0, 701.0, -127.0, 0.0, 255, 102, 255
L 684.0, -68.0, 0.0, 701.0, -68.0, 0.0, 255, 102, 255
L 684.0, -127.0, 0.0, 684.0, -68.0, 0.0, 255, 102, 255
L 642.0, -83.0, 14.0, 642.0, -112.0, 14.0, 0, 0, 0
L 589.0, -57.0, 14.0, 574.0, -57.0, 14.0, 0, 0, 0
L 589.0, -43.0, 14.0, 589.0, -57.0, 14.0, 0, 0, 0
L 600.0, -43.0, 14.0, 589.0, -43.0, 14.0, 0, 0, 0
L 600.0, -57.0, 14.0, 600.0, -43.0, 14.0, 0, 0, 0
L 617.0, -57.0, 14.0, 600.0, -57.0, 14.0, 0, 0, 0
L 617.0, -43.0, 14.0, 617.0, -57.0, 14.0, 0, 0, 0
L 628.0, -43.0, 14.0, 617.0, -43.0, 14.0, 0, 0, 0
L 628.0, -57.0, 14.0, 628.0, -43.0, 14.0, 0, 0, 0
L 643.0, -57.0, 14.0, 628.0, -57.0, 14.0, 0, 0, 0
L 655.0, -69.0, 14.0, 643.0, -57.0, 14.0, 0, 0, 0
L 642.0, -83.0, 14.0, 655.0, -69.0, 14.0, 0, 0, 0
L 461.0, -171.0, 0.0, 399.0, -138.0, 0.0, 0, 0, 0
L 470.0, -158.0, 0.0, 461.0, -171.0, 0.0, 0, 0, 0
L 470.0, -158.0, 0.0, 481.0, -160.0, 0.0, 0, 0, 0
L 488.0, -138.0, 0.0, 495.0, -138.0, 0.0, 0, 0, 0
L 488.0, -138.0, 0.0, 481.0, -160.0, 0.0, 0, 0, 0
L 392.0, -124.0, 0.0, 399.0, -138.0, 0.0, 0, 0, 0
L 365.0, -110.0, 0.0, 370.0, -124.0, 0.0, 0, 0, 0
L 392.0, -124.0, 0.0, 370.0, -124.0, 0.0, 0, 0, 0
L 308.0, -110.0, 0.0, 365.0, -110.0, 0.0, 0, 0, 0
L 295.0, -97.0, 0.0, 308.0, -110.0, 0.0, 0, 0, 0
L 295.0, -40.0, 0.0, 295.0, -97.0, 0.0, 0, 0, 0
L 264.0, -40.0, 0.0, 295.0, -40.0, 0.0, 0, 0, 0
L 250.0, -69.0, 0.0, 264.0, -40.0, 0.0, 0, 0, 0
L 250.0, -112.0, 0.0, 250.0, -69.0, 0.0, 0, 0, 0
L 265.0, -142.0, 0.0, 250.0, -112.0, 0.0, 0, 0, 0
L 276.0, -131.0, 0.0, 265.0, -142.0, 0.0, 0, 0, 0
L 284.0, -138.0, 0.0, 276.0, -131.0, 0.0, 0, 0, 0
L 302.0, -141.0, 0.0, 284.0, -138.0, 0.0, 0, 0, 0
L 322.0, -151.0, 0.0, 302.0, -141.0, 0.0, 0, 0, 0
L 350.0, -140.0, 0.0, 322.0, -151.0, 0.0, 0, 0, 0
L 362.0, -141.0, 0.0, 362.0, -153.0, 0.0, 0, 0, 0
L 348.0, -166.0, 0.0, 362.0, -153.0, 0.0, 0, 0, 0
L 319.0, -181.0, 0.0, 348.0, -166.0, 0.0, 0, 0, 0
L 335.0, -197.0, 0.0, 319.0, -181.0, 0.0, 0, 0, 0
L 363.0, -183.0, 0.0, 335.0, -197.0, 0.0, 0, 0, 0
L 389.0, -196.0, 0.0, 363.0, -183.0, 0.0, 0, 0, 0
L 375.0, -224.0, 0.0, 389.0, -196.0, 0.0, 0, 0, 0
L 393.0, -241.0, 0.0, 375.0, -224.0, 0.0, 0, 0, 0
L 393.0, -224.0, 0.0, 393.0, -241.0, 0.0, 0, 0, 0
L 420.0, -197.0, 0.0, 393.0, -224.0, 0.0, 0, 0, 0
L 447.0, -211.0, 0.0, 420.0, -197.0, 0.0, 0, 0, 0
L 475.0, -198.0, 0.0, 447.0, -211.0, 0.0, 0, 0, 0
L 503.0, -254.0, 0.0, 475.0, -198.0, 0.0, 0, 0, 0
L 518.0, -239.0, 0.0, 503.0, -254.0, 0.0, 0, 0, 0
L 545.0, -239.0, 0.0, 518.0, -239.0, 0.0, 0, 0, 0
L 558.0, -252.0, 0.0, 545.0, -239.0, 0.0, 0, 0, 0
L 558.0, -265.0, 0.0, 558.0, -252.0, 0.0, 0, 0, 0
L 545.0, -278.0, 0.0, 558.0, -265.0, 0.0, 0, 0, 0
L 518.0, -278.0, 0.0, 545.0, -278.0, 0.0, 0, 0, 0
L 503.0, -262.0, 0.0, 518.0, -278.0, 0.0, 0, 0, 0
L 492.0, -293.0, 0.0, 503.0, -262.0, 0.0, 0, 0, 0
L 484.0, -296.0, 0.0, 492.0, -293.0, 0.0, 0, 0, 0
L 466.0, -282.0, 0.0, 484.0, -296.0, 0.0, 0, 0, 0
L 457.0, -250.0, 0.0, 466.0, -282.0, 0.0, 0, 0, 0
L 424.0, -244.0, 0.0, 457.0, -250.0, 0.0, 0, 0, 0
L 406.0, -249.0, 0.0, 424.0, -244.0, 0.0, 0, 0, 0
L 403.0, -256.0, 0.0, 406.0, -249.0, 0.0, 0, 0, 0
L 364.0, -264.0, 0.0, 377.0, -264.0, 0.0, 0, 0, 0
L 351.0, -251.0, 0.0, 364.0, -264.0, 0.0, 0, 0, 0
L 391.0, -249.0, 0.0, 403.0, -256.0, 0.0, 0, 0, 0
L 377.0, -264.0, 0.0, 391.0, -249.0, 0.0, 0, 0, 0
L 351.0, -238.0, 0.0, 351.0, -251.0, 0.0, 0, 0, 0
L 366.0, -223.0, 0.0, 351.0, -238.0, 0.0, 0, 0, 0
L 335.0, -207.0, 0.0, 366.0, -223.0, 0.0, 0, 0, 0
L 321.0, -222.0, 0.0, 335.0, -207.0, 0.0, 0, 0, 0
L 321.0, -222.0, 0.0, 308.0, -222.0, 0.0, 0, 0, 0
L 293.0, -207.0, 0.0, 308.0, -222.0, 0.0, 0, 0, 0
L 278.0, -236.0, 0.0, 293.0, -207.0, 0.0, 0, 0, 0
L 251.0, -250.0, 0.0, 278.0, -236.0, 0.0, 0, 0, 0
L 238.0, -250.0, 0.0, 251.0, -250.0, 0.0, 0, 0, 0
L 210.0, -222.0, 0.0, 238.0, -250.0, 0.0, 0, 0, 0
L 203.0, -218.0, 0.0, 210.0, -222.0, 0.0, 0, 0, 0
L 203.0, -201.0, 0.0, 203.0, -218.0, 0.0, 0, 0, 0
L 211.0, -201.0, 0.0, 203.0, -201.0, 0.0, 0, 0, 0
L 211.0, -201.0, 0.0, 220.0, -194.0, 0.0, 0, 0, 0
L 220.0, -194.0, 0.0, 223.0, -197.0, 0.0, 0, 0, 0
L 252.0, -183.0, 0.0, 223.0, -197.0, 0.0, 0, 0, 0
L 294.0, -197.0, 0.0, 252.0, -183.0, 0.0, 0, 0, 0
L 310.0, -181.0, 0.0, 294.0, -197.0, 0.0, 0, 0, 0
L 280.0, -166.0, 0.0, 294.0, -166.0, 0.0, 0, 0, 0
L 294.0, -166.0, 0.0, 310.0, -181.0, 0.0, 0, 0, 0
L 266.0, -152.0, 0.0, 280.0, -166.0, 0.0, 0, 0, 0
L 252.0, -152.0, 0.0, 266.0, -152.0, 0.0, 0, 0, 0
L 239.0, -139.0, 0.0, 252.0, -152.0, 0.0, 0, 0, 0
L 239.0, -110.0, 0.0, 239.0, -139.0, 0.0, 0, 0, 0
L 223.0, -110.0, 0.0, 239.0, -110.0, 0.0, 0, 0, 0
L 209.0, -124.0, 0.0, 223.0, -110.0, 0.0, 0, 0, 0
L 193.0, -124.0, 0.0, 209.0, -124.0, 0.0, 0, 0, 0
L 208.0, -154.0, 0.0, 193.0, -124.0, 0.0, 0, 0, 0
L 208.0, -178.0, 0.0, 208.0, -154.0, 0.0, 0, 0, 0
L 189.0, -175.0, 0.0, 208.0, -178.0, 0.0, 0, 0, 0
L 177.0, -184.0, 0.0, 189.0, -175.0, 0.0, 0, 0, 0
L 176.0, -193.0, 0.0, 176.0, -194.0, 0.0, 0, 0, 0
L 177.0, -184.0, 0.0, 176.0, -199.0, 0.0, 0, 0, 0
L 168.0, -194.0, 0.0, 176.0, -199.0, 0.0, 0, 0, 0
L 154.0, -194.0, 0.0, 168.0, -194.0, 0.0, 0, 0, 0
L 137.0, -166.0, 0.0, 133.0, -172.0, 0.0, 0, 0, 0
L 128.0, -151.0, 0.0, 137.0, -166.0, 0.0, 0, 0, 0
L 138.0, -137.0, 0.0, 140.0, -122.0, 0.0, 0, 0, 0
L 138.0, -137.0, 0.0, 128.0, -151.0, 0.0, 0, 0, 0
L 68.0, -43.0, 0.0, 68.0, -1.0, 0.0, 0, 0, 0
L 57.0, -12.0, 0.0, 57.0, -41.0, 0.0, 0, 0, 0
L -96.0, -12.0, 0.0, 57.0, -12.0, 0.0, 0, 0, 0
L -96.0, -3.0, 0.0, -96.0, -12.0, 0.0, 0, 0, 0
L 12.0, -1.0, 0.0, 68.0, -1.0, 0.0, 0, 0, 0
L 12.0, 12.0, 0.0, 12.0, -1.0, 0.0, 0, 0, 0
L -40.0, 12.0, 0.0, 12.0, 12.0, 0.0, 0, 0, 0
L -40.0, -1.0, 0.0, -40.0, 12.0, 0.0, 0, 0, 0
L -85.0, -1.0, 0.0, -40.0, -1.0, 0.0, 0, 0, 0
L -85.0, 12.0, 0.0, -85.0, -1.0, 0.0, 0, 0, 0
L -94.0, 12.0, 0.0, -85.0, 12.0, 0.0, 0, 0, 0
L 68.0, -43.0, 0.0, 113.0, -43.0, 0.0, 0, 0, 0
L 70.0, -54.0, 0.0, 57.0, -41.0, 0.0, 0, 0, 0
L 111.0, -54.0, 0.0, 124.0, -41.0, 0.0, 0, 0, 0
L 111.0, -54.0, 0.0, 70.0, -54.0, 0.0, 0, 0, 0
L 113.0, -43.0, 0.0, 113.0, -1.0, 0.0, 0, 0, 0
L 124.0, -41.0, 0.0, 124.0, -12.0, 0.0, 0, 0, 0
L 113.0, -1.0, 0.0, 180.0, -1.0, 0.0, 0, 0, 0
L 124.0, -12.0, 0.0, 169.0, -12.0, 0.0, 0, 0, 0
L 180.0, -1.0, 0.0, 180.0, -29.0, 0.0, 0, 0, 0
L 169.0, -12.0, 0.0, 169.0, -27.0, 0.0, 0, 0, 0
L 169.0, -27.0, 0.0, 182.0, -40.0, 0.0, 0, 0, 0
L 180.0, -29.0, 0.0, 195.0, -29.0, 0.0, 0, 0, 0
L 195.0, -29.0, 0.0, 208.0, -42.0, 0.0, 0, 0, 0
L 208.0, -42.0, 0.0, 208.0, -57.0, 0.0, 0, 0, 0
L 182.0, -40.0, 0.0, 197.0, -40.0, 0.0, 0, 0, 0
L 197.0, -40.0, 0.0, 197.0, -55.0, 0.0, 0, 0, 0
L 197.0, -55.0, 0.0, 210.0, -68.0, 0.0, 0, 0, 0
L 208.0, -57.0, 0.0, 238.0, -57.0, 0.0, 0, 0, 0
L 238.0, -57.0, 0.0, 251.0, -33.0, 0.0, 0, 0, 0
L 239.0, -99.0, 0.0, 223.0, -99.0, 0.0, 0, 0, 0
L 223.0, -99.0, 0.0, 182.0, -85.0, 0.0, 0, 0, 0
L 182.0, -85.0, 0.0, 169.0, -113.0, 0.0, 0, 0, 0
L 210.0, -68.0, 0.0, 239.0, -68.0, 0.0, 0, 0, 0
L 239.0, -68.0, 0.0, 239.0, -99.0, 0.0, 0, 0, 0
L 169.0, -113.0, 0.0, 140.0, -122.0, 0.0, 0, 0, 0
L 154.0, -194.0, 0.0, 133.0, -172.0, 0.0, 0, 0, 0
L 251.0, -33.0, 0.0, 267.0, -28.0, 0.0, 0, 0, 0
L 267.0, -28.0, 0.0, 267.0, -14.0, 0.0, 0, 0, 0
L 267.0, -14.0, 0.0, 279.0, -2.0, 0.0, 0, 0, 0
L 279.0, -2.0, 0.0, 293.0, -16.0, 0.0, 0, 0, 0
L 293.0, -16.0, 0.0, 310.0, 0.0, 0.0, 0, 0, 0
L 310.0, 0.0, 0.0, 295.0, 14.0, 0.0, 0, 0, 0
L 295.0, 14.0, 0.0, 295.0, 27.0, 0.0, 0, 0, 0
L 295.0, 27.0, 0.0, 308.0, 40.0, 0.0, 0, 0, 0
L 308.0, 40.0, 0.0, 321.0, 40.0, 0.0, 0, 0, 0
L 321.0, 40.0, 0.0, 335.0, 25.0, 0.0, 0, 0, 0
L 335.0, 25.0, 0.0, 352.0, 41.0, 0.0, 0, 0, 0
L 352.0, 41.0, 0.0, 336.0, 57.0, 0.0, 0, 0, 0
L 336.0, 57.0, 0.0, 330.0, 57.0, 0.0, 0, 0, 0
L 336.0, 68.0, 0.0, 330.0, 70.0, 0.0, 0, 0, 0
L 330.0, 71.0, 0.0, 330.0, 57.0, 0.0, 0, 0, 0
L 336.0, 68.0, 0.0, 350.0, 82.0, 0.0, 0, 0, 0
L 350.0, 82.0, 0.0, 363.0, 82.0, 0.0, 0, 0, 0
L 363.0, 82.0, 0.0, 377.0, 68.0, 0.0, 0, 0, 0
L 377.0, 68.0, 0.0, 392.0, 68.0, 0.0, 0, 0, 0
L 392.0, 68.0, 0.0, 408.0, 83.0, 0.0, 0, 0, 0
L 408.0, 83.0, 0.0, 392.0, 99.0, 0.0, 0, 0, 0
L 392.0, 99.0, 0.0, 364.0, 99.0, 0.0, 0, 0, 0
L 364.0, 99.0, 0.0, 349.0, 114.0, 0.0, 0, 0, 0
L 349.0, 114.0, 0.0, 335.0, 99.0, 0.0, 0, 0, 0
L 335.0, 99.0, 0.0, 322.0, 99.0, 0.0, 0, 0, 0
L 322.0, 99.0, 0.0, 307.0, 114.0, 0.0, 0, 0, 0
L 307.0, 114.0, 0.0, 291.0, 97.0, 0.0, 0, 0, 0
L 291.0, 97.0, 0.0, 319.0, 69.0, 0.0, 0, 0, 0
L 293.0, 43.0, 0.0, 319.0, 69.0, 0.0, 0, 0, 0
L 293.0, 43.0, 0.0, 280.0, 43.0, 0.0, 0, 0, 0
L 280.0, 43.0, 0.0, 267.0, 56.0, 0.0, 0, 0, 0
L 267.0, 56.0, 0.0, 267.0, 69.0, 0.0, 0, 0, 0
L 267.0, 69.0, 0.0, 281.0, 98.0, 0.0, 0, 0, 0
L 281.0, 98.0, 0.0, 253.0, 126.0, 0.0, 0, 0, 0
L 253.0, 139.0, 0.0, 253.0, 126.0, 0.0, 0, 0, 0
L 253.0, 139.0, 0.0, 280.0, 166.0, 0.0, 0, 0, 0
L 280.0, 166.0, 0.0, 292.0, 166.0, 0.0, 0, 0, 0
L 292.0, 166.0, 0.0, 307.0, 122.0, 0.0, 0, 0, 0
L 307.0, 122.0, 0.0, 322.0, 138.0, 0.0, 0, 0, 0
L 322.0, 138.0, 0.0, 335.0, 138.0, 0.0, 0, 0, 0
L 335.0, 138.0, 0.0, 349.0, 124.0, 0.0, 0, 0, 0
L 349.0, 124.0, 0.0, 392.0, 110.0, 0.0, 0, 0, 0
L 392.0, 110.0, 0.0, 406.0, 124.0, 0.0, 0, 0, 0
L 406.0, 124.0, 0.0, 419.0, 124.0, 0.0, 0, 0, 0
L 419.0, 124.0, 0.0, 432.0, 111.0, 0.0, 0, 0, 0
L 432.0, 111.0, 0.0, 432.0, 98.0, 0.0, 0, 0, 0
L 432.0, 98.0, 0.0, 417.0, 83.0, 0.0, 0, 0, 0
L 417.0, 83.0, 0.0, 428.0, 72.0, 0.0, 0, 0, 0
L 460.0, 27.0, 0.0, 425.0, 62.0, 0.0, 0, 0, 0
L 460.0, 27.0, 0.0, 460.0, 14.0, 0.0, 0, 0, 0
L 460.0, 14.0, 0.0, 447.0, 1.0, 0.0, 0, 0, 0
L 447.0, 1.0, 0.0, 434.0, 1.0, 0.0, 0, 0, 0
L 434.0, 1.0, 0.0, 420.0, 29.0, 0.0, 0, 0, 0
L 420.0, 29.0, 0.0, 406.0, 29.0, 0.0, 0, 0, 0
L 406.0, 29.0, 0.0, 392.0, 57.0, 0.0, 0, 0, 0
L 392.0, 57.0, 0.0, 377.0, 57.0, 0.0, 0, 0, 0
L 377.0, 57.0, 0.0, 361.0, 41.0, 0.0, 0, 0, 0
L 361.0, 41.0, 0.0, 376.0, 27.0, 0.0, 0, 0, 0
L 376.0, 27.0, 0.0, 376.0, 14.0, 0.0, 0, 0, 0
L 376.0, 14.0, 0.0, 363.0, 1.0, 0.0, 0, 0, 0
L 363.0, 1.0, 0.0, 350.0, 1.0, 0.0, 0, 0, 0
L 350.0, 1.0, 0.0, 335.0, 16.0, 0.0, 0, 0, 0
L 335.0, 16.0, 0.0, 319.0, 0.0, 0.0, 0, 0, 0
L 319.0, 0.0, 0.0, 333.0, -27.0, 0.0, 0, 0, 0
L 333.0, -27.0, 0.0, 321.0, -40.0, 0.0, 0, 0, 0
L 321.0, -40.0, 0.0, 306.0, -40.0, 0.0, 0, 0, 0
L 306.0, -40.0, 0.0, 306.0, -99.0, 0.0, 0, 0, 0
L 306.0, -99.0, 0.0, 373.0, -99.0, 0.0, 0, 0, 0
L 373.0, -99.0, 0.0, 356.0, -66.0, 0.0, 0, 0, 0
L 396.0, -6.0, 0.0, 419.0, -29.0, 0.0, 0, 0, 0
L 419.0, -29.0, 0.0, 448.0, -29.0, 0.0, 0, 0, 0
L 448.0, -29.0, 0.0, 476.0, -15.0, 0.0, 0, 0, 0
L 396.0, -25.0, 0.0, 396.0, -6.0, 0.0, 0, 0, 0
L 396.0, -25.0, 0.0, 381.0, -37.0, 0.0, 0, 0, 0
L 381.0, -37.0, 0.0, 366.0, -61.0, 0.0, 0, 0, 0
L 366.0, -61.0, 0.0, 356.0, -66.0, 0.0, 0, 0, 0
L 476.0, -15.0, 0.0, 488.0, -15.0, 0.0, 0, 0, 0
L 488.0, -15.0, 0.0, 500.0, -32.0, 0.0, 0, 0, 0
L 516.0, -85.0, 0.0, 516.0, -65.0, 0.0, 150, 150, 150
L 516.0, -85.0, 0.0, 526.0, -85.0, 1.0, 150, 150, 150
L 526.0, -110.0, 1.0, 516.0, -110.0, 0.0, 150, 150, 150
L 516.0, -110.0, 0.0, 516.0, -125.0, 0.0, 150, 150, 150
L 497.0, -132.0, 0.0, 495.0, -138.0, 0.0, 0, 0, 0
L 516.0, -125.0, 0.0, 516.0, -131.0, 0.0, 0, 0, 0
L 497.0, -132.0, 0.0, 516.0, -125.0, 0.0, 0, 0, 0
L 500.0, -50.0, 0.0, 500.0, -32.0, 0.0, 0, 0, 0
L 508.0, -66.0, 0.0, 500.0, -50.0, 0.0, 0, 0, 0
L 508.0, -66.0, 0.0, 516.0, -65.0, 0.0, 0, 0, 0
L 544.0, -121.0, 14.0, 544.0, -110.0, 14.0, 0, 0, 0
L 544.0, -110.0, 14.0, 551.0, -110.0, 14.0, 0, 0, 0
L 551.0, -110.0, 14.0, 555.0, -106.0, 14.0, 0, 0, 0
L 555.0, -106.0, 14.0, 558.0, -106.0, 14.0, 0, 0, 0
L 558.0, -106.0, 14.0, 561.0, -111.0, 14.0, 0, 0, 0
L 561.0, -111.0, 14.0, 561.0, -125.0, 14.0, 0, 0, 0
L 561.0, -125.0, 14.0, 574.0, -138.0, 14.0, 0, 0, 0
L 526.0, -110.0, 1.0, 527.0, -108.0, 4.0, 150, 150, 150
L 527.0, -108.0, 4.0, 530.0, -105.0, 5.0, 150, 150, 150
L 530.0, -105.0, 5.0, 536.0, -102.0, 7.0, 150, 150, 150
L 536.0, -102.0, 7.0, 541.0, -103.0, 10.0, 150, 150, 150
L 526.0, -85.0, 1.0, 528.0, -88.0, 3.0, 150, 150, 150
L 528.0, -88.0, 3.0, 530.0, -90.0, 4.0, 150, 150, 150
L 530.0, -90.0, 4.0, 535.0, -92.0, 6.0, 150, 150, 150
L 535.0, -92.0, 6.0, 540.0, -92.0, 10.0, 150, 150, 150
L 544.0, -76.0, 14.0, 544.0, -85.0, 14.0, 0, 0, 0
L 544.0, -85.0, 14.0, 551.0, -85.0, 14.0, 0, 0, 0
L 551.0, -85.0, 14.0, 555.0, -89.0, 14.0, 0, 0, 0
L 555.0, -89.0, 14.0, 558.0, -89.0, 14.0, 0, 0, 0
L 558.0, -89.0, 14.0, 561.0, -84.0, 14.0, 0, 0, 0
L 561.0, -84.0, 14.0, 561.0, -70.0, 14.0, 0, 0, 0
L 561.0, -70.0, 14.0, 574.0, -57.0, 14.0, 0, 0, 0
L 544.0, -76.0, 14.0, 538.0, -74.0, 14.0, 0, 0, 0
L 538.0, -74.0, 14.0, 525.0, -61.0, 14.0, 0, 0, 0
L 525.0, -61.0, 14.0, 516.0, -65.0, 0.0, 0, 0, 0
L 516.0, -131.0, 0.0, 523.0, -126.0, 14.0, 0, 0, 0
L 533.0, -131.0, 14.0, 544.0, -121.0, 14.0, 0, 0, 0
L 523.0, -126.0, 14.0, 533.0, -131.0, 14.0, 0, 0, 0
L 574.0, -138.0, 14.0, 589.0, -138.0, 14.0, 0, 0, 0
L 589.0, -138.0, 14.0, 589.0, -152.0, 14.0, 0, 0, 0
L 589.0, -152.0, 14.0, 600.0, -152.0, 14.0, 0, 0, 0
L 600.0, -152.0, 14.0, 600.0, -138.0, 14.0, 0, 0, 0
L 600.0, -138.0, 14.0, 617.0, -138.0, 14.0, 0, 0, 0
L 617.0, -138.0, 14.0, 617.0, -152.0, 14.0, 0, 0, 0
L 617.0, -152.0, 14.0, 628.0, -152.0, 14.0, 0, 0, 0
L 628.0, -152.0, 14.0, 628.0, -138.0, 14.0, 0, 0, 0
L 628.0, -138.0, 14.0, 643.0, -138.0, 14.0, 0, 0, 0
L 643.0, -138.0, 14.0, 655.0, -125.0, 14.0, 0, 0, 0
L 655.0, -125.0, 14.0, 642.0, -112.0, 14.0, 0, 0, 0
L 635.0, -78.0, 15.0, 635.0, -117.0, 15.0, 0, 0, 0
L 588.0, -78.0, 15.0, 635.0, -78.0, 15.0, 0, 0, 0
L 588.0, -117.0, 15.0, 635.0, -117.0, 15.0, 0, 0, 0
L 643.0, -110.0, 0.0, 639.6, -110.0, 0.9, 255, 102, 255
L 588.0, -85.0, 15.0, 591.4, -85.0, 14.1, 255, 102, 255
L 643.0, -85.0, 0.0, 647.0, -89.0, 0.0, 255, 102, 255
L 650.0, -89.0, 0.0, 647.0, -89.0, 0.0, 255, 102, 255
L 650.0, -89.0, 0.0, 654.0, -85.0, 0.0, 255, 102, 255
L 654.0, -85.0, 0.0, 673.0, -85.0, 0.0, 255, 102, 255
L 673.0, -85.0, 0.0, 673.0, -56.0, 0.0, 255, 102, 255
L 673.0, -56.0, 0.0, 686.0, -43.0, 0.0, 255, 102, 255
L 686.0, -43.0, 0.0, 714.0, -43.0, 0.0, 255, 102, 255
L 714.0, -43.0, 0.0, 729.0, -28.0, 0.0, 255, 102, 255
L 729.0, -28.0, 0.0, 729.0, -15.0, 0.0, 255, 102, 255
L 740.0, -28.0, 0.0, 755.0, -43.0, 0.0, 255, 102, 255
L 740.0, -28.0, 0.0, 740.0, -15.0, 0.0, 255, 102, 255
L 740.0, -15.0, 0.0, 729.0, -15.0, 0.0, 255, 102, 255
L 796.0, -56.0, 0.0, 796.0, -70.0, 0.0, 255, 102, 255
L 796.0, -70.0, 0.0, 810.0, -84.0, 0.0, 255, 102, 255
L 810.0, -84.0, 0.0, 810.0, -111.0, 0.0, 255, 102, 255
L 755.0, -43.0, 0.0, 783.0, -43.0, 0.0, 255, 102, 255
L 783.0, -43.0, 0.0, 796.0, -56.0, 0.0, 255, 102, 255
L 810.0, -111.0, 0.0, 796.0, -125.0, 0.0, 255, 102, 255
L 796.0, -125.0, 0.0, 796.0, -139.0, 0.0, 255, 102, 255
L 796.0, -139.0, 0.0, 783.0, -152.0, 0.0, 255, 102, 255
L 783.0, -152.0, 0.0, 755.0, -152.0, 0.0, 255, 102, 255
L 755.0, -152.0, 0.0, 740.0, -167.0, 0.0, 255, 102, 255
L 740.0, -167.0, 0.0, 740.0, -180.0, 0.0, 255, 102, 255
L 740.0, -180.0, 0.0, 729.0, -180.0, 0.0, 255, 102, 255
L 729.0, -180.0, 0.0, 729.0, -167.0, 0.0, 255, 102, 255
L 729.0, -167.0, 0.0, 714.0, -152.0, 0.0, 255, 102, 255
L 714.0, -152.0, 0.0, 686.0, -152.0, 0.0, 255, 102, 255
L 686.0, -152.0, 0.0, 673.0, -139.0, 0.0, 255, 102, 255
L 673.0, -139.0, 0.0, 673.0, -110.0, 0.0, 255, 102, 255
L 673.0, -110.0, 0.0, 654.0, -110.0, 0.0, 255, 102, 255
L 650.0, -106.0, 0.0, 654.0, -110.0, 0.0, 255, 102, 255
L 647.0, -106.0, 0.0, 650.0, -106.0, 0.0, 255, 102, 255
L 647.0, -106.0, 0.0, 643.0, -110.0, 0.0, 255, 102, 255
L 588.0, -117.0, 15.0, 588.0, -110.0, 15.0, 0, 0, 0
L 588.0, -85.0, 15.0, 588.0, -78.0, 15.0, 0, 0, 0
L 838.0, -15.0, -83.0, 818.0, -17.0, -83.0, 204, 0, 204
L 840.0, -110.0, -83.0, 854.0, -124.0, -83.0, 204, 0, 204
L 854.0, -124.0, -83.0, 861.0, -124.0, -83.0, 204, 0, 204
L 861.0, -124.0, -83.0, 860.0, -118.0, -83.0, 204, 0, 204
L 425.0, 62.0, 0.0, 428.0, 72.0, 0.0, 0, 0, 0
L 362.0, -141.0, 0.0, 350.0, -140.0, 0.0, 0, 0, 0
L 715.0, -279.0, -83.0, 729.0, -293.0, -83.0, 204, 0, 204
L 729.0, -293.0, -83.0, 729.0, -298.0, -83.0, 204, 0, 204
L 740.0, -298.0, -83.0, 740.0, -293.0, -83.0, 204, 0, 204
L 740.0, -293.0, -83.0, 754.0, -279.0, -83.0, 204, 0, 204
L 754.0, -279.0, -83.0, 754.0, -267.0, -83.0, 204, 0, 204
L 754.0, -267.0, -83.0, 740.0, -267.0, -83.0, 204, 0, 204
L 740.0, -267.0, -83.0, 740.0, -236.0, -83.0, 204, 0, 204
L 360.0, -157.0, -184.0, 360.0, -152.0, -181.0, 178, 102, 255
L 353.0, -157.0, -184.0, 353.0, -152.0, -181.0, 178, 102, 255
L 329.0, -159.0, -184.0, 353.0, -157.0, -184.0, 178, 102, 255
L 390.0, -160.0, -184.0, 360.0, -157.0, -184.0, 178, 102, 255
L 390.0, -181.0, -184.0, 390.0, -160.0, -184.0, 178, 102, 255
L 390.0, -181.0, -184.0, 377.0, -191.0, -184.0, 178, 102, 255
L 377.0, -191.0, -184.0, 398.0, -210.0, -184.0, 178, 102, 255
L 398.0, -210.0, -184.0, 402.0, -227.0, -184.0, 178, 102, 255
L 402.0, -227.0, -184.0, 389.0, -242.0, -184.0, 178, 102, 255
L 389.0, -242.0, -184.0, 348.0, -242.0, -184.0, 178, 102, 255
L 348.0, -242.0, -184.0, 348.0, -265.0, -184.0, 178, 102, 255
L 348.0, -265.0, -184.0, 335.0, -278.0, -184.0, 178, 102, 255
L 335.0, -278.0, -184.0, 320.0, -278.0, -184.0, 178, 102, 255
L 320.0, -278.0, -184.0, 306.0, -306.0, -184.0, 178, 102, 255
L 306.0, -306.0, -184.0, 293.0, -306.0, -184.0, 178, 102, 255
L 293.0, -306.0, -184.0, 278.0, -321.0, -184.0, 178, 102, 255
L 278.0, -321.0, -184.0, 264.0, -363.0, -181.0, 178, 102, 255
L 264.0, -379.0, -181.0, 264.0, -363.0, -181.0, 178, 102, 255
L 264.0, -379.0, -181.0, 280.0, -379.0, -181.0, 178, 102, 255
L 280.0, -379.0, -181.0, 308.0, -351.0, -181.0, 178, 102, 255
L 308.0, -351.0, -181.0, 334.0, -364.0, -181.0, 178, 102, 255
L 334.0, -364.0, -181.0, 334.0, -432.0, -181.0, 178, 102, 255
L 334.0, -432.0, -181.0, 295.0, -432.0, -181.0, 178, 102, 255
L 295.0, -432.0, -181.0, 281.0, -390.0, -181.0, 178, 102, 255
L 281.0, -390.0, -181.0, 253.0, -390.0, -181.0, 178, 102, 255
L 253.0, -390.0, -181.0, 253.0, -363.0, -181.0, 178, 102, 255
L 238.0, -348.0, -184.0, 253.0, -363.0, -181.0, 178, 102, 255
L 210.0, -348.0, -184.0, 238.0, -348.0, -184.0, 178, 102, 255
L 182.0, -319.0, -184.0, 154.0, -333.0, -184.0, 178, 102, 255
L 182.0, -319.0, -184.0, 210.0, -348.0, -184.0, 178, 102, 255
L 329.0, -159.0, -184.0, 323.0, -189.0, -184.0, 178, 102, 255
L 335.0, -209.0, -184.0, 335.0, -226.0, -181.0, 178, 102, 255
L 335.0, -209.0, -184.0, 327.0, -201.0, -184.0, 178, 102, 255
L 327.0, -201.0, -184.0, 323.0, -189.0, -184.0, 178, 102, 255
L 335.0, -226.0, -181.0, 308.0, -239.0, -181.0, 178, 102, 255
L 308.0, -239.0, -181.0, 280.0, -239.0, -181.0, 178, 102, 255
L 280.0, -239.0, -181.0, 265.0, -254.0, -181.0, 178, 102, 255
L 265.0, -254.0, -181.0, 251.0, -239.0, -181.0, 178, 102, 255
L 251.0, -239.0, -181.0, 223.0, -239.0, -181.0, 178, 102, 255
L 223.0, -239.0, -181.0, 196.0, -225.0, -181.0, 178, 102, 255
L 196.0, -225.0, -181.0, 183.0, -238.0, -181.0, 178, 102, 255
L 183.0, -238.0, -181.0, 183.0, -252.0, -181.0, 178, 102, 255
L 183.0, -252.0, -181.0, 168.0, -281.0, -181.0, 178, 102, 255
L 168.0, -281.0, -181.0, 153.0, -281.0, -181.0, 178, 102, 255
L 153.0, -281.0, -181.0, 124.0, -267.0, -181.0, 178, 102, 255
L 124.0, -267.0, -181.0, 110.0, -238.0, -181.0, 178, 102, 255
L 110.0, -238.0, -181.0, 110.0, -209.0, -181.0, 178, 102, 255
L 85.0, -209.0, -181.0, 85.0, -268.0, -181.0, 178, 102, 255
L 85.0, -268.0, -181.0, 27.0, -239.0, -184.0, 178, 102, 255
L 27.0, -239.0, -184.0, 13.0, -225.0, -181.0, 178, 102, 255
L 13.0, -225.0, -181.0, -26.0, -239.0, -181.0, 178, 102, 255
L -26.0, -239.0, -181.0, -40.0, -266.0, -181.0, 178, 102, 255
L -40.0, -279.0, -181.0, -40.0, -266.0, -181.0, 178, 102, 255
L -40.0, -279.0, -181.0, 0.0, -320.0, -181.0, 178, 102, 255
L 0.0, -320.0, -181.0, 13.0, -320.0, -181.0, 178, 102, 255
L 13.0, -320.0, -181.0, 41.0, -306.0, -184.0, 178, 102, 255
L 41.0, -306.0, -184.0, 56.0, -306.0, -184.0, 178, 102, 255
L 56.0, -306.0, -184.0, 70.0, -334.0, -184.0, 178, 102, 255
L 70.0, -334.0, -184.0, 83.0, -334.0, -184.0, 178, 102, 255
L 83.0, -334.0, -184.0, 143.0, -314.0, -184.0, 178, 102, 255
L 154.0, -333.0, -184.0, 143.0, -314.0, -184.0, 178, 102, 255
L 85.0, -209.0, -181.0, 57.0, -181.0, -181.0, 178, 102, 255
L 57.0, -181.0, -181.0, 57.0, -141.0, -181.0, 178, 102, 255
L 110.0, -209.0, -181.0, 124.0, -195.0, -181.0, 178, 102, 255
L 124.0, -195.0, -181.0, 96.0, -141.0, -181.0, 178, 102, 255
L 743.0, 19.0, -97.0, 743.0, 12.0, -97.0, 178, 102, 255
L 71.0, 211.0, -181.0, 29.0, 211.0, -181.0, 178, 102, 255
L 124.0, 211.0, -181.0, 82.0, 211.0, -181.0, 178, 102, 255
L 82.0, 211.0, -181.0, 82.0, 205.0, -181.0, 178, 102, 255
L 82.0, 200.0, -181.0, 82.0, 205.0, -181.0, 178, 102, 255
L 82.0, 200.0, -181.0, 82.0, 195.0, -181.0, 178, 102, 255
L 29.0, 279.0, -181.0, 29.0, 211.0, -181.0, 178, 102, 255
L 29.0, 279.0, -181.0, 71.0, 307.0, -181.0, 178, 102, 255
L 82.0, 307.0, -181.0, 124.0, 278.0, -181.0, 178, 102, 255
L 124.0, 211.0, -181.0, 124.0, 278.0, -181.0, 178, 102, 255
L 71.0, 307.0, -181.0, 71.0, 326.0, -181.0, 178, 102, 255
L 82.0, 326.0, -181.0, 82.0, 307.0, -181.0, 178, 102, 255
L 82.0, 326.0, -181.0, 71.0, 326.0, -181.0, 199, 21, 133
L 740.0, -298.0, -83.0, 740.0, -307.0, -83.0, 204, 0, 204
L 729.0, -298.0, -83.0, 729.0, -307.0, -83.0, 204, 0, 204
L 82.0, 326.0, -181.0, 82.0, 331.4, -181.0, 178, 102, 255
L 71.0, 326.0, -181.0, 71.0, 331.4, -181.0, 178, 102, 255
L 737.0, -107.0, 1.0, 760.0, -107.0, 1.0, 255, 255, 0
L 737.0, -107.0, 1.0, 734.0, -104.0, 1.0, 255, 255, 0
L 737.0, -88.0, 1.0, 734.0, -91.0, 1.0, 255, 255, 0
L 763.0, -104.0, 1.0, 763.0, -91.0, 1.0, 255, 255, 0
L 734.0, -91.0, 1.0, 734.0, -104.0, 1.0, 255, 255, 0
L 763.0, -91.0, 1.0, 760.0, -88.0, 1.0, 255, 255, 0
L 763.0, -104.0, 1.0, 760.0, -107.0, 1.0, 255, 255, 0
L 760.0, -88.0, 1.0, 737.0, -88.0, 1.0, 255, 255, 0
L 588.0, -110.0, 15.0, 588.0, -85.0, 15.0, 155, 155, 155
L 643.0, -110.0, 0.0, 643.0, -85.0, 0.0, 155, 155, 155
L 615.5, -85.0, 7.5, 618.9, -85.0, 6.6, 255, 102, 255
L 615.5, -110.0, 7.5, 612.1, -110.0, 8.4, 255, 102, 255
L 615.5, -85.0, 7.5, 615.5, -110.0, 7.5, 155, 155, 155
L 601.8, -85.0, 11.2, 605.2, -85.0, 10.3, 255, 102, 255
L 601.8, -110.0, 11.2, 598.3, -110.0, 12.2, 255, 102, 255
L 601.8, -85.0, 11.2, 601.8, -110.0, 11.2, 155, 155, 155
L 594.9, -85.0, 13.1, 598.3, -85.0, 12.2, 255, 102, 255
L 594.9, -110.0, 13.1, 591.4, -110.0, 14.1, 255, 102, 255
L 594.9, -85.0, 13.1, 594.9, -110.0, 13.1, 155, 155, 155
L 591.4, -85.0, 14.1, 594.9, -85.0, 13.1, 255, 102, 255
L 591.4, -110.0, 14.1, 588.0, -110.0, 15.0, 255, 102, 255
L 591.4, -85.0, 14.1, 591.4, -110.0, 14.1, 155, 155, 155
L 608.6, -85.0, 9.4, 612.1, -85.0, 8.4, 255, 102, 255
L 608.6, -110.0, 9.4, 605.2, -110.0, 10.3, 255, 102, 255
L 608.6, -85.0, 9.4, 608.6, -110.0, 9.4, 155, 155, 155
L 629.2, -85.0, 3.8, 632.7, -85.0, 2.8, 255, 102, 255
L 629.2, -110.0, 3.8, 625.8, -110.0, 4.7, 255, 102, 255
L 629.2, -85.0, 3.8, 629.2, -110.0, 3.8, 155, 155, 155
L 622.4, -85.0, 5.6, 625.8, -85.0, 4.7, 255, 102, 255
L 622.4, -110.0, 5.6, 618.9, -110.0, 6.6, 255, 102, 255
L 622.4, -85.0, 5.6, 622.4, -110.0, 5.6, 155, 155, 155
L 636.1, -85.0, 1.9, 639.6, -85.0, 0.9, 255, 102, 255
L 636.1, -110.0, 1.9, 632.7, -110.0, 2.8, 255, 102, 255
L 636.1, -85.0, 1.9, 636.1, -110.0, 1.9, 155, 155, 155
L 639.6, -85.0, 0.9, 643.0, -85.0, 0.0, 255, 102, 255
L 639.6, -110.0, 0.9, 636.1, -110.0, 1.9, 255, 102, 255
L 639.6, -85.0, 0.9, 639.6, -110.0, 0.9, 155, 155, 155
L 632.7, -85.0, 2.8, 636.1, -85.0, 1.9, 255, 102, 255
L 632.7, -110.0, 2.8, 629.2, -110.0, 3.8, 255, 102, 255
L 632.7, -85.0, 2.8, 632.7, -110.0, 2.8, 155, 155, 155
L 625.8, -85.0, 4.7, 629.2, -85.0, 3.8, 255, 102, 255
L 625.8, -110.0, 4.7, 622.4, -110.0, 5.6, 255, 102, 255
L 625.8, -85.0, 4.7, 625.8, -110.0, 4.7, 155, 155, 155
L 618.9, -85.0, 6.6, 622.4, -85.0, 5.6, 255, 102, 255
L 618.9, -110.0, 6.6, 615.5, -110.0, 7.5, 255, 102, 255
L 618.9, -85.0, 6.6, 618.9, -110.0, 6.6, 155, 155, 155
L 612.1, -85.0, 8.4, 615.5, -85.0, 7.5, 255, 102, 255
L 612.1, -110.0, 8.4, 608.6, -110.0, 9.4, 255, 102, 255
L 612.1, -85.0, 8.4, 612.1, -110.0, 8.4, 155, 155, 155
L 605.2, -85.0, 10.3, 608.6, -85.0, 9.4, 255, 102, 255
L 605.2, -110.0, 10.3, 601.8, -110.0, 11.2, 255, 102, 255
L 605.2, -85.0, 10.3, 605.2, -110.0, 10.3, 155, 155, 155
L 598.3, -85.0, 12.2, 601.8, -85.0, 11.2, 255, 102, 255
L 598.3, -110.0, 12.2, 594.9, -110.0, 13.1, 255, 102, 255
L 598.3, -85.0, 12.2, 598.3, -110.0, 12.2, 155, 155, 155
L 829.0, -102.0, -83.0, 829.0, -110.0, -83.0, 204, 0, 204
L 796.0, -71.0, -83.0, 811.0, -71.0, -83.0, 204, 0, 204
L 796.0, -51.0, -83.0, 796.0, -71.0, -83.0, 204, 0, 204
L 796.0, -45.0, -83.0, 796.0, -31.0, -83.0, 204, 0, 204
L 803.0, -20.0, -83.0, 796.0, -31.0, -83.0, 204, 0, 204
L 801.0, -54.0, -83.0, 812.0, -54.0, -83.0, 204, 0, 204
L 829.0, -91.0, -83.0, 829.0, -85.0, -83.0, 204, 0, 204
L 824.0, -102.0, -83.0, 829.0, -102.0, -83.0, 204, 0, 204
L 803.0, -20.0, -83.0, 796.0, 19.0, -83.0, 204, 0, 204
L 824.0, -102.0, -83.0, 824.0, -111.0, -83.0, 204, 0, 204
L 824.0, -84.0, -83.0, 824.0, -91.0, -83.0, 204, 0, 204
L 801.0, -45.0, -83.0, 812.0, -43.0, -83.0, 204, 0, 204
L 801.0, -54.0, -83.0, 801.0, -51.0, -83.0, 204, 0, 204
L 811.0, -71.0, -83.0, 824.0, -84.0, -83.0, 204, 0, 204
L 796.0, -45.0, -83.0, 801.0, -45.0, -83.0, 204, 0, 204
L 829.0, -91.0, -83.0, 824.0, -91.0, -83.0, 204, 0, 204
L 824.0, -111.0, -83.0, 811.0, -124.0, -83.0, 204, 0, 204
L 812.0, -43.0, -83.0, 818.0, -17.0, -83.0, 204, 0, 204
L 853.0, -99.0, -83.0, 839.0, -85.0, -83.0, 204, 0, 204
L 838.0, -68.0, -83.0, 826.0, -68.0, -83.0, 204, 0, 204
L 839.0, -85.0, -83.0, 829.0, -85.0, -83.0, 204, 0, 204
L 829.0, -110.0, -83.0, 840.0, -110.0, -83.0, 204, 0, 204
L 826.0, -68.0, -83.0, 812.0, -54.0, -83.0, 204, 0, 204
L 860.0, -118.0, -83.0, 872.0, -110.0, -83.0, 204, 0, 204
L 857.0, 7.0, -83.0, 859.0, -5.0, -83.0, 204, 0, 204
L 869.0, -99.0, -83.0, 853.0, -99.0, -83.0, 204, 0, 204
L 853.0, -53.0, -83.0, 838.0, -68.0, -83.0, 204, 0, 204
L 869.0, -69.0, -83.0, 869.0, -99.0, -83.0, 204, 0, 204
L 853.0, -44.0, -83.0, 838.0, -15.0, -83.0, 204, 0, 204
L 869.0, -69.0, -83.0, 853.0, -53.0, -83.0, 204, 0, 204
L 919.0, -109.0, -83.0, 915.0, -112.0, -83.0, 204, 0, 204
L 919.0, -109.0, -83.0, 922.0, -112.0, -83.0, 204, 0, 204
L 922.0, -112.0, -83.0, 922.0, -141.0, -83.0, 204, 0, 204
L 911.0, -124.0, -83.0, 911.0, -141.0, -83.0, 204, 0, 204
L 905.0, -123.0, -83.0, 911.0, -124.0, -83.0, 204, 0, 204
L 911.0, -117.0, -83.0, 905.0, -123.0, -83.0, 204, 0, 204
L 915.0, -105.0, -83.0, 912.0, -109.0, -83.0, 204, 0, 204
L 904.0, -117.0, -83.0, 911.0, -117.0, -83.0, 204, 0, 204
L 915.0, -112.0, -83.0, 912.0, -109.0, -83.0, 204, 0, 204
L 900.0, -121.0, -83.0, 904.0, -117.0, -83.0, 204, 0, 204
L 908.0, -98.0, -83.0, 915.0, -105.0, -83.0, 204, 0, 204
L 933.0, -55.0, -83.0, 922.0, -66.0, -83.0, 204, 0, 204
L 908.0, -84.0, -83.0, 908.0, -98.0, -83.0, 204, 0, 204
L 924.0, -7.0, -83.0, 935.0, -22.0, -83.0, 204, 0, 204
L 928.0, -45.0, -83.0, 933.0, -55.0, -83.0, 204, 0, 204
L 915.0, -2.0, -83.0, 917.0, 11.0, -83.0, 204, 0, 204
L 934.0, -31.0, -83.0, 920.0, -39.0, -83.0, 204, 0, 204
L 928.0, -45.0, -83.0, 920.0, -39.0, -83.0, 204, 0, 204
L 922.0, -66.0, -83.0, 914.0, -66.0, -83.0, 204, 0, 204
L 915.0, -2.0, -83.0, 924.0, -7.0, -83.0, 204, 0, 204
L 935.0, -22.0, -83.0, 934.0, -31.0, -83.0, 204, 0, 204
L 872.0, -110.0, -83.0, 896.0, -110.0, -83.0, 204, 0, 204
L 896.0, 18.0, -83.0, 910.0, 20.0, -83.0, 204, 0, 204
L 896.0, -110.0, -83.0, 900.0, -121.0, -83.0, 204, 0, 204
L 890.0, -62.0, -83.0, 878.0, -70.0, -83.0, 204, 0, 204
L 878.0, 20.0, -83.0, 887.0, 7.0, -83.0, 204, 0, 204
L 869.0, -19.0, -83.0, 859.0, -5.0, -83.0, 204, 0, 204
L 869.0, -28.0, -83.0, 869.0, -19.0, -83.0, 204, 0, 204
L 899.0, -51.0, -83.0, 890.0, -62.0, -83.0, 204, 0, 204
L 887.0, 7.0, -83.0, 896.0, 18.0, -83.0, 204, 0, 204
L 868.0, 20.0, -83.0, 878.0, 20.0, -83.0, 204, 0, 204
L 917.0, 11.0, -83.0, 910.0, 20.0, -83.0, 204, 0, 204
L 868.0, 20.0, -83.0, 857.0, 7.0, -83.0, 204, 0, 204
L 878.0, -70.0, -83.0, 908.0, -84.0, -83.0, 204, 0, 204
L 853.0, -44.0, -83.0, 869.0, -28.0, -83.0, 204, 0, 204
L 914.0, -66.0, -83.0, 904.0, -60.0, -83.0, 204, 0, 204
L 904.0, -60.0, -83.0, 899.0, -51.0, -83.0, 204, 0, 204
L 801.0, -51.0, -83.0, 796.0, -51.0, -83.0, 204, 0, 204
L 393.0, -40.0, -195.0, 378.0, -40.0, -195.0, 102, 0, 204
L 393.0, -40.0, -181.0, 378.0, -40.0, -181.0, 178, 102, 255
L 393.0, -40.0, -181.0, 421.0, -40.0, -181.0, 150, 150, 150
L 421.0, -40.0, -181.0, 422.1, -37.0, -182.9, 102, 0, 204
L 393.0, -40.0, -181.0, 392.6, -37.0, -182.9, 102, 0, 204
L 421.0, -40.0, -181.0, 446.0, -40.0, -181.0, 150, 150, 150
L 391.5, -28.0, -188.5, 391.1, -25.0, -190.4, 102, 0, 204
L 425.5, -28.0, -188.5, 426.6, -25.0, -190.4, 102, 0, 204
L 391.5, -28.0, -188.5, 425.5, -28.0, -188.5, 155, 155, 155
L 392.2, -34.0, -184.8, 391.9, -31.0, -186.6, 102, 0, 204
L 423.2, -34.0, -184.8, 424.4, -31.0, -186.6, 102, 0, 204
L 392.2, -34.0, -184.8, 423.2, -34.0, -184.8, 155, 155, 155
L 390.8, -22.0, -192.2, 390.4, -19.0, -194.1, 102, 0, 204
L 427.8, -22.0, -192.2, 428.9, -19.0, -194.1, 102, 0, 204
L 390.8, -22.0, -192.2, 427.8, -22.0, -192.2, 155, 155, 155
L 390.0, -16.0, -196.0, 430.0, -16.0, -196.0, 155, 155, 155
L 390.4, -19.0, -194.1, 390.0, -16.0, -196.0, 102, 0, 204
L 428.9, -19.0, -194.1, 430.0, -16.0, -196.0, 102, 0, 204
L 390.4, -19.0, -194.1, 428.9, -19.0, -194.1, 155, 155, 155
L 391.1, -25.0, -190.4, 390.8, -22.0, -192.2, 102, 0, 204
L 426.6, -25.0, -190.4, 427.8, -22.0, -192.2, 102, 0, 204
L 391.1, -25.0, -190.4, 426.6, -25.0, -190.4, 155, 155, 155
L 391.9, -31.0, -186.6, 391.5, -28.0, -188.5, 102, 0, 204
L 424.4, -31.0, -186.6, 425.5, -28.0, -188.5, 102, 0, 204
L 391.9, -31.0, -186.6, 424.4, -31.0, -186.6, 155, 155, 155
L 392.6, -37.0, -182.9, 392.2, -34.0, -184.8, 102, 0, 204
L 422.1, -37.0, -182.9, 423.2, -34.0, -184.8, 102, 0, 204
L 392.6, -37.0, -182.9, 422.1, -37.0, -182.9, 155, 155, 155
L 71.0, 211.0, -181.0, 71.0, 195.0, -181.0, 178, 102, 255
L 335.0, -226.0, -181.0, 337.4, -241.7, -181.9, 0, 0, 255
L 337.4, -241.7, -181.9, 322.0, -251.5, -181.9, 0, 0, 255
L 322.0, -251.5, -181.9, 307.4, -251.9, -181.9, 0, 0, 255
L 307.4, -251.9, -181.9, 293.9, -265.3, -181.9, 0, 0, 255
L 293.9, -265.3, -181.9, 265.4, -265.8, -181.9, 0, 0, 255
L 265.4, -265.8, -181.9, 237.9, -279.5, -181.9, 0, 0, 255
L 237.9, -279.5, -181.9, 224.4, -279.9, -181.9, 0, 0, 255
L 224.4, -279.9, -181.9, 210.0, -251.8, -181.9, 0, 0, 255
L 210.0, -251.8, -181.9, 195.7, -252.4, -181.9, 0, 0, 255
L 195.7, -252.4, -181.9, 195.8, -279.1, -181.9, 0, 0, 255
L 195.8, -279.1, -181.9, 182.3, -293.3, -181.9, 0, 0, 255
L 182.3, -293.3, -181.9, 98.2, -293.4, -181.9, 0, 0, 255
L 98.2, -293.4, -181.9, 85.0, -268.0, -181.0, 0, 0, 255
L 27.0, -239.0, -184.0, 14.1, -264.9, -181.9, 0, 0, 255
L 14.1, -264.9, -182.0, 14.0, -279.5, -181.9, 0, 0, 255
L 14.0, -279.5, -181.9, 41.0, -306.0, -184.0, 0, 0, 255
L 238.0, -348.0, -184.0, 252.1, -322.6, -181.9, 0, 0, 255
L 252.1, -322.6, -181.9, 278.0, -321.0, -184.0, 0, 0, 255
L 754.0, -15.0, -90.0, 743.0, -15.0, -90.0, 150, 150, 150
L 744.0, 0.0, -97.0, 744.0, 3.0, -97.0, 255, 255, 0
L 753.0, 12.0, -97.0, 750.8, 12.0, -97.0, 255, 255, 0
L 753.0, 0.0, -97.0, 750.8, 0.0, -97.0, 255, 255, 0
L 753.0, 12.0, -97.0, 753.0, 9.0, -97.0, 255, 255, 0
L 743.0, 12.0, -97.0, 743.0, -1.5, -97.0, 178, 102, 255
L 754.0, -15.0, -90.0, 754.0, -13.3, -90.9, 150, 150, 150
L 743.0, -1.5, -97.0, 743.0, -3.2, -96.1, 150, 150, 150
L 754.0, -1.5, -97.0, 754.0, 12.0, -97.0, 178, 102, 255
L 743.0, -1.5, -97.0, 754.0, -1.5, -97.0, 150, 150, 150
L 743.0, -8.2, -93.5, 743.0, -9.9, -92.6, 150, 150, 150
L 754.0, -8.2, -93.5, 754.0, -6.6, -94.4, 150, 150, 150
L 743.0, -8.2, -93.5, 754.0, -8.2, -93.5, 150, 150, 150
L 743.0, -11.6, -91.8, 743.0, -13.3, -90.9, 150, 150, 150
L 754.0, -11.6, -91.8, 754.0, -9.9, -92.6, 150, 150, 150
L 743.0, -11.6, -91.8, 754.0, -11.6, -91.8, 150, 150, 150
L 743.0, -4.9, -95.2, 743.0, -6.6, -94.4, 150, 150, 150
L 754.0, -4.9, -95.2, 754.0, -3.2, -96.1, 150, 150, 150
L 743.0, -4.9, -95.2, 754.0, -4.9, -95.2, 150, 150, 150
L 743.0, -3.2, -96.1, 743.0, -4.9, -95.2, 150, 150, 150
L 754.0, -3.2, -96.1, 754.0, -1.5, -97.0, 150, 150, 150
L 743.0, -3.2, -96.1, 754.0, -3.2, -96.1, 150, 150, 150
L 743.0, -6.6, -94.4, 743.0, -8.2, -93.5, 150, 150, 150
L 754.0, -6.6, -94.4, 754.0, -4.9, -95.2, 150, 150, 150
L 743.0, -6.6, -94.4, 754.0, -6.6, -94.4, 150, 150, 150
L 743.0, -9.9, -92.6, 743.0, -11.6, -91.8, 150, 150, 150
L 754.0, -9.9, -92.6, 754.0, -8.2, -93.5, 150, 150, 150
L 743.0, -9.9, -92.6, 754.0, -9.9, -92.6, 150, 150, 150
L 743.0, -13.3, -90.9, 743.0, -15.0, -90.0, 150, 150, 150
L 754.0, -13.3, -90.9, 754.0, -11.6, -91.8, 150, 150, 150
L 743.0, -13.3, -90.9, 754.0, -13.3, -90.9, 150, 150, 150
L 753.0, 0.0, -97.0, 744.0, 12.0, -97.0, 255, 255, 0
L 748.5, 0.0, -97.0, 746.2, 0.0, -97.0, 255, 255, 0
L 744.0, 6.0, -97.0, 744.0, 9.0, -97.0, 255, 255, 0
L 748.5, 0.0, -97.0, 744.0, 6.0, -97.0, 255, 255, 0
L 750.8, 0.0, -97.0, 748.5, 0.0, -97.0, 255, 255, 0
L 744.0, 9.0, -97.0, 744.0, 12.0, -97.0, 255, 255, 0
L 750.8, 0.0, -97.0, 744.0, 9.0, -97.0, 255, 255, 0
L 746.2, 0.0, -97.0, 744.0, 0.0, -97.0, 255, 255, 0
L 744.0, 3.0, -97.0, 744.0, 6.0, -97.0, 255, 255, 0
L 746.2, 0.0, -97.0, 744.0, 3.0, -97.0, 255, 255, 0
L 753.0, 6.0, -97.0, 753.0, 3.0, -97.0, 255, 255, 0
L 748.5, 12.0, -97.0, 746.2, 12.0, -97.0, 255, 255, 0
L 753.0, 6.0, -97.0, 748.5, 12.0, -97.0, 255, 255, 0
L 753.0, 3.0, -97.0, 753.0, 0.0, -97.0, 255, 255, 0
L 746.2, 12.0, -97.0, 744.0, 12.0, -97.0, 255, 255, 0
L 753.0, 3.0, -97.0, 746.2, 12.0, -97.0, 255, 255, 0
L 753.0, 9.0, -97.0, 753.0, 6.0, -97.0, 255, 255, 0
L 750.8, 12.0, -97.0, 748.5, 12.0, -97.0, 255, 255, 0
L 753.0, 9.0, -97.0, 750.8, 12.0, -97.0, 255, 255, 0
L -96.0, -3.0, 0.0, -114.3, -3.0, 0.0, 0, 0, 0
L -94.0, 12.0, 0.0, -96.0, 12.0, 0.0, 0, 0, 0
L -96.0, -3.0, 0.0, -96.0, 12.0, 0.0, 199, 21, 133
L -96.0, 12.0, 0.0, -114.3, 12.0, 0.0, 0, 0, 0
