L 465.4708, 2614.8621, 174.0609, 442.5668, 2591.9558, 172.9423, 0, 0, 0
L 442.5668, 2591.9558, 172.7167, 419.6306, 2614.8921, 173.8210, 0, 0, 0
L 419.6306, 2614.8921, 173.8870, 425.3461, 2614.8933, 173.8870, 0, 0, 0
L 425.3461, 2614.8933, 173.8490, 442.5645, 2597.6760, 172.9462, 0, 0, 0
L 442.5645, 2597.6760, 172.9462, 459.7867, 2614.9006, 173.8647, 0, 0, 0
L 459.7867, 2614.9006, 173.8869, 465.4708, 2614.8621, 173.9651, 0, 0, 0
L 465.4984, 2623.1096, 174.3363, 459.7795, 2623.1084, 174.3363, 0, 0, 0
L 459.7795, 2623.1084, 174.3848, 442.5646, 2640.3264, 175.2778, 0, 0, 0
L 442.5646, 2640.3264, 175.2778, 425.3546, 2623.1104, 174.3416, 0, 0, 0
L 425.3546, 2623.1104, 174.3363, 419.6270, 2623.1045, 174.3362, 0, 0, 0
L 419.6270, 2623.1045, 174.4145, 442.5641, 2646.0396, 175.5712, 0, 0, 0
L 442.5641, 2646.0396, 175.5305, 465.4984, 2623.1096, 174.4241, 0, 0, 0
L 385.8430, 2694.6089, 177.1144, 409.0545, 2701.9629, 177.9988, 0, 0, 0
L 409.0545, 2701.9629, 177.9988, 399.9464, 2730.7131, 180.0666, 0, 0, 0
L 399.9464, 2730.7131, 180.0666, 371.2334, 2721.6147, 176.9002, 0, 0, 0
L 371.2334, 2721.6147, 176.9002, 378.5487, 2698.3911, 176.4429, 0, 0, 0
L 378.5487, 2698.3911, 176.3493, 375.9175, 2693.3174, 176.0820, 0, 0, 0
L 375.9175, 2693.3174, 175.9257, 366.1208, 2724.2371, 176.1996, 0, 0, 0
L 366.1208, 2724.2371, 176.3483, 402.5891, 2735.7900, 180.2430, 0, 0, 0
L 402.5891, 2735.7900, 180.0684, 413.9394, 2699.2693, 177.5802, 0, 0, 0
L 413.9394, 2699.2693, 177.6324, 383.2115, 2689.5356, 176.6995, 0, 0, 0
L 383.2115, 2689.5356, 176.7207, 385.8430, 2694.6089, 176.9587, 0, 0, 0
P 5905.0225, 4513.1050, 557.5190, 255, 0, 0, 3, to_The_Iceclad_Ocean
P -478.3272, 4075.7483, 144.3555, 255, 0, 0, 3, to_Crystal_Caverns_(click_orb)
P -1067.0419, 3405.2732, 146.6491, 255, 0, 0, 2, from_Crystal_Caverns_(exit_from_lower_level)
P -6675.0000, 1769.0000, 188.1978, 255, 0, 0, 3, to_The_Great_Divide
P -7003.3438, 6248.8452, -304.5282, 255, 0, 0, 3, to_Kael_Drakkel
P 4191.0000, 9091.0000, 142.9385, 255, 0, 0, 3, to_East_Wastes:_Zeixshi-Kar`s_Awakening
P -8.9600, 7252.7534, 158.7350, 255, 0, 0, 3, to_The_Sleeper`s_Tomb
P 4296.0000, 5049.0000, 0.0000, 255, 0, 0, 2, Succor
P 443.0870, 2631.2930, 174.7840, 0, 0, 0, 2, Gloradin_Coldheart
P -78.5300, -215.0430, 29.8360, 0, 0, 0, 2, Corbin_Blackwell
P 3175.8721, 573.6349, 154.0650, 0, 0, 0, 2, Corbin_2
P 1899.3899, 539.9870, 159.8400, 0, 0, 0, 2, Corbin_1
P -3285.1189, 7938.1694, 142.9390, 0, 0, 0, 2, Korrigan
P 2623.9258, 4926.7100, 142.9380, 0, 0, 0, 2, Tain_Hammerfrost
P -3476.8821, 6335.0107, 144.3630, 0, 0, 0, 2, Tanik
P -1565.4149, 2461.1177, 304.9510, 0, 0, 0, 2, Boridain_Glacierbane
P 2158.5159, 7863.3096, 147.2377, 0, 0, 0, 2, Loremaster_Derrin
P -3230.0000, 8083.0000, 0.0000, 0, 0, 0, 2, Icefang
P -77.3121, 7455.4854, 157.8144, 0, 127, 127, 2, Nelef_the_Trader
P -3407.3899, 1741.3477, 138.7892, 255, 255, 255, 2, Giant_Fort
P 66.7706, -429.4952, -11.6761, 255, 255, 255, 2, North-East_Ruins
P 2117.6841, -635.5590, 143.3290, 255, 255, 255, 2, Safe_Tree
P -4213.4341, 9593.1182, 148.5590, 255, 255, 255, 2, Walrus_Safe_Camp
P -4728.9502, 9133.8320, 258.4280, 255, 255, 255, 2, Man_O_War_Hill
P 3208.3047, 548.8660, 154.4820, 255, 255, 255, 2, Coldain_Huts
P -3285.8521, 6151.1274, 169.3480, 255, 255, 255, 2, Giant_Hill
P -2746.6160, 6412.2524, 142.9400, 255, 255, 255, 2, Shining_Rock
P -500.0000, 3400.0000, 0.0000, 255, 255, 255, 2, Orc_Fort
P -153.2867, 7412.2725, 159.1771, 0, 127, 127, 2, Garath_the_Trader
P -3359.5010, 1478.6859, 160.9614, 0, 0, 0, 2, Peffin_Ambersnow_(invis)
P 182.5435, -343.2993, 1.2188, 0, 0, 0, 2, Captain_Ulmog
P -45.0335, -215.8593, 31.9945, 0, 0, 0, 2, Interrogator_of_Ry`Gorr
P -482.4064, 3824.1670, 168.0763, 127, 64, 0, 2, Chief_Ry`Gorr_(Hunter)
P -212.8149, 3843.4983, 145.5726, 127, 64, 0, 2, Firbrand_the_Black_(Hunter)
P -327.8953, 3720.5557, 145.5664, 127, 64, 0, 2, a_Ry`Gorr_minstrel_(Hunter)
P 365.6811, -290.4537, 4.0307, 127, 64, 0, 2, Warden_Bruke_(Hunter)
P -5092.7422, 138.2115, 302.0380, 0, 0, 0, 2, Ekelng_Thunderstone
P 1345.4719, 2835.2891, 147.1092, 0, 0, 240, 1, GS:_Skinning_Rock
P 380.3438, 2710.3328, 177.2796, 0, 0, 0, 2, Deaen_Greyforge
P 389.8701, 2713.8386, 178.5119, 0, 0, 0, 2, Geradain_Glacierbane
P 2428.4065, 2067.2361, 176.8002, 0, 0, 240, 1, GS:_Skinning_Rock
P 3189.5356, 575.5047, 154.9134, 0, 0, 0, 2, Dobbin_Crossaxe
P -2366.1458, 66.2507, 147.3420, 0, 0, 0, 2, Captain_Berradin
P -3447.2053, 1501.2054, 159.4394, 0, 0, 0, 2, Fjloaren_Icebane
P -561.8848, 3832.4009, 149.4707, 0, 0, 0, 2, Oracle_of_Ry`Gorr
