P -1099.5468, -7.0322, -37.3417, 255, 0, 0, 3, to_The_Northern_Plains_of_Karana
P 2018.0000, -3626.8750, 3.1593, 255, 0, 0, 3, to_The_Gorge_of_King_Xorbb
P -394.5800, -1356.2255, -2.1172, 255, 0, 0, 2, Druid_Ring
P 8333.5830, 3079.1521, 691.4275, 255, 0, 0, 3, to_Highpass_Hold
P -865.0000, -15.0000, 0.0000, 255, 0, 0, 2, Succor
P 674.1935, -1451.2654, 1.5319, 240, 240, 240, 2, Bandit_Camp
P -212.3095, 24.3272, 0.8069, 255, 255, 255, 2, Mile_Marker
P 79.8918, -14.1653, 0.4698, 255, 255, 255, 2, Mile_Marker
P 2315.7134, 3697.1890, -28.2547, 255, 255, 255, 2, Barbarian_Fishing_Village
P 2061.3262, 2701.0769, 2.8834, 255, 255, 255, 2, Farm
P 77.4906, 768.3461, 0.0832, 240, 240, 240, 2, Farm
P 269.9603, 3194.7295, 113.2290, 240, 240, 240, 2, Haunted_Obelisk
P 1272.2953, 2443.0764, 2.3844, 240, 240, 240, 2, Farm
P 4576.1514, 980.9053, 179.6581, 240, 240, 240, 2, Guard_Tower
P 3736.9688, 2345.1399, 99.3457, 240, 240, 240, 2, Guard_Tower
P 6020.8691, 1714.2487, 389.2730, 240, 240, 240, 2, Guard_Tower
P 2503.0000, -1309.0000, 6.8220, 0, 128, 0, 2, Silvia_(Tailor)
P 2634.0000, -1198.0000, 4.5534, 0, 128, 0, 2, Sorn_(General)
P 2645.0000, -1228.0000, 4.5534, 0, 128, 0, 2, Stace_(General)
P 2757.0000, -1306.0000, 6.1444, 0, 128, 0, 2, Lucetta_(General)
P 2722.0000, -1328.0000, 6.1444, 0, 128, 0, 2, Balthazar_(General)
P 2677.0000, -1529.0000, 1.2259, 0, 128, 0, 2, Tanrak_(Weapons)
P 194.0000, 732.0000, 5.3252, 0, 128, 0, 2, Paulina_(General)
P 99.0000, 856.0000, 11.1575, 0, 128, 0, 2, Bradly_(General)
P 137.0000, 891.0000, 11.1575, 0, 128, 0, 2, Julie_(General)
P 12.0000, 886.0000, 10.3109, 0, 128, 0, 2, Bryan_(Fletching)
P 2399.0000, 3790.0000, -47.4977, 0, 128, 0, 2, Sharna_(General)
P 126.8789, 696.3748, 1.6077, 0, 127, 0, 2, Iago_(General)
P 3144.9556, 307.9186, 6.0518, 0, 0, 0, 2, Felodius_Sworddancer
P 5995.3462, 1731.9418, 387.0330, 0, 0, 0, 2, Donrigin_Fleetfoot
P 7476.1543, 3256.2195, 1.5292, 0, 0, 0, 2, Tenal_Redblade
P 6078.6982, 1826.5377, 3.9759, 0, 0, 0, 2, Milea_Clothspinner
P -891.1513, -504.3997, -62.8704, 0, 0, 0, 2, Brynnsu_Frostreaver
P -858.3901, 16.1487, -37.0552, 0, 0, 0, 2, Squire_Wimbley
P 1212.1152, 2429.3967, 1.4580, 0, 0, 0, 2, Brettaru_Tyco
P 1330.8649, 2478.7222, 0.4503, 0, 0, 0, 2, Lgador_Leafwell
P 2189.5337, 3131.0874, 0.0020, 0, 0, 0, 2, Drevlon_Knacknabber_(WAR:1.5)
P 2308.3298, 3541.2466, 0.0020, 0, 0, 0, 2, Leon
P 2165.0791, 3543.6890, 0.7929, 0, 0, 0, 2, Nella_Taraiss
P 1603.8717, 3658.4099, -20.2176, 0, 0, 0, 2, Tholris
P 1598.0844, 3652.1174, -18.9143, 0, 0, 0, 2, Althele
P 1590.7312, 3647.9094, -18.0430, 0, 0, 0, 2, Fang
P 1779.5116, 3461.1060, 0.0020, 0, 0, 0, 2, Ganelorn_Oast
P 2259.4919, 1066.1552, 61.2409, 0, 0, 0, 2, Beanu_Mucktail
P 2348.3674, 1088.7365, 56.1016, 0, 0, 0, 2, Chief_SaNre`Rexsa
P 2368.6973, 1012.6261, 33.5050, 0, 0, 0, 2, Burah_Mucktail
P -759.5505, -1037.1029, -39.9303, 0, 0, 0, 2, Proon_(Roam)
P -476.4209, -14.6060, 2.7130, 0, 0, 0, 2, Broon_(Roam)
P 652.0121, -1528.6443, 1.5467, 0, 0, 0, 2, Tallus_Holton
