L 186.8, 1015.4, -6.6, 186.9, 1012.0, -6.4, 0, 0, 0
L 226.7, 1117.7, -6.7, 124.4, 1117.7, -8.4, 0, 0, 0
L 226.7, 1117.7, -6.7, 226.7, 1015.3, -5.7, 0, 0, 0
L 186.8, 1015.4, -6.6, 226.7, 1015.3, -5.5, 0, 0, 0
L 164.2, 1015.4, -6.8, 164.2, 1011.9, -6.8, 0, 0, 0
L 124.4, 1015.4, -7.2, 164.2, 1015.4, -6.8, 0, 0, 0
L 124.4, 1117.7, -9.9, 124.4, 1015.4, -8.1, 0, 0, 0
L -331.9, 886.3, -6.7, -332.0, 846.6, -6.7, 0, 0, 0
L -434.2, 886.2, -6.7, -331.9, 886.3, -6.7, 0, 0, 0
L -433.9, 784.2, -6.7, -434.2, 886.2, -6.7, 0, 0, 0
L -332.1, 784.1, -6.7, -433.9, 784.2, -6.7, 0, 0, 0
L -332.0, 824.0, -6.7, -332.1, 784.1, -6.7, 0, 0, 0
L -332.0, 824.0, -6.7, -324.3, 823.8, -6.7, 0, 0, 0
L -332.0, 846.6, -6.7, -325.7, 846.0, -6.7, 0, 0, 0
L -127.1, 845.4, -6.7, -133.3, 845.3, -6.7, 0, 0, 0
L -127.1, 845.8, -6.7, -127.1, 847.1, -6.7, 0, 0, 0
L -127.3, 885.7, -6.7, -127.1, 845.4, -6.7, 0, 0, 0
L -24.7, 884.9, -5.6, -127.3, 885.7, -6.7, 0, 0, 0
L -127.1, 822.5, -6.7, -133.9, 822.5, -6.7, 0, 0, 0
L -126.9, 782.9, -6.7, -127.1, 822.5, -6.7, 0, 0, 0
L -24.9, 781.3, -5.5, -126.9, 782.9, -6.7, 0, 0, 0
L -24.7, 884.9, -5.5, -24.9, 781.3, -5.5, 0, 0, 0
L -146.5, 964.8, -14.7, -160.0, 964.5, -14.5, 0, 0, 0
L -145.6, 1137.4, 42.6, -146.5, 964.8, -14.7, 0, 0, 0
L -73.4, 1136.3, 42.6, -145.6, 1137.4, 42.6, 0, 0, 0
L -75.2, 1211.5, 42.6, -73.4, 1136.3, 42.6, 0, 0, 0
L -4.1, 1194.5, 42.6, -4.1, 1211.2, 42.6, 0, 0, 0
L -59.3, 1194.0, 42.6, -4.1, 1194.5, 42.6, 0, 0, 0
L -59.9, 1136.6, 42.6, -59.3, 1194.0, 42.6, 0, 0, 0
L 11.3, 1137.4, 42.6, -59.9, 1136.6, 42.6, 0, 0, 0
L 11.5, 972.2, -10.4, 11.3, 1137.4, 42.6, 0, 0, 0
L 26.1, 972.4, -10.5, 11.5, 972.2, -10.4, 0, 0, 0
L 1100.5, 1116.3, 11.7, 966.9, 1162.9, 14.5, 0, 0, 0
L 1214.8, 1066.9, 5.2, 1100.5, 1116.3, 11.7, 0, 0, 0
L 1341.1, 1045.1, 10.1, 1214.8, 1066.9, 5.2, 0, 0, 0
L 1416.3, 1056.5, 7.1, 1341.1, 1045.1, 10.1, 0, 0, 0
L 1509.6, 1054.6, 14.8, 1416.3, 1056.5, 7.1, 0, 0, 0
L 1569.2, 1041.9, 15.2, 1509.6, 1054.6, 14.8, 0, 0, 0
L 1664.8, 1058.1, 15.2, 1569.2, 1041.9, 15.2, 0, 0, 0
L 1791.6, 1093.4, 10.8, 1664.8, 1058.1, 15.2, 0, 0, 0
L 1848.0, 1087.9, 22.8, 1791.6, 1093.4, 10.8, 0, 0, 0
L 1884.6, 1053.7, 30.7, 1848.0, 1087.9, 22.8, 0, 0, 0
L 1950.2, 1059.8, 32.5, 1884.6, 1053.7, 30.7, 0, 0, 0
L 2023.1, 1065.3, 21.2, 1950.2, 1059.8, 32.5, 0, 0, 0
L 2054.5, 1083.6, 18.9, 2023.1, 1065.3, 21.2, 0, 0, 0
L 2114.4, 1070.1, 13.7, 2054.5, 1083.6, 18.9, 0, 0, 0
L 2150.9, 1102.3, 9.9, 2114.4, 1070.1, 13.7, 0, 0, 0
L 2262.9, 1111.9, 23.0, 2150.9, 1102.3, 9.9, 0, 0, 0
L 2516.8, 1071.9, 1.5, 2262.9, 1111.9, 23.0, 0, 0, 0
L 2539.8, 1050.4, 4.6, 2516.8, 1071.9, 1.5, 0, 0, 0
L 2607.7, 1025.9, 26.0, 2539.8, 1050.4, 4.6, 0, 0, 0
L 2643.6, 997.1, 7.7, 2607.7, 1025.9, 21.2, 0, 0, 0
L 2752.2, 996.5, -2.4, 2643.6, 997.1, 7.7, 0, 0, 0
L 2829.8, 999.6, -10.0, 2752.2, 996.5, -2.4, 0, 0, 0
L 2886.9, 995.4, -12.6, 2829.8, 999.6, -10.0, 0, 0, 0
L 2868.4, 917.8, -10.6, 2887.7, 912.1, -14.2, 0, 0, 0
L 2845.7, 925.0, -11.0, 2868.4, 917.8, -10.6, 0, 0, 0
L 2824.0, 927.1, -5.7, 2845.7, 925.0, -11.0, 0, 0, 0
L 2805.0, 927.8, -0.6, 2824.0, 927.1, -5.7, 0, 0, 0
L 2780.0, 928.6, 6.9, 2805.0, 927.8, -0.6, 0, 0, 0
L 2695.6, 942.3, 14.0, 2780.0, 928.6, 6.9, 0, 0, 0
L 2639.2, 915.8, 16.9, 2695.6, 942.3, 14.0, 0, 0, 0
L 2660.2, 869.2, 16.1, 2639.2, 915.8, 16.9, 0, 0, 0
L 2656.7, 811.7, 17.1, 2660.2, 869.2, 16.1, 0, 0, 0
L 2621.5, 683.0, 22.7, 2656.7, 811.7, 17.1, 0, 0, 0
L 2549.9, 558.6, 26.8, 2621.5, 683.0, 22.7, 0, 0, 0
L 2577.3, 434.6, 22.3, 2549.9, 558.6, 26.8, 0, 0, 0
L 2592.9, 366.5, 33.8, 2577.8, 433.1, 21.2, 0, 0, 0
L 2572.3, 292.5, 27.6, 2592.9, 366.5, 33.8, 0, 0, 0
L 2545.5, 153.5, 33.6, 2572.3, 292.5, 27.6, 0, 0, 0
L 2600.2, 51.0, 58.7, 2545.5, 153.5, 33.6, 0, 0, 0
L 2667.8, 20.1, 64.1, 2600.2, 51.0, 58.7, 0, 0, 0
L 2661.1, -101.3, 53.7, 2667.8, 20.1, 64.1, 0, 0, 0
L 2626.7, -152.2, 54.3, 2661.1, -101.3, 53.7, 0, 0, 0
L 2636.9, -217.9, 60.9, 2626.7, -152.2, 54.3, 0, 0, 0
L 2558.4, -388.0, 55.8, 2636.9, -217.9, 60.9, 0, 0, 0
L 2587.7, -619.5, 70.4, 2557.8, -389.0, 55.7, 0, 0, 0
L 2610.5, -695.0, 51.0, 2587.7, -619.5, 70.4, 0, 0, 0
L 2580.5, -819.6, 38.7, 2610.5, -695.0, 51.0, 0, 0, 0
L 2633.5, -892.2, 40.4, 2580.5, -819.6, 38.7, 0, 0, 0
L 2648.5, -934.4, 22.4, 2633.5, -892.2, 40.4, 0, 0, 0
L 2752.8, -923.2, 6.4, 2648.5, -934.4, 22.4, 0, 0, 0
L 2812.0, -864.2, -0.7, 2752.8, -923.2, 6.4, 0, 0, 0
L 2876.6, -863.6, 4.8, 2812.0, -864.2, -0.7, 0, 0, 0
L 2912.8, -897.5, 2.6, 2876.6, -863.6, 4.8, 0, 0, 0
L 2910.0, -985.8, 10.1, 2912.8, -897.5, 2.6, 0, 0, 0
L 2897.2, -1034.2, 17.4, 2910.0, -987.9, 10.3, 0, 0, 0
L 2877.7, -1084.6, -0.7, 2897.2, -1034.2, 17.4, 0, 0, 0
L 2937.0, -1150.0, 9.9, 2877.7, -1084.6, -0.7, 0, 0, 0
L 2946.0, -1208.0, 10.7, 2937.0, -1150.0, 9.9, 0, 0, 0
L 2887.6, -1289.8, 5.0, 2946.0, -1208.0, 10.7, 0, 0, 0
L 2740.7, -1316.5, 6.5, 2887.6, -1289.8, 5.0, 0, 0, 0
L 2692.4, -1296.1, 0.0, 2740.7, -1316.5, 6.5, 0, 0, 0
L 2686.7, -1242.4, 0.2, 2692.4, -1296.1, 0.0, 0, 0, 0
L 2608.0, -1251.2, 24.8, 2686.7, -1242.4, 0.2, 0, 0, 0
L 2514.1, -1371.7, 35.6, 2608.0, -1251.2, 24.8, 0, 0, 0
L 2319.8, -1308.5, 4.9, 2514.1, -1371.7, 35.6, 0, 0, 0
L 2187.5, -1292.1, 11.3, 2319.0, -1308.3, 4.8, 0, 0, 0
L 2069.6, -1300.7, 16.2, 2187.5, -1292.1, 11.3, 0, 0, 0
L 1989.1, -1360.8, 14.7, 2069.6, -1300.7, 16.2, 0, 0, 0
L 1947.4, -1389.5, 24.1, 1989.1, -1360.8, 14.7, 0, 0, 0
L 1836.3, -1330.7, 6.0, 1947.4, -1389.5, 24.1, 0, 0, 0
L 1657.3, -1299.1, 16.0, 1834.6, -1330.0, 6.1, 0, 0, 0
L 1542.8, -1313.5, 5.3, 1656.8, -1299.3, 16.0, 0, 0, 0
L 1508.0, -1324.8, 4.4, 1542.8, -1313.5, 5.3, 0, 0, 0
L 1471.6, -1390.5, 14.5, 1508.0, -1324.8, 4.4, 0, 0, 0
L 1221.0, -1378.4, 44.7, 1471.6, -1390.5, 14.5, 0, 0, 0
L 1000.6, -1318.8, 37.4, 1221.0, -1378.4, 44.7, 0, 0, 0
L 897.6, -1308.5, 53.0, 1000.6, -1318.8, 37.4, 0, 0, 0
L 829.4, -1345.2, 79.2, 897.6, -1308.5, 53.0, 0, 0, 0
L 725.5, -1340.1, 105.5, 829.4, -1345.2, 79.2, 0, 0, 0
L 628.8, -1402.8, 109.7, 725.5, -1340.1, 105.5, 0, 0, 0
L 526.4, -1388.6, 100.0, 628.8, -1402.8, 109.7, 0, 0, 0
L 498.8, -1375.7, 93.8, 526.4, -1388.6, 100.0, 0, 0, 0
L 431.7, -1341.3, 86.4, 498.8, -1375.7, 93.8, 0, 0, 0
L 223.4, -1335.1, 62.4, 431.7, -1341.3, 86.4, 0, 0, 0
L 154.0, -1353.7, 50.8, 223.4, -1335.1, 62.4, 0, 0, 0
L 97.6, -1372.9, 45.5, 154.0, -1353.7, 50.8, 0, 0, 0
L -79.0, -1384.9, 60.8, 97.6, -1372.9, 45.5, 0, 0, 0
L -143.1, -1364.4, 49.7, -79.0, -1384.9, 60.8, 0, 0, 0
L -200.3, -1348.0, 60.7, -143.1, -1364.4, 51.3, 0, 0, 0
L -330.7, -1344.2, 57.2, -200.3, -1348.0, 60.7, 0, 0, 0
L -376.4, -1331.5, 46.2, -330.7, -1344.2, 57.2, 0, 0, 0
L -560.0, -1330.1, 12.7, -376.4, -1331.5, 46.2, 0, 0, 0
L -662.0, -1341.1, 26.0, -560.0, -1330.1, 12.7, 0, 0, 0
L -842.6, -1399.4, 24.9, -795.1, -1395.7, 24.1, 0, 0, 0
L -871.7, -1391.3, 21.6, -842.6, -1399.4, 24.4, 0, 0, 0
L -864.9, -1370.9, 23.6, -871.7, -1391.3, 21.6, 0, 0, 0
L -814.8, -1360.3, 22.7, -864.9, -1370.9, 23.6, 0, 0, 0
L -756.6, -1326.9, 25.7, -814.8, -1360.3, 22.7, 0, 0, 0
L -720.7, -1305.5, 24.4, -756.6, -1326.9, 25.6, 0, 0, 0
L -662.0, -1341.1, 24.2, -720.7, -1305.5, 24.4, 0, 0, 0
L -868.0, -1440.3, 21.0, -821.3, -1445.0, 20.8, 0, 0, 0
L -894.1, -1423.1, 22.5, -868.0, -1440.3, 21.0, 0, 0, 0
L -904.2, -1375.8, 26.5, -894.2, -1423.0, 22.8, 0, 0, 0
L -956.1, -1362.3, 26.2, -904.2, -1375.8, 26.5, 0, 0, 0
L -1010.7, -1302.6, 24.4, -956.1, -1362.3, 26.2, 0, 0, 0
L -1045.7, -1308.7, 20.7, -1010.7, -1302.6, 24.4, 0, 0, 0
L -1088.8, -1356.2, 21.5, -1045.7, -1308.7, 20.7, 0, 0, 0
L -1106.7, -1364.6, 21.5, -1088.8, -1356.2, 21.5, 0, 0, 0
L -908.1, 1404.3, -6.5, -908.1, 1399.8, -6.5, 255, 0, 255
L -949.4, 1403.6, -6.5, -949.3, 1399.7, -6.5, 255, 0, 255
L -908.4, 1404.3, -6.5, -949.4, 1403.6, -6.5, 199, 21, 133
L -714.3, 1343.5, -30.5, -706.6, 1339.2, -30.2, 0, 0, 255
L -710.7, 1360.8, -29.8, -714.3, 1343.5, -30.5, 0, 0, 255
L -718.9, 1364.4, -29.1, -710.7, 1360.8, -29.8, 0, 0, 255
L -727.5, 1392.6, -24.2, -718.9, 1364.4, -29.1, 0, 0, 255
L -743.0, 1405.7, -25.3, -727.5, 1392.6, -24.2, 0, 0, 255
L -810.2, 1406.0, -32.1, -745.5, 1405.7, -25.3, 0, 0, 255
L -802.5, 1372.7, -31.3, -783.1, 1343.7, -30.5, 0, 0, 255
L -807.2, 1399.5, -30.2, -802.5, 1372.7, -31.3, 0, 0, 255
L -817.8, 1405.5, -31.1, -807.2, 1399.5, -30.2, 0, 0, 255
L -908.1, 1399.8, -6.5, -810.2, 1406.0, -31.1, 0, 0, 0
L -1014.1, 1402.5, 4.7, -949.3, 1399.7, -6.5, 0, 0, 0
L -906.2, 1292.3, -1.2, -1014.1, 1402.5, 4.7, 0, 0, 0
L -907.4, 1231.2, -0.5, -906.2, 1292.3, -1.2, 0, 0, 0
L -900.1, 1148.3, -0.4, -907.4, 1231.2, -0.5, 0, 0, 0
L -925.2, 1137.5, 4.1, -900.1, 1148.3, -0.4, 0, 0, 0
L -1048.9, 1114.5, 30.8, -925.2, 1137.5, 4.1, 0, 0, 0
L -1105.8, 1119.6, 41.9, -1048.9, 1114.5, 30.8, 0, 0, 0
L -1199.9, 1131.2, 46.2, -1111.1, 1121.0, 43.6, 0, 0, 0
L -1278.0, 1060.4, 65.6, -1199.9, 1131.2, 46.2, 0, 0, 0
L -1353.8, 1033.3, 80.8, -1278.0, 1060.4, 65.6, 0, 0, 0
L -1450.0, 1005.5, 97.1, -1357.0, 1031.5, 81.7, 0, 0, 0
L -1497.0, 1009.3, 112.2, -1450.0, 1005.5, 97.1, 0, 0, 0
L -1685.0, 1028.0, 102.8, -1497.0, 1009.3, 112.2, 0, 0, 0
L -1720.5, 1068.7, 101.5, -1685.0, 1028.0, 102.8, 0, 0, 0
L -1783.4, 1087.0, 61.2, -1720.6, 1068.8, 101.5, 0, 0, 0
L -1804.4, 1122.4, 62.6, -1783.6, 1087.0, 61.2, 0, 0, 0
L -1854.2, 1098.2, 47.2, -1804.5, 1122.5, 62.6, 0, 0, 0
L -1932.7, 1047.9, 48.0, -1854.2, 1098.2, 47.2, 0, 0, 0
L -2223.2, 1035.7, 41.2, -1932.7, 1047.9, 48.0, 0, 0, 0
L -2279.2, 1049.1, 42.8, -2223.2, 1035.7, 41.2, 0, 0, 0
L -2641.2, 1163.5, 13.4, -2279.2, 1049.1, 42.8, 0, 0, 0
L -2672.0, 1174.6, 1.5, -2641.2, 1163.5, 13.4, 0, 0, 0
L -2692.8, 1170.5, 1.5, -2672.0, 1174.6, 1.5, 0, 0, 0
L -2689.8, 1274.5, 11.1, -2692.8, 1170.5, 1.5, 0, 0, 0
L -2726.5, 1177.0, 1.2, -2730.0, 1276.6, 5.7, 0, 0, 0
L -2751.0, 1165.8, 1.8, -2726.5, 1177.0, 1.2, 0, 0, 0
L -2797.1, 1151.8, 10.9, -2751.0, 1165.8, 1.8, 0, 0, 0
L -2853.4, 1067.8, 8.6, -2797.1, 1151.8, 10.9, 0, 0, 0
L -2904.3, 838.8, 22.3, -2853.4, 1067.8, 8.6, 0, 0, 0
L -2826.0, 532.9, 17.4, -2904.3, 838.8, 22.3, 0, 0, 0
L -2860.5, 465.5, 21.3, -2826.0, 532.9, 17.4, 0, 0, 0
L -2837.2, 360.7, 6.0, -2860.5, 465.5, 21.3, 0, 0, 0
L -2904.5, 246.0, 9.4, -2837.2, 360.7, 6.0, 0, 0, 0
L -2824.5, -29.5, 37.4, -2904.5, 246.0, 9.4, 0, 0, 0
L -2856.0, -154.6, 26.5, -2824.5, -29.5, 37.4, 0, 0, 0
L -2900.7, -207.2, 55.9, -2856.0, -154.6, 26.5, 0, 0, 0
L -2769.5, -328.6, 29.4, -2900.7, -207.2, 55.9, 0, 0, 0
L -2779.1, -438.6, 26.5, -2769.5, -328.6, 29.4, 0, 0, 0
L -2844.9, -540.5, 33.7, -2779.1, -438.6, 26.5, 0, 0, 0
L -2946.4, -522.1, 51.2, -2844.9, -540.5, 33.7, 0, 0, 0
L -3098.6, -473.3, 66.8, -2946.4, -522.1, 51.2, 0, 0, 0
L -3041.4, -574.1, 62.9, -3132.0, -516.6, 59.2, 0, 0, 0
L -2918.5, -632.4, 46.3, -3041.4, -574.1, 62.9, 0, 0, 0
L -2908.3, -759.6, 28.5, -2918.5, -632.4, 46.3, 0, 0, 0
L -2818.2, -920.0, 25.3, -2908.3, -759.6, 28.5, 0, 0, 0
L -2801.5, -1094.3, 26.5, -2818.2, -920.0, 25.3, 0, 0, 0
L -2846.1, -1126.5, 69.8, -2801.5, -1094.3, 26.5, 0, 0, 0
L -2893.6, -1261.6, 42.2, -2846.1, -1126.5, 69.8, 0, 0, 0
L -2897.9, -1327.8, 57.8, -2893.6, -1261.6, 42.2, 0, 0, 0
L -2852.2, -1378.8, 43.7, -2897.9, -1327.8, 57.8, 0, 0, 0
L -2748.3, -1389.4, 35.0, -2852.2, -1378.8, 43.7, 0, 0, 0
L -2678.0, -1389.1, 31.9, -2748.3, -1389.4, 35.0, 0, 0, 0
L -2568.8, -1386.9, 33.7, -2678.0, -1389.1, 31.9, 0, 0, 0
L -2528.7, -1394.6, 43.0, -2568.8, -1386.9, 33.7, 0, 0, 0
L -2451.4, -1385.4, 50.3, -2528.7, -1394.6, 43.0, 0, 0, 0
L -2385.4, -1355.5, 37.8, -2451.4, -1385.4, 50.3, 0, 0, 0
L -2325.4, -1324.8, 19.9, -2385.4, -1355.5, 37.8, 0, 0, 0
L -2282.4, -1300.7, 8.7, -2325.4, -1324.8, 19.9, 0, 0, 0
L -2256.5, -1322.0, 15.5, -2282.4, -1300.7, 8.7, 0, 0, 0
L -2218.7, -1333.6, 6.5, -2256.5, -1322.0, 15.5, 0, 0, 0
L -2173.5, -1327.3, -9.7, -2218.7, -1333.6, 6.5, 0, 0, 0
L -2171.3, -1402.6, -32.2, -2173.5, -1327.3, -9.7, 0, 0, 0
L -2176.6, -1547.5, -20.8, -2171.3, -1402.6, -32.2, 0, 0, 0
L -2161.0, -1576.8, -20.7, -2176.6, -1547.5, -20.8, 0, 0, 0
L -2021.4, -1577.5, -19.9, -2161.0, -1576.8, -20.7, 0, 0, 0
L -1928.8, -1561.6, 19.9, -2021.4, -1577.5, -19.9, 0, 0, 0
L -1910.1, -1529.3, 11.2, -1928.8, -1561.6, 19.9, 0, 0, 0
L -1873.5, -1414.7, -15.8, -1910.1, -1529.3, 11.2, 0, 0, 0
L -1835.3, -1386.5, -10.1, -1873.5, -1414.7, -15.8, 0, 0, 0
L -1786.4, -1397.7, 6.3, -1835.3, -1386.5, -10.1, 0, 0, 0
L -1728.7, -1439.8, 19.1, -1786.4, -1397.7, 6.3, 0, 0, 0
L -1699.5, -1438.7, 23.2, -1728.7, -1439.8, 19.1, 0, 0, 0
L -1618.0, -1370.6, 7.9, -1699.5, -1438.7, 23.2, 0, 0, 0
L -1495.3, -1350.6, 6.9, -1618.0, -1370.6, 7.9, 0, 0, 0
L -3098.6, -473.3, 66.2, -3179.0, -421.3, 75.4, 0, 0, 0
L -3201.2, -478.7, 80.0, -3132.0, -516.6, 59.2, 0, 0, 0
L -1583.3, -1041.7, -30.7, -1569.3, -1024.1, -30.6, 0, 0, 255
L -1569.3, -1024.1, -30.6, -1548.6, -1009.8, -30.6, 0, 0, 255
L -1548.6, -1009.8, -30.6, -1536.0, -1009.3, -30.5, 0, 0, 255
L -1536.0, -1009.3, -30.5, -1501.6, -995.8, -30.5, 0, 0, 255
L -1501.6, -995.8, -30.5, -1477.2, -955.3, -30.5, 0, 0, 255
L -1477.2, -955.3, -30.5, -1445.6, -923.3, -30.5, 0, 0, 255
L -1445.6, -923.3, -30.5, -1443.1, -911.3, -30.3, 0, 0, 255
L -1443.1, -911.3, -30.3, -1357.7, -846.9, -30.5, 0, 0, 255
L -1357.7, -846.9, -30.5, -1309.6, -774.5, -30.3, 0, 0, 255
L -1309.6, -774.5, -30.3, -1289.4, -753.2, -30.4, 0, 0, 255
L -1289.4, -753.2, -30.4, -1282.2, -734.2, -30.7, 0, 0, 255
L -1282.2, -734.2, -30.7, -1254.1, -703.3, -30.4, 0, 0, 255
L -1254.1, -703.3, -30.4, -1204.6, -674.0, -30.3, 0, 0, 255
L -1204.6, -674.0, -30.3, -1151.7, -636.2, -30.3, 0, 0, 255
L -1151.7, -636.2, -30.3, -1139.7, -599.4, -29.7, 0, 0, 255
L -1139.7, -599.4, -29.7, -1138.2, -592.0, -32.0, 0, 0, 255
L -1138.2, -592.0, -32.0, -1121.8, -587.4, -30.3, 0, 0, 255
L -1121.8, -587.4, -30.3, -1097.2, -583.4, -30.5, 0, 0, 255
L -1097.2, -583.4, -30.5, -1074.6, -591.3, -30.5, 0, 0, 255
L -1074.6, -591.3, -30.5, -1057.1, -572.5, -30.6, 0, 0, 255
L -1057.1, -572.5, -30.6, -1020.6, -513.2, -30.6, 0, 0, 255
L -1020.6, -513.2, -30.6, -989.8, -484.7, -30.5, 0, 0, 255
L -989.8, -484.7, -30.5, -928.3, -450.5, -30.7, 0, 0, 255
L -928.3, -450.5, -30.7, -891.5, -388.6, -30.4, 0, 0, 255
L -891.5, -388.6, -30.4, -853.1, -351.8, -30.6, 0, 0, 255
L -853.1, -351.8, -30.6, -802.7, -318.7, -30.5, 0, 0, 255
L -802.7, -318.7, -30.5, -772.6, -258.9, -30.4, 0, 0, 255
L -772.6, -258.9, -30.4, -744.5, -225.2, -30.7, 0, 0, 255
L -744.5, -225.2, -30.7, -574.5, -110.8, -30.5, 0, 0, 255
L -574.5, -110.8, -30.5, -534.4, -68.0, -30.5, 0, 0, 255
L -534.4, -68.0, -30.5, -390.2, 32.6, -30.5, 0, 0, 255
L -390.2, 32.6, -30.5, -369.7, 109.8, -30.4, 0, 0, 255
L -369.7, 109.8, -30.4, -323.7, 129.1, -30.6, 0, 0, 255
L -323.7, 129.1, -30.6, -308.3, 146.9, -30.5, 0, 0, 255
L -308.3, 146.9, -30.5, -304.6, 163.0, -30.6, 0, 0, 255
L -304.6, 163.0, -30.6, -284.4, 190.4, -30.6, 0, 0, 255
L -284.0, 190.6, -30.6, -195.0, 255.2, -30.5, 0, 0, 255
L -195.0, 255.2, -30.5, -143.2, 316.5, -29.3, 0, 0, 255
L -143.2, 316.5, -29.3, -64.7, 383.5, -30.4, 0, 0, 255
L -64.7, 383.5, -30.4, -34.4, 432.8, -30.6, 0, 0, 255
L -34.4, 432.8, -30.6, -5.4, 453.5, -30.6, 0, 0, 255
L -5.4, 453.5, -30.6, -6.9, 495.6, -30.4, 0, 0, 255
L -6.9, 495.6, -30.4, 32.8, 539.5, -30.4, 0, 0, 255
L 32.8, 539.5, -30.4, 56.6, 549.5, -30.4, 0, 0, 255
L 56.6, 549.5, -30.4, 91.2, 550.0, -30.5, 0, 0, 255
L 91.2, 550.0, -30.5, 148.8, 591.0, -30.7, 0, 0, 255
L 148.8, 591.0, -30.7, 164.6, 621.4, -30.5, 0, 0, 255
L 164.6, 621.4, -30.5, 224.1, 676.6, -30.1, 0, 0, 255
L 224.1, 676.6, -30.1, 284.9, 745.4, -32.3, 0, 0, 255
L 284.9, 745.4, -32.3, 379.0, 795.9, -29.3, 0, 0, 255
L 379.0, 795.9, -29.3, 416.2, 858.0, -28.8, 0, 0, 255
L 416.2, 858.0, -28.8, 451.2, 885.8, -29.6, 0, 0, 255
L 451.2, 885.8, -29.6, 520.6, 916.2, -30.2, 0, 0, 255
L 520.6, 916.2, -30.2, 559.4, 961.6, -28.7, 0, 0, 255
L 559.4, 961.6, -28.7, 670.3, 1049.6, -30.2, 0, 0, 255
L 670.3, 1049.6, -30.2, 684.2, 1130.5, -30.6, 0, 0, 255
L 684.2, 1130.5, -30.6, 812.6, 1281.6, -30.6, 0, 0, 255
L 812.6, 1281.6, -30.6, 814.5, 1379.2, -29.8, 0, 0, 255
L 814.5, 1379.2, -29.8, 831.4, 1408.3, -29.8, 0, 0, 255
L 831.4, 1408.3, -29.5, 881.6, 1476.4, -30.2, 0, 0, 255
L 881.6, 1476.4, -30.2, 930.3, 1506.0, -30.3, 0, 0, 255
L 930.3, 1506.0, -30.3, 952.8, 1542.3, -30.1, 0, 0, 255
L 952.8, 1542.3, -30.1, 986.9, 1569.1, -30.7, 0, 0, 255
L 986.9, 1569.1, -30.7, 1043.0, 1580.5, -30.6, 0, 0, 255
L 1043.0, 1580.5, -30.6, 1071.4, 1620.5, -30.2, 0, 0, 255
L 1071.4, 1620.5, -30.2, 1145.2, 1638.9, -30.7, 0, 0, 255
L 1145.2, 1638.9, -30.7, 1201.0, 1665.1, -27.6, 0, 0, 255
L 1201.0, 1665.1, -27.6, 1264.5, 1688.7, -29.9, 0, 0, 255
L 1264.5, 1688.7, -29.9, 1300.3, 1692.6, -31.1, 0, 0, 255
L 1300.4, 1692.8, -31.1, 1340.8, 1795.0, -45.0, 0, 0, 255
L 1340.8, 1795.0, -45.0, 1283.8, 1824.9, -31.2, 0, 0, 255
L 1224.8, 1782.6, -29.4, 1276.9, 1799.9, -32.5, 0, 0, 255
L 1283.8, 1824.9, -30.5, 1166.5, 1886.4, 2.1, 0, 0, 0
L 1166.5, 1886.4, 2.1, 974.2, 1802.6, 9.0, 0, 0, 0
L 974.2, 1802.6, 9.0, 751.2, 1648.4, 2.2, 0, 0, 0
L 751.2, 1648.4, 2.2, 674.4, 1556.3, 4.4, 0, 0, 0
L 674.4, 1556.3, 4.4, 485.1, 1138.0, -31.5, 0, 0, 0
L 655.4, 1318.0, -28.4, 702.5, 1406.2, -29.4, 0, 0, 255
L 702.5, 1406.2, -29.4, 763.4, 1468.7, -30.2, 0, 0, 255
L 763.7, 1469.1, -30.2, 820.4, 1546.6, -29.5, 0, 0, 255
L 824.3, 1548.4, -30.1, 930.3, 1608.6, -30.9, 0, 0, 255
L 930.3, 1608.6, -30.9, 1023.8, 1726.6, -30.5, 0, 0, 255
L 1023.8, 1726.6, -30.5, 1056.3, 1743.0, -32.0, 0, 0, 255
L 1056.5, 1743.0, -32.0, 1108.7, 1749.2, -30.2, 0, 0, 255
L 1108.7, 1749.2, -30.2, 1224.8, 1782.6, -29.3, 0, 0, 255
L 1276.9, 1799.9, -29.3, 1308.6, 1811.9, -31.1, 0, 0, 255
L 1300.4, 1692.8, -31.2, 1259.6, 1600.3, -9.1, 0, 0, 0
L 1259.6, 1600.3, -9.1, 1018.2, 1494.9, 9.5, 0, 0, 0
L 1018.2, 1494.9, 9.5, 926.7, 1329.7, 20.0, 0, 0, 0
L 926.7, 1329.7, 20.0, 918.9, 1238.2, 14.6, 0, 0, 0
L 918.9, 1238.2, 14.6, 966.9, 1162.9, 13.2, 0, 0, 0
L 474.0, 1141.7, -31.0, 433.2, 1089.9, -32.4, 0, 0, 255
L 433.2, 1089.9, -32.4, 351.4, 1007.0, -31.7, 0, 0, 255
L 351.4, 1007.0, -31.7, 162.0, 828.0, -31.0, 0, 0, 255
L 655.4, 1318.0, -31.9, 474.0, 1141.7, -30.1, 0, 0, 255
L 485.1, 1138.0, -32.3, 253.6, 1162.7, -14.5, 0, 0, 0
L 252.9, 1162.5, -14.5, 86.4, 1137.9, -14.5, 0, 0, 0
L 85.4, 1137.9, -14.5, 24.9, 1137.9, -14.5, 0, 0, 0
L 24.9, 1137.9, -14.5, 26.1, 972.4, -10.3, 0, 0, 0
L -160.0, 964.5, -12.8, -159.2, 1137.9, -14.5, 0, 0, 0
L -159.2, 1137.9, -14.5, -202.4, 1137.9, -14.5, 0, 0, 0
L -202.4, 1137.9, -14.5, -366.2, 1162.8, -14.5, 0, 0, 0
L -366.2, 1162.8, -14.5, -608.6, 1137.7, -6.9, 0, 0, 0
L -608.6, 1137.7, -6.9, -637.2, 1402.5, -6.9, 0, 0, 0
L -637.2, 1402.5, -6.9, -745.5, 1405.7, -32.8, 0, 0, 0
L -821.3, -1445.0, 20.8, -802.1, -1439.3, 25.9, 0, 0, 0
L -802.1, -1439.3, 25.9, -789.7, -1443.1, 23.0, 0, 0, 0
L -782.2, -1401.1, 20.0, -795.1, -1395.7, 24.1, 0, 0, 0
L -1106.7, -1364.6, 18.5, -1281.2, -1304.5, 22.8, 0, 0, 0
L -1281.2, -1304.5, 22.8, -1330.9, -1313.3, 20.3, 0, 0, 0
L -1330.9, -1313.3, 20.1, -1409.3, -1311.8, 17.3, 0, 0, 0
L -1409.3, -1311.8, 17.0, -1485.0, -1329.7, 15.1, 0, 0, 0
L -1485.0, -1329.7, 14.9, -1495.3, -1350.6, 14.4, 0, 0, 0
L -1934.6, -1562.6, -4.2, -1946.3, -1490.1, -20.8, 0, 0, 255
L -1946.3, -1490.1, -20.8, -1918.1, -1425.8, -27.4, 0, 0, 255
L -1918.1, -1425.8, -27.4, -1894.7, -1399.9, -29.1, 0, 0, 255
L -1894.7, -1399.9, -28.8, -1888.9, -1375.7, -28.6, 0, 0, 255
L -1888.9, -1375.7, -28.6, -1890.0, -1345.8, -28.6, 0, 0, 255
L -1890.0, -1345.8, -28.6, -1839.1, -1293.7, -28.7, 0, 0, 255
L -1839.1, -1293.7, -30.3, -1824.2, -1290.7, -30.4, 0, 0, 255
L -1824.2, -1290.7, -30.4, -1785.1, -1273.3, -30.2, 0, 0, 255
L -1785.1, -1273.3, -30.2, -1760.9, -1270.9, -30.2, 0, 0, 255
L -1760.9, -1270.9, -30.2, -1726.3, -1247.0, -30.3, 0, 0, 255
L -1726.3, -1247.0, -30.3, -1701.9, -1242.7, -30.2, 0, 0, 255
L -1701.9, -1242.7, -30.2, -1695.0, -1233.0, -30.2, 0, 0, 255
L -1695.0, -1233.0, -30.2, -1664.5, -1204.6, -30.3, 0, 0, 255
L -1664.5, -1204.6, -30.3, -1654.5, -1184.0, -30.3, 0, 0, 255
L -1654.5, -1184.0, -30.3, -1643.8, -1172.2, -30.3, 0, 0, 255
L -1643.8, -1172.2, -30.3, -1605.9, -1111.8, -30.3, 0, 0, 255
L -1605.9, -1111.8, -30.3, -1583.3, -1041.7, -30.2, 0, 0, 255
L -2171.6, -1391.7, -28.2, -2161.0, -1357.7, -29.9, 0, 0, 255
L -2161.0, -1357.7, -29.9, -2094.1, -1335.2, -30.4, 0, 0, 255
L -2094.1, -1335.2, -30.4, -2074.2, -1320.6, -30.0, 0, 0, 255
L -2074.2, -1320.6, -30.0, -2053.0, -1312.1, -30.0, 0, 0, 255
L -2053.0, -1312.1, -30.0, -2031.2, -1298.3, -29.7, 0, 0, 255
L -2031.2, -1298.3, -29.7, -1997.0, -1265.9, -30.2, 0, 0, 255
L -1997.0, -1265.9, -30.2, -1952.8, -1234.3, -31.0, 0, 0, 255
L -1952.8, -1234.3, -31.0, -1918.4, -1181.6, -30.0, 0, 0, 255
L -1918.4, -1181.6, -30.0, -1905.4, -1173.8, -30.2, 0, 0, 255
L -1905.4, -1173.8, -30.2, -1865.6, -1170.6, -30.3, 0, 0, 255
L -1865.6, -1170.6, -30.3, -1820.1, -1125.6, -30.2, 0, 0, 255
L -1820.1, -1125.6, -30.2, -1808.7, -1087.8, -30.2, 0, 0, 255
L -1808.7, -1087.8, -30.2, -1761.0, -1056.8, -30.3, 0, 0, 255
L -1761.0, -1056.8, -30.3, -1728.3, -1042.5, -30.3, 0, 0, 255
L -1728.3, -1042.5, -30.3, -1713.9, -993.8, -30.3, 0, 0, 255
L -1713.9, -993.8, -30.3, -1676.1, -915.0, -30.6, 0, 0, 255
L -1676.1, -915.0, -30.6, -1608.5, -833.8, -30.3, 0, 0, 255
L -1608.5, -833.8, -30.3, -1532.2, -741.0, -30.9, 0, 0, 255
L -1532.2, -741.0, -30.9, -1422.8, -694.5, -30.1, 0, 0, 255
L -1422.8, -694.5, -30.1, -1391.9, -672.5, -30.0, 0, 0, 255
L -1391.9, -672.5, -30.0, -1318.4, -591.8, -29.7, 0, 0, 255
L -1318.4, -591.8, -29.7, -1207.5, -489.2, -30.2, 0, 0, 255
L -1207.5, -489.2, -30.2, -1182.0, -477.6, -30.1, 0, 0, 255
L -1182.0, -477.6, -30.1, -1163.1, -463.3, -30.2, 0, 0, 255
L -1163.1, -463.3, -30.2, -1137.6, -446.1, -29.7, 0, 0, 255
L -1137.6, -446.1, -29.7, -1118.4, -420.2, -29.8, 0, 0, 255
L -1118.4, -420.2, -29.8, -1060.1, -382.9, -30.2, 0, 0, 255
L -1060.1, -382.9, -30.2, -1009.0, -336.4, -29.5, 0, 0, 255
L -1009.0, -336.4, -29.5, -1001.6, -312.9, -29.7, 0, 0, 255
L -1001.6, -312.9, -29.7, -970.2, -285.7, -29.6, 0, 0, 255
L -970.2, -285.7, -29.6, -883.7, -160.9, -30.2, 0, 0, 255
L -883.7, -160.9, -30.2, -799.1, -57.8, -30.4, 0, 0, 255
L -799.1, -57.8, -30.4, -770.5, 2.1, -30.2, 0, 0, 255
L -770.5, 2.1, -30.2, -758.8, 56.0, -30.2, 0, 0, 255
L -758.8, 56.0, -30.2, -701.3, 127.9, -30.4, 0, 0, 255
L -701.3, 127.9, -30.4, -688.5, 160.8, -30.1, 0, 0, 255
L -688.5, 160.8, -30.1, -689.8, 184.9, -30.1, 0, 0, 255
L -689.8, 184.9, -30.1, -712.5, 246.9, -30.2, 0, 0, 255
L -712.5, 246.9, -30.2, -714.4, 297.9, -30.0, 0, 0, 255
L -714.4, 297.9, -30.0, -722.6, 365.6, -30.3, 0, 0, 255
L -722.6, 365.6, -30.3, -715.1, 409.7, -29.9, 0, 0, 255
L -715.1, 409.7, -29.9, -714.0, 439.8, -30.2, 0, 0, 255
L -714.0, 439.8, -30.2, -719.4, 479.6, -30.1, 0, 0, 255
L -719.4, 479.6, -30.1, -718.0, 536.3, -30.3, 0, 0, 255
L -718.0, 536.3, -30.3, -713.8, 570.0, -30.5, 0, 0, 255
L -713.8, 570.0, -30.5, -711.8, 645.6, -30.1, 0, 0, 255
L -711.8, 645.6, -30.1, -704.2, 672.6, -30.4, 0, 0, 255
L -704.2, 672.6, -30.4, -703.2, 710.6, -30.3, 0, 0, 255
L -703.2, 710.6, -30.3, -717.3, 777.1, -30.3, 0, 0, 255
L -717.3, 777.1, -30.3, -748.0, 859.9, -30.1, 0, 0, 255
L -748.0, 859.9, -30.1, -741.4, 895.1, -30.3, 0, 0, 255
L -741.4, 895.1, -30.3, -741.4, 926.1, -30.2, 0, 0, 255
L -741.4, 926.1, -30.2, -747.0, 958.5, -30.2, 0, 0, 255
L -747.0, 958.5, -30.2, -752.9, 975.6, -30.2, 0, 0, 255
L -752.9, 975.6, -30.2, -753.5, 1009.2, -30.0, 0, 0, 255
L -753.5, 1009.2, -30.0, -755.8, 1024.8, -30.0, 0, 0, 255
L -755.8, 1024.8, -30.0, -750.2, 1037.9, -30.3, 0, 0, 255
L -750.2, 1037.9, -30.3, -751.0, 1149.3, -30.6, 0, 0, 255
L -751.0, 1149.3, -30.6, -762.0, 1185.7, -30.1, 0, 0, 255
L -762.0, 1185.7, -30.1, -764.3, 1222.1, -30.1, 0, 0, 255
L -764.3, 1222.1, -30.1, -776.0, 1295.3, -29.7, 0, 0, 255
L -776.0, 1295.3, -29.7, -783.1, 1343.7, -30.4, 0, 0, 255
L -706.6, 1339.2, -28.4, -694.6, 1303.1, -30.4, 0, 0, 255
L -694.6, 1303.1, -30.4, -700.6, 1279.7, -29.8, 0, 0, 255
L -700.6, 1279.7, -29.8, -681.2, 1238.0, -30.2, 0, 0, 255
L -681.2, 1238.0, -30.2, -680.3, 1216.4, -29.3, 0, 0, 255
L -680.3, 1216.4, -29.3, -674.0, 1162.8, -29.4, 0, 0, 255
L -674.0, 1162.8, -29.4, -651.7, 1113.4, -29.2, 0, 0, 255
L -651.7, 1113.4, -29.2, -593.8, 1062.3, -30.0, 0, 0, 255
L -593.8, 1062.3, -30.0, -578.2, 1052.8, -30.4, 0, 0, 255
L -578.2, 1052.8, -30.4, -579.0, 963.4, -30.1, 0, 0, 255
L -579.0, 963.4, -30.1, -573.2, 929.6, -30.0, 0, 0, 255
L -573.2, 929.6, -30.0, -566.3, 896.2, -30.3, 0, 0, 255
L -566.3, 896.2, -30.3, -576.6, 871.7, -30.5, 0, 0, 255
L -576.6, 871.7, -30.5, -577.4, 829.5, -29.6, 0, 0, 255
L -577.4, 829.5, -29.6, -564.6, 813.1, -30.2, 0, 0, 255
L -564.6, 813.1, -30.2, -561.0, 736.4, -29.9, 0, 0, 255
L -561.0, 736.4, -29.9, -555.7, 704.9, -29.7, 0, 0, 255
L -555.7, 704.9, -29.7, -548.2, 696.5, -29.8, 0, 0, 255
L -547.9, 695.3, -29.7, -537.5, 634.4, -30.7, 0, 0, 255
L -537.5, 634.4, -30.7, -539.8, 619.7, -29.8, 0, 0, 255
L -539.8, 619.7, -29.6, -545.4, 579.1, -30.2, 0, 0, 255
L -545.4, 579.1, -30.2, -544.1, 543.8, -30.3, 0, 0, 255
L -544.1, 543.8, -30.3, -534.4, 466.6, -30.0, 0, 0, 255
L -534.4, 466.6, -30.0, -538.7, 403.9, -29.9, 0, 0, 255
L -538.7, 403.9, -29.9, -535.6, 391.4, -31.2, 0, 0, 255
L -535.6, 391.4, -31.2, -550.8, 327.0, -26.1, 0, 0, 255
L -550.8, 327.0, -26.1, -554.5, 243.2, -26.4, 0, 0, 255
L -554.5, 243.2, -26.4, -539.7, 199.8, -30.7, 0, 0, 255
L -539.7, 199.8, -30.7, -520.8, 200.4, -29.7, 0, 0, 255
L -520.8, 200.4, -29.7, -475.4, 197.2, -29.5, 0, 0, 255
L -475.4, 197.2, -29.5, -450.6, 203.9, -30.0, 0, 0, 255
L -450.1, 204.4, -30.0, -405.3, 240.0, -32.7, 0, 0, 255
L -405.3, 240.0, -32.7, -352.5, 287.6, -29.2, 0, 0, 255
L -352.5, 287.6, -29.2, -334.1, 306.9, -30.1, 0, 0, 255
L -334.1, 306.9, -30.1, -288.6, 367.9, -29.5, 0, 0, 255
L -288.5, 368.1, -29.5, -263.3, 404.7, -30.7, 0, 0, 255
L -263.3, 404.7, -30.7, -223.8, 447.1, -30.2, 0, 0, 255
L -223.8, 447.1, -30.2, -202.6, 473.1, -29.4, 0, 0, 255
L -202.6, 473.1, -29.4, -171.2, 495.2, -30.0, 0, 0, 255
L -171.2, 495.2, -30.0, -127.8, 538.8, -30.4, 0, 0, 255
L -127.8, 538.8, -30.4, -81.8, 579.1, -30.1, 0, 0, 255
L -81.8, 579.1, -30.1, -49.4, 617.2, -31.3, 0, 0, 255
L -49.4, 617.2, -31.3, -29.7, 632.8, -30.3, 0, 0, 255
L -29.7, 632.8, -30.3, -4.2, 660.3, -30.3, 0, 0, 255
L -4.2, 660.3, -30.3, 8.2, 681.7, -29.2, 0, 0, 255
L 8.2, 681.7, -29.2, 11.9, 702.3, -30.1, 0, 0, 255
L 11.9, 702.3, -30.1, 20.3, 715.9, -30.1, 0, 0, 255
L 20.3, 715.9, -30.1, 40.0, 724.8, -30.6, 0, 0, 255
L 40.0, 724.8, -30.6, 49.3, 726.7, -30.5, 0, 0, 255
L 49.3, 726.7, -30.5, 61.7, 742.5, -30.6, 0, 0, 255
L 62.2, 742.9, -30.5, 116.5, 791.0, -30.9, 0, 0, 255
L 116.7, 791.2, -30.9, 146.7, 821.9, -31.3, 0, 0, 255
L 146.7, 821.9, -31.3, 162.0, 828.0, -30.4, 0, 0, 255
L -75.2, 1211.5, 44.2, -20.3, 1211.7, 43.1, 0, 0, 0
L -261.9, 614.4, 39.2, -254.8, 614.0, 38.7, 0, 0, 0
L -261.9, 614.3, 39.2, -261.9, 653.6, 38.8, 0, 0, 0
L -261.9, 653.6, 38.8, -364.0, 653.6, 39.3, 0, 0, 0
L -364.0, 653.6, 39.3, -364.2, 552.8, 36.0, 0, 0, 0
L -364.2, 552.8, 36.0, -261.9, 553.0, 38.0, 0, 0, 0
L -261.9, 553.0, 38.0, -261.9, 591.7, 39.3, 0, 0, 0
L -261.9, 591.7, 39.3, -254.7, 592.3, 38.9, 0, 0, 0
L -2689.3, 1276.8, 12.2, -2704.7, 1315.5, 10.2, 0, 0, 0
L -2704.7, 1315.5, 10.2, -2758.7, 1322.8, 10.1, 0, 0, 0
L -2758.7, 1322.8, 10.1, -2758.0, 1327.5, 10.2, 0, 0, 0
L -2758.0, 1327.5, 10.2, -2738.9, 1332.6, 10.2, 0, 0, 0
L -2738.9, 1332.6, 10.2, -2736.4, 1346.7, 10.2, 0, 0, 0
L -2736.4, 1346.7, 10.2, -2753.3, 1346.7, 10.2, 0, 0, 0
L -2753.3, 1346.7, 10.2, -2753.6, 1342.0, 10.2, 0, 0, 0
L -2753.6, 1342.0, 10.2, -2763.0, 1341.2, 10.1, 0, 0, 0
L -2763.0, 1341.2, 10.1, -2774.7, 1328.8, 10.1, 0, 0, 0
L -2774.7, 1328.8, 10.1, -2764.3, 1310.6, 10.1, 0, 0, 0
L -2764.3, 1310.6, 10.1, -2787.8, 1310.0, 10.0, 0, 0, 0
L -2787.8, 1310.0, 10.0, -2785.8, 1322.3, 6.4, 0, 0, 0
L -2775.7, 1323.8, -3.7, -2786.0, 1330.6, 9.4, 0, 0, 0
L -2786.0, 1330.6, 9.4, -2787.3, 1353.5, -6.5, 0, 0, 0
L -2787.3, 1353.5, -6.5, -2773.4, 1354.6, -10.7, 0, 0, 0
L -2774.3, 1353.8, -10.7, -2768.6, 1360.8, -10.7, 0, 0, 0
L -2768.6, 1360.8, -10.7, -2765.4, 1376.4, -10.7, 0, 0, 0
L -2730.5, 1275.1, 5.6, -2718.4, 1301.4, 10.1, 0, 0, 0
L -2718.4, 1301.4, 10.1, -2787.6, 1297.1, 10.2, 0, 0, 0
L -2787.6, 1297.1, 10.2, -2795.5, 1300.6, 10.1, 0, 0, 0
L -2795.5, 1300.6, 10.1, -2802.9, 1314.1, 10.2, 0, 0, 0
L -2802.9, 1314.1, 10.2, -2804.3, 1354.2, 3.6, 0, 0, 0
L -2804.3, 1354.2, 3.6, -2793.8, 1368.1, -7.6, 0, 0, 0
L -2793.8, 1368.1, -7.6, -2782.4, 1368.7, -10.7, 0, 0, 0
L -2782.4, 1368.7, -10.7, -2779.1, 1376.0, -10.6, 0, 0, 0
L -2782.5, 1315.2, -11.1, -2785.8, 1322.3, 6.6, 0, 0, 0
L -2779.1, 1376.0, -10.8, -2831.2, 1376.4, -13.8, 0, 0, 0
L -2831.2, 1376.4, -13.8, -2930.0, 1433.9, -7.2, 0, 0, 0
L -2930.0, 1433.9, -7.2, -2986.6, 1531.4, -2.0, 0, 0, 0
L -2986.6, 1531.4, -2.0, -2986.1, 1642.6, -13.6, 0, 0, 0
L -2986.1, 1642.6, -13.6, -2929.6, 1741.4, -13.8, 0, 0, 0
L -2929.6, 1741.4, -13.8, -2828.1, 1800.0, -3.2, 0, 0, 0
L -2828.1, 1800.0, -3.2, -2718.2, 1799.1, -13.8, 0, 0, 0
L -2718.2, 1799.1, -13.8, -2620.2, 1743.1, -5.0, 0, 0, 0
L -2620.2, 1743.1, -5.0, -2565.2, 1647.2, -13.5, 0, 0, 0
L -2565.2, 1647.2, -13.5, -2565.0, 1529.4, -8.4, 0, 0, 0
L -2565.8, 1528.2, -8.5, -2621.1, 1432.5, -13.7, 0, 0, 0
L -2622.5, 1431.7, -13.7, -2717.1, 1377.0, -8.9, 0, 0, 0
L -2717.1, 1377.0, -8.9, -2765.4, 1376.4, -10.6, 0, 0, 0
L -2760.7, 1573.9, -0.5, -2761.0, 1533.4, -13.8, 0, 0, 0
L -2787.4, 1571.8, -0.5, -2787.8, 1533.3, -13.8, 0, 0, 0
L -2787.4, 1571.8, -13.8, -2811.0, 1570.8, -13.8, 0, 0, 0
L -2811.0, 1570.8, -13.8, -2810.5, 1621.8, -13.8, 0, 0, 0
L -2810.5, 1621.8, -13.8, -2787.7, 1618.8, -13.8, 0, 0, 0
L -2787.7, 1618.8, -0.5, -2787.9, 1658.5, -13.8, 0, 0, 0
L -2760.5, 1617.4, -0.5, -2760.4, 1658.1, -13.7, 0, 0, 0
L -2760.5, 1617.4, -10.9, -2736.7, 1620.9, -13.8, 0, 0, 0
L -2736.7, 1620.9, -13.8, -2736.9, 1572.1, -13.8, 0, 0, 0
L -2736.9, 1572.1, -13.8, -2736.9, 1569.9, -13.8, 0, 0, 0
L -2736.9, 1569.9, -13.8, -2760.7, 1573.9, -12.0, 0, 0, 0
L -1272.5, -460.2, -18.8, -1084.1, -650.6, -20.4, 139, 69, 19
L -1122.7, -690.3, -16.8, -1311.0, -500.5, -19.1, 139, 69, 19
L -102.4, -1191.0, 49.2, -97.3, -1199.4, 49.2, 0, 0, 0
L -97.3, -1199.4, 49.2, -96.1, -1201.0, 49.2, 0, 0, 0
L -96.1, -1201.0, 49.2, -95.4, -1202.6, 49.2, 0, 0, 0
L -95.4, -1202.6, 49.2, -95.3, -1204.5, 49.2, 0, 0, 0
L -95.3, -1204.5, 49.2, -94.8, -1206.4, 49.2, 0, 0, 0
L -94.8, -1206.4, 49.2, -95.7, -1207.9, 49.2, 0, 0, 0
L -95.7, -1207.9, 49.2, -96.8, -1209.2, 49.2, 0, 0, 0
L -96.8, -1209.2, 49.2, -99.8, -1212.7, 49.2, 0, 0, 0
L -99.8, -1212.7, 49.2, -101.0, -1213.8, 49.2, 0, 0, 0
L -101.0, -1213.8, 49.2, -107.8, -1220.1, 49.2, 0, 0, 0
L -107.8, -1220.1, 49.2, -108.8, -1221.7, 49.2, 0, 0, 0
L -108.8, -1221.7, 49.2, -110.0, -1223.1, 49.2, 0, 0, 0
L -110.0, -1223.1, 49.2, -111.1, -1224.2, 49.2, 0, 0, 0
L -111.1, -1224.2, 49.2, -117.3, -1230.0, 49.2, 0, 0, 0
L -117.3, -1230.0, 49.2, -118.8, -1231.2, 49.2, 0, 0, 0
L -118.8, -1231.2, 49.2, -121.3, -1233.0, 49.2, 0, 0, 0
L -121.3, -1233.0, 49.2, -123.3, -1233.0, 49.2, 0, 0, 0
L -123.3, -1233.0, 49.2, -125.3, -1232.6, 49.2, 0, 0, 0
L -125.3, -1232.6, 49.2, -127.0, -1232.4, 49.2, 0, 0, 0
L -127.0, -1232.4, 49.2, -131.3, -1231.8, 49.2, 0, 0, 0
L -131.3, -1231.8, 49.2, -132.8, -1230.7, 49.2, 0, 0, 0
L -132.8, -1230.7, 49.2, -134.6, -1229.7, 49.2, 0, 0, 0
L -134.6, -1229.7, 49.2, -135.8, -1228.9, 49.2, 0, 0, 0
L -135.8, -1228.9, 49.2, -139.2, -1226.2, 49.2, 0, 0, 0
L -139.2, -1226.2, 49.2, -140.5, -1224.9, 49.2, 0, 0, 0
L -140.5, -1224.9, 49.2, -151.0, -1214.3, 49.2, 0, 0, 0
L -151.0, -1214.3, 49.2, -152.0, -1212.6, 49.2, 0, 0, 0
L -152.0, -1212.6, 49.2, -154.7, -1208.1, 49.2, 0, 0, 0
L -154.7, -1208.1, 49.2, -155.5, -1206.3, 49.2, 0, 0, 0
L -155.5, -1206.3, 49.2, -157.4, -1202.3, 49.2, 0, 0, 0
L -157.4, -1202.3, 49.2, -156.3, -1201.1, 49.2, 0, 0, 0
L -156.3, -1201.1, 49.2, -154.9, -1199.6, 49.2, 0, 0, 0
L -154.9, -1199.6, 49.2, -154.2, -1197.8, 49.2, 0, 0, 0
L -154.2, -1197.8, 49.2, -153.2, -1196.7, 49.2, 0, 0, 0
L -153.2, -1196.7, 49.2, -146.6, -1189.4, 49.2, 0, 0, 0
L -146.6, -1189.4, 49.2, -131.7, -1173.0, 49.2, 0, 0, 0
L -131.7, -1173.0, 49.2, -130.2, -1172.9, 49.2, 0, 0, 0
L -130.2, -1172.9, 49.2, -127.9, -1172.7, 49.2, 0, 0, 0
L -127.9, -1172.7, 49.2, -126.1, -1173.1, 49.2, 0, 0, 0
L -126.1, -1173.1, 49.2, -124.3, -1172.4, 49.2, 0, 0, 0
L -124.3, -1172.4, 49.2, -123.2, -1170.7, 49.2, 0, 0, 0
L -123.2, -1170.7, 49.2, -121.7, -1171.6, 49.2, 0, 0, 0
L -121.7, -1171.6, 49.2, -119.4, -1173.0, 49.2, 0, 0, 0
L -119.4, -1173.0, 49.2, -118.4, -1174.5, 49.2, 0, 0, 0
L -118.4, -1174.5, 49.2, -114.5, -1180.3, 49.2, 0, 0, 0
L 110.9, -1132.7, 49.2, 111.3, -1121.4, 49.2, 0, 0, 0
L 111.3, -1121.4, 49.2, 112.8, -1120.0, 49.2, 0, 0, 0
L 112.8, -1120.0, 49.2, 115.0, -1117.8, 49.2, 0, 0, 0
L 115.0, -1117.8, 49.2, 115.7, -1116.0, 49.2, 0, 0, 0
L 115.7, -1116.0, 49.2, 117.0, -1114.9, 49.2, 0, 0, 0
L 117.0, -1114.9, 49.2, 118.9, -1114.4, 49.2, 0, 0, 0
L 118.9, -1114.4, 49.2, 120.6, -1114.3, 49.2, 0, 0, 0
L 120.6, -1114.3, 49.2, 130.4, -1113.8, 49.2, 0, 0, 0
L 130.4, -1113.8, 49.2, 140.1, -1114.4, 49.2, 0, 0, 0
L 140.1, -1114.4, 49.2, 147.4, -1115.2, 49.2, 0, 0, 0
L 147.4, -1115.2, 49.2, 154.3, -1116.3, 49.2, 0, 0, 0
L 154.3, -1116.3, 49.2, 156.1, -1116.8, 49.2, 0, 0, 0
L 156.1, -1116.8, 49.2, 157.2, -1118.2, 49.2, 0, 0, 0
L 157.2, -1118.2, 49.2, 157.8, -1119.9, 49.2, 0, 0, 0
L 157.8, -1119.9, 49.2, 160.2, -1127.4, 49.2, 0, 0, 0
L 160.2, -1127.4, 49.2, 160.5, -1129.1, 49.2, 0, 0, 0
L 160.5, -1129.1, 49.2, 161.0, -1135.9, 49.2, 0, 0, 0
L 161.0, -1135.9, 49.2, 161.1, -1137.9, 49.2, 0, 0, 0
L 161.1, -1137.9, 49.2, 160.6, -1151.5, 49.2, 0, 0, 0
L 160.6, -1151.5, 49.2, 160.5, -1153.3, 49.2, 0, 0, 0
L 160.5, -1153.3, 49.2, 160.1, -1155.5, 49.2, 0, 0, 0
L 160.1, -1155.5, 49.2, 159.2, -1156.9, 49.2, 0, 0, 0
L 159.2, -1156.9, 49.2, 158.1, -1158.6, 49.2, 0, 0, 0
L 158.1, -1158.6, 49.2, 157.8, -1160.5, 49.3, 0, 0, 0
L 157.8, -1160.5, 49.3, 157.0, -1162.0, 49.2, 0, 0, 0
L 157.0, -1162.0, 49.2, 155.3, -1162.8, 49.2, 0, 0, 0
L 155.3, -1162.8, 49.2, 153.4, -1163.2, 49.2, 0, 0, 0
L 153.4, -1163.2, 49.2, 151.8, -1164.3, 49.2, 0, 0, 0
L 151.8, -1164.3, 49.2, 150.2, -1164.7, 49.2, 0, 0, 0
L 150.2, -1164.7, 49.2, 148.4, -1164.8, 49.2, 0, 0, 0
L 148.4, -1164.8, 49.2, 130.7, -1165.7, 49.2, 0, 0, 0
L 130.7, -1165.7, 49.2, 120.7, -1165.1, 49.2, 0, 0, 0
L 120.7, -1165.1, 49.2, 117.2, -1164.7, 49.2, 0, 0, 0
L 117.2, -1164.7, 49.2, 116.1, -1163.6, 49.2, 0, 0, 0
L 116.1, -1163.6, 49.2, 114.5, -1161.9, 49.2, 0, 0, 0
L 114.5, -1161.9, 49.2, 112.8, -1161.3, 49.2, 0, 0, 0
L 112.8, -1161.3, 49.2, 111.6, -1160.1, 49.2, 0, 0, 0
L 111.6, -1160.1, 49.2, 111.2, -1158.3, 49.2, 0, 0, 0
L 111.2, -1158.3, 49.2, 110.8, -1156.2, 49.2, 0, 0, 0
L 110.8, -1156.2, 49.2, 110.3, -1154.3, 49.2, 0, 0, 0
L 110.3, -1154.3, 49.2, 110.1, -1149.7, 49.2, 0, 0, 0
L -200.9, -1200.5, 49.2, -199.8, -1202.2, 49.2, 0, 0, 0
L -199.8, -1202.2, 49.2, -199.9, -1203.8, 49.2, 0, 0, 0
L -199.9, -1203.8, 49.2, -200.4, -1218.8, 49.2, 0, 0, 0
L -200.4, -1218.8, 49.2, -201.7, -1220.1, 49.2, 0, 0, 0
L -201.7, -1220.1, 49.2, -203.5, -1220.3, 49.2, 0, 0, 0
L -203.5, -1220.3, 49.2, -205.5, -1220.3, 49.2, 0, 0, 0
L -205.5, -1220.3, 49.2, -207.0, -1219.2, 49.2, 0, 0, 0
L -207.0, -1219.2, 49.2, -207.9, -1217.7, 49.2, 0, 0, 0
L -207.9, -1217.7, 49.2, -207.7, -1215.9, 49.2, 0, 0, 0
L -207.7, -1215.9, 49.2, -207.3, -1200.8, 49.2, 0, 0, 0
L -207.3, -1200.8, 49.2, -205.9, -1199.8, 49.2, 0, 0, 0
L -205.9, -1199.8, 49.2, -204.1, -1199.7, 49.2, 0, 0, 0
L -204.1, -1199.7, 49.2, -201.8, -1199.8, 49.2, 0, 0, 0
L -201.8, -1199.8, 49.2, -200.4, -1201.0, 49.2, 0, 0, 0
L -200.4, -1201.0, 49.2, -199.9, -1202.4, 49.2, 0, 0, 0
L -250.9, -1259.8, 49.2, -259.0, -1259.5, 49.2, 0, 0, 0
L -259.0, -1259.5, 49.2, -260.4, -1258.0, 49.2, 0, 0, 0
L -260.4, -1258.0, 49.2, -260.3, -1256.1, 49.2, 0, 0, 0
L -260.3, -1256.1, 49.2, -260.1, -1253.6, 49.2, 0, 0, 0
L -260.1, -1253.6, 49.2, -258.6, -1252.4, 49.2, 0, 0, 0
L -258.6, -1252.4, 49.2, -256.8, -1252.2, 49.2, 0, 0, 0
L -256.8, -1252.2, 49.2, -251.1, -1252.3, 49.2, 0, 0, 0
L -251.1, -1252.3, 49.2, -241.4, -1252.5, 49.2, 0, 0, 0
L -241.4, -1252.5, 49.2, -240.0, -1253.8, 49.2, 0, 0, 0
L -240.0, -1253.8, 49.2, -239.7, -1255.8, 49.2, 0, 0, 0
L -239.7, -1255.8, 49.2, -240.2, -1258.5, 49.2, 0, 0, 0
L -240.2, -1258.5, 49.2, -241.5, -1259.7, 49.2, 0, 0, 0
L -241.5, -1259.7, 49.2, -243.4, -1259.9, 49.2, 0, 0, 0
L -243.4, -1259.9, 49.2, -253.0, -1259.8, 49.2, 0, 0, 0
L -253.0, -1259.8, 49.2, -255.9, -1259.8, 49.2, 0, 0, 0
L -299.8, -1212.3, 49.2, -299.4, -1200.8, 49.2, 0, 0, 0
L -299.4, -1200.8, 49.2, -297.9, -1199.7, 49.2, 0, 0, 0
L -297.9, -1199.7, 49.2, -296.2, -1199.5, 49.2, 0, 0, 0
L -296.2, -1199.5, 49.2, -294.2, -1199.7, 49.2, 0, 0, 0
L -294.2, -1199.7, 49.2, -292.9, -1200.9, 49.2, 0, 0, 0
L -292.9, -1200.9, 49.2, -292.3, -1202.5, 49.2, 0, 0, 0
L -292.3, -1202.5, 49.2, -292.3, -1204.3, 49.2, 0, 0, 0
L -292.3, -1204.3, 49.2, -292.7, -1218.9, 49.2, 0, 0, 0
L -292.7, -1218.9, 49.2, -294.0, -1220.2, 49.2, 0, 0, 0
L -294.0, -1220.2, 49.2, -295.9, -1220.3, 49.2, 0, 0, 0
L -295.9, -1220.3, 49.2, -298.5, -1220.1, 49.2, 0, 0, 0
L -298.5, -1220.1, 49.2, -299.8, -1218.6, 49.2, 0, 0, 0
L -299.8, -1218.6, 49.2, -299.9, -1216.8, 49.2, 0, 0, 0
L -299.9, -1216.8, 49.2, -299.8, -1209.8, 49.2, 0, 0, 0
L -259.9, -1192.6, 49.2, -241.3, -1192.2, 49.2, 0, 0, 0
L -241.3, -1192.2, 49.2, -240.0, -1193.4, 49.2, 0, 0, 0
L -240.0, -1193.4, 49.2, -239.2, -1194.7, 49.2, 0, 0, 0
L -239.2, -1194.7, 49.2, -230.2, -1210.0, 49.2, 0, 0, 0
L -230.2, -1210.0, 49.2, -235.0, -1218.3, 49.2, 0, 0, 0
L -235.0, -1218.3, 49.2, -239.7, -1226.2, 49.2, 0, 0, 0
L -239.7, -1226.2, 49.2, -241.6, -1226.3, 51.2, 0, 0, 0
L -241.6, -1226.3, 51.2, -257.5, -1227.6, 49.2, 0, 0, 0
L -257.5, -1227.6, 49.2, -259.3, -1227.0, 49.2, 0, 0, 0
L -259.3, -1227.0, 49.2, -260.4, -1225.4, 50.9, 0, 0, 0
L -260.4, -1225.4, 50.9, -261.4, -1223.8, 50.9, 0, 0, 0
L -261.4, -1223.8, 50.9, -265.2, -1217.7, 49.2, 0, 0, 0
L -265.2, -1217.7, 49.2, -266.2, -1216.0, 49.2, 0, 0, 0
L -266.2, -1216.0, 49.2, -270.5, -1208.0, 49.2, 0, 0, 0
L -270.5, -1208.0, 49.2, -269.6, -1206.6, 49.2, 0, 0, 0
L -269.6, -1206.6, 49.2, -262.0, -1194.2, 49.2, 0, 0, 0
L -262.0, -1194.2, 49.2, -261.0, -1192.5, 49.2, 0, 0, 0
L -261.0, -1192.5, 49.2, -259.3, -1192.7, 49.2, 0, 0, 0
L -570.2, -1136.1, 52.2, -572.3, -1132.8, 52.2, 0, 0, 0
L -572.3, -1132.8, 52.2, -573.4, -1131.5, 52.2, 0, 0, 0
L -573.4, -1131.5, 52.2, -576.8, -1127.1, 52.2, 0, 0, 0
L -576.8, -1127.1, 52.2, -576.8, -1125.5, 52.2, 0, 0, 0
L -576.8, -1125.5, 52.2, -577.3, -1123.5, 52.2, 0, 0, 0
L -577.3, -1123.5, 52.2, -578.0, -1121.6, 52.2, 0, 0, 0
L -578.0, -1121.6, 52.2, -577.2, -1120.1, 52.2, 0, 0, 0
L -577.2, -1120.1, 52.2, -575.8, -1118.8, 52.2, 0, 0, 0
L -575.8, -1118.8, 52.2, -568.8, -1112.2, 52.2, 0, 0, 0
L -568.8, -1112.2, 52.2, -564.7, -1108.1, 52.2, 0, 0, 0
L -564.7, -1108.1, 52.2, -563.6, -1106.5, 52.2, 0, 0, 0
L -563.6, -1106.5, 52.2, -562.5, -1105.0, 52.2, 0, 0, 0
L -562.5, -1105.0, 52.2, -561.3, -1103.8, 52.2, 0, 0, 0
L -561.3, -1103.8, 52.2, -560.0, -1102.6, 52.2, 0, 0, 0
L -560.0, -1102.6, 52.2, -557.1, -1099.9, 52.2, 0, 0, 0
L -557.1, -1099.9, 52.2, -555.7, -1098.8, 52.2, 0, 0, 0
L -555.7, -1098.8, 52.2, -551.5, -1095.5, 52.2, 0, 0, 0
L -551.5, -1095.5, 52.2, -549.8, -1094.5, 52.2, 0, 0, 0
L -549.8, -1094.5, 52.2, -548.1, -1095.0, 52.2, 0, 0, 0
L -548.1, -1095.0, 52.2, -546.6, -1095.7, 52.2, 0, 0, 0
L -546.6, -1095.7, 52.2, -544.8, -1096.1, 52.2, 0, 0, 0
L -544.8, -1096.1, 52.2, -542.0, -1096.7, 52.2, 0, 0, 0
L -542.0, -1096.7, 52.2, -540.6, -1097.6, 52.2, 0, 0, 0
L -540.6, -1097.6, 52.2, -539.0, -1098.4, 52.2, 0, 0, 0
L -539.0, -1098.4, 52.2, -537.6, -1099.2, 52.2, 0, 0, 0
L -537.6, -1099.2, 52.2, -536.2, -1100.2, 52.2, 0, 0, 0
L -536.2, -1100.2, 52.2, -530.2, -1104.9, 52.2, 0, 0, 0
L -530.2, -1104.9, 52.2, -529.0, -1106.4, 52.2, 0, 0, 0
L -529.0, -1106.4, 52.2, -516.5, -1122.0, 52.2, 0, 0, 0
L -516.5, -1122.0, 52.2, -516.7, -1123.9, 52.2, 0, 0, 0
L -516.7, -1123.9, 52.2, -517.2, -1125.9, 52.1, 0, 0, 0
L -517.2, -1125.9, 52.1, -517.8, -1127.6, 52.1, 0, 0, 0
L -517.8, -1127.6, 52.1, -517.7, -1129.6, 52.1, 0, 0, 0
L -517.7, -1129.6, 52.1, -518.7, -1131.0, 52.1, 0, 0, 0
L -518.7, -1131.0, 52.1, -519.8, -1132.1, 52.1, 0, 0, 0
L -519.8, -1132.1, 52.1, -530.5, -1142.8, 52.1, 0, 0, 0
L -530.5, -1142.8, 52.1, -531.5, -1144.4, 52.1, 0, 0, 0
L -531.5, -1144.4, 52.1, -532.6, -1145.8, 52.1, 0, 0, 0
L -532.6, -1145.8, 52.1, -533.7, -1147.0, 52.1, 0, 0, 0
L -533.7, -1147.0, 52.1, -534.9, -1148.3, 52.1, 0, 0, 0
L -534.9, -1148.3, 52.1, -540.5, -1153.7, 52.2, 0, 0, 0
L -540.5, -1153.7, 52.2, -542.0, -1154.4, 52.2, 0, 0, 0
L -542.0, -1154.4, 52.2, -544.2, -1155.6, 52.2, 0, 0, 0
L -544.2, -1155.6, 52.2, -546.1, -1156.1, 52.2, 0, 0, 0
L -546.1, -1156.1, 52.2, -547.7, -1156.3, 52.2, 0, 0, 0
L -547.7, -1156.3, 52.2, -549.5, -1156.8, 52.2, 0, 0, 0
L -549.5, -1156.8, 52.2, -551.8, -1155.9, 52.2, 0, 0, 0
L -551.8, -1155.9, 52.2, -553.2, -1154.7, 52.2, 0, 0, 0
L -553.2, -1154.7, 52.2, -554.4, -1153.3, 52.2, 0, 0, 0
L -554.4, -1153.3, 52.2, -556.7, -1150.9, 52.2, 0, 0, 0
L -628.3, -1110.9, 52.2, -637.7, -1110.5, 52.2, 0, 0, 0
L -637.7, -1110.5, 52.2, -639.6, -1110.2, 52.2, 0, 0, 0
L -639.6, -1110.2, 52.2, -641.2, -1109.6, 52.2, 0, 0, 0
L -641.2, -1109.6, 52.2, -642.4, -1108.5, 52.2, 0, 0, 0
L -642.4, -1108.5, 52.2, -643.9, -1107.3, 52.2, 0, 0, 0
L -643.9, -1107.3, 52.2, -645.0, -1105.9, 52.2, 0, 0, 0
L -645.0, -1105.9, 52.2, -645.0, -1104.2, 52.2, 0, 0, 0
L -645.0, -1104.2, 52.2, -644.5, -1068.5, 52.2, 0, 0, 0
L -644.5, -1068.5, 52.2, -643.3, -1067.8, 52.2, 0, 0, 0
L -643.3, -1067.8, 52.2, -634.4, -1062.5, 52.2, 0, 0, 0
L -634.4, -1062.5, 52.2, -632.7, -1062.5, 52.2, 0, 0, 0
L -632.7, -1062.5, 52.2, -629.5, -1062.7, 52.2, 0, 0, 0
L -629.5, -1062.7, 52.2, -620.0, -1063.4, 52.2, 0, 0, 0
L -620.0, -1063.4, 52.2, -610.3, -1063.9, 52.2, 0, 0, 0
L -610.3, -1063.9, 52.2, -602.0, -1064.6, 52.2, 0, 0, 0
L -602.0, -1064.6, 52.2, -600.1, -1065.1, 52.3, 0, 0, 0
L -600.1, -1065.1, 52.3, -598.5, -1065.9, 52.2, 0, 0, 0
L -598.5, -1065.9, 52.2, -597.5, -1067.4, 52.2, 0, 0, 0
L -597.5, -1067.4, 52.2, -596.6, -1069.0, 52.2, 0, 0, 0
L -596.6, -1069.0, 52.2, -595.9, -1070.6, 52.2, 0, 0, 0
L -595.9, -1070.6, 52.2, -595.5, -1072.5, 52.2, 0, 0, 0
L -595.5, -1072.5, 52.2, -596.0, -1111.8, 52.2, 0, 0, 0
L -596.0, -1111.8, 52.2, -597.4, -1112.6, 52.2, 0, 0, 0
L -597.4, -1112.6, 52.2, -599.3, -1112.7, 52.2, 0, 0, 0
L -599.3, -1112.7, 52.2, -601.3, -1112.7, 52.2, 0, 0, 0
L -601.3, -1112.7, 52.2, -609.4, -1112.4, 52.2, 0, 0, 0
L -609.4, -1112.4, 52.2, -611.4, -1112.1, 52.2, 0, 0, 0
L -611.4, -1112.1, 52.2, -611.6, -1112.1, 52.2, 0, 0, 0
L -860.7, -1014.2, 39.2, -861.2, -1016.5, 39.2, 0, 0, 0
L -861.2, -1016.5, 39.2, -861.5, -1018.4, 39.2, 0, 0, 0
L -861.5, -1018.4, 39.2, -861.1, -1016.3, 39.2, 0, 0, 0
L -861.1, -1016.3, 39.2, -860.8, -1014.6, 39.2, 0, 0, 0
L -860.8, -1014.6, 39.2, -861.3, -1017.1, 39.2, 0, 0, 0
L -861.3, -1017.1, 39.2, -854.5, -999.9, 39.2, 0, 0, 0
L -854.5, -999.9, 39.2, -837.0, -999.5, 39.2, 0, 0, 0
L -837.0, -999.5, 39.2, -835.1, -999.1, 39.2, 0, 0, 0
L -835.1, -999.1, 39.2, -833.7, -998.9, 39.2, 0, 0, 0
L -833.7, -998.9, 39.2, -831.7, -999.0, 39.2, 0, 0, 0
L -831.7, -999.0, 39.2, -822.2, -999.5, 39.2, 0, 0, 0
L -822.2, -999.5, 39.2, -820.6, -999.7, 39.2, 0, 0, 0
L -820.6, -999.7, 39.2, -818.9, -1000.1, 39.2, 0, 0, 0
L -818.9, -1000.1, 39.2, -817.4, -1001.2, 39.2, 0, 0, 0
L -817.4, -1001.2, 39.2, -816.2, -1002.8, 39.2, 0, 0, 0
L -816.2, -1002.8, 39.2, -813.9, -1005.9, 39.7, 0, 0, 0
L -813.9, -1005.9, 39.7, -813.3, -1007.7, 39.8, 0, 0, 0
L -813.3, -1007.7, 39.8, -812.7, -1009.5, 39.8, 0, 0, 0
L -812.7, -1009.5, 39.8, -812.1, -1011.0, 39.9, 0, 0, 0
L -812.1, -1011.0, 39.9, -811.5, -1012.8, 40.0, 0, 0, 0
L -811.5, -1012.8, 40.0, -810.9, -1014.6, 40.1, 0, 0, 0
L -810.9, -1014.6, 40.1, -810.9, -1016.3, 40.2, 0, 0, 0
L -810.9, -1016.3, 40.2, -811.4, -1021.7, 40.1, 0, 0, 0
L -811.4, -1021.7, 40.1, -811.5, -1023.4, 40.0, 0, 0, 0
L -811.5, -1023.4, 40.0, -812.0, -1028.9, 40.0, 0, 0, 0
L -812.0, -1028.9, 40.0, -812.1, -1030.8, 39.9, 0, 0, 0
L -812.1, -1030.8, 39.9, -812.6, -1035.3, 39.9, 0, 0, 0
L -812.6, -1035.3, 39.9, -813.0, -1036.9, 39.8, 0, 0, 0
L -813.0, -1036.9, 39.8, -813.4, -1038.7, 39.7, 0, 0, 0
L -813.4, -1038.7, 39.7, -813.7, -1040.6, 39.3, 0, 0, 0
L -813.7, -1040.6, 39.3, -814.2, -1044.3, 39.4, 0, 0, 0
L -814.2, -1044.3, 39.4, -814.5, -1046.1, 39.5, 0, 0, 0
L -814.5, -1046.1, 39.5, -815.8, -1047.5, 39.5, 0, 0, 0
L -815.8, -1047.5, 39.5, -817.0, -1048.5, 39.5, 0, 0, 0
L -817.0, -1048.5, 39.5, -818.7, -1049.3, 39.5, 0, 0, 0
L -818.7, -1049.3, 39.5, -820.4, -1049.1, 39.4, 0, 0, 0
L -820.4, -1049.1, 39.4, -835.8, -1047.8, 39.2, 0, 0, 0
L -835.8, -1047.8, 39.2, -837.7, -1048.3, 39.2, 0, 0, 0
L -837.7, -1048.3, 39.2, -841.1, -1048.9, 39.2, 0, 0, 0
L -841.1, -1048.9, 39.2, -842.6, -1048.9, 39.2, 0, 0, 0
L -842.6, -1048.9, 39.2, -852.5, -1048.5, 39.2, 0, 0, 0
L -852.5, -1048.5, 39.2, -854.1, -1048.3, 39.2, 0, 0, 0
L -854.1, -1048.3, 39.2, -855.9, -1047.9, 39.2, 0, 0, 0
L -855.9, -1047.9, 39.2, -857.6, -1047.2, 39.2, 0, 0, 0
L -857.6, -1047.2, 39.2, -859.3, -1046.5, 39.2, 0, 0, 0
L -859.3, -1046.5, 39.2, -860.6, -1045.1, 39.2, 0, 0, 0
L -860.6, -1045.1, 39.2, -862.4, -1044.8, 39.2, 0, 0, 0
L -862.4, -1044.8, 39.2, -863.7, -1043.4, 39.2, 0, 0, 0
L -863.7, -1043.4, 39.2, -864.1, -1041.6, 39.2, 0, 0, 0
L -864.1, -1041.6, 39.2, -864.2, -1035.9, 42.4, 0, 0, 0
L -1238.7, -1001.9, 12.2, -1229.3, -1004.6, 12.2, 0, 0, 0
L -1229.3, -1004.6, 12.2, -1227.1, -1005.2, 12.2, 0, 0, 0
L -1227.1, -1005.2, 12.2, -1225.6, -1006.3, 12.2, 0, 0, 0
L -1225.6, -1006.3, 12.2, -1223.8, -1007.3, 12.2, 0, 0, 0
L -1223.8, -1007.3, 12.2, -1222.6, -1008.6, 12.2, 0, 0, 0
L -1222.6, -1008.6, 12.2, -1222.0, -1010.4, 12.2, 0, 0, 0
L -1222.0, -1010.4, 12.2, -1221.8, -1011.7, 12.2, 0, 0, 0
L -1221.8, -1011.7, 12.2, -1221.4, -1024.6, 12.2, 0, 0, 0
L -1221.4, -1024.6, 12.2, -1221.3, -1026.4, 12.2, 0, 0, 0
L -1221.3, -1026.4, 12.2, -1221.6, -1035.7, 12.2, 0, 0, 0
L -1221.6, -1035.7, 12.2, -1222.1, -1037.6, 12.2, 0, 0, 0
L -1222.1, -1037.6, 12.2, -1222.2, -1038.7, 12.2, 0, 0, 0
L -1222.2, -1038.7, 12.2, -1222.7, -1043.2, 12.2, 0, 0, 0
L -1222.7, -1043.2, 12.2, -1223.0, -1044.8, 12.2, 0, 0, 0
L -1223.0, -1044.8, 12.2, -1223.3, -1045.8, 12.2, 0, 0, 0
L -1223.3, -1045.8, 12.2, -1223.9, -1047.5, 12.2, 0, 0, 0
L -1223.9, -1047.5, 12.2, -1224.7, -1048.8, 12.2, 0, 0, 0
L -1224.7, -1048.8, 12.2, -1225.6, -1049.2, 12.2, 0, 0, 0
L -1225.6, -1049.2, 12.2, -1230.2, -1051.2, 12.2, 0, 0, 0
L -1230.2, -1051.2, 12.2, -1231.0, -1051.4, 12.2, 0, 0, 0
L -1231.0, -1051.4, 12.2, -1240.6, -1053.4, 12.2, 0, 0, 0
L -1240.6, -1053.4, 12.2, -1242.0, -1053.6, 12.2, 0, 0, 0
L -1242.0, -1053.6, 12.2, -1243.9, -1053.7, 12.2, 0, 0, 0
L -1243.9, -1053.7, 12.2, -1259.4, -1054.3, 12.2, 0, 0, 0
L -1259.4, -1054.3, 12.2, -1260.6, -1053.6, 12.2, 0, 0, 0
L -1260.6, -1053.6, 12.2, -1261.6, -1053.0, 12.2, 0, 0, 0
L -1261.6, -1053.0, 12.2, -1264.2, -1051.3, 12.2, 0, 0, 0
L -1264.2, -1051.3, 12.2, -1265.3, -1050.4, 12.2, 0, 0, 0
L -1265.3, -1050.4, 12.2, -1266.3, -1050.0, 12.3, 0, 0, 0
L -1266.3, -1050.0, 12.3, -1268.1, -1049.8, 12.4, 0, 0, 0
L -1268.1, -1049.8, 12.4, -1269.8, -1049.2, 12.2, 0, 0, 0
L -1269.8, -1049.2, 12.2, -1271.1, -1047.7, 12.2, 0, 0, 0
L -1271.1, -1047.7, 12.2, -1273.2, -1045.1, 12.2, 0, 0, 0
L -1273.2, -1045.1, 12.2, -1273.2, -1043.8, 12.2, 0, 0, 0
L -1273.2, -1043.8, 12.2, -1272.8, -1019.7, 12.2, 0, 0, 0
L -1272.8, -1019.7, 12.2, -1272.6, -1018.2, 12.2, 0, 0, 0
L -1272.6, -1018.2, 12.2, -1272.1, -1014.4, 12.2, 0, 0, 0
L -1272.1, -1014.4, 12.2, -1271.9, -1012.8, 12.2, 0, 0, 0
L -1271.9, -1012.8, 12.2, -1271.5, -1009.5, 12.2, 0, 0, 0
L -1271.5, -1009.5, 12.2, -1271.4, -1008.2, 12.2, 0, 0, 0
L -1271.4, -1008.2, 12.2, -1271.0, -1005.1, 12.2, 0, 0, 0
L -1271.0, -1005.1, 12.2, -1269.1, -1004.6, 12.2, 0, 0, 0
L -1269.1, -1004.6, 12.2, -1259.3, -1001.6, 12.2, 0, 0, 0
L -1259.3, -1001.6, 12.2, -1257.7, -1002.1, 12.2, 0, 0, 0
L -1257.7, -1002.1, 12.2, -1256.9, -1002.4, 12.2, 0, 0, 0
L -1224.4, -961.5, 12.2, -1224.9, -956.5, 12.2, 0, 0, 0
L -1224.9, -956.5, 12.2, -1225.1, -954.7, 12.2, 0, 0, 0
L -1225.1, -954.7, 12.2, -1225.6, -949.7, 12.2, 0, 0, 0
L -1225.6, -949.7, 12.2, -1225.7, -947.8, 12.2, 0, 0, 0
L -1225.7, -947.8, 12.2, -1225.8, -944.3, 12.2, 0, 0, 0
L -1225.8, -944.3, 12.2, -1223.9, -944.5, 12.2, 0, 0, 0
L -1223.9, -944.5, 12.2, -1212.0, -946.2, 12.2, 0, 0, 0
L -1212.0, -946.2, 12.2, -1210.0, -946.3, 12.2, 0, 0, 0
L -1210.0, -946.3, 12.2, -1203.0, -945.8, 12.2, 0, 0, 0
L -1203.0, -945.8, 12.2, -1201.5, -945.4, 12.2, 0, 0, 0
L -1201.5, -945.4, 12.2, -1197.7, -944.7, 12.2, 0, 0, 0
L -1197.7, -944.7, 12.2, -1196.3, -944.7, 12.2, 0, 0, 0
L -1196.3, -944.7, 12.2, -1186.3, -945.0, 12.2, 0, 0, 0
L -1186.3, -945.0, 12.2, -1184.4, -945.5, 12.2, 0, 0, 0
L -1184.4, -945.5, 12.2, -1179.8, -946.9, 12.2, 0, 0, 0
L -1179.8, -946.9, 12.2, -1178.8, -948.3, 12.2, 0, 0, 0
L -1178.8, -948.3, 12.2, -1176.3, -951.8, 12.2, 0, 0, 0
L -1176.3, -951.8, 12.2, -1176.2, -953.7, 12.2, 0, 0, 0
L -1176.2, -953.7, 12.2, -1175.7, -957.6, 12.2, 0, 0, 0
L -1175.7, -957.6, 12.2, -1175.5, -958.8, 12.2, 0, 0, 0
L -1175.5, -958.8, 12.2, -1175.0, -963.3, 12.2, 0, 0, 0
L -1175.0, -963.3, 12.2, -1174.8, -965.0, 12.2, 0, 0, 0
L -1174.8, -965.0, 12.2, -1174.4, -971.4, 12.2, 0, 0, 0
L -1174.4, -971.4, 12.2, -1174.3, -973.0, 12.2, 0, 0, 0
L -1174.3, -973.0, 12.2, -1174.8, -976.0, 12.2, 0, 0, 0
L -1174.8, -976.0, 12.2, -1175.0, -977.5, 12.2, 0, 0, 0
L -1175.0, -977.5, 12.2, -1175.4, -980.3, 12.2, 0, 0, 0
L -1175.4, -980.3, 12.2, -1175.7, -982.1, 12.2, 0, 0, 0
L -1175.7, -982.1, 12.2, -1176.1, -985.4, 12.2, 0, 0, 0
L -1176.1, -985.4, 12.2, -1176.3, -986.8, 12.2, 0, 0, 0
L -1176.3, -986.8, 12.2, -1176.8, -990.1, 12.2, 0, 0, 0
L -1176.8, -990.1, 12.2, -1177.1, -992.0, 12.2, 0, 0, 0
L -1177.1, -992.0, 12.2, -1178.3, -993.0, 12.4, 0, 0, 0
L -1178.3, -993.0, 12.4, -1179.9, -993.6, 12.5, 0, 0, 0
L -1179.9, -993.6, 12.5, -1182.8, -994.5, 12.5, 0, 0, 0
L -1182.8, -994.5, 12.5, -1184.7, -994.5, 12.4, 0, 0, 0
L -1184.7, -994.5, 12.4, -1211.8, -994.8, 12.2, 0, 0, 0
L -1211.8, -994.8, 12.2, -1213.1, -994.6, 12.2, 0, 0, 0
L -1213.1, -994.6, 12.2, -1222.0, -993.4, 12.2, 0, 0, 0
L -1222.0, -993.4, 12.2, -1223.6, -993.1, 12.2, 0, 0, 0
L -1223.6, -993.1, 12.2, -1224.7, -992.0, 12.2, 0, 0, 0
L -1224.7, -992.0, 12.2, -1224.8, -990.6, 12.2, 0, 0, 0
L -1224.8, -990.6, 12.2, -1225.1, -988.4, 12.2, 0, 0, 0
L -1225.1, -988.4, 12.2, -1226.3, -987.0, 12.2, 0, 0, 0
L -1226.3, -987.0, 12.2, -1226.2, -985.0, 12.2, 0, 0, 0
L -1226.2, -985.0, 12.2, -1226.1, -981.3, 12.2, 0, 0, 0
L -1270.5, -980.5, 12.2, -1277.1, -988.5, 12.2, 0, 0, 0
L -1277.1, -988.5, 12.2, -1278.6, -987.5, 12.2, 0, 0, 0
L -1278.6, -987.5, 12.2, -1283.9, -983.8, 12.2, 0, 0, 0
L -1283.9, -983.8, 12.2, -1285.4, -982.6, 12.2, 0, 0, 0
L -1285.4, -982.6, 12.2, -1295.6, -974.0, 12.2, 0, 0, 0
L -1295.6, -974.0, 12.2, -1296.5, -972.8, 12.2, 0, 0, 0
L -1296.5, -972.8, 12.2, -1300.8, -967.4, 12.2, 0, 0, 0
L -1300.8, -967.4, 12.2, -1302.2, -966.1, 12.2, 0, 0, 0
L -1302.2, -966.1, 12.2, -1303.4, -964.8, 12.2, 0, 0, 0
L -1303.4, -964.8, 12.2, -1304.1, -964.0, 12.2, 0, 0, 0
L -1304.1, -964.0, 12.2, -1307.2, -960.2, 12.2, 0, 0, 0
L -1307.2, -960.2, 12.2, -1310.2, -956.3, 12.2, 0, 0, 0
L -1310.2, -956.3, 12.2, -1309.3, -954.8, 12.2, 0, 0, 0
L -1309.3, -954.8, 12.2, -1302.5, -942.7, 12.2, 0, 0, 0
L -1302.5, -942.7, 12.2, -1301.4, -941.4, 12.2, 0, 0, 0
L -1301.4, -941.4, 12.2, -1297.7, -937.1, 12.2, 0, 0, 0
L -1297.7, -937.1, 12.2, -1296.6, -936.2, 12.2, 0, 0, 0
L -1296.6, -936.2, 12.2, -1285.8, -926.6, 12.2, 0, 0, 0
L -1285.8, -926.6, 12.2, -1284.0, -925.7, 12.2, 0, 0, 0
L -1284.0, -925.7, 12.2, -1279.7, -923.6, 12.2, 0, 0, 0
L -1279.7, -923.6, 12.2, -1278.0, -924.0, 12.2, 0, 0, 0
L -1278.0, -924.0, 12.2, -1273.6, -925.2, 12.2, 0, 0, 0
L -1273.6, -925.2, 12.2, -1272.2, -926.1, 12.2, 0, 0, 0
L -1272.2, -926.1, 12.2, -1268.9, -928.4, 12.2, 0, 0, 0
L -1268.9, -928.4, 12.2, -1267.5, -929.9, 12.2, 0, 0, 0
L -1267.5, -929.9, 12.2, -1258.2, -939.8, 12.2, 0, 0, 0
L -1258.2, -939.8, 12.2, -1256.9, -940.8, 12.2, 0, 0, 0
L -1256.9, -940.8, 12.2, -1255.5, -942.2, 12.2, 0, 0, 0
L -1255.5, -942.2, 12.2, -1249.1, -948.9, 12.2, 0, 0, 0
L -1249.1, -948.9, 12.2, -1246.8, -951.3, 12.2, 0, 0, 0
L -1246.8, -951.3, 12.2, -1245.0, -951.8, 12.2, 0, 0, 0
L -1245.0, -951.8, 12.2, -1244.8, -953.5, 12.2, 0, 0, 0
L -1244.8, -953.5, 12.2, -1245.3, -955.4, 12.2, 0, 0, 0
L -1245.3, -955.4, 12.2, -1245.9, -956.6, 12.2, 0, 0, 0
L -1245.9, -956.6, 12.2, -1246.7, -957.9, 12.2, 0, 0, 0
L -1246.7, -957.9, 12.2, -1249.7, -963.4, 12.2, 0, 0, 0
L -1249.7, -963.4, 12.2, -1250.9, -964.1, 12.2, 0, 0, 0
L -1250.9, -964.1, 12.2, -1254.5, -966.5, 12.2, 0, 0, 0
L -1457.6, -1162.7, -0.8, -1454.1, -1155.6, -0.8, 0, 0, 0
L -1454.1, -1155.6, -0.8, -1453.6, -1153.8, -0.8, 0, 0, 0
L -1453.6, -1153.8, -0.8, -1453.4, -1152.1, -0.8, 0, 0, 0
L -1453.4, -1152.1, -0.8, -1453.0, -1150.1, -0.8, 0, 0, 0
L -1453.0, -1150.1, -0.8, -1452.7, -1149.2, -0.8, 0, 0, 0
L -1452.7, -1149.2, -0.8, -1452.2, -1148.1, -0.8, 0, 0, 0
L -1452.2, -1148.1, -0.8, -1451.4, -1146.2, -0.8, 0, 0, 0
L -1451.4, -1146.2, -0.8, -1450.4, -1145.0, -0.8, 0, 0, 0
L -1450.4, -1145.0, -0.8, -1448.8, -1144.8, -0.8, 0, 0, 0
L -1448.8, -1144.8, -0.8, -1439.2, -1143.7, -0.8, 0, 0, 0
L -1439.2, -1143.7, -0.8, -1437.9, -1143.6, -0.8, 0, 0, 0
L -1437.9, -1143.6, -0.8, -1421.8, -1143.3, -0.8, 0, 0, 0
L -1421.8, -1143.3, -0.8, -1420.2, -1143.6, -0.8, 0, 0, 0
L -1420.2, -1143.6, -0.8, -1418.5, -1144.0, -0.8, 0, 0, 0
L -1418.5, -1144.0, -0.8, -1413.7, -1145.4, -0.8, 0, 0, 0
L -1413.7, -1145.4, -0.8, -1412.5, -1146.8, -0.8, 0, 0, 0
L -1412.5, -1146.8, -0.8, -1405.1, -1154.9, -0.7, 0, 0, 0
L -1405.1, -1154.9, -0.7, -1405.1, -1156.9, -0.7, 0, 0, 0
L -1405.1, -1156.9, -0.7, -1405.6, -1180.5, -0.7, 0, 0, 0
L -1405.6, -1180.5, -0.7, -1405.8, -1182.2, -0.7, 0, 0, 0
L -1405.8, -1182.2, -0.7, -1406.2, -1185.9, -0.8, 0, 0, 0
L -1406.2, -1185.9, -0.8, -1406.4, -1187.3, -0.8, 0, 0, 0
L -1406.4, -1187.3, -0.8, -1406.9, -1191.3, -0.8, 0, 0, 0
L -1406.9, -1191.3, -0.8, -1408.2, -1191.9, -0.8, 0, 0, 0
L -1408.2, -1191.9, -0.8, -1409.5, -1192.4, -0.8, 0, 0, 0
L -1409.5, -1192.4, -0.8, -1412.9, -1193.8, -0.8, 0, 0, 0
L -1412.9, -1193.8, -0.8, -1414.4, -1195.0, -0.8, 0, 0, 0
L -1414.4, -1195.0, -0.8, -1416.0, -1195.6, -0.8, 0, 0, 0
L -1416.0, -1195.6, -0.8, -1418.0, -1196.0, -0.8, 0, 0, 0
L -1418.0, -1196.0, -0.8, -1419.8, -1196.1, -0.8, 0, 0, 0
L -1419.8, -1196.1, -0.8, -1429.5, -1196.4, -0.8, 0, 0, 0
L -1429.5, -1196.4, -0.8, -1439.4, -1196.3, -0.8, 0, 0, 0
L -1439.4, -1196.3, -0.8, -1441.2, -1196.0, -0.8, 0, 0, 0
L -1441.2, -1196.0, -0.8, -1450.9, -1194.5, -0.8, 0, 0, 0
L -1450.9, -1194.5, -0.8, -1451.9, -1193.0, -0.8, 0, 0, 0
L -1451.9, -1193.0, -0.8, -1454.8, -1188.9, -0.8, 0, 0, 0
L -1454.8, -1188.9, -0.8, -1455.2, -1187.2, -0.8, 0, 0, 0
L -1455.2, -1187.2, -0.8, -1455.6, -1184.8, -0.8, 0, 0, 0
L -1455.6, -1184.8, -0.8, -1456.8, -1179.3, -0.8, 0, 0, 0
L -3179.0, -421.3, 75.4, -3201.2, -478.7, 80.0, 199, 21, 133
L -3179.0, -421.3, 75.4, -3221.2, -421.3, 75.4, 0, 0, 0
L -3201.2, -478.7, 80.0, -3221.2, -478.7, 80.0, 0, 0, 0
L 2845.7, 925.0, -11.0, 2829.8, 999.6, -10.0, 199, 21, 133
L -802.1, -1439.3, 25.9, -795.1, -1395.7, 24.1, 199, 21, 133
