P -208.0000, -82.0000, 0.0000, 255, 0, 0, 3, to_The_Iceclad_Ocean_(ZI)
P -798.0000, -641.0000, 0.0000, 255, 0, 0, 3, to_The_Iceclad_Ocean
P 9.0000, -1173.0000, 0.0000, 255, 0, 0, 3, to_The_Iceclad_Ocean
P 179.0000, -156.0000, 0.0000, 255, 0, 0, 3, to_The_Iceclad_Ocean
P 306.0000, -1197.0000, 0.0000, 255, 0, 0, 3, to_The_Iceclad_Ocean
P -33.3455, -247.5901, 351.8456, 255, 0, 0, 3, to_The_Iceclad_Ocean
P -511.7577, -1154.0558, 65.2832, 255, 0, 0, 3, to_The_Iceclad_Ocean
P -200.0000, -120.0000, 0.0000, 255, 0, 0, 2, Succor
P -669.0000, -1172.0000, 0.0000, 255, 255, 0, 2, D
P -170.0000, -755.0000, 174.9384, 255, 255, 0, 2, D
P -181.0000, -981.0000, 0.0000, 255, 255, 0, 2, D_(click_torch)
P -186.0000, -1173.0000, 0.0000, 255, 255, 0, 2, E
P 100.0000, -160.0000, 0.0000, 255, 255, 0, 2, E
P 85.4066, -608.8154, 215.2206, 255, 255, 0, 2, F
P 320.0000, -717.3171, 10.3145, 255, 255, 0, 2, F
P 390.0000, -1311.0000, 0.0000, 255, 255, 0, 2, G
P 442.0000, -175.0000, 0.0000, 255, 255, 0, 2, G
P 370.0000, -290.0000, 0.0000, 255, 255, 0, 2, F
P -669.0000, -40.0000, 0.0000, 255, 255, 0, 2, B
P -616.0000, -669.0000, 0.0000, 255, 255, 0, 2, C
P -672.1992, -746.4455, 72.2832, 255, 255, 0, 2, C
P -240.0000, -476.0000, 0.0000, 255, 255, 0, 2, A
P -169.0000, -477.0000, 0.0000, 255, 255, 0, 2, B
P -27.0000, -240.0000, 0.0000, 255, 255, 0, 2, A
P 400.3543, -533.3672, 23.3125, 255, 255, 0, 2, H
P -10.0000, -65.0000, 303.1903, 255, 255, 0, 2, H
P -614.8276, -653.4155, 21.5190, 240, 240, 240, 2, Three_Toothed_Key_(from_angry_librarian)
P -665.8181, -1163.3932, 79.9707, 240, 240, 240, 2, Frosty_Key
P 396.6621, -399.1339, 21.0020, 127, 64, 0, 2, Vhal_Sera_(Hunter)
P -22.2905, -436.5891, 351.8455, 0, 0, 0, 2, Advisor_Svartmane
P -199.2821, -980.2078, 184.9299, 127, 64, 0, 2, Cara_Omica_(Hunter)
P -172.7790, -1168.7317, 189.9394, 240, 240, 240, 2, Small_rusty_key
P 33.3586, -375.6199, 214.9081, 0, 0, 0, 2, Dark_Huntress
P 520.2195, -855.3615, 0.0020, 240, 240, 0, 2, TRAP
P 263.3286, -1129.8263, -10.9980, 240, 240, 0, 2, TRAP
P 318.4762, -981.8852, 0.0020, 240, 240, 0, 2, TRAP
P 345.7838, -918.2905, 0.0020, 0, 0, 0, 2, Incoherent_spirit
P 357.2559, -1126.5973, 0.0020, 0, 0, 240, 1, GS:_Vial_of_Boiling_Acid
P -93.8792, -899.6993, 174.9404, 127, 64, 0, 2, Amontehepna_(Hunter)
P -628.8986, -804.1951, 71.9707, 127, 64, 0, 2, an_angry_chef_(Hunter)
P 146.7986, -431.3309, 214.9081, 127, 64, 0, 2, Daman_(Hunter)
P 147.5414, -544.9469, 214.9081, 127, 64, 0, 2, The_Head_Usher_(Hunter,Roam,HS)
P 35.7549, -998.0551, 174.9394, 127, 64, 0, 2, maggot_infested_flesh_(Hunter,Roam)
P -228.0504, -748.8055, 175.3853, 127, 64, 0, 2, Narmak_Berreka_(Hunter)
P 158.3318, -429.4733, 214.9081, 127, 64, 0, 2, Nosja_(Hunter)
P -78.0000, -261.0000, 0.0000, 127, 64, 0, 2, Xalgoti_(Hunter)
P 555.4119, -239.9456, -11.3655, 127, 64, 0, 2, Zorglim_the_Dead_(Hunter)
P -786.0016, -327.2440, 20.3145, 127, 64, 0, 2, an_angry_librarian_(Hunter)
P -872.5547, -562.9889, 20.3145, 240, 240, 0, 2, Secret_Door_(click_bookcase)
P -619.2119, -1071.0369, 72.2832, 0, 0, 0, 2, Armored_Presence
P -36.8278, -292.1369, 303.1893, 240, 240, 0, 2, TRAP
P 20.5774, -293.1690, 303.1893, 240, 240, 0, 2, TRAP
P 157.6550, -297.3452, 215.2206, 127, 64, 0, 2, an_enraged_relative_(Hunter)
P 18.7521, -789.2338, 303.1893, 127, 64, 0, 2, Tserrina_Syl`Tor_(Hunter)
P -5.3241, -570.1505, 302.8768, 240, 240, 0, 2, Fake_Wall
