L 483.8747, 6066.9600, -556.2020, 447.6187, 6084.4277, -557.6777, 0, 0, 0
L 447.6187, 6084.4277, -557.6777, 438.6813, 6123.5815, -562.7469, 0, 0, 0
L 438.6813, 6123.5815, -562.7469, 463.7341, 6155.0386, -566.7690, 0, 0, 0
L 463.7341, 6155.0386, -566.7690, 475.1864, 6155.0527, -566.7709, 0, 0, 0
L 492.7812, 6155.0527, -566.7709, 503.9474, 6155.0532, -566.7690, 0, 0, 0
L 503.9474, 6155.0532, -566.7690, 529.0266, 6123.6270, -562.9933, 0, 0, 0
L 529.0266, 6123.6270, -562.9933, 520.0901, 6084.4058, -558.2927, 0, 0, 0
L 520.0901, 6084.4058, -558.2927, 483.8339, 6066.9604, -556.2017, 0, 0, 0
L 492.6304, 6159.3960, -567.2936, 506.0497, 6159.3906, -567.2912, 0, 0, 0
L 506.0497, 6159.3906, -567.1068, 533.7296, 6124.6768, -563.3271, 0, 0, 0
L 533.7296, 6124.6768, -562.9595, 523.8522, 6081.4028, -558.0040, 0, 0, 0
L 523.8522, 6081.4028, -557.7963, 483.8554, 6062.1353, -555.6891, 0, 0, 0
L 483.8554, 6062.1353, -555.7262, 443.8665, 6081.4004, -557.1171, 0, 0, 0
L 443.8665, 6081.4004, -557.3058, 433.9851, 6124.6753, -562.7057, 0, 0, 0
L 433.9851, 6124.6753, -563.0231, 461.6587, 6159.3911, -567.1963, 0, 0, 0
L 461.6587, 6159.3911, -567.2911, 475.3179, 6159.3911, -567.2924, 0, 0, 0
P 4879.4556, 1808.5508, 304.3419, 255, 0, 0, 3, to_Eastern_Wastes
P 122.0587, -49.0157, 97.3101, 255, 0, 0, 3, to_The_City_of_Thurgadin
P 1813.1271, -15.3389, 390.4837, 255, 0, 0, 3, to_The_Plane_of_Knowledge_(Click_Book)
P -3329.8948, 6761.4810, -39.3740, 255, 0, 0, 3, to_Velketor`s_Labyrinth
P -2080.2554, 1641.7780, 127.3497, 240, 0, 0, 2, from_Icewell_Keep
P 202.6599, 8261.7344, -958.4933, 255, 0, 0, 3, to_The_Plane_of_Mischief
P 965.0000, 7720.0000, 0.0000, 255, 0, 0, 2, Succor
P -3653.3943, 3819.0142, -245.5927, 255, 255, 255, 2, Dragon_Circle
P 2706.7637, 1885.8832, -48.2715, 255, 255, 255, 2, Great_Divide_Spire
P -3716.0000, 3720.0000, 0.0000, 255, 255, 255, 2, Teleport
P 3497.8638, 4905.3228, -514.2661, 0, 0, 0, 2, Relik
P 3496.3301, 5068.0767, -514.2510, 0, 0, 0, 2, Korf_Brokenhammer
P 3408.1570, 6139.1270, -338.8525, 240, 240, 240, 2, Coldain_Mine
P 566.2242, 3930.9524, 792.3723, 0, 0, 0, 2, gnomish_deserter
P -2696.8682, 6771.8232, -230.0576, 240, 240, 240, 2, Kodiak_Cave
P -97.5217, 2528.3057, -108.0235, 240, 127, 0, 2, Narandi_the_Wretched_(Raid)
P -1086.0000, 5029.0000, -206.0000, 240, 127, 0, 2, Taskmaster_Abyott_(Raid)
P 399.0465, 1507.1653, 170.0747, 127, 64, 0, 2, Coldain_War_Wolf_(Hunter,Roam)
P 3352.0022, 1311.9712, 302.8967, 127, 64, 0, 2, Drakkel_Blood_Wolf_(Hunter,Roam)
P 1676.3241, 543.4233, 69.8583, 127, 64, 0, 2, Drakkel_Blood_Wolf_(Hunter,Roam)
P 1511.7444, 3185.3638, -5.5518, 127, 64, 0, 2, Gorul_Longshanks_(Hunter,Roam)
P -3075.6565, 6868.6143, -231.7167, 127, 64, 0, 2, Icetooth_(Hunter)
P -2990.1355, 6409.8267, -230.0827, 127, 64, 0, 2, Icetooth_(Hunter)
P -3276.6343, 6277.4766, -107.6951, 127, 64, 0, 2, Icetooth_(Hunter)
P 204.0261, 2939.5281, -155.0361, 127, 64, 0, 2, Shardtooth_(Hunter,Roam)
P 912.9813, 3663.5586, -222.5501, 127, 64, 0, 2, Shardtooth_(Hunter,Roam)
P -3748.5435, 2439.2327, 115.7456, 127, 64, 0, 2, Yaka_Razorhoof_(Hunter)
P -4171.6255, 1848.7028, 115.7601, 127, 64, 0, 2, Yaka_Razorhoof_(Hunter)
P -2166.7764, 1578.5226, 114.2207, 127, 64, 0, 2, Yaka_Razorhoof_(Hunter)
P -2188.3279, 1735.6449, 115.7687, 127, 64, 0, 2, Yaka_Razorhoof_(Hunter)
P 715.3564, 5019.4795, -405.9353, 0, 0, 240, 1, GS:_Bent_Metallic_Crystal
P 2035.8090, 1992.4584, -42.5067, 240, 240, 240, 2, Dain3-CallAttack
P 1874.7184, 1645.9491, 156.7750, 240, 240, 240, 2, Dain3-ScoutSpot
P 372.3191, 2388.7664, -93.8006, 240, 240, 240, 2, Dain3-ClericCamp
P 370.0682, 2322.4114, -86.8104, 240, 240, 240, 2, Dain3-WarriorCamp
P -3199.6453, 5938.3901, -109.2479, 0, 0, 0, 2, Bloodmaw
P -513.7939, 6914.5156, -679.2363, 0, 0, 0, 2, Vores_the_Hunter
P 488.8061, 6120.1851, -562.5817, 0, 0, 0, 2, Gavon_Morant
P 1302.2592, 3942.2029, -218.9354, 0, 0, 0, 2, Kardakor
P 2582.1663, 2922.0066, 276.4081, 0, 0, 0, 2, Fergul_Frostsky
P 2637.8677, 2925.7073, 276.4081, 0, 0, 0, 2, Gralk_Dwarfkiller
P 2780.2312, 3012.0730, 241.7073, 0, 0, 0, 2, Bekerak_Coldbones
P 176.1727, 1086.9574, 19.9873, 0, 0, 0, 2, Captain_Stonefist
P 110.3777, 34.9131, 91.6849, 240, 240, 0, 2, Fake_Wall
P 1842.8462, 5117.4995, -221.0458, 0, 0, 0, 2, Gorul_Longshanks_(Roam)
P 2277.9893, 7016.1279, -283.4501, 0, 0, 0, 2, Blizzent_(Roam)
