L -3459.0, 3593.0, 488.0, -3580.0, -3316.0, 432.0, 0, 0, 0
L -3580.0, -3316.0, 432.0, -2777.0, -3742.0, 385.0, 0, 0, 0
L -2777.0, -3742.0, 385.0, -1377.0, -3831.0, 77.0, 0, 0, 0
L -1377.0, -3831.0, 77.0, 74.0, -3804.0, 55.0, 0, 0, 0
L 74.0, -3804.0, 55.0, 3340.0, -3641.0, 596.0, 0, 0, 0
L 3536.0, -2975.0, 525.0, 3605.0, 2704.0, 631.0, 0, 0, 0
L 3605.0, 2704.0, 631.0, 3213.0, 3529.0, 597.0, 0, 0, 0
L 3213.0, 3529.0, 597.0, 968.0, 3710.0, 315.0, 0, 0, 0
L 968.0, 3710.0, 315.0, 324.0, 3802.0, -83.0, 0, 0, 0
L -441.0, 3714.0, -52.0, -683.0, 3658.0, 108.0, 0, 0, 0
L -683.0, 3658.0, 108.0, -713.0, 3647.0, 139.0, 0, 0, 0
L -713.0, 3647.0, 139.0, -776.0, 3626.0, 125.0, 0, 0, 0
L -776.0, 3626.0, 125.0, -945.0, 3568.0, 0.0, 0, 0, 0
L -945.0, 3568.0, 0.0, -946.0, 3452.0, 1.0, 0, 0, 0
L -946.0, 3452.0, 1.0, -996.0, 3453.0, 7.0, 0, 0, 0
L -996.0, 3453.0, 7.0, -997.0, 3357.0, 7.0, 0, 0, 0
L -997.0, 3357.0, 7.0, -1134.0, 3263.0, 5.0, 0, 0, 0
L -1134.0, 3263.0, 5.0, -1134.0, 3243.0, 8.0, 0, 0, 0
L -1134.0, 3243.0, 8.0, -1167.0, 3243.0, 6.0, 0, 0, 0
L -1167.0, 3243.0, 6.0, -1167.0, 3310.0, 2.0, 0, 0, 0
L -1167.0, 3310.0, 2.0, -1134.0, 3311.0, 2.0, 0, 0, 0
L -1134.0, 3311.0, 2.0, -1134.0, 3286.0, 3.0, 0, 0, 0
L -1134.0, 3286.0, 3.0, -1017.0, 3365.0, 6.0, 0, 0, 0
L -1017.0, 3365.0, 6.0, -1017.0, 3449.0, 7.0, 0, 0, 0
L -1017.0, 3449.0, 7.0, -1118.0, 3453.0, 4.0, 0, 0, 0
L -1118.0, 3453.0, 4.0, -1117.0, 3499.0, 6.0, 0, 0, 0
L -1117.0, 3499.0, 6.0, -1160.0, 3500.0, 7.0, 0, 0, 0
L -1160.0, 3500.0, 7.0, -1160.0, 3518.0, 7.0, 0, 0, 0
L -1160.0, 3518.0, 7.0, -1253.0, 3517.0, 7.0, 0, 0, 0
L -1253.0, 3517.0, 7.0, -1254.0, 3499.0, 6.0, 0, 0, 0
L -1254.0, 3499.0, 6.0, -1298.0, 3499.0, 6.0, 0, 0, 0
L -1298.0, 3499.0, 6.0, -1297.0, 3453.0, 3.0, 0, 0, 0
L -1297.0, 3453.0, 3.0, -1397.0, 3452.0, 3.0, 0, 0, 0
L -1397.0, 3452.0, 3.0, -1398.0, 3359.0, 4.0, 0, 0, 0
L -1398.0, 3359.0, 4.0, -1280.0, 3281.0, 4.0, 0, 0, 0
L -1280.0, 3281.0, 4.0, -1280.0, 3309.0, 4.0, 0, 0, 0
L -1280.0, 3309.0, 4.0, -1248.0, 3311.0, 4.0, 0, 0, 0
L -1248.0, 3311.0, 4.0, -1248.0, 3241.0, 4.0, 0, 0, 0
L -1248.0, 3241.0, 4.0, -1280.0, 3245.0, 4.0, 0, 0, 0
L -1280.0, 3245.0, 4.0, -1280.0, 3257.0, 3.0, 0, 0, 0
L -1280.0, 3257.0, 3.0, -1419.0, 3348.0, 4.0, 0, 0, 0
L -1419.0, 3348.0, 4.0, -1420.0, 3452.0, 4.0, 0, 0, 0
L -1420.0, 3452.0, 4.0, -1468.0, 3453.0, 6.0, 0, 0, 0
L -1468.0, 3453.0, 6.0, -1461.0, 3533.0, 80.0, 0, 0, 0
L -1461.0, 3533.0, 80.0, -2610.0, 3610.0, 339.0, 0, 0, 0
L -2610.0, 3610.0, 339.0, -3459.0, 3593.0, 488.0, 0, 0, 0
L -900.0, 3335.0, -70.0, -928.0, 3229.0, -80.0, 0, 0, 255
L -928.0, 3229.0, -80.0, -954.0, 3113.0, -80.0, 0, 0, 255
L -954.0, 3113.0, -80.0, -1003.0, 3030.0, -80.0, 0, 0, 255
L -1003.0, 3030.0, -80.0, -982.0, 2954.0, -80.0, 0, 0, 255
L -982.0, 2954.0, -80.0, -967.0, 2936.0, -81.0, 0, 0, 255
L -967.0, 2936.0, -81.0, -949.0, 2884.0, -81.0, 0, 0, 255
L -949.0, 2884.0, -81.0, -901.0, 2867.0, -80.0, 0, 0, 255
L -901.0, 2867.0, -80.0, -891.0, 2840.0, -79.0, 0, 0, 255
L -891.0, 2840.0, -79.0, -882.0, 2744.0, -78.0, 0, 0, 255
L -882.0, 2744.0, -78.0, -868.0, 2728.0, -82.0, 0, 0, 255
L -868.0, 2728.0, -82.0, -869.0, 2660.0, -80.0, 0, 0, 255
L -869.0, 2660.0, -80.0, -856.0, 2631.0, -81.0, 0, 0, 255
L -856.0, 2631.0, -81.0, -854.0, 2575.0, -80.0, 0, 0, 255
L -854.0, 2575.0, -80.0, -797.0, 2565.0, -80.0, 0, 0, 255
L -797.0, 2565.0, -80.0, -784.0, 2545.0, -80.0, 0, 0, 255
L -784.0, 2545.0, -80.0, -763.0, 2533.0, -81.0, 0, 0, 255
L -763.0, 2533.0, -81.0, -758.0, 2490.0, -81.0, 0, 0, 255
L -758.0, 2490.0, -81.0, -756.0, 2476.0, -80.0, 0, 0, 255
L -756.0, 2476.0, -80.0, -752.0, 2475.0, -80.0, 0, 0, 255
L -752.0, 2475.0, -80.0, -698.0, 2467.0, -81.0, 0, 0, 255
L -698.0, 2467.0, -81.0, -686.0, 2448.0, -79.0, 0, 0, 255
L -686.0, 2448.0, -79.0, -599.0, 2431.0, -80.0, 0, 0, 255
L -599.0, 2431.0, -80.0, -537.0, 2394.0, -80.0, 0, 0, 255
L -537.0, 2394.0, -80.0, -500.0, 2354.0, -80.0, 0, 0, 255
L -500.0, 2354.0, -80.0, -470.0, 2354.0, -80.0, 0, 0, 255
L -470.0, 2354.0, -80.0, -448.0, 2317.0, -72.0, 0, 0, 255
L -414.0, 2357.0, -81.0, -398.0, 2350.0, -81.0, 0, 0, 255
L -398.0, 2350.0, -81.0, -385.0, 2349.0, -80.0, 0, 0, 255
L -385.0, 2349.0, -80.0, -297.0, 2369.0, -80.0, 0, 0, 255
L -297.0, 2369.0, -80.0, -261.0, 2371.0, -78.0, 0, 0, 255
L -261.0, 2371.0, -78.0, -197.0, 2397.0, -81.0, 0, 0, 255
L -197.0, 2397.0, -81.0, -43.0, 2413.0, -80.0, 0, 0, 255
L -43.0, 2413.0, -80.0, -11.0, 2415.0, -79.0, 0, 0, 255
L -11.0, 2415.0, -79.0, 65.0, 2429.0, -81.0, 0, 0, 255
L 65.0, 2429.0, -81.0, 103.0, 2436.0, -80.0, 0, 0, 255
L 103.0, 2436.0, -80.0, 211.0, 2443.0, -80.0, 0, 0, 255
L 211.0, 2443.0, -80.0, 303.0, 2431.0, -80.0, 0, 0, 255
L 303.0, 2431.0, -80.0, 402.0, 2449.0, -80.0, 0, 0, 255
L 402.0, 2449.0, -80.0, 494.0, 2527.0, -81.0, 0, 0, 255
L 494.0, 2527.0, -81.0, 505.0, 2533.0, -80.0, 0, 0, 255
L 505.0, 2533.0, -80.0, 603.0, 2634.0, -80.0, 0, 0, 255
L 603.0, 2634.0, -80.0, 666.0, 2732.0, -79.0, 0, 0, 255
L 666.0, 2732.0, -79.0, 681.0, 2816.0, -80.0, 0, 0, 255
L 681.0, 2816.0, -80.0, 690.0, 2836.0, -81.0, 0, 0, 255
L 690.0, 2836.0, -81.0, 719.0, 2932.0, -79.0, 0, 0, 255
L 719.0, 2932.0, -79.0, 716.0, 2950.0, -79.0, 0, 0, 255
L 716.0, 2950.0, -79.0, 724.0, 3070.0, -80.0, 0, 0, 255
L 724.0, 3070.0, -80.0, 721.0, 3168.0, -80.0, 0, 0, 255
L 721.0, 3168.0, -80.0, 710.0, 3237.0, -80.0, 0, 0, 255
L 710.0, 3237.0, -80.0, 710.0, 3243.0, -79.0, 0, 0, 255
L 710.0, 3243.0, -79.0, 698.0, 3273.0, -80.0, 0, 0, 255
L 698.0, 3273.0, -80.0, 677.0, 3314.0, -80.0, 0, 0, 255
L 677.0, 3314.0, -80.0, 660.0, 3336.0, -80.0, 0, 0, 255
L 660.0, 3336.0, -80.0, 650.0, 3386.0, -81.0, 0, 0, 255
L 650.0, 3386.0, -81.0, 623.0, 3400.0, -80.0, 0, 0, 255
L 623.0, 3400.0, -80.0, 582.0, 3424.0, -81.0, 0, 0, 255
L 582.0, 3424.0, -81.0, 556.0, 3486.0, -81.0, 0, 0, 255
L 556.0, 3486.0, -81.0, 497.0, 3538.0, -82.0, 0, 0, 255
L 497.0, 3538.0, -82.0, 475.0, 3611.0, -80.0, 0, 0, 255
L 475.0, 3611.0, -80.0, 435.0, 3634.0, -80.0, 0, 0, 255
L 435.0, 3634.0, -80.0, 401.0, 3639.0, -82.0, 0, 0, 255
L 401.0, 3639.0, -82.0, 381.0, 3716.0, -81.0, 0, 0, 255
L 381.0, 3716.0, -81.0, 370.0, 3756.0, -70.0, 0, 0, 255
L 370.0, 3756.0, -70.0, 324.0, 3802.0, -83.0, 0, 0, 255
L 324.0, 3802.0, -83.0, 161.0, 3814.0, -71.0, 0, 0, 0
L 161.0, 3814.0, -71.0, 131.0, 3811.0, -69.0, 0, 0, 0
L 131.0, 3811.0, -69.0, -180.0, 3766.0, -67.0, 0, 0, 0
L -180.0, 3766.0, -67.0, -441.0, 3714.0, -52.0, 0, 0, 0
L -441.0, 3714.0, -52.0, -501.0, 3659.0, -62.0, 0, 0, 255
L -501.0, 3659.0, -62.0, -588.0, 3631.0, -69.0, 0, 0, 255
L -588.0, 3631.0, -69.0, -694.0, 3528.0, -70.0, 0, 0, 255
L -694.0, 3528.0, -70.0, -802.0, 3445.0, -69.0, 0, 0, 255
L -802.0, 3445.0, -69.0, -900.0, 3335.0, -70.0, 0, 0, 255
L -414.0, 2357.0, -81.0, -448.0, 2317.0, -72.0, 0, 0, 255
L -448.0, 2317.0, -72.0, -451.0, 2272.0, -66.0, 0, 0, 255
L -451.0, 2272.0, -66.0, -455.0, 2258.0, -64.0, 0, 0, 255
L -455.0, 2258.0, -64.0, -457.0, 2244.0, -62.0, 0, 0, 255
L -457.0, 2244.0, -62.0, -453.0, 2230.0, -60.0, 0, 0, 255
L -453.0, 2230.0, -60.0, -450.0, 2215.0, -60.0, 0, 0, 255
L -450.0, 2215.0, -60.0, -448.0, 2192.0, -61.0, 0, 0, 255
L -448.0, 2192.0, -61.0, -448.0, 2176.0, -60.0, 0, 0, 255
L -448.0, 2176.0, -60.0, -450.0, 2145.0, -60.0, 0, 0, 255
L -450.0, 2145.0, -60.0, -441.0, 2116.0, -60.0, 0, 0, 255
L -441.0, 2116.0, -60.0, -434.0, 2105.0, -61.0, 0, 0, 255
L -434.0, 2105.0, -61.0, -421.0, 2095.0, -60.0, 0, 0, 255
L -421.0, 2095.0, -60.0, -398.0, 2082.0, -59.0, 0, 0, 255
L -398.0, 2082.0, -59.0, -375.0, 2061.0, -60.0, 0, 0, 255
L -375.0, 2061.0, -60.0, -365.0, 2049.0, -61.0, 0, 0, 255
L -365.0, 2049.0, -61.0, -350.0, 2023.0, -60.0, 0, 0, 255
L -350.0, 2023.0, -60.0, -349.0, 2009.0, -59.0, 0, 0, 255
L -349.0, 2009.0, -59.0, -349.0, 1979.0, -60.0, 0, 0, 255
L -349.0, 1979.0, -60.0, -354.0, 1949.0, -60.0, 0, 0, 255
L -354.0, 1949.0, -60.0, -353.0, 1934.0, -60.0, 0, 0, 255
L -353.0, 1934.0, -60.0, -347.0, 1903.0, -59.0, 0, 0, 255
L -347.0, 1903.0, -59.0, -346.0, 1888.0, -60.0, 0, 0, 255
L -346.0, 1888.0, -60.0, -349.0, 1857.0, -60.0, 0, 0, 255
L -349.0, 1857.0, -60.0, -351.0, 1841.0, -60.0, 0, 0, 255
L -351.0, 1841.0, -60.0, -350.0, 1810.0, -59.0, 0, 0, 255
L -350.0, 1810.0, -59.0, -350.0, 1795.0, -60.0, 0, 0, 255
L -350.0, 1795.0, -60.0, -356.0, 1765.0, -60.0, 0, 0, 255
L -356.0, 1765.0, -60.0, -354.0, 1750.0, -60.0, 0, 0, 255
L -354.0, 1750.0, -60.0, -349.0, 1729.0, -59.0, 0, 0, 255
L -349.0, 1729.0, -59.0, -345.0, 1699.0, -60.0, 0, 0, 255
L -345.0, 1699.0, -60.0, -348.0, 1668.0, -60.0, 0, 0, 255
L -348.0, 1668.0, -60.0, -349.0, 1653.0, -60.0, 0, 0, 255
L -349.0, 1653.0, -60.0, -350.0, 1622.0, -59.0, 0, 0, 255
L -350.0, 1622.0, -59.0, -349.0, 1606.0, -59.0, 0, 0, 255
L -349.0, 1606.0, -59.0, -352.0, 1576.0, -60.0, 0, 0, 255
L -352.0, 1576.0, -60.0, -353.0, 1542.0, -59.0, 0, 0, 255
L -353.0, 1542.0, -59.0, -352.0, 1527.0, -59.0, 0, 0, 255
L -352.0, 1527.0, -59.0, -349.0, 1495.0, -60.0, 0, 0, 255
L -349.0, 1495.0, -60.0, -351.0, 1463.0, -60.0, 0, 0, 255
L -351.0, 1463.0, -60.0, -352.0, 1449.0, -59.0, 0, 0, 255
L -352.0, 1449.0, -59.0, -348.0, 1406.0, -60.0, 0, 0, 255
L -348.0, 1406.0, -60.0, -349.0, 1389.0, -60.0, 0, 0, 255
L -349.0, 1389.0, -60.0, -369.0, 1372.0, -59.0, 0, 0, 255
L -369.0, 1372.0, -59.0, -383.0, 1373.0, -59.0, 0, 0, 255
L -383.0, 1373.0, -59.0, -411.0, 1385.0, -59.0, 0, 0, 255
L -411.0, 1385.0, -59.0, -426.0, 1386.0, -59.0, 0, 0, 255
L -426.0, 1386.0, -59.0, -455.0, 1387.0, -59.0, 0, 0, 255
L -455.0, 1387.0, -59.0, -483.0, 1387.0, -60.0, 0, 0, 255
L -483.0, 1387.0, -60.0, -498.0, 1384.0, -60.0, 0, 0, 255
L -498.0, 1384.0, -60.0, -521.0, 1368.0, -59.0, 0, 0, 255
L -521.0, 1368.0, -59.0, -540.0, 1347.0, -60.0, 0, 0, 255
L -540.0, 1347.0, -60.0, -549.0, 1337.0, -60.0, 0, 0, 255
L -549.0, 1337.0, -60.0, -567.0, 1313.0, -59.0, 0, 0, 255
L -567.0, 1313.0, -59.0, -579.0, 1301.0, -59.0, 0, 0, 255
L -579.0, 1301.0, -59.0, -621.0, 1292.0, -59.0, 0, 0, 255
L -621.0, 1292.0, -59.0, -636.0, 1292.0, -59.0, 0, 0, 255
L -636.0, 1292.0, -59.0, -667.0, 1289.0, -59.0, 0, 0, 255
L -667.0, 1289.0, -59.0, -682.0, 1286.0, -59.0, 0, 0, 255
L -682.0, 1286.0, -59.0, -710.0, 1278.0, -59.0, 0, 0, 255
L -710.0, 1278.0, -59.0, -732.0, 1260.0, -60.0, 0, 0, 255
L -732.0, 1260.0, -60.0, -739.0, 1247.0, -60.0, 0, 0, 255
L -739.0, 1247.0, -60.0, -750.0, 1221.0, -59.0, 0, 0, 255
L -750.0, 1221.0, -59.0, -752.0, 1190.0, -59.0, 0, 0, 255
L -752.0, 1190.0, -59.0, -752.0, 1175.0, -60.0, 0, 0, 255
L -752.0, 1175.0, -60.0, -756.0, 1145.0, -59.0, 0, 0, 255
L -756.0, 1145.0, -59.0, -752.0, 1131.0, -59.0, 0, 0, 255
L -752.0, 1131.0, -59.0, -746.0, 1100.0, -59.0, 0, 0, 255
L -746.0, 1100.0, -59.0, -746.0, 1069.0, -60.0, 0, 0, 255
L -746.0, 1069.0, -60.0, -748.0, 1036.0, -59.0, 0, 0, 255
L -748.0, 1036.0, -59.0, -752.0, 990.0, -60.0, 0, 0, 255
L -752.0, 990.0, -60.0, -753.0, 959.0, -59.0, 0, 0, 255
L -753.0, 959.0, -59.0, -747.0, 913.0, -59.0, 0, 0, 255
L -747.0, 913.0, -59.0, -746.0, 883.0, -60.0, 0, 0, 255
L -746.0, 883.0, -60.0, -746.0, 867.0, -60.0, 0, 0, 255
L -746.0, 867.0, -60.0, -746.0, 849.0, -59.0, 0, 0, 255
L -746.0, 849.0, -59.0, -742.0, 818.0, -58.0, 0, 0, 255
L -742.0, 818.0, -58.0, -742.0, 787.0, -59.0, 0, 0, 255
L -742.0, 787.0, -59.0, -744.0, 772.0, -60.0, 0, 0, 255
L -744.0, 772.0, -60.0, -751.0, 742.0, -59.0, 0, 0, 255
L -751.0, 742.0, -59.0, -756.0, 728.0, -58.0, 0, 0, 255
L -756.0, 728.0, -58.0, -773.0, 702.0, -59.0, 0, 0, 255
L -773.0, 702.0, -59.0, -799.0, 687.0, -59.0, 0, 0, 255
L -799.0, 687.0, -59.0, -811.0, 678.0, -59.0, 0, 0, 255
L -811.0, 678.0, -59.0, -830.0, 654.0, -59.0, 0, 0, 255
L -830.0, 654.0, -59.0, -840.0, 642.0, -59.0, 0, 0, 255
L -840.0, 642.0, -59.0, -858.0, 617.0, -60.0, 0, 0, 255
L -858.0, 617.0, -60.0, -890.0, 587.0, -59.0, 0, 0, 255
L -890.0, 587.0, -59.0, -997.0, 580.0, -60.0, 0, 0, 255
L -997.0, 580.0, -60.0, -1012.0, 582.0, -59.0, 0, 0, 255
L -1012.0, 582.0, -59.0, -1041.0, 586.0, -60.0, 0, 0, 255
L -1041.0, 586.0, -60.0, -1055.0, 587.0, -60.0, 0, 0, 255
L -1055.0, 587.0, -60.0, -1070.0, 587.0, -59.0, 0, 0, 255
L -1070.0, 587.0, -59.0, -1085.0, 585.0, -59.0, 0, 0, 255
L -1085.0, 585.0, -59.0, -1100.0, 584.0, -60.0, 0, 0, 255
L -1100.0, 584.0, -60.0, -1115.0, 581.0, -60.0, 0, 0, 255
L -1115.0, 581.0, -60.0, -1144.0, 586.0, -59.0, 0, 0, 255
L -1144.0, 586.0, -59.0, -1158.0, 586.0, -60.0, 0, 0, 255
L -1158.0, 586.0, -60.0, -1187.0, 581.0, -59.0, 0, 0, 255
L -1187.0, 581.0, -59.0, -1200.0, 575.0, -59.0, 0, 0, 255
L -1200.0, 575.0, -59.0, -1226.0, 560.0, -60.0, 0, 0, 255
L -1226.0, 560.0, -60.0, -1236.0, 550.0, -59.0, 0, 0, 255
L -1236.0, 550.0, -59.0, -1243.0, 538.0, -59.0, 0, 0, 255
L -1243.0, 538.0, -59.0, -1245.0, 508.0, -60.0, 0, 0, 255
L -1245.0, 508.0, -60.0, -1244.0, 492.0, -60.0, 0, 0, 255
L -1244.0, 492.0, -60.0, -1246.0, 477.0, -60.0, 0, 0, 255
L -1246.0, 477.0, -60.0, -1251.0, 462.0, -59.0, 0, 0, 255
L -1251.0, 462.0, -59.0, -1249.0, 431.0, -60.0, 0, 0, 255
L -1249.0, 431.0, -60.0, -1248.0, 401.0, -60.0, 0, 0, 255
L -1248.0, 401.0, -60.0, -1251.0, 373.0, -59.0, 0, 0, 255
L -1251.0, 373.0, -59.0, -1249.0, 162.0, -59.0, 0, 0, 255
L -1249.0, 162.0, -59.0, -1249.0, 85.0, -59.0, 0, 0, 255
L -1249.0, 85.0, -59.0, -1250.0, 69.0, -60.0, 0, 0, 255
L -1250.0, 69.0, -60.0, -1250.0, 53.0, -59.0, 0, 0, 255
L -1250.0, 53.0, -59.0, -1247.0, 21.0, -59.0, 0, 0, 255
L -1247.0, 21.0, -59.0, -1246.0, 7.0, -60.0, 0, 0, 255
L -1246.0, 7.0, -60.0, -1247.0, -23.0, -59.0, 0, 0, 255
L -1247.0, -23.0, -59.0, -1248.0, -39.0, -59.0, 0, 0, 255
L -1248.0, -39.0, -59.0, -1247.0, -55.0, -59.0, 0, 0, 255
L -1247.0, -55.0, -59.0, -1239.0, -84.0, -59.0, 0, 0, 255
L -1239.0, -84.0, -59.0, -1231.0, -97.0, -59.0, 0, 0, 255
L -1231.0, -97.0, -59.0, -1219.0, -107.0, -58.0, 0, 0, 255
L -1219.0, -107.0, -58.0, -1189.0, -115.0, -59.0, 0, 0, 255
L -1189.0, -115.0, -59.0, -1172.0, -116.0, -60.0, 0, 0, 255
L -1172.0, -116.0, -60.0, -1153.0, -116.0, -60.0, 0, 0, 255
L -1153.0, -116.0, -60.0, -1122.0, -117.0, -60.0, 0, 0, 255
L -1122.0, -117.0, -60.0, -1106.0, -118.0, -59.0, 0, 0, 255
L -1106.0, -118.0, -59.0, -1078.0, -131.0, -59.0, 0, 0, 255
L -1078.0, -131.0, -59.0, -1068.0, -142.0, -59.0, 0, 0, 255
L -1068.0, -142.0, -59.0, -1060.0, -155.0, -60.0, 0, 0, 255
L -1060.0, -155.0, -60.0, -1049.0, -213.0, -59.0, 0, 0, 255
L -1049.0, -213.0, -59.0, -1049.0, -304.0, -60.0, 0, 0, 255
L -1049.0, -304.0, -60.0, -1046.0, -368.0, -60.0, 0, 0, 255
L -1046.0, -368.0, -60.0, -1043.0, -381.0, -60.0, 0, 0, 255
L -1043.0, -381.0, -60.0, -1022.0, -402.0, -60.0, 0, 0, 255
L -1022.0, -402.0, -60.0, -1009.0, -410.0, -59.0, 0, 0, 255
L -1009.0, -410.0, -59.0, -979.0, -418.0, -59.0, 0, 0, 255
L -979.0, -418.0, -59.0, -960.0, -418.0, -59.0, 0, 0, 255
L -960.0, -418.0, -59.0, -937.0, -418.0, -60.0, 0, 0, 255
L -937.0, -418.0, -60.0, -922.0, -418.0, -60.0, 0, 0, 255
L -922.0, -418.0, -60.0, -906.0, -419.0, -60.0, 0, 0, 255
L -906.0, -419.0, -60.0, -878.0, -431.0, -59.0, 0, 0, 255
L -878.0, -431.0, -59.0, -868.0, -442.0, -59.0, 0, 0, 255
L -868.0, -442.0, -59.0, -855.0, -468.0, -60.0, 0, 0, 255
L -855.0, -468.0, -60.0, -852.0, -484.0, -60.0, 0, 0, 255
L -852.0, -484.0, -60.0, -851.0, -500.0, -59.0, 0, 0, 255
L -851.0, -500.0, -59.0, -851.0, -530.0, -59.0, 0, 0, 255
L -851.0, -530.0, -59.0, -849.0, -560.0, -60.0, 0, 0, 255
L -849.0, -560.0, -60.0, -847.0, -583.0, -59.0, 0, 0, 255
L -847.0, -583.0, -59.0, -845.0, -599.0, -59.0, 0, 0, 255
L -845.0, -599.0, -59.0, -844.0, -616.0, -60.0, 0, 0, 255
L -844.0, -616.0, -60.0, -846.0, -632.0, -60.0, 0, 0, 255
L -846.0, -632.0, -60.0, -848.0, -662.0, -59.0, 0, 0, 255
L -848.0, -662.0, -59.0, -846.0, -704.0, -60.0, 0, 0, 255
L -846.0, -704.0, -60.0, -847.0, -719.0, -59.0, 0, 0, 255
L -847.0, -719.0, -59.0, -850.0, -734.0, -59.0, 0, 0, 255
L -850.0, -734.0, -59.0, -851.0, -749.0, -60.0, 0, 0, 255
L -851.0, -749.0, -60.0, -848.0, -770.0, -60.0, 0, 0, 255
L -848.0, -770.0, -60.0, -846.0, -793.0, -59.0, 0, 0, 255
L -846.0, -793.0, -59.0, -845.0, -827.0, -60.0, 0, 0, 255
L -845.0, -827.0, -60.0, -847.0, -858.0, -59.0, 0, 0, 255
L -847.0, -858.0, -59.0, -847.0, -873.0, -60.0, 0, 0, 255
L -847.0, -873.0, -60.0, -845.0, -902.0, -59.0, 0, 0, 255
L -845.0, -902.0, -59.0, -848.0, -947.0, -59.0, 0, 0, 255
L -848.0, -947.0, -59.0, -848.0, -961.0, -59.0, 0, 0, 255
L -848.0, -961.0, -59.0, -834.0, -988.0, -60.0, 0, 0, 255
L -834.0, -988.0, -60.0, -825.0, -999.0, -59.0, 0, 0, 255
L -825.0, -999.0, -59.0, -799.0, -1012.0, -59.0, 0, 0, 255
L -799.0, -1012.0, -59.0, -778.0, -1012.0, -60.0, 0, 0, 255
L -778.0, -1012.0, -60.0, -762.0, -1015.0, -60.0, 0, 0, 255
L -762.0, -1015.0, -60.0, -732.0, -1019.0, -59.0, 0, 0, 255
L -732.0, -1019.0, -59.0, -718.0, -1019.0, -59.0, 0, 0, 255
L -718.0, -1019.0, -59.0, -702.0, -1017.0, -60.0, 0, 0, 255
L -702.0, -1017.0, -60.0, -672.0, -1014.0, -59.0, 0, 0, 255
L -672.0, -1014.0, -59.0, -656.0, -1015.0, -59.0, 0, 0, 255
L -656.0, -1015.0, -59.0, -631.0, -1029.0, -60.0, 0, 0, 255
L -631.0, -1029.0, -60.0, -639.0, -1056.0, -59.0, 0, 0, 255
L -639.0, -1056.0, -59.0, -645.0, -1070.0, -59.0, 0, 0, 255
L -645.0, -1070.0, -59.0, -652.0, -1091.0, -60.0, 0, 0, 255
L -652.0, -1091.0, -60.0, -655.0, -1103.0, -59.0, 0, 0, 255
L -655.0, -1103.0, -59.0, -658.0, -1119.0, -58.0, 0, 0, 255
L -658.0, -1119.0, -58.0, -658.0, -1133.0, -58.0, 0, 0, 255
L -658.0, -1133.0, -58.0, -654.0, -1167.0, -57.0, 0, 0, 255
L -654.0, -1167.0, -57.0, -652.0, -1183.0, -58.0, 0, 0, 255
L -652.0, -1183.0, -58.0, -650.0, -1213.0, -57.0, 0, 0, 255
L -650.0, -1213.0, -57.0, -650.0, -1230.0, -57.0, 0, 0, 255
L -650.0, -1230.0, -57.0, -650.0, -1255.0, -58.0, 0, 0, 255
L -650.0, -1255.0, -58.0, -650.0, -1302.0, -57.0, 0, 0, 255
L -650.0, -1302.0, -57.0, -650.0, -1351.0, -58.0, 0, 0, 255
L -650.0, -1351.0, -58.0, -649.0, -1410.0, -57.0, 0, 0, 255
L -649.0, -1410.0, -57.0, -650.0, -1441.0, -57.0, 0, 0, 255
L -650.0, -1441.0, -57.0, -652.0, -1456.0, -58.0, 0, 0, 255
L -652.0, -1456.0, -58.0, -651.0, -1471.0, -58.0, 0, 0, 255
L -651.0, -1471.0, -58.0, -650.0, -1511.0, -57.0, 0, 0, 255
L -650.0, -1511.0, -57.0, -653.0, -1554.0, -58.0, 0, 0, 255
L -653.0, -1554.0, -58.0, -652.0, -1570.0, -58.0, 0, 0, 255
L -652.0, -1570.0, -58.0, -647.0, -1606.0, -57.0, 0, 0, 255
L -647.0, -1606.0, -57.0, -647.0, -1621.0, -57.0, 0, 0, 255
L -647.0, -1621.0, -57.0, -650.0, -1655.0, -57.0, 0, 0, 255
L -650.0, -1655.0, -57.0, -650.0, -1671.0, -58.0, 0, 0, 255
L -650.0, -1671.0, -58.0, -645.0, -1701.0, -58.0, 0, 0, 255
L -645.0, -1701.0, -58.0, -644.0, -1717.0, -58.0, 0, 0, 255
L -644.0, -1717.0, -58.0, -647.0, -1748.0, -57.0, 0, 0, 255
L -647.0, -1748.0, -57.0, -648.0, -1762.0, -57.0, 0, 0, 255
L -648.0, -1762.0, -57.0, -645.0, -1796.0, -58.0, 0, 0, 255
L -645.0, -1796.0, -58.0, -645.0, -1811.0, -58.0, 0, 0, 255
L -645.0, -1811.0, -58.0, -659.0, -1834.0, -57.0, 0, 0, 255
L -659.0, -1834.0, -57.0, -684.0, -1823.0, -57.0, 0, 0, 255
L -684.0, -1823.0, -57.0, -697.0, -1819.0, -57.0, 0, 0, 255
L -697.0, -1819.0, -57.0, -726.0, -1822.0, -57.0, 0, 0, 255
L -726.0, -1822.0, -57.0, -757.0, -1820.0, -57.0, 0, 0, 255
L -757.0, -1820.0, -57.0, -775.0, -1817.0, -57.0, 0, 0, 255
L -775.0, -1817.0, -57.0, -803.0, -1808.0, -57.0, 0, 0, 255
L -803.0, -1808.0, -57.0, -817.0, -1803.0, -57.0, 0, 0, 255
L -817.0, -1803.0, -57.0, -846.0, -1805.0, -57.0, 0, 0, 255
L -846.0, -1805.0, -57.0, -857.0, -1816.0, -57.0, 0, 0, 255
L -857.0, -1816.0, -57.0, -861.0, -1845.0, -57.0, 0, 0, 255
L -861.0, -1845.0, -57.0, -854.0, -1858.0, -58.0, 0, 0, 255
L -854.0, -1858.0, -58.0, -849.0, -1888.0, -57.0, 0, 0, 255
L -849.0, -1888.0, -57.0, -846.0, -1903.0, -57.0, 0, 0, 255
L -846.0, -1903.0, -57.0, -857.0, -1928.0, -57.0, 0, 0, 255
L -857.0, -1928.0, -57.0, -870.0, -1932.0, -57.0, 0, 0, 255
L -870.0, -1932.0, -57.0, -898.0, -1923.0, -57.0, 0, 0, 255
L -898.0, -1923.0, -57.0, -913.0, -1924.0, -57.0, 0, 0, 255
L -913.0, -1924.0, -57.0, -926.0, -1934.0, -58.0, 0, 0, 255
L -926.0, -1934.0, -58.0, -944.0, -1958.0, -57.0, 0, 0, 255
L -944.0, -1958.0, -57.0, -955.0, -1972.0, -56.0, 0, 0, 255
L -955.0, -1972.0, -56.0, -977.0, -1996.0, -57.0, 0, 0, 255
L -977.0, -1996.0, -57.0, -992.0, -2003.0, -57.0, 0, 0, 255
L -992.0, -2003.0, -57.0, -1021.0, -2006.0, -57.0, 0, 0, 255
L -1021.0, -2006.0, -57.0, -1036.0, -2008.0, -57.0, 0, 0, 255
L -1036.0, -2008.0, -57.0, -1066.0, -2009.0, -57.0, 0, 0, 255
L -1066.0, -2009.0, -57.0, -1095.0, -2016.0, -57.0, 0, 0, 255
L -1095.0, -2016.0, -57.0, -1109.0, -2022.0, -57.0, 0, 0, 255
L -1109.0, -2022.0, -57.0, -1121.0, -2031.0, -57.0, 0, 0, 255
L -1121.0, -2031.0, -57.0, -1140.0, -2058.0, -58.0, 0, 0, 255
L -1140.0, -2058.0, -58.0, -1145.0, -2073.0, -57.0, 0, 0, 255
L -1145.0, -2073.0, -57.0, -1145.0, -2103.0, -57.0, 0, 0, 255
L -1145.0, -2103.0, -57.0, -1146.0, -2117.0, -57.0, 0, 0, 255
L -1146.0, -2117.0, -57.0, -1148.0, -2147.0, -58.0, 0, 0, 255
L -1148.0, -2147.0, -58.0, -1145.0, -2162.0, -57.0, 0, 0, 255
L -1145.0, -2162.0, -57.0, -1142.0, -2193.0, -56.0, 0, 0, 255
L -1142.0, -2193.0, -56.0, -1144.0, -2214.0, -57.0, 0, 0, 255
L -1144.0, -2214.0, -57.0, -1148.0, -2242.0, -57.0, 0, 0, 255
L -1148.0, -2242.0, -57.0, -1147.0, -2274.0, -56.0, 0, 0, 255
L -1147.0, -2274.0, -56.0, -1145.0, -2288.0, -57.0, 0, 0, 255
L -1145.0, -2288.0, -57.0, -1144.0, -2304.0, -57.0, 0, 0, 255
L -1144.0, -2304.0, -57.0, -1146.0, -2334.0, -57.0, 0, 0, 255
L -1146.0, -2334.0, -57.0, -1150.0, -2353.0, -56.0, 0, 0, 255
L -1150.0, -2353.0, -56.0, -1155.0, -2368.0, -57.0, 0, 0, 255
L -1155.0, -2368.0, -57.0, -1173.0, -2392.0, -57.0, 0, 0, 255
L -1173.0, -2392.0, -57.0, -1186.0, -2401.0, -57.0, 0, 0, 255
L -1186.0, -2401.0, -57.0, -1213.0, -2412.0, -57.0, 0, 0, 255
L -1213.0, -2412.0, -57.0, -1227.0, -2409.0, -57.0, 0, 0, 255
L -1227.0, -2409.0, -57.0, -1257.0, -2411.0, -57.0, 0, 0, 255
L -1257.0, -2411.0, -57.0, -1272.0, -2414.0, -57.0, 0, 0, 255
L -1272.0, -2414.0, -57.0, -1288.0, -2415.0, -57.0, 0, 0, 255
L -1288.0, -2415.0, -57.0, -1322.0, -2418.0, -57.0, 0, 0, 255
L -1322.0, -2418.0, -57.0, -1336.0, -2413.0, -57.0, 0, 0, 255
L -1336.0, -2413.0, -57.0, -1366.0, -2412.0, -57.0, 0, 0, 255
L -1366.0, -2412.0, -57.0, -1381.0, -2416.0, -57.0, 0, 0, 255
L -1381.0, -2416.0, -57.0, -1410.0, -2425.0, -57.0, 0, 0, 255
L -1410.0, -2425.0, -57.0, -1422.0, -2432.0, -57.0, 0, 0, 255
L -1422.0, -2432.0, -57.0, -1439.0, -2457.0, -57.0, 0, 0, 255
L -1439.0, -2457.0, -57.0, -1444.0, -2471.0, -57.0, 0, 0, 255
L -1444.0, -2471.0, -57.0, -1445.0, -2502.0, -56.0, 0, 0, 255
L -1445.0, -2502.0, -56.0, -1448.0, -2515.0, -57.0, 0, 0, 255
L -1448.0, -2515.0, -57.0, -1449.0, -2547.0, -57.0, 0, 0, 255
L -1449.0, -2547.0, -57.0, -1446.0, -2563.0, -57.0, 0, 0, 255
L -1446.0, -2563.0, -57.0, -1444.0, -2593.0, -57.0, 0, 0, 255
L -1444.0, -2593.0, -57.0, -1444.0, -2609.0, -57.0, 0, 0, 255
L -1444.0, -2609.0, -57.0, -1447.0, -2662.0, -57.0, 0, 0, 255
L -1447.0, -2662.0, -57.0, -1446.0, -2678.0, -57.0, 0, 0, 255
L -1446.0, -2678.0, -57.0, -1446.0, -2709.0, -57.0, 0, 0, 255
L -1446.0, -2709.0, -57.0, -1448.0, -2724.0, -56.0, 0, 0, 255
L -1448.0, -2724.0, -56.0, -1455.0, -2756.0, -57.0, 0, 0, 255
L -1455.0, -2756.0, -57.0, -1460.0, -2771.0, -57.0, 0, 0, 255
L -1460.0, -2771.0, -57.0, -1466.0, -2801.0, -56.0, 0, 0, 255
L -1466.0, -2801.0, -56.0, -1462.0, -2817.0, -57.0, 0, 0, 255
L -1462.0, -2817.0, -57.0, -1438.0, -2829.0, -57.0, 0, 0, 255
L -1438.0, -2829.0, -57.0, -1423.0, -2826.0, -57.0, 0, 0, 255
L -1423.0, -2826.0, -57.0, -1393.0, -2819.0, -56.0, 0, 0, 255
L -1393.0, -2819.0, -56.0, -1378.0, -2815.0, -57.0, 0, 0, 255
L -1378.0, -2815.0, -57.0, -1348.0, -2815.0, -58.0, 0, 0, 255
L -1348.0, -2815.0, -58.0, -1335.0, -2821.0, -57.0, 0, 0, 255
L -1335.0, -2821.0, -57.0, -1328.0, -2847.0, -56.0, 0, 0, 255
L -1328.0, -2847.0, -56.0, -1333.0, -2861.0, -56.0, 0, 0, 255
L -1333.0, -2861.0, -56.0, -1350.0, -2883.0, -57.0, 0, 0, 255
L -1350.0, -2883.0, -57.0, -1357.0, -2895.0, -57.0, 0, 0, 255
L -1357.0, -2895.0, -57.0, -1349.0, -2920.0, -56.0, 0, 0, 255
L -1349.0, -2920.0, -56.0, -1336.0, -2920.0, -57.0, 0, 0, 255
L -1336.0, -2920.0, -57.0, -1302.0, -2917.0, -57.0, 0, 0, 255
L -1302.0, -2917.0, -57.0, -1287.0, -2915.0, -57.0, 0, 0, 255
L -1287.0, -2915.0, -57.0, -1257.0, -2914.0, -56.0, 0, 0, 255
L -1257.0, -2914.0, -56.0, -1216.0, -2917.0, -57.0, 0, 0, 255
L -1216.0, -2917.0, -57.0, -1202.0, -2916.0, -57.0, 0, 0, 255
L -1202.0, -2916.0, -57.0, -1168.0, -2913.0, -56.0, 0, 0, 255
L -1168.0, -2913.0, -56.0, -1148.0, -2913.0, -52.0, 0, 0, 255
L -1148.0, -2913.0, -52.0, -1134.0, -2914.0, -50.0, 0, 0, 255
L -1134.0, -2914.0, -50.0, -1118.0, -2915.0, -47.0, 0, 0, 255
L -1118.0, -2915.0, -47.0, -1085.0, -2913.0, -41.0, 0, 0, 255
L -1085.0, -2913.0, -41.0, -1070.0, -2910.0, -39.0, 0, 0, 255
L -1070.0, -2910.0, -39.0, -1038.0, -2912.0, -34.0, 0, 0, 255
L -1038.0, -2912.0, -34.0, -1022.0, -2912.0, -31.0, 0, 0, 255
L -1022.0, -2912.0, -31.0, -992.0, -2914.0, -27.0, 0, 0, 255
L -992.0, -2914.0, -27.0, -976.0, -2914.0, -27.0, 0, 0, 255
L -976.0, -2914.0, -27.0, -962.0, -2913.0, -27.0, 0, 0, 255
L -962.0, -2913.0, -27.0, -940.0, -2927.0, -26.0, 0, 0, 255
L -940.0, -2927.0, -26.0, -936.0, -2941.0, -26.0, 0, 0, 255
L -936.0, -2941.0, -26.0, -941.0, -2973.0, -26.0, 0, 0, 255
L -941.0, -2973.0, -26.0, -945.0, -2988.0, -26.0, 0, 0, 255
L -945.0, -2988.0, -26.0, -948.0, -3021.0, -26.0, 0, 0, 255
L -948.0, -3021.0, -26.0, -953.0, -3035.0, -25.0, 0, 0, 255
L -953.0, -3035.0, -25.0, -956.0, -3050.0, -25.0, 0, 0, 255
L -956.0, -3050.0, -25.0, -952.0, -3082.0, -26.0, 0, 0, 255
L -952.0, -3082.0, -26.0, -950.0, -3096.0, -26.0, 0, 0, 255
L -950.0, -3096.0, -26.0, -950.0, -3125.0, -26.0, 0, 0, 255
L -950.0, -3125.0, -26.0, -951.0, -3141.0, -27.0, 0, 0, 255
L -951.0, -3141.0, -27.0, -951.0, -3168.0, -29.0, 0, 0, 255
L -951.0, -3168.0, -29.0, -952.0, -3217.0, -35.0, 0, 0, 255
L -952.0, -3217.0, -35.0, -949.0, -3248.0, -37.0, 0, 0, 255
L -949.0, -3248.0, -37.0, -949.0, -3263.0, -39.0, 0, 0, 255
L -949.0, -3263.0, -39.0, -949.0, -3278.0, -43.0, 0, 0, 255
L -949.0, -3278.0, -43.0, -950.0, -3312.0, -46.0, 0, 0, 255
L -950.0, -3312.0, -46.0, -951.0, -3359.0, -51.0, 0, 0, 255
L -951.0, -3359.0, -51.0, -952.0, -3408.0, -55.0, 0, 0, 255
L -952.0, -3408.0, -55.0, -954.0, -3457.0, -59.0, 0, 0, 255
L -954.0, -3457.0, -59.0, -952.0, -3506.0, -64.0, 0, 0, 255
L -952.0, -3506.0, -64.0, -951.0, -3521.0, -65.0, 0, 0, 255
L -951.0, -3521.0, -65.0, -952.0, -3552.0, -62.0, 0, 0, 255
L -952.0, -3552.0, -62.0, -951.0, -3581.0, -61.0, 0, 0, 255
L -951.0, -3581.0, -61.0, -949.0, -3597.0, -61.0, 0, 0, 255
L -949.0, -3597.0, -61.0, -951.0, -3624.0, -61.0, 0, 0, 255
L -951.0, -3624.0, -61.0, -956.0, -3637.0, -61.0, 0, 0, 255
L -956.0, -3637.0, -61.0, -957.0, -3667.0, -60.0, 0, 0, 255
L -957.0, -3667.0, -60.0, -955.0, -3686.0, -61.0, 0, 0, 255
L -955.0, -3686.0, -61.0, -957.0, -3715.0, -61.0, 0, 0, 255
L 1677.0, -1675.0, 56.0, 1664.0, -1671.0, 70.0, 150, 150, 150
L 1664.0, -1671.0, 70.0, 1652.0, -1706.0, 60.0, 150, 150, 150
L 1652.0, -1706.0, 60.0, 1654.0, -1717.0, 53.0, 150, 150, 150
L 1655.0, -1728.0, 54.0, 1669.0, -1748.0, 53.0, 150, 150, 150
L 1669.0, -1748.0, 53.0, 1672.0, -1769.0, 50.0, 150, 150, 150
L 1672.0, -1769.0, 50.0, 1671.0, -1787.0, 49.0, 150, 150, 150
L 1671.0, -1787.0, 49.0, 1658.0, -1817.0, 52.0, 150, 150, 150
L 1658.0, -1817.0, 52.0, 1651.0, -1877.0, 52.0, 150, 150, 150
L 1651.0, -1877.0, 52.0, 1641.0, -1889.0, 51.0, 150, 150, 150
L 1641.0, -1889.0, 51.0, 1628.0, -1894.0, 52.0, 150, 150, 150
L 1628.0, -1894.0, 52.0, 1623.0, -1902.0, 52.0, 150, 150, 150
L 1623.0, -1902.0, 52.0, 1617.0, -1912.0, 51.0, 150, 150, 150
L 1617.0, -1912.0, 51.0, 1615.0, -1928.0, 49.0, 150, 150, 150
L 1615.0, -1928.0, 49.0, 1611.0, -1946.0, 47.0, 150, 150, 150
L 1611.0, -1946.0, 47.0, 1610.0, -1955.0, 46.0, 150, 150, 150
L 1610.0, -1955.0, 46.0, 1605.0, -1963.0, 49.0, 150, 150, 150
L 1605.0, -1963.0, 49.0, 1598.0, -1962.0, 47.0, 150, 150, 150
L 1598.0, -1962.0, 47.0, 1596.0, -1941.0, 50.0, 150, 150, 150
L 1596.0, -1941.0, 50.0, 1596.0, -1916.0, 54.0, 150, 150, 150
L 1596.0, -1916.0, 54.0, 1599.0, -1899.0, 55.0, 150, 150, 150
L 1599.0, -1899.0, 55.0, 1604.0, -1887.0, 56.0, 150, 150, 150
L 1604.0, -1887.0, 56.0, 1612.0, -1882.0, 56.0, 150, 150, 150
L 1612.0, -1882.0, 56.0, 1623.0, -1869.0, 56.0, 150, 150, 150
L 1623.0, -1869.0, 56.0, 1628.0, -1821.0, 54.0, 150, 150, 150
L 1628.0, -1821.0, 54.0, 1631.0, -1814.0, 53.0, 150, 150, 150
L 1631.0, -1814.0, 53.0, 1641.0, -1788.0, 49.0, 150, 150, 150
L 1641.0, -1788.0, 49.0, 1628.0, -1735.0, 52.0, 150, 150, 150
L 1628.0, -1735.0, 52.0, 1611.0, -1736.0, 46.0, 150, 150, 150
L 1611.0, -1736.0, 46.0, 1580.0, -1716.0, 46.0, 150, 150, 150
L 1580.0, -1716.0, 46.0, 1578.0, -1690.0, 46.0, 150, 150, 150
L 1578.0, -1690.0, 46.0, 1570.0, -1681.0, 46.0, 150, 150, 150
L 1570.0, -1681.0, 46.0, 1584.0, -1675.0, 46.0, 150, 150, 150
L 1584.0, -1675.0, 46.0, 1575.0, -1647.0, 47.0, 150, 150, 150
L 1575.0, -1647.0, 47.0, 1553.0, -1638.0, 48.0, 150, 150, 150
L 1553.0, -1638.0, 48.0, 1537.0, -1639.0, 47.0, 150, 150, 150
L 1537.0, -1639.0, 47.0, 1522.0, -1631.0, 46.0, 150, 150, 150
L 1522.0, -1631.0, 46.0, 1518.0, -1613.0, 45.0, 150, 150, 150
L 1518.0, -1613.0, 45.0, 1518.0, -1601.0, 45.0, 150, 150, 150
L 1518.0, -1601.0, 45.0, 1509.0, -1586.0, 45.0, 150, 150, 150
L 1509.0, -1586.0, 45.0, 1506.0, -1564.0, 45.0, 150, 150, 150
L 1506.0, -1564.0, 45.0, 1516.0, -1549.0, 45.0, 150, 150, 150
L 1516.0, -1549.0, 45.0, 1534.0, -1546.0, 46.0, 150, 150, 150
L 1534.0, -1546.0, 46.0, 1539.0, -1533.0, 46.0, 150, 150, 150
L 1539.0, -1533.0, 46.0, 1525.0, -1509.0, 46.0, 150, 150, 150
L 1525.0, -1509.0, 46.0, 1516.0, -1480.0, 46.0, 150, 150, 150
L 1516.0, -1480.0, 46.0, 1494.0, -1470.0, 46.0, 150, 150, 150
L 1494.0, -1470.0, 46.0, 1476.0, -1474.0, 51.0, 150, 150, 150
L 1476.0, -1474.0, 51.0, 1452.0, -1480.0, 46.0, 150, 150, 150
L 1452.0, -1480.0, 46.0, 1442.0, -1479.0, 46.0, 150, 150, 150
L 1442.0, -1479.0, 46.0, 1437.0, -1481.0, 46.0, 150, 150, 150
L 1437.0, -1481.0, 46.0, 1431.0, -1496.0, 47.0, 150, 150, 150
L 1431.0, -1496.0, 47.0, 1426.0, -1532.0, 46.0, 150, 150, 150
L 1426.0, -1532.0, 46.0, 1422.0, -1538.0, 46.0, 150, 150, 150
L 1422.0, -1538.0, 46.0, 1413.0, -1544.0, 46.0, 150, 150, 150
L 1413.0, -1544.0, 46.0, 1410.0, -1542.0, 46.0, 150, 150, 150
L 1410.0, -1542.0, 46.0, 1407.0, -1537.0, 46.0, 150, 150, 150
L 1407.0, -1537.0, 46.0, 1405.0, -1530.0, 46.0, 150, 150, 150
L 1405.0, -1530.0, 46.0, 1404.0, -1519.0, 46.0, 150, 150, 150
L 1404.0, -1519.0, 46.0, 1405.0, -1499.0, 46.0, 150, 150, 150
L 1405.0, -1499.0, 46.0, 1410.0, -1485.0, 46.0, 150, 150, 150
L 1410.0, -1485.0, 46.0, 1415.0, -1470.0, 48.0, 150, 150, 150
L 1415.0, -1470.0, 48.0, 1426.0, -1460.0, 48.0, 150, 150, 150
L 1426.0, -1460.0, 48.0, 1438.0, -1460.0, 46.0, 150, 150, 150
L 1438.0, -1460.0, 46.0, 1463.0, -1451.0, 46.0, 150, 150, 150
L 1463.0, -1451.0, 46.0, 1468.0, -1445.0, 46.0, 150, 150, 150
L 1468.0, -1445.0, 46.0, 1473.0, -1439.0, 47.0, 150, 150, 150
L 1473.0, -1439.0, 47.0, 1479.0, -1434.0, 46.0, 150, 150, 150
L 1479.0, -1434.0, 46.0, 1494.0, -1431.0, 46.0, 150, 150, 150
L 1494.0, -1431.0, 46.0, 1503.0, -1431.0, 46.0, 150, 150, 150
L 1503.0, -1431.0, 46.0, 1515.0, -1432.0, 49.0, 150, 150, 150
L 1515.0, -1432.0, 49.0, 1520.0, -1433.0, 49.0, 150, 150, 150
L 1520.0, -1433.0, 49.0, 1525.0, -1435.0, 50.0, 150, 150, 150
L 1525.0, -1435.0, 50.0, 1537.0, -1436.0, 46.0, 150, 150, 150
L 1537.0, -1436.0, 46.0, 1548.0, -1438.0, 46.0, 150, 150, 150
L 1548.0, -1438.0, 46.0, 1556.0, -1442.0, 46.0, 150, 150, 150
L 1556.0, -1442.0, 46.0, 1576.0, -1453.0, 46.0, 150, 150, 150
L 1576.0, -1453.0, 46.0, 1584.0, -1458.0, 46.0, 150, 150, 150
L 1584.0, -1458.0, 46.0, 1604.0, -1459.0, 46.0, 150, 150, 150
L 1604.0, -1459.0, 46.0, 1623.0, -1456.0, 48.0, 150, 150, 150
L 1623.0, -1456.0, 48.0, 1648.0, -1454.0, 46.0, 150, 150, 150
L 1648.0, -1454.0, 46.0, 1663.0, -1465.0, 46.0, 150, 150, 150
L 1663.0, -1465.0, 46.0, 1667.0, -1478.0, 49.0, 150, 150, 150
L 1667.0, -1478.0, 49.0, 1667.0, -1469.0, 46.0, 150, 150, 150
L 1667.0, -1469.0, 46.0, 1673.0, -1465.0, 46.0, 150, 150, 150
L 1673.0, -1465.0, 46.0, 1681.0, -1448.0, 50.0, 150, 150, 150
L 1681.0, -1448.0, 50.0, 1680.0, -1429.0, 48.0, 150, 150, 150
L 1680.0, -1429.0, 48.0, 1677.0, -1413.0, 48.0, 150, 150, 150
L 1677.0, -1413.0, 48.0, 1677.0, -1379.0, 47.0, 150, 150, 150
L 1677.0, -1379.0, 47.0, 1671.0, -1358.0, 48.0, 150, 150, 150
L 1671.0, -1358.0, 48.0, 1664.0, -1345.0, 47.0, 150, 150, 150
L 1664.0, -1345.0, 47.0, 1663.0, -1338.0, 47.0, 150, 150, 150
L 1663.0, -1338.0, 47.0, 1677.0, -1343.0, 47.0, 150, 150, 150
L 1677.0, -1343.0, 47.0, 1691.0, -1364.0, 47.0, 150, 150, 150
L 1691.0, -1364.0, 47.0, 1697.0, -1375.0, 47.0, 150, 150, 150
L 1697.0, -1375.0, 47.0, 1714.0, -1372.0, 47.0, 150, 150, 150
L 1714.0, -1372.0, 47.0, 1727.0, -1364.0, 47.0, 150, 150, 150
L 1727.0, -1364.0, 47.0, 1735.0, -1358.0, 47.0, 150, 150, 150
L 1735.0, -1358.0, 47.0, 1743.0, -1354.0, 47.0, 150, 150, 150
L 1743.0, -1354.0, 47.0, 1745.0, -1357.0, 49.0, 150, 150, 150
L 1745.0, -1357.0, 49.0, 1744.0, -1370.0, 47.0, 150, 150, 150
L 1744.0, -1370.0, 47.0, 1735.0, -1384.0, 47.0, 150, 150, 150
L 1735.0, -1384.0, 47.0, 1720.0, -1395.0, 47.0, 150, 150, 150
L 1720.0, -1395.0, 47.0, 1710.0, -1401.0, 47.0, 150, 150, 150
L 1710.0, -1401.0, 47.0, 1702.0, -1405.0, 49.0, 150, 150, 150
L 1702.0, -1405.0, 49.0, 1707.0, -1414.0, 47.0, 150, 150, 150
L 1707.0, -1414.0, 47.0, 1713.0, -1428.0, 47.0, 150, 150, 150
L 1713.0, -1428.0, 47.0, 1715.0, -1442.0, 46.0, 150, 150, 150
L 1715.0, -1442.0, 46.0, 1714.0, -1454.0, 46.0, 150, 150, 150
L 1714.0, -1454.0, 46.0, 1710.0, -1466.0, 50.0, 150, 150, 150
L 1710.0, -1466.0, 50.0, 1707.0, -1483.0, 46.0, 150, 150, 150
L 1707.0, -1483.0, 46.0, 1701.0, -1494.0, 50.0, 150, 150, 150
L 1701.0, -1494.0, 50.0, 1711.0, -1492.0, 46.0, 150, 150, 150
L 1711.0, -1492.0, 46.0, 1732.0, -1495.0, 48.0, 150, 150, 150
L 1732.0, -1495.0, 48.0, 1744.0, -1505.0, 47.0, 150, 150, 150
L 1744.0, -1505.0, 47.0, 1749.0, -1525.0, 47.0, 150, 150, 150
L 1749.0, -1525.0, 47.0, 1745.0, -1545.0, 46.0, 150, 150, 150
L 1745.0, -1545.0, 46.0, 1734.0, -1569.0, 46.0, 150, 150, 150
L 1734.0, -1569.0, 46.0, 1728.0, -1588.0, 46.0, 150, 150, 150
L 1728.0, -1588.0, 46.0, 1736.0, -1612.0, 46.0, 150, 150, 150
L 1736.0, -1612.0, 46.0, 1741.0, -1629.0, 47.0, 150, 150, 150
L 1741.0, -1629.0, 47.0, 1740.0, -1642.0, 47.0, 150, 150, 150
L 1740.0, -1642.0, 47.0, 1743.0, -1646.0, 47.0, 150, 150, 150
L 1743.0, -1646.0, 47.0, 1748.0, -1656.0, 47.0, 150, 150, 150
L 1748.0, -1656.0, 47.0, 1760.0, -1663.0, 50.0, 150, 150, 150
L 1760.0, -1663.0, 50.0, 1768.0, -1668.0, 47.0, 150, 150, 150
L 1768.0, -1668.0, 47.0, 1784.0, -1684.0, 47.0, 150, 150, 150
L 1784.0, -1684.0, 47.0, 1789.0, -1700.0, 47.0, 150, 150, 150
L 1789.0, -1700.0, 47.0, 1796.0, -1734.0, 47.0, 150, 150, 150
L 1796.0, -1734.0, 47.0, 1810.0, -1760.0, 48.0, 150, 150, 150
L 1810.0, -1760.0, 48.0, 1817.0, -1784.0, 49.0, 150, 150, 150
L 1817.0, -1784.0, 49.0, 1818.0, -1794.0, 50.0, 150, 150, 150
L 1818.0, -1794.0, 50.0, 1816.0, -1804.0, 49.0, 150, 150, 150
L 1816.0, -1804.0, 49.0, 1808.0, -1819.0, 48.0, 150, 150, 150
L 1808.0, -1819.0, 48.0, 1803.0, -1832.0, 53.0, 150, 150, 150
L 1803.0, -1832.0, 53.0, 1806.0, -1839.0, 49.0, 150, 150, 150
L 1806.0, -1839.0, 49.0, 1814.0, -1858.0, 49.0, 150, 150, 150
L 1814.0, -1858.0, 49.0, 1821.0, -1874.0, 48.0, 150, 150, 150
L 1821.0, -1874.0, 48.0, 1821.0, -1887.0, 49.0, 150, 150, 150
L 1821.0, -1887.0, 49.0, 1811.0, -1891.0, 50.0, 150, 150, 150
L 1811.0, -1891.0, 50.0, 1803.0, -1877.0, 48.0, 150, 150, 150
L 1803.0, -1877.0, 48.0, 1786.0, -1849.0, 47.0, 150, 150, 150
L 1786.0, -1849.0, 47.0, 1780.0, -1832.0, 47.0, 150, 150, 150
L 1780.0, -1832.0, 47.0, 1781.0, -1824.0, 47.0, 150, 150, 150
L 1781.0, -1824.0, 47.0, 1787.0, -1802.0, 47.0, 150, 150, 150
L 1787.0, -1802.0, 47.0, 1777.0, -1776.0, 47.0, 150, 150, 150
L 1777.0, -1776.0, 47.0, 1767.0, -1756.0, 47.0, 150, 150, 150
L 1767.0, -1756.0, 47.0, 1765.0, -1733.0, 47.0, 150, 150, 150
L 1765.0, -1733.0, 47.0, 1756.0, -1708.0, 50.0, 150, 150, 150
L 1756.0, -1708.0, 50.0, 1741.0, -1695.0, 47.0, 150, 150, 150
L 1741.0, -1695.0, 47.0, 1720.0, -1679.0, 47.0, 150, 150, 150
L 1720.0, -1679.0, 47.0, 1711.0, -1679.0, 47.0, 150, 150, 150
L 1711.0, -1679.0, 47.0, 1693.0, -1675.0, 50.0, 150, 150, 150
L 1693.0, -1675.0, 50.0, 1692.0, -1668.0, 48.0, 150, 150, 150
L 1692.0, -1668.0, 48.0, 1709.0, -1667.0, 48.0, 150, 150, 150
L 1709.0, -1667.0, 48.0, 1713.0, -1664.0, 48.0, 150, 150, 150
L 1713.0, -1664.0, 48.0, 1721.0, -1647.0, 48.0, 150, 150, 150
L 1721.0, -1647.0, 48.0, 1726.0, -1646.0, 48.0, 150, 150, 150
L 1726.0, -1646.0, 48.0, 1730.0, -1639.0, 48.0, 150, 150, 150
L 1730.0, -1639.0, 48.0, 1727.0, -1626.0, 48.0, 150, 150, 150
L 1727.0, -1626.0, 48.0, 1721.0, -1612.0, 48.0, 150, 150, 150
L 1721.0, -1612.0, 48.0, 1717.0, -1577.0, 48.0, 150, 150, 150
L 1717.0, -1577.0, 48.0, 1718.0, -1571.0, 48.0, 150, 150, 150
L 1718.0, -1571.0, 48.0, 1725.0, -1558.0, 48.0, 150, 150, 150
L 1725.0, -1558.0, 48.0, 1732.0, -1546.0, 48.0, 150, 150, 150
L 1732.0, -1546.0, 48.0, 1739.0, -1526.0, 48.0, 150, 150, 150
L 1739.0, -1526.0, 48.0, 1737.0, -1515.0, 48.0, 150, 150, 150
L 1737.0, -1515.0, 48.0, 1730.0, -1513.0, 48.0, 150, 150, 150
L 1730.0, -1513.0, 48.0, 1716.0, -1508.0, 48.0, 150, 150, 150
L 1716.0, -1508.0, 48.0, 1699.0, -1506.0, 48.0, 150, 150, 150
L 1699.0, -1506.0, 48.0, 1689.0, -1504.0, 48.0, 150, 150, 150
L 1689.0, -1504.0, 48.0, 1681.0, -1500.0, 48.0, 150, 150, 150
L 1681.0, -1500.0, 48.0, 1664.0, -1488.0, 48.0, 150, 150, 150
L 1664.0, -1488.0, 48.0, 1658.0, -1475.0, 48.0, 150, 150, 150
L 1658.0, -1475.0, 48.0, 1647.0, -1465.0, 48.0, 150, 150, 150
L 1647.0, -1465.0, 48.0, 1631.0, -1466.0, 48.0, 150, 150, 150
L 1631.0, -1466.0, 48.0, 1607.0, -1472.0, 48.0, 150, 150, 150
L 1607.0, -1472.0, 48.0, 1590.0, -1474.0, 48.0, 150, 150, 150
L 1590.0, -1474.0, 48.0, 1551.0, -1455.0, 48.0, 150, 150, 150
L 1551.0, -1455.0, 48.0, 1530.0, -1464.0, 48.0, 150, 150, 150
L 1530.0, -1464.0, 48.0, 1528.0, -1489.0, 48.0, 150, 150, 150
L 1528.0, -1489.0, 48.0, 1548.0, -1520.0, 48.0, 150, 150, 150
L 1548.0, -1520.0, 48.0, 1552.0, -1530.0, 48.0, 150, 150, 150
L 1552.0, -1530.0, 48.0, 1553.0, -1536.0, 48.0, 150, 150, 150
L 1553.0, -1536.0, 48.0, 1546.0, -1551.0, 48.0, 150, 150, 150
L 1546.0, -1551.0, 48.0, 1543.0, -1555.0, 48.0, 150, 150, 150
L 1543.0, -1555.0, 48.0, 1523.0, -1560.0, 48.0, 150, 150, 150
L 1523.0, -1560.0, 48.0, 1519.0, -1564.0, 48.0, 150, 150, 150
L 1519.0, -1564.0, 48.0, 1525.0, -1582.0, 48.0, 150, 150, 150
L 1525.0, -1582.0, 48.0, 1533.0, -1594.0, 48.0, 150, 150, 150
L 1533.0, -1594.0, 48.0, 1534.0, -1601.0, 48.0, 150, 150, 150
L 1534.0, -1601.0, 48.0, 1534.0, -1612.0, 48.0, 150, 150, 150
L 1534.0, -1612.0, 48.0, 1539.0, -1626.0, 48.0, 150, 150, 150
L 1539.0, -1626.0, 48.0, 1560.0, -1624.0, 48.0, 150, 150, 150
L 1560.0, -1624.0, 48.0, 1566.0, -1624.0, 48.0, 150, 150, 150
L 1566.0, -1624.0, 48.0, 1579.0, -1630.0, 48.0, 150, 150, 150
L 1579.0, -1630.0, 48.0, 1592.0, -1656.0, 48.0, 150, 150, 150
L 1592.0, -1656.0, 48.0, 1592.0, -1666.0, 48.0, 150, 150, 150
L 1592.0, -1666.0, 48.0, 1602.0, -1674.0, 48.0, 150, 150, 150
L 1602.0, -1674.0, 48.0, 1605.0, -1676.0, 48.0, 150, 150, 150
L 1605.0, -1676.0, 48.0, 1626.0, -1704.0, 48.0, 150, 150, 150
L 1626.0, -1704.0, 48.0, 1636.0, -1706.0, 48.0, 150, 150, 150
L 1636.0, -1706.0, 48.0, 1643.0, -1705.0, 48.0, 150, 150, 150
L 1643.0, -1705.0, 48.0, 1657.0, -1674.0, 48.0, 150, 150, 150
L 1657.0, -1674.0, 48.0, 1667.0, -1666.0, 48.0, 150, 150, 150
L 1667.0, -1666.0, 48.0, 1671.0, -1667.0, 48.0, 150, 150, 150
L 1671.0, -1667.0, 48.0, 1676.0, -1667.0, 48.0, 150, 150, 150
L 1676.0, -1667.0, 48.0, 1678.0, -1676.0, 50.0, 150, 150, 150
L 1678.0, -1676.0, 50.0, 1677.0, -1675.0, 56.0, 150, 150, 150
L 1655.0, -1728.0, 54.0, 1655.0, -1717.0, 54.0, 0, 204, 0
L 1655.0, -1717.0, 54.0, 1627.0, -1717.0, 59.0, 0, 204, 0
L 1627.0, -1717.0, 59.0, 1621.0, -1712.0, 62.0, 0, 204, 0
L 1621.0, -1712.0, 62.0, 1611.0, -1703.0, 68.0, 0, 204, 0
L 1611.0, -1703.0, 68.0, 1605.0, -1698.0, 69.0, 0, 204, 0
L 1605.0, -1698.0, 69.0, 1593.0, -1690.0, 70.0, 0, 204, 0
L 1593.0, -1690.0, 70.0, 1591.0, -1683.0, 77.0, 0, 204, 0
L 1591.0, -1683.0, 77.0, 1589.0, -1669.0, 85.0, 0, 204, 0
L 1589.0, -1669.0, 85.0, 1587.0, -1652.0, 102.0, 0, 204, 0
L 1587.0, -1652.0, 102.0, 1586.0, -1645.0, 104.0, 0, 204, 0
L 1586.0, -1645.0, 104.0, 1584.0, -1641.0, 104.0, 0, 204, 0
L 1584.0, -1641.0, 104.0, 1582.0, -1635.0, 106.0, 0, 204, 0
L 1582.0, -1635.0, 106.0, 1575.0, -1630.0, 107.0, 0, 204, 0
L 1575.0, -1630.0, 107.0, 1569.0, -1628.0, 106.0, 0, 204, 0
L 1569.0, -1628.0, 106.0, 1561.0, -1627.0, 107.0, 0, 204, 0
L 1561.0, -1627.0, 107.0, 1554.0, -1626.0, 116.0, 0, 204, 0
L 1554.0, -1626.0, 116.0, 1543.0, -1619.0, 119.0, 0, 204, 0
L 1543.0, -1619.0, 119.0, 1545.0, -1610.0, 133.0, 0, 204, 0
L 1545.0, -1610.0, 133.0, 1546.0, -1606.0, 136.0, 0, 204, 0
L 1546.0, -1606.0, 136.0, 1547.0, -1593.0, 140.0, 0, 204, 0
L 1547.0, -1593.0, 140.0, 1545.0, -1585.0, 155.0, 0, 204, 0
L 1545.0, -1585.0, 155.0, 1545.0, -1582.0, 157.0, 0, 204, 0
L 1545.0, -1582.0, 157.0, 1543.0, -1569.0, 157.0, 0, 204, 0
L 1543.0, -1569.0, 157.0, 1549.0, -1560.0, 158.0, 0, 204, 0
L 1549.0, -1560.0, 158.0, 1554.0, -1558.0, 160.0, 0, 204, 0
L 1554.0, -1558.0, 160.0, 1564.0, -1557.0, 163.0, 0, 204, 0
L 1564.0, -1557.0, 163.0, 1569.0, -1549.0, 172.0, 0, 204, 0
L 1569.0, -1549.0, 172.0, 1560.0, -1537.0, 169.0, 0, 204, 0
L 1560.0, -1537.0, 169.0, 1554.0, -1511.0, 173.0, 0, 204, 0
L 1554.0, -1511.0, 173.0, 1556.0, -1502.0, 169.0, 0, 204, 0
L 1556.0, -1502.0, 169.0, 1566.0, -1491.0, 170.0, 0, 204, 0
L 1566.0, -1491.0, 170.0, 1573.0, -1490.0, 173.0, 0, 204, 0
L 1573.0, -1490.0, 173.0, 1583.0, -1495.0, 174.0, 0, 204, 0
L 1583.0, -1495.0, 174.0, 1592.0, -1501.0, 177.0, 0, 204, 0
L 1592.0, -1501.0, 177.0, 1603.0, -1505.0, 180.0, 0, 204, 0
L 1603.0, -1505.0, 180.0, 1606.0, -1507.0, 180.0, 0, 204, 0
L 1606.0, -1507.0, 180.0, 1610.0, -1508.0, 184.0, 0, 204, 0
L 1610.0, -1508.0, 184.0, 1619.0, -1508.0, 189.0, 0, 204, 0
L 1619.0, -1508.0, 189.0, 1626.0, -1501.0, 191.0, 0, 204, 0
L 1626.0, -1501.0, 191.0, 1625.0, -1491.0, 204.0, 0, 204, 0
L 1686.0, -1518.0, 204.0, 1645.0, -1469.0, 200.0, 0, 204, 0
L 1645.0, -1469.0, 200.0, 1626.0, -1469.0, 191.0, 0, 204, 0
L 1626.0, -1469.0, 191.0, 1608.0, -1473.0, 185.0, 0, 204, 0
L 1608.0, -1473.0, 185.0, 1575.0, -1478.0, 172.0, 0, 204, 0
L 1575.0, -1478.0, 172.0, 1568.0, -1479.0, 171.0, 0, 204, 0
L 1568.0, -1479.0, 171.0, 1552.0, -1491.0, 169.0, 0, 204, 0
L 1552.0, -1491.0, 169.0, 1540.0, -1500.0, 169.0, 0, 204, 0
L 1540.0, -1500.0, 169.0, 1541.0, -1526.0, 170.0, 0, 204, 0
L 1541.0, -1526.0, 170.0, 1539.0, -1541.0, 170.0, 0, 204, 0
L 1539.0, -1541.0, 170.0, 1529.0, -1550.0, 160.0, 0, 204, 0
L 1529.0, -1550.0, 160.0, 1521.0, -1560.0, 157.0, 0, 204, 0
L 1521.0, -1560.0, 157.0, 1516.0, -1588.0, 157.0, 0, 204, 0
L 1516.0, -1588.0, 157.0, 1524.0, -1597.0, 150.0, 0, 204, 0
L 1524.0, -1597.0, 150.0, 1519.0, -1616.0, 139.0, 0, 204, 0
L 1519.0, -1616.0, 139.0, 1519.0, -1637.0, 126.0, 0, 204, 0
L 1519.0, -1637.0, 126.0, 1534.0, -1647.0, 118.0, 0, 204, 0
L 1534.0, -1647.0, 118.0, 1549.0, -1647.0, 109.0, 0, 204, 0
L 1549.0, -1647.0, 109.0, 1566.0, -1651.0, 98.0, 0, 204, 0
L 1566.0, -1651.0, 98.0, 1571.0, -1666.0, 88.0, 0, 204, 0
L 1571.0, -1666.0, 88.0, 1573.0, -1682.0, 79.0, 0, 204, 0
L 1573.0, -1682.0, 79.0, 1581.0, -1690.0, 73.0, 0, 204, 0
L 1581.0, -1690.0, 73.0, 1583.0, -1712.0, 70.0, 0, 204, 0
L 1583.0, -1712.0, 70.0, 1625.0, -1732.0, 60.0, 0, 204, 0
L 1625.0, -1732.0, 60.0, 1630.0, -1732.0, 61.0, 0, 204, 0
L 1630.0, -1732.0, 61.0, 1630.0, -1729.0, 64.0, 0, 204, 0
L 1630.0, -1729.0, 64.0, 1635.0, -1727.0, 62.0, 0, 204, 0
L 1635.0, -1727.0, 62.0, 1655.0, -1728.0, 54.0, 0, 204, 0
L 1686.0, -1518.0, 204.0, 1707.0, -1526.0, 204.0, 102, 255, 102
L 1707.0, -1526.0, 204.0, 1709.0, -1543.0, 204.0, 102, 255, 102
L 1709.0, -1543.0, 204.0, 1704.0, -1558.0, 204.0, 102, 255, 102
L 1704.0, -1558.0, 204.0, 1697.0, -1568.0, 204.0, 102, 255, 102
L 1697.0, -1568.0, 204.0, 1693.0, -1587.0, 204.0, 102, 255, 102
L 1693.0, -1587.0, 204.0, 1703.0, -1615.0, 204.0, 102, 255, 102
L 1703.0, -1615.0, 204.0, 1700.0, -1629.0, 204.0, 102, 255, 102
L 1700.0, -1629.0, 204.0, 1686.0, -1646.0, 204.0, 102, 255, 102
L 1686.0, -1646.0, 204.0, 1653.0, -1645.0, 205.0, 102, 255, 102
L 1653.0, -1645.0, 205.0, 1650.0, -1649.0, 204.0, 102, 255, 102
L 1650.0, -1649.0, 204.0, 1640.0, -1674.0, 204.0, 102, 255, 102
L 1640.0, -1674.0, 204.0, 1631.0, -1678.0, 204.0, 102, 255, 102
L 1631.0, -1678.0, 204.0, 1621.0, -1674.0, 204.0, 102, 255, 102
L 1621.0, -1674.0, 204.0, 1606.0, -1661.0, 204.0, 102, 255, 102
L 1606.0, -1661.0, 204.0, 1605.0, -1654.0, 204.0, 102, 255, 102
L 1605.0, -1654.0, 204.0, 1596.0, -1645.0, 204.0, 102, 255, 102
L 1596.0, -1645.0, 204.0, 1592.0, -1634.0, 204.0, 102, 255, 102
L 1592.0, -1634.0, 204.0, 1588.0, -1624.0, 204.0, 102, 255, 102
L 1588.0, -1624.0, 204.0, 1577.0, -1619.0, 204.0, 102, 255, 102
L 1577.0, -1619.0, 204.0, 1563.0, -1618.0, 204.0, 102, 255, 102
L 1563.0, -1618.0, 204.0, 1551.0, -1612.0, 204.0, 102, 255, 102
L 1551.0, -1612.0, 204.0, 1550.0, -1598.0, 204.0, 102, 255, 102
L 1550.0, -1598.0, 204.0, 1543.0, -1580.0, 204.0, 102, 255, 102
L 1543.0, -1580.0, 204.0, 1543.0, -1564.0, 204.0, 102, 255, 102
L 1543.0, -1564.0, 204.0, 1550.0, -1556.0, 204.0, 102, 255, 102
L 1550.0, -1556.0, 204.0, 1558.0, -1556.0, 205.0, 102, 255, 102
L 1558.0, -1556.0, 205.0, 1565.0, -1543.0, 204.0, 102, 255, 102
L 1565.0, -1543.0, 204.0, 1555.0, -1526.0, 204.0, 102, 255, 102
L 1555.0, -1526.0, 204.0, 1548.0, -1501.0, 204.0, 102, 255, 102
L 1548.0, -1501.0, 204.0, 1552.0, -1488.0, 204.0, 102, 255, 102
L 1552.0, -1488.0, 204.0, 1564.0, -1479.0, 204.0, 102, 255, 102
L 1564.0, -1479.0, 204.0, 1594.0, -1494.0, 204.0, 102, 255, 102
L 1594.0, -1494.0, 204.0, 1607.0, -1496.0, 204.0, 102, 255, 102
L 1607.0, -1496.0, 204.0, 1625.0, -1491.0, 204.0, 102, 255, 102
L 1668.0, -1631.0, 204.0, 1679.0, -1619.0, 204.0, 102, 255, 102
L 1679.0, -1619.0, 204.0, 1683.0, -1608.0, 204.0, 102, 255, 102
L 1683.0, -1608.0, 204.0, 1675.0, -1584.0, 204.0, 102, 255, 102
L 1675.0, -1584.0, 204.0, 1678.0, -1574.0, 204.0, 102, 255, 102
L 1678.0, -1574.0, 204.0, 1683.0, -1564.0, 204.0, 102, 255, 102
L 1683.0, -1564.0, 204.0, 1687.0, -1552.0, 204.0, 102, 255, 102
L 1687.0, -1552.0, 204.0, 1686.0, -1540.0, 204.0, 102, 255, 102
L 1686.0, -1540.0, 204.0, 1680.0, -1533.0, 205.0, 102, 255, 102
L 1680.0, -1533.0, 205.0, 1654.0, -1530.0, 205.0, 102, 255, 102
L 1654.0, -1530.0, 205.0, 1644.0, -1524.0, 204.0, 102, 255, 102
L 1644.0, -1524.0, 204.0, 1642.0, -1518.0, 204.0, 102, 255, 102
L 1642.0, -1518.0, 204.0, 1635.0, -1512.0, 204.0, 102, 255, 102
L 1635.0, -1512.0, 204.0, 1622.0, -1511.0, 204.0, 102, 255, 102
L 1622.0, -1511.0, 204.0, 1610.0, -1515.0, 204.0, 102, 255, 102
L 1610.0, -1515.0, 204.0, 1602.0, -1514.0, 204.0, 102, 255, 102
L 1602.0, -1514.0, 204.0, 1577.0, -1502.0, 205.0, 102, 255, 102
L 1577.0, -1502.0, 205.0, 1566.0, -1512.0, 204.0, 102, 255, 102
L 1566.0, -1512.0, 204.0, 1562.0, -1521.0, 204.0, 102, 255, 102
L 1562.0, -1521.0, 204.0, 1567.0, -1540.0, 204.0, 102, 255, 102
L 1567.0, -1540.0, 204.0, 1570.0, -1546.0, 204.0, 102, 255, 102
L 1570.0, -1546.0, 204.0, 1575.0, -1553.0, 204.0, 102, 255, 102
L 1575.0, -1553.0, 204.0, 1574.0, -1560.0, 204.0, 102, 255, 102
L 1574.0, -1560.0, 204.0, 1564.0, -1561.0, 204.0, 102, 255, 102
L 1564.0, -1561.0, 204.0, 1559.0, -1567.0, 204.0, 102, 255, 102
L 1559.0, -1567.0, 204.0, 1559.0, -1581.0, 205.0, 102, 255, 102
L 1559.0, -1581.0, 205.0, 1565.0, -1588.0, 204.0, 102, 255, 102
L 1565.0, -1588.0, 204.0, 1564.0, -1596.0, 204.0, 102, 255, 102
L 1564.0, -1596.0, 204.0, 1565.0, -1606.0, 204.0, 102, 255, 102
L 1565.0, -1606.0, 204.0, 1575.0, -1611.0, 204.0, 102, 255, 102
L 1575.0, -1611.0, 204.0, 1585.0, -1610.0, 205.0, 102, 255, 102
L 1585.0, -1610.0, 205.0, 1594.0, -1615.0, 204.0, 102, 255, 102
L 1594.0, -1615.0, 204.0, 1598.0, -1630.0, 204.0, 102, 255, 102
L 1598.0, -1630.0, 204.0, 1598.0, -1636.0, 204.0, 102, 255, 102
L 1598.0, -1636.0, 204.0, 1618.0, -1652.0, 204.0, 102, 255, 102
L 1618.0, -1652.0, 204.0, 1626.0, -1655.0, 205.0, 102, 255, 102
L 1626.0, -1655.0, 205.0, 1635.0, -1652.0, 204.0, 102, 255, 102
L 1635.0, -1652.0, 204.0, 1639.0, -1643.0, 204.0, 102, 255, 102
L 1639.0, -1643.0, 204.0, 1635.0, -1638.0, 205.0, 102, 255, 102
L 1635.0, -1638.0, 205.0, 1630.0, -1646.0, 204.0, 102, 255, 102
L 1630.0, -1646.0, 204.0, 1627.0, -1647.0, 204.0, 102, 255, 102
L 1627.0, -1647.0, 204.0, 1623.0, -1645.0, 204.0, 102, 255, 102
L 1623.0, -1645.0, 204.0, 1618.0, -1642.0, 204.0, 102, 255, 102
L 1618.0, -1642.0, 204.0, 1615.0, -1637.0, 204.0, 102, 255, 102
L 1615.0, -1637.0, 204.0, 1612.0, -1631.0, 205.0, 102, 255, 102
L 1612.0, -1631.0, 205.0, 1604.0, -1625.0, 204.0, 102, 255, 102
L 1604.0, -1625.0, 204.0, 1604.0, -1617.0, 204.0, 102, 255, 102
L 1604.0, -1617.0, 204.0, 1601.0, -1607.0, 204.0, 102, 255, 102
L 1601.0, -1607.0, 204.0, 1590.0, -1602.0, 204.0, 102, 255, 102
L 1590.0, -1602.0, 204.0, 1574.0, -1602.0, 204.0, 102, 255, 102
L 1574.0, -1602.0, 204.0, 1573.0, -1599.0, 204.0, 102, 255, 102
L 1573.0, -1599.0, 204.0, 1573.0, -1592.0, 204.0, 102, 255, 102
L 1573.0, -1592.0, 204.0, 1572.0, -1586.0, 204.0, 102, 255, 102
L 1572.0, -1586.0, 204.0, 1568.0, -1579.0, 204.0, 102, 255, 102
L 1568.0, -1579.0, 204.0, 1565.0, -1570.0, 204.0, 102, 255, 102
L 1565.0, -1570.0, 204.0, 1569.0, -1567.0, 204.0, 102, 255, 102
L 1569.0, -1567.0, 204.0, 1577.0, -1566.0, 204.0, 102, 255, 102
L 1577.0, -1566.0, 204.0, 1583.0, -1555.0, 204.0, 102, 255, 102
L 1583.0, -1555.0, 204.0, 1569.0, -1529.0, 204.0, 102, 255, 102
L 1569.0, -1529.0, 204.0, 1572.0, -1515.0, 204.0, 102, 255, 102
L 1572.0, -1515.0, 204.0, 1577.0, -1509.0, 204.0, 102, 255, 102
L 1577.0, -1509.0, 204.0, 1583.0, -1512.0, 204.0, 102, 255, 102
L 1583.0, -1512.0, 204.0, 1597.0, -1520.0, 204.0, 102, 255, 102
L 1597.0, -1520.0, 204.0, 1601.0, -1522.0, 204.0, 102, 255, 102
L 1601.0, -1522.0, 204.0, 1611.0, -1522.0, 204.0, 102, 255, 102
L 1611.0, -1522.0, 204.0, 1622.0, -1518.0, 204.0, 102, 255, 102
L 1622.0, -1518.0, 204.0, 1633.0, -1517.0, 204.0, 102, 255, 102
L 1633.0, -1517.0, 204.0, 1638.0, -1522.0, 204.0, 102, 255, 102
L 1638.0, -1522.0, 204.0, 1639.0, -1528.0, 204.0, 102, 255, 102
L 1639.0, -1528.0, 204.0, 1651.0, -1537.0, 204.0, 102, 255, 102
L 1651.0, -1537.0, 204.0, 1660.0, -1539.0, 204.0, 102, 255, 102
L 1660.0, -1539.0, 204.0, 1675.0, -1541.0, 204.0, 102, 255, 102
L 1675.0, -1541.0, 204.0, 1681.0, -1544.0, 204.0, 102, 255, 102
L 1681.0, -1544.0, 204.0, 1681.0, -1551.0, 204.0, 102, 255, 102
L 1681.0, -1551.0, 204.0, 1678.0, -1561.0, 204.0, 102, 255, 102
L 1678.0, -1561.0, 204.0, 1674.0, -1567.0, 204.0, 102, 255, 102
L 1674.0, -1567.0, 204.0, 1672.0, -1571.0, 204.0, 102, 255, 102
L 1672.0, -1571.0, 204.0, 1669.0, -1578.0, 204.0, 102, 255, 102
L 1669.0, -1578.0, 204.0, 1669.0, -1585.0, 204.0, 102, 255, 102
L 1669.0, -1585.0, 204.0, 1672.0, -1595.0, 204.0, 102, 255, 102
L 1672.0, -1595.0, 204.0, 1675.0, -1604.0, 204.0, 102, 255, 102
L 1675.0, -1604.0, 204.0, 1677.0, -1609.0, 204.0, 102, 255, 102
L 1677.0, -1609.0, 204.0, 1674.0, -1615.0, 204.0, 102, 255, 102
L 1674.0, -1615.0, 204.0, 1669.0, -1622.0, 204.0, 102, 255, 102
L 1669.0, -1622.0, 204.0, 1666.0, -1625.0, 204.0, 102, 255, 102
L 1666.0, -1625.0, 204.0, 1642.0, -1625.0, 204.0, 102, 255, 102
L 1642.0, -1625.0, 204.0, 1637.0, -1632.0, 204.0, 102, 255, 102
L 1637.0, -1632.0, 204.0, 1643.0, -1636.0, 204.0, 102, 255, 102
L 1643.0, -1636.0, 204.0, 1645.0, -1631.0, 204.0, 102, 255, 102
L 1614.0, -1588.0, 204.0, 1609.0, -1576.0, 204.0, 102, 255, 102
L 1609.0, -1576.0, 204.0, 1613.0, -1564.0, 204.0, 102, 255, 102
L 1613.0, -1564.0, 204.0, 1625.0, -1558.0, 204.0, 102, 255, 102
L 1625.0, -1558.0, 204.0, 1638.0, -1563.0, 204.0, 102, 255, 102
L 1638.0, -1563.0, 204.0, 1642.0, -1574.0, 204.0, 102, 255, 102
L 1642.0, -1574.0, 204.0, 1638.0, -1586.0, 204.0, 102, 255, 102
L 1638.0, -1586.0, 204.0, 1626.0, -1592.0, 204.0, 102, 255, 102
L 1626.0, -1592.0, 204.0, 1614.0, -1588.0, 204.0, 102, 255, 102
L 3455.0, -152.0, 373.0, 3467.0, -135.0, 373.0, 150, 150, 150
L 3500.0, -176.0, 373.0, 3455.0, -152.0, 373.0, 150, 150, 150
L 3467.0, -135.0, 373.0, 3508.0, -156.0, 373.0, 150, 150, 150
L 3505.0, -155.0, 373.0, 3500.0, -176.0, 373.0, 150, 150, 150
L 1776.0, 1630.0, 373.0, 1781.0, 1624.0, 373.0, 150, 150, 150
L 1819.0, 1600.0, 373.0, 1819.0, 1596.0, 373.0, 150, 150, 150
L 1817.0, 1591.0, 373.0, 1814.0, 1589.0, 373.0, 150, 150, 150
L 1770.0, 1628.0, 373.0, 1776.0, 1630.0, 373.0, 150, 150, 150
L 1808.0, 1593.0, 373.0, 1808.0, 1599.0, 373.0, 150, 150, 150
L 1814.0, 1589.0, 373.0, 1808.0, 1593.0, 373.0, 150, 150, 150
L 1782.0, 1558.0, 373.0, 1786.0, 1553.0, 373.0, 150, 150, 150
L 1747.0, 1589.0, 373.0, 1748.0, 1584.0, 373.0, 150, 150, 150
L 1781.0, 1624.0, 373.0, 1779.0, 1619.0, 373.0, 150, 150, 150
L 1748.0, 1583.0, 373.0, 1743.0, 1581.0, 373.0, 150, 150, 150
L 1739.0, 1585.0, 373.0, 1740.0, 1589.0, 373.0, 150, 150, 150
L 1768.0, 1623.0, 373.0, 1770.0, 1628.0, 373.0, 150, 150, 150
L 1786.0, 1553.0, 373.0, 1784.0, 1547.0, 373.0, 150, 150, 150
L 1779.0, 1619.0, 373.0, 1771.0, 1618.0, 373.0, 150, 150, 150
L 1740.0, 1589.0, 373.0, 1744.0, 1590.0, 373.0, 150, 150, 150
L 1770.0, 1618.0, 373.0, 1768.0, 1623.0, 373.0, 150, 150, 150
L 1814.0, 1603.0, 373.0, 1819.0, 1600.0, 373.0, 150, 150, 150
L 1784.0, 1547.0, 373.0, 1777.0, 1545.0, 373.0, 150, 150, 150
L 1777.0, 1558.0, 373.0, 1782.0, 1558.0, 373.0, 150, 150, 150
L 1777.0, 1545.0, 373.0, 1772.0, 1551.0, 373.0, 150, 150, 150
L 1772.0, 1551.0, 373.0, 1776.0, 1558.0, 373.0, 150, 150, 150
L 1809.0, 1601.0, 373.0, 1814.0, 1603.0, 373.0, 150, 150, 150
L 1743.0, 1581.0, 373.0, 1739.0, 1585.0, 373.0, 150, 150, 150
L 1744.0, 1590.0, 373.0, 1747.0, 1589.0, 373.0, 150, 150, 150
L 1819.0, 1596.0, 373.0, 1817.0, 1591.0, 373.0, 150, 150, 150
L 3340.0, -3641.0, 596.0, 3536.0, -2975.0, 525.0, 0, 0, 0
L 2085.0, 3107.0, 373.0, 2089.0, 3110.0, 373.0, 0, 0, 0
L 2084.0, 3131.0, 373.0, 2087.0, 3135.0, 373.0, 0, 0, 0
L 2087.0, 3135.0, 373.0, 2094.0, 3136.0, 373.0, 0, 0, 0
L 2092.0, 3126.0, 373.0, 2086.0, 3128.0, 373.0, 0, 0, 0
L 2070.0, 3119.0, 373.0, 2065.0, 3122.0, 373.0, 0, 0, 0
L 2085.0, 3102.0, 373.0, 2085.0, 3107.0, 373.0, 0, 0, 0
L 2094.0, 3107.0, 373.0, 2094.0, 3102.0, 373.0, 0, 0, 0
L 2094.0, 3102.0, 373.0, 2089.0, 3100.0, 373.0, 0, 0, 0
L 2095.0, 3128.0, 373.0, 2092.0, 3126.0, 373.0, 0, 0, 0
L 2094.0, 3136.0, 373.0, 2095.0, 3128.0, 373.0, 0, 0, 0
L 2074.0, 3121.0, 373.0, 2070.0, 3119.0, 373.0, 0, 0, 0
L 2089.0, 3110.0, 373.0, 2094.0, 3107.0, 373.0, 0, 0, 0
L 2087.0, 3126.0, 373.0, 2084.0, 3131.0, 373.0, 0, 0, 0
L 2474.0, 441.0, 373.0, 2473.0, 436.0, 373.0, 150, 150, 150
L 2020.0, 3120.0, 373.0, 2023.0, 3116.0, 373.0, 0, 0, 0
L 2074.0, 3125.0, 373.0, 2074.0, 3119.0, 373.0, 0, 0, 0
L 2479.0, 454.0, 373.0, 2474.0, 456.0, 373.0, 150, 150, 150
L 2477.0, 450.0, 373.0, 2475.0, 445.0, 373.0, 150, 150, 150
L 2475.0, 445.0, 373.0, 2471.0, 446.0, 373.0, 150, 150, 150
L 2013.0, 3113.0, 373.0, 2014.0, 3117.0, 373.0, 0, 0, 0
L 2480.0, 459.0, 373.0, 2479.0, 454.0, 373.0, 150, 150, 150
L 2019.0, 3110.0, 373.0, 2013.0, 3113.0, 373.0, 0, 0, 0
L 2490.0, 446.0, 373.0, 2495.0, 445.0, 373.0, 150, 150, 150
L 2471.0, 446.0, 373.0, 2472.0, 452.0, 373.0, 150, 150, 150
L 2472.0, 452.0, 373.0, 2477.0, 450.0, 373.0, 150, 150, 150
L 2473.0, 436.0, 373.0, 2468.0, 436.0, 373.0, 150, 150, 150
L 2470.0, 442.0, 373.0, 2474.0, 441.0, 373.0, 150, 150, 150
L 2066.0, 3125.0, 373.0, 2069.0, 3128.0, 373.0, 0, 0, 0
L 2022.0, 3117.0, 373.0, 2019.0, 3110.0, 373.0, 0, 0, 0
L 2475.0, 461.0, 373.0, 2480.0, 459.0, 373.0, 150, 150, 150
L 2488.0, 436.0, 373.0, 2492.0, 434.0, 373.0, 150, 150, 150
L 2492.0, 434.0, 373.0, 2491.0, 430.0, 373.0, 150, 150, 150
L 2489.0, 441.0, 373.0, 2490.0, 446.0, 373.0, 150, 150, 150
L 2065.0, 3122.0, 373.0, 2066.0, 3125.0, 373.0, 0, 0, 0
L 2495.0, 445.0, 373.0, 2493.0, 439.0, 373.0, 150, 150, 150
L 2468.0, 436.0, 373.0, 2470.0, 442.0, 373.0, 150, 150, 150
L 2069.0, 3128.0, 373.0, 2074.0, 3125.0, 373.0, 0, 0, 0
L 2491.0, 430.0, 373.0, 2486.0, 431.0, 373.0, 150, 150, 150
L 2014.0, 3117.0, 373.0, 2020.0, 3120.0, 373.0, 0, 0, 0
L 2474.0, 456.0, 373.0, 2475.0, 461.0, 373.0, 150, 150, 150
L 2486.0, 431.0, 373.0, 2488.0, 436.0, 373.0, 150, 150, 150
L 2466.0, 436.0, 373.0, 2475.0, 463.0, 373.0, 150, 150, 150
L 2498.0, 454.0, 373.0, 2497.0, 449.0, 373.0, 150, 150, 150
L 2492.0, 429.0, 373.0, 2466.0, 436.0, 373.0, 150, 150, 150
L 2501.0, 454.0, 373.0, 2492.0, 429.0, 373.0, 150, 150, 150
L 2492.0, 450.0, 373.0, 2494.0, 455.0, 373.0, 150, 150, 150
L 2494.0, 455.0, 373.0, 2498.0, 454.0, 373.0, 150, 150, 150
L 2475.0, 462.0, 373.0, 2501.0, 454.0, 373.0, 150, 150, 150
L 2497.0, 449.0, 373.0, 2492.0, 450.0, 373.0, 150, 150, 150
L 2493.0, 439.0, 373.0, 2489.0, 441.0, 373.0, 150, 150, 150
L 232.0, 1481.0, -59.0, 231.0, 1498.0, -59.0, 150, 150, 150
L 253.0, 1476.0, -59.0, 153.0, 1476.0, -59.0, 150, 150, 150
L 153.0, 1476.0, -59.0, 152.0, 1585.0, -59.0, 150, 150, 150
L 253.0, 1583.0, -59.0, 252.0, 1475.0, -59.0, 150, 150, 150
L 247.0, 1481.0, -59.0, 232.0, 1481.0, -59.0, 150, 150, 150
L 152.0, 1585.0, -59.0, 253.0, 1583.0, -59.0, 150, 150, 150
L 172.0, 1540.0, -59.0, 172.0, 1522.0, -59.0, 150, 150, 150
L 231.0, 1578.0, -59.0, 247.0, 1579.0, -59.0, 150, 150, 150
L 156.0, 1499.0, -59.0, 172.0, 1499.0, -59.0, 150, 150, 150
L 156.0, 1579.0, -59.0, 171.0, 1579.0, -59.0, 150, 150, 150
L 172.0, 1562.0, -59.0, 157.0, 1561.0, -59.0, 150, 150, 150
L 230.0, 1561.0, -59.0, 231.0, 1579.0, -59.0, 150, 150, 150
L 247.0, 1523.0, -59.0, 233.0, 1522.0, -59.0, 150, 150, 150
L 247.0, 1562.0, -59.0, 230.0, 1561.0, -59.0, 150, 150, 150
L 231.0, 1522.0, -59.0, 231.0, 1538.0, -59.0, 150, 150, 150
L 246.0, 1540.0, -59.0, 247.0, 1523.0, -59.0, 150, 150, 150
L 231.0, 1499.0, -59.0, 249.0, 1499.0, -59.0, 150, 150, 150
L 171.0, 1579.0, -59.0, 172.0, 1562.0, -59.0, 150, 150, 150
L 247.0, 1579.0, -59.0, 247.0, 1562.0, -59.0, 150, 150, 150
L 249.0, 1499.0, -59.0, 247.0, 1481.0, -59.0, 150, 150, 150
L 172.0, 1483.0, -59.0, 155.0, 1481.0, -59.0, 150, 150, 150
L 155.0, 1522.0, -59.0, 156.0, 1539.0, -59.0, 150, 150, 150
L 172.0, 1499.0, -59.0, 172.0, 1483.0, -59.0, 150, 150, 150
L 172.0, 1522.0, -59.0, 155.0, 1522.0, -59.0, 150, 150, 150
L 155.0, 1481.0, -59.0, 156.0, 1498.0, -59.0, 150, 150, 150
L 156.0, 1538.0, -59.0, 172.0, 1540.0, -59.0, 150, 150, 150
L 156.0, 1561.0, -59.0, 156.0, 1579.0, -59.0, 150, 150, 150
L 231.0, 1538.0, -59.0, 246.0, 1540.0, -59.0, 150, 150, 150
L 1645.0, -1631.0, 204.0, 1668.0, -1631.0, 204.0, 102, 255, 102
L -3039.0, 2459.0, -22.0, -3039.0, 2473.0, -22.0, 150, 150, 150
L -3038.0, 2474.0, -22.0, -3024.0, 2473.0, -22.0, 150, 150, 150
L -3093.0, 2516.0, -22.0, -3092.0, 2502.0, -22.0, 150, 150, 150
L -3106.0, 2541.0, -22.0, -3093.0, 2541.0, -22.0, 150, 150, 150
L -3092.0, 2502.0, -22.0, -3106.0, 2502.0, -22.0, 150, 150, 150
L -3024.0, 2571.0, -22.0, -3039.0, 2571.0, -22.0, 150, 150, 150
L -3050.0, 2585.0, -22.0, -3049.0, 2571.0, -22.0, 150, 150, 150
L -3097.0, 2576.0, -22.0, -3044.0, 2598.0, -22.0, 150, 150, 150
L -2990.0, 2576.0, -22.0, -2968.0, 2522.0, -22.0, 150, 150, 150
L -2968.0, 2522.0, -22.0, -2990.0, 2469.0, -22.0, 150, 150, 150
L -2990.0, 2469.0, -22.0, -3045.0, 2447.0, -22.0, 150, 150, 150
L -3045.0, 2447.0, -22.0, -3097.0, 2468.0, -22.0, 150, 150, 150
L -3064.0, 2584.0, -22.0, -3050.0, 2585.0, -22.0, 150, 150, 150
L -2996.0, 2542.0, -22.0, -2981.0, 2542.0, -22.0, 150, 150, 150
L -3063.0, 2570.0, -22.0, -3064.0, 2584.0, -22.0, 150, 150, 150
L -2995.0, 2517.0, -22.0, -2981.0, 2517.0, -22.0, 150, 150, 150
L -3050.0, 2459.0, -22.0, -3063.0, 2459.0, -22.0, 150, 150, 150
L -3049.0, 2473.0, -22.0, -3050.0, 2459.0, -22.0, 150, 150, 150
L -3093.0, 2541.0, -22.0, -3092.0, 2541.0, -22.0, 150, 150, 150
L -3093.0, 2541.0, -22.0, -3092.0, 2528.0, -22.0, 150, 150, 150
L -3064.0, 2474.0, -22.0, -3049.0, 2473.0, -22.0, 150, 150, 150
L -3106.0, 2502.0, -22.0, -3106.0, 2516.0, -22.0, 150, 150, 150
L -3029.0, 2535.0, -22.0, -3029.0, 2509.0, -22.0, 150, 150, 150
L -2996.0, 2503.0, -22.0, -2995.0, 2517.0, -22.0, 150, 150, 150
L -3024.0, 2460.0, -22.0, -3039.0, 2459.0, -22.0, 150, 150, 150
L -2995.0, 2528.0, -22.0, -2996.0, 2542.0, -22.0, 150, 150, 150
L -3092.0, 2528.0, -22.0, -3106.0, 2527.0, -22.0, 150, 150, 150
L -2981.0, 2542.0, -22.0, -2981.0, 2528.0, -22.0, 150, 150, 150
L -3057.0, 2536.0, -22.0, -3029.0, 2535.0, -22.0, 150, 150, 150
L -3029.0, 2509.0, -22.0, -3057.0, 2508.0, -22.0, 150, 150, 150
L -3039.0, 2571.0, -22.0, -3039.0, 2585.0, -22.0, 150, 150, 150
L -2981.0, 2503.0, -22.0, -2995.0, 2503.0, -22.0, 150, 150, 150
L -2981.0, 2528.0, -22.0, -2995.0, 2528.0, -22.0, 150, 150, 150
L -3119.0, 2523.0, -22.0, -3097.0, 2576.0, -22.0, 150, 150, 150
L -3039.0, 2585.0, -22.0, -3025.0, 2585.0, -22.0, 150, 150, 150
L -3097.0, 2468.0, -22.0, -3119.0, 2523.0, -22.0, 150, 150, 150
L -3063.0, 2459.0, -22.0, -3064.0, 2473.0, -22.0, 150, 150, 150
L -3024.0, 2473.0, -22.0, -3024.0, 2460.0, -22.0, 150, 150, 150
L -3106.0, 2527.0, -22.0, -3106.0, 2541.0, -22.0, 150, 150, 150
L -2981.0, 2517.0, -22.0, -2981.0, 2503.0, -22.0, 150, 150, 150
L -3025.0, 2585.0, -22.0, -3024.0, 2571.0, -22.0, 150, 150, 150
L -3106.0, 2516.0, -22.0, -3092.0, 2516.0, -22.0, 150, 150, 150
L -3050.0, 2571.0, -22.0, -3063.0, 2570.0, -22.0, 150, 150, 150
L -3044.0, 2598.0, -22.0, -2990.0, 2576.0, -22.0, 150, 150, 150
L -3057.0, 2508.0, -22.0, -3057.0, 2536.0, -22.0, 150, 150, 150
