P -103.1774, -62.4915, 0.0010, 255, 0, 0, 3, to_Highpass_Hold
P -99.1079, 90.8794, 0.0010, 255, 0, 0, 3, to_Highpass_Hold
P -88.0000, 16.0000, 0.0000, 255, 0, 0, 2, Succor
P 338.0000, 29.0000, -13.9990, 255, 210, 0, 2, Jaylin_(Banker)
P 236.6712, -28.7945, 30.0010, 128, 0, 128, 2, Oven
P 223.3843, -56.1885, 26.0010, 128, 0, 128, 2, Brew_Barrel
P 324.0000, 54.0000, 26.0010, 0, 128, 0, 2, Dealer_Shonta_(Bartender)
P 260.0000, -46.0000, 26.0010, 0, 128, 0, 2, Baker_Jena_(Baking)
P 221.0000, -62.0000, 0.0010, 0, 128, 0, 2, Justin_(Spells)
P 223.0000, -65.0000, 0.0010, 0, 128, 0, 2, Tarn_(Spells)
P 187.0000, 77.0000, 0.0010, 0, 128, 0, 2, Clerk_(Brewer)
P 364.0000, -3.0000, -13.9990, 0, 0, 0, 2, Jail_Clerk_Maryl
P 375.0000, 70.0000, -13.9990, 0, 128, 0, 2, Treasurer_Lynn
P 294.0000, 97.0000, 0.0010, 0, 128, 0, 2, Edina_(Jewelcrafting)
P 357.0000, 42.0000, 0.0010, 128, 128, 128, 2, Ran_Flamespinner_(GM_Wizard)
P 250.8352, 103.1590, 3.7962, 0, 0, 255, 1, GS:_Royal_Linens
P 276.8707, -45.5666, -13.9980, 0, 0, 0, 2, Miner_Harton
P 274.8751, -26.8571, -13.9980, 0, 0, 0, 2, Grahm_Embersmith
P 570.1171, 39.3471, -13.9980, 240, 240, 240, 2, Jail
P 547.7737, 59.4655, -13.9980, 0, 0, 0, 2, Osargen
P 485.7268, -179.7368, -13.9980, 0, 0, 0, 2, Princess_Lenia
P 380.1179, -65.6734, -13.9980, 240, 240, 240, 2, Torture_Chamber
P 326.8978, -82.1279, -13.9980, 0, 0, 0, 2, Flayer_Hopkins
P 309.7961, -89.5617, -13.9980, 0, 0, 0, 2, Dyrna_N`lith
P 329.2503, -141.8721, -14.9980, 0, 0, 0, 2, Purchin_Oddshot
P 311.3690, -143.9987, -14.9980, 0, 0, 0, 2, Rodrick_Marslet
P 40.4747, -5.5322, -5.9980, 0, 0, 0, 2, Lislia_Goldtune
P 331.1091, 72.7855, 26.0020, 240, 240, 240, 2, King`s_Court
P 243.8049, -49.9405, 26.0020, 240, 240, 240, 2, Kitchen
P 314.8821, -65.0089, 29.0020, 0, 0, 0, 2, Storm_Dragonchaser
P 333.4204, -64.0127, 29.0020, 0, 0, 0, 2, Starr_Dreamspinner
P 304.5441, 18.3434, 49.9707, 0, 0, 0, 2, Tearon_Bleanix
P 306.3628, 37.4965, 49.9707, 240, 240, 0, 2, Locked_Door_(Picklock_50?)
P 232.7641, 26.7043, 69.9707, 240, 240, 0, 2, Fake_Wall
P 186.0623, -102.7118, 69.9707, 240, 240, 0, 2, Fake_Wall
P 226.9225, -131.2936, 69.9707, 240, 240, 0, 2, Secret_Door_(click)
P 342.0544, -91.9146, 69.9707, 240, 240, 240, 2, Treasure_Room
P 165.3673, -78.7528, 61.9707, 0, 0, 0, 2, a_lady_in_waiting
P 85.5410, -22.1584, 61.9707, 0, 0, 0, 2, Lady_McCabe
P 59.8998, -27.1346, 61.9707, 240, 240, 240, 2, Porch
P 95.7807, 78.0115, 61.9707, 0, 0, 0, 2, Mistress_Anna
P 220.5560, 92.5253, 69.9707, 240, 240, 0, 2, Fake_Wall
P 342.8473, 81.6080, 69.9707, 240, 240, 240, 2, Treasure_Room
P -26.4712, -33.4645, -5.9980, 0, 127, 0, 2, Merchant_Dominik_(General)
P 14.3749, 76.5807, -5.9980, 0, 0, 0, 2, Lucky_the_Beggar
P 313.2283, -62.8602, 0.0020, 0, 0, 0, 2, Aeris_Greymalkyn
P 307.0851, -15.5237, 49.9707, 0, 0, 0, 2, Lozani
P 339.8862, -36.1959, 26.0020, 0, 0, 0, 2, Isabella_Cellus
P 304.6393, 55.7806, 26.0020, 0, 0, 0, 2, Isabella_Cellus
P 329.4164, 101.7974, 26.0020, 0, 127, 0, 2, Dealer_Maeline_(Brewing)
P 330.2675, 43.3750, -13.9980, 0, 0, 0, 2, Assistant_Kiolna
