P -329.7536, -46.9168, -385.8417,  255, 0, 0,  3,  to_Erudin_Palace_(portal)
P 940.0000, -628.0000, -95.0000,  255, 0, 0,  3,  to_Paineel
P -346.9918, -63.6780, -385.8417,  255, 0, 0,  3,  to_Neriak_-_Third_Gate_(portal)
P -365.6128, -47.1273, -385.8417,  255, 0, 0,  3,  to_Paineel_(portal)
P -235.4725, -832.0378, -895.6539,  240, 0, 0,  3,  to_Brell`s_Rest
P 1050.0000, -640.0000, 0.0000,  255, 0, 0,  2,  Succor
P 105.5986, 13.0155, -275.7517,  0, 0, 240,  1,  GS:_Outcast`s_Journal_Page_20
P -1001.6478, -109.0287, -416.4837,  0, 0, 240,  1,  GS:_Outcast`s_Journal_Page_36
P -589.4135, -790.1155, -671.0656,  0, 0, 240,  1,  GS:_Outcast`s_Journal_Page_52
P -641.9608, -76.2558, -348.4409,  0, 0, 240,  1,  GS:_Old_Paineel
P 357.5755, -446.5943, -111.9667,  0, 0, 240,  1,  GS:_Ancient_Book_Cover
P -632.0956, -108.5407, -375.8416,  0, 0, 240,  1,  GS:_Old_Paineel
P -96.5624, -62.5672, -349.8728,  0, 0, 240,  1,  GS:Section_of_Parchment_(MNK:1.5)
P 217.1951, 43.5722, -279.8729,  0, 0, 240,  1,  GS:_Reddish_Crystal
P -407.4086, 15.9310, -348.8730,  240, 240, 240,  2,  Erud`s_Bane
P -555.1365, -113.8152, -349.8728,  240, 240, 240,  2,  Library_Top_Level
P -247.3157, -106.0326, -348.8730,  255, 255, 255,  2,  The_Strong_Box
P -166.7306, -110.3874, -349.8730,  255, 255, 255,  2,  Costly_Confections
P -28.6767, -42.8597, -349.8719,  255, 255, 255,  2,  Corandier`s_Clothier
P -370.0000, -690.0000, 0.0000,  255, 255, 255,  2,  Impact_Area
P 732.9686, -473.7328, -108.9667,  240, 240, 240,  2,  Impact_Area
P 518.8561, -267.8329, -139.9354,  240, 240, 0,  2,  Fall_(one-way)
P 671.3299, -440.1506, -88.3979,  240, 240, 240,  2,  Bridge
P -27.1089, 5.2313, -348.8730,  240, 240, 240,  2,  Baisel`s_Dance_&_Drink
P -334.9866, -512.9843, -352.6959,  240, 240, 0,  2,  Waterfall_to_area_below
P -471.7417, -641.2975, -909.6226,  240, 240, 0,  2,  Rock_Door
P 95.5577, 31.0525, -303.8729,  240, 240, 240,  2,  Throne_Room
P 244.2653, -453.6052, -146.9332,  240, 240, 240,  2,  Forge_Room
P -797.3134, -883.5362, -849.6542,  240, 240, 240,  2,  Stone_Bridge
P -437.0969, -624.8096, -685.4062,  240, 240, 0,  2,  Fall_to_impact_area
P -649.7120, -109.2121, -375.8416,  240, 240, 240,  2,  Library_Middle_Level
P -701.9308, -196.6504, -401.8416,  240, 240, 240,  2,  Library_Bottom_Level
P 42.3755, -2.8471, -349.8730,  240, 240, 240,  2,  The_Slab
P -24.3830, -140.4841, -349.8730,  240, 240, 240,  2,  Poramin`s_Pride_Jeweler
P -148.7084, -146.9999, -349.8730,  240, 240, 240,  2,  Blaisel`s_Dance_&_Drink
P -344.0620, -217.1007, -349.3206,  240, 240, 240,  2,  The_Good_Night
P -85.8608, -215.4714, -348.8728,  240, 240, 240,  2,  More_Than_Mushrooms
P -241.0124, -37.0887, -348.8730,  255, 255, 0,  2,  Fake_Wall
P -391.4718, -62.2774, -349.8730,  255, 255, 0,  2,  Fake_Wall
P -262.4021, 16.4508, -360.8416,  255, 255, 255,  2,  Mimics_(chests)
P 171.5067, -497.5741, -206.6564,  255, 255, 0,  2,  Underwater_Grate_(Keyed)
P -342.0004, -45.4012, -388.8416,  0, 127, 127,  2,  Protector_of_the_Ruins_(Quest)
P -425.7520, -952.5235, -576.7789,  0, 0, 0,  2,  Ghost_Of_Kindle
P -462.7509, -786.6328, -657.7476,  0, 0, 0,  2,  Ghost_Of_Glohnor
P -516.0000, -851.0000, 0.0000,  0, 0, 0,  2,  Dartain_The_Lost
P 189.0000, 50.0000, 0.0000,  0, 0, 0,  2,  Bejeweled_Elemental
P 189.0000, -423.0000, 0.0000,  0, 0, 0,  2,  Caradon
P -83.0000, 52.0000, 0.0000,  0, 0, 0,  2,  MuckCovered_Elemental
P -285.0000, 173.0000, 0.0000,  0, 0, 0,  2,  Retseth_Tretse(?)
P -260.0000, -720.0000, 0.0000,  0, 0, 0,  2,  Master_Yael
P -230.8436, 309.5901, -295.8730,  0, 0, 0,  2,  StoneSoul_The_Unmoving
P -221.0000, 40.0000, 0.0000,  0, 0, 0,  2,  Kejar_The_Mighty
P -242.0000, 28.0000, 0.0000,  0, 0, 0,  2,  Schnozz_The_Flighty
P -88.0000, 130.0000, 0.0000,  0, 0, 0,  2,  Rocksoul
P 130.4142, -190.1268, -241.9042,  0, 0, 0,  2,  Pellillo_Cogswin
P -516.0000, -851.0000, 0.0000,  0, 0, 0,  2,  Urwenae_the_Cold
P -185.0000, 145.0000, 0.0000,  0, 0, 0,  2,  the_Ghost_of_Kindle
P -267.0139, 18.1513, -247.9042,  0, 0, 0,  2,  High_Scale_Kirn
P -264.4704, 175.5731, -299.8730,  0, 0, 0,  2,  Keeper_of_the_Tombs
P -315.1370, 92.2410, -307.8740,  0, 0, 0,  2,  Tzitzi_the_Crazed_(Roam)
P -870.1918, -238.4569, -474.3154,  0, 0, 0,  2,  Jaeil_The_Wretched
P 199.2183, -402.3326, -111.9667,  0, 0, 0,  2,  Ikurenm_the_Sly
P -272.3579, 14.3631, -247.9042,  127, 0, 0,  2,  HSK_(SHM:1.0)
P -265.0000, 180.0000, -294.0000,  0, 0, 0,  2,  KotT_(PAL:1.0)
P 221.7335, -497.4471, -221.9041,  0, 0, 0,  2,  Julei_Direaxe
P 56.8756, -220.8933, -348.8728,  0, 0, 0,  2,  Polzin_Mrid
P -212.0000, -738.0000, -898.0000,  0, 0, 0,  2,  Guardian_of_the_Seal
P 465.8887, -441.0560, -81.9667,  0, 0, 0,  2,  Elemental_Striker
P -332.0000, -597.0000, -894.0000,  240, 127, 0,  2,  Echo_of_Nortlav_(Raid)
P -350.0000, 23.2288, -347.1847,  127, 64, 0,  2,  an_ancient_construct_(Hunter)
P -469.0000, -29.3402, -349.8728,  127, 64, 0,  2,  an_ancient_gargoyle_(Hunter)
P 102.0000, -63.5175, -279.7166,  127, 64, 0,  2,  an_old_construct_(Hunter)
P 27.0000, 169.5524, -315.6403,  127, 64, 0,  2,  an_old_contruct_(Hunter,Roam)
P -11.0000, 91.9674, -321.8728,  127, 64, 0,  2,  an_old_gargoyle_(Hunter,on_wall)
P 17.0000, -8.4979, -349.8728,  127, 64, 0,  2,  an_old_gargoyle_(Hunter,on_roof)
P -410.0000, -122.2417, -349.8728,  127, 64, 0,  2,  a_ratman_inhabitant_(Hunter,Roam)
P -504.0000, -926.7533, -572.7787,  127, 64, 0,  2,  a_temple_researcher_(Hunter)
P 188.1954, -420.8274, -216.9041,  0, 0, 0,  2,  Caradon

