L -958.1967, 168.3631, -140.4078, -1010.8392, 168.3616, -139.9354, 0, 0, 0
L -1010.8392, 168.3616, -139.9354, -1010.8392, 168.3616, -139.9354, 0, 0, 0
P 658.1943, 13.1543, 119.9385, 255, 0, 0, 2, to_Eastern_Wastes
P -3196.6243, 129.4611, -399.8427, 255, 0, 0, 2, to_The_Wakening_Land
P 633.0000, 47.0000, 0.0000, 255, 0, 0, 2, Succor
P -1442.0000, 404.0000, -199.9052, 255, 210, 0, 2, Pollos_(Banker)
P -1908.0000, 1679.0000, -159.9365, 255, 210, 0, 2, Weyen_(Banker)
P -1946.7825, -173.7143, -199.9052, 0, 128, 0, 2, Svekk_(Merchant)
P -1867.0000, -267.0000, -199.9052, 0, 128, 0, 2, Kellek_(Merchant)
P -1394.0000, 403.0000, -199.9052, 0, 128, 0, 2, Weyrevar_(Armor)
P -1953.0000, 1658.0000, -159.9365, 0, 128, 0, 2, Bendad_(Merchant)
P -1932.0000, 1740.0000, -159.9365, 0, 127, 0, 2, Ymik_(Merchant)
P -828.0000, -238.0000, -139.9365, 0, 128, 0, 2, Kevelak_(Merchant)
P -848.0000, -254.0000, -139.9365, 0, 128, 0, 2, Wevek_(Weapons)
P -872.0000, -245.0000, -139.9365, 0, 128, 0, 2, Graggaz_(Armor)
P -1279.3401, -2673.4910, -78.4187, 240, 240, 0, 2, Fake_Wall
P -2536.9102, 241.7303, -329.8719, 0, 0, 0, 2, Captain_Mc`Hersh
P -1285.3583, -1187.9567, -78.4485, 240, 240, 0, 2, One-way_wall_(South)
P -1382.8185, -2165.5757, -38.0394, 240, 127, 0, 2, Derakor_the_Vindicator_(Raid)
P -1736.0000, 1540.0000, -191.0000, 240, 127, 0, 2, King_Tormax_(Raid)
P -1382.2675, -2767.1116, -68.4514, 240, 127, 0, 2, The_Avatar_of_War_(Raid)
P -1002.5536, 1074.1111, -128.4104, 127, 64, 0, 2, Bjoskhua_Blackfist_(Hunter)
P -1469.5077, -1232.1111, -108.4354, 127, 64, 0, 2, Bjrakor_the_Cold_(Hunter)
P -1427.8738, 273.9481, -198.3750, 127, 64, 0, 2, Captain_Bvellos_(Hunter)
P -1451.2272, 842.3168, -118.3816, 127, 64, 0, 2, Clrakk_Blackfist_(Hunter)
P -1625.2905, 1173.5912, -148.4193, 127, 64, 0, 2, Dlammaz_Stormslayer_(Hunter)
P -997.8301, -1178.8395, -52.6642, 127, 64, 0, 2, Gkrean_Prophet_of_Tallon_(Hunter)
P -1640.9679, 952.8750, -218.3710, 127, 64, 0, 2, Gleed_Dragonhunter_(Hunter)
P -1420.5554, 300.3933, -198.0450, 127, 64, 0, 2, Kael_Militia_Captain_(Hunter)
P -1151.4561, 838.9453, -127.5696, 127, 64, 0, 2, Klaggan_Iceshard_(Hunter)
P -2679.5313, 300.1732, -329.5759, 127, 64, 0, 2, Korakaz_(Hunter)
P -1574.8378, 1416.1348, -190.1643, 127, 64, 0, 2, Kyenka_(Hunter)
P -1028.4165, 626.5245, -123.2217, 127, 64, 0, 2, Nojas_Blackfist_(Hunter)
P -1546.1447, 785.4084, -118.4212, 127, 64, 0, 2, Reivaj_the_Battlerager_(Hunter)
P -1558.4933, -1180.3799, -58.4400, 127, 64, 0, 2, Semkak_Prophet_of_Vallon_(Hunter)
P -1345.3225, -236.3872, -138.4210, 127, 64, 0, 2, Slaggak_the_Trainer_(Hunter)
P -1624.8004, 1175.7179, -148.0888, 127, 64, 0, 2, a_Storm_Giant_Warlord_(Hunter)
P -1085.0315, 310.2549, -178.4174, 127, 64, 0, 2, Tuuak_(Hunter)
P -1106.9983, -1309.5996, -108.4427, 127, 64, 0, 2, Vealok_the_Angry_(Hunter)
P -1149.1298, 803.7756, -127.5682, 127, 64, 0, 2, Vorken_Iceshard_(Hunter)
P -1814.7479, 1434.3096, -198.3855, 127, 64, 0, 2, Yetarr_(Hunter)

