L 2739.0, -130.0, -38.0, 2967.0, -55.0, 120.0, 139, 69, 19
L 2965.0, -37.0, 118.0, 2742.0, -106.0, -36.0, 139, 69, 19
L 2959.0, -46.0, 114.0, 2965.0, -37.0, 118.0, 139, 69, 19
L 2964.0, -53.0, 119.0, 2959.0, -46.0, 114.0, 139, 69, 19
L 2967.0, -55.0, 120.0, 2964.0, -53.0, 119.0, 139, 69, 19
L 2971.0, -53.0, 121.0, 2967.0, -55.0, 120.0, 139, 69, 19
L 2975.0, -46.0, 122.0, 2971.0, -53.0, 121.0, 139, 69, 19
L 2973.0, -41.0, 122.0, 2975.0, -46.0, 122.0, 139, 69, 19
L 2965.0, -37.0, 119.0, 2973.0, -41.0, 122.0, 139, 69, 19
L 2726.0, -123.0, -38.0, 2729.0, -109.0, -38.0, 139, 69, 19
L 2731.0, -129.0, -38.0, 2726.0, -123.0, -38.0, 139, 69, 19
L 2739.0, -130.0, -38.0, 2731.0, -129.0, -38.0, 139, 69, 19
L 2749.0, -121.0, -37.0, 2739.0, -130.0, -38.0, 139, 69, 19
L 2748.0, -114.0, -37.0, 2749.0, -121.0, -37.0, 139, 69, 19
L 2742.0, -106.0, -36.0, 2748.0, -114.0, -37.0, 139, 69, 19
L 2729.0, -109.0, -38.0, 2742.0, -106.0, -36.0, 139, 69, 19
L 2965.0, 32.0, 121.0, 2745.0, 97.0, -38.0, 139, 69, 19
L 2958.0, 23.0, 116.0, 2961.0, 19.0, 116.0, 139, 69, 19
L 2961.0, 31.0, 118.0, 2958.0, 23.0, 116.0, 139, 69, 19
L 2965.0, 32.0, 121.0, 2961.0, 31.0, 118.0, 139, 69, 19
L 2972.0, 30.0, 122.0, 2965.0, 32.0, 121.0, 139, 69, 19
L 2974.0, 24.0, 123.0, 2972.0, 30.0, 122.0, 139, 69, 19
L 2973.0, 19.0, 123.0, 2974.0, 24.0, 123.0, 139, 69, 19
L 2968.0, 17.0, 120.0, 2973.0, 19.0, 123.0, 139, 69, 19
L 2733.0, 80.0, -38.0, 2961.0, 19.0, 116.0, 139, 69, 19
L 2747.0, 91.0, -37.0, 2742.0, 81.0, -38.0, 139, 69, 19
L 2745.0, 97.0, -38.0, 2747.0, 91.0, -37.0, 139, 69, 19
L 2737.0, 102.0, -38.0, 2745.0, 97.0, -38.0, 139, 69, 19
L 2729.0, 100.0, -39.0, 2737.0, 102.0, -38.0, 139, 69, 19
L 2724.0, 95.0, -39.0, 2729.0, 100.0, -39.0, 139, 69, 19
L 2726.0, 85.0, -39.0, 2724.0, 95.0, -39.0, 139, 69, 19
L 2733.0, 80.0, -38.0, 2726.0, 85.0, -39.0, 139, 69, 19
L 2742.0, 81.0, -38.0, 2733.0, 80.0, -38.0, 139, 69, 19
L 2774.0, 11.0, -37.0, 2775.0, -38.0, -37.0, 150, 100, 0
L 2775.0, -37.0, -37.0, 3095.0, -36.0, -36.0, 139, 69, 19
L 3095.0, 14.0, -36.0, 2774.0, 11.0, -37.0, 139, 69, 19
L 3095.0, -36.0, -36.0, 3095.0, 14.0, -36.0, 199, 21, 133
L 1467.0, 2781.0, -10.0, 1475.0, 2778.0, -10.0, 0, 0, 0
L 1470.0, 2789.0, -10.0, 1467.0, 2781.0, -10.0, 0, 0, 0
L 1478.0, 2787.0, -10.0, 1470.0, 2789.0, -10.0, 0, 0, 0
L 1475.0, 2778.0, -10.0, 1478.0, 2787.0, -10.0, 0, 0, 0
L 1493.0, 2782.0, -10.0, 1491.0, 2774.0, -10.0, 0, 0, 0
L 1485.0, 2785.0, -10.0, 1493.0, 2782.0, -10.0, 0, 0, 0
L 1482.0, 2776.0, -10.0, 1485.0, 2785.0, -10.0, 0, 0, 0
L 1491.0, 2774.0, -10.0, 1482.0, 2776.0, -10.0, 0, 0, 0
L 1509.0, 2748.0, -10.0, 1506.0, 2740.0, -10.0, 0, 0, 0
L 1501.0, 2750.0, -10.0, 1509.0, 2748.0, -10.0, 0, 0, 0
L 1498.0, 2742.0, -10.0, 1501.0, 2750.0, -10.0, 0, 0, 0
L 1506.0, 2740.0, -10.0, 1498.0, 2742.0, -10.0, 0, 0, 0
L 1496.0, 2735.0, -10.0, 1494.0, 2727.0, -10.0, 0, 0, 0
L 1504.0, 2733.0, -10.0, 1496.0, 2735.0, -10.0, 0, 0, 0
L 1502.0, 2724.0, -10.0, 1504.0, 2733.0, -10.0, 0, 0, 0
L 1494.0, 2727.0, -10.0, 1502.0, 2724.0, -10.0, 0, 0, 0
L 1466.0, 2715.0, -10.0, 1464.0, 2706.0, -10.0, 0, 0, 0
L 1474.0, 2712.0, -10.0, 1466.0, 2715.0, -10.0, 0, 0, 0
L 1472.0, 2704.0, -10.0, 1474.0, 2712.0, -10.0, 0, 0, 0
L 1464.0, 2706.0, -10.0, 1472.0, 2704.0, -10.0, 0, 0, 0
L 1451.0, 2719.0, -10.0, 1448.0, 2711.0, -10.0, 0, 0, 0
L 1459.0, 2717.0, -10.0, 1451.0, 2719.0, -10.0, 0, 0, 0
L 1457.0, 2708.0, -10.0, 1459.0, 2717.0, -10.0, 0, 0, 0
L 1448.0, 2711.0, -10.0, 1457.0, 2708.0, -10.0, 0, 0, 0
L 1429.0, 2753.0, -10.0, 1438.0, 2751.0, -10.0, 0, 0, 0
L 1427.0, 2745.0, -10.0, 1429.0, 2753.0, -10.0, 0, 0, 0
L 1435.0, 2742.0, -10.0, 1427.0, 2745.0, -10.0, 0, 0, 0
L 1438.0, 2751.0, -10.0, 1435.0, 2742.0, -10.0, 0, 0, 0
L 1431.0, 2760.0, -10.0, 1440.0, 2758.0, -10.0, 0, 0, 0
L 1434.0, 2768.0, -10.0, 1431.0, 2760.0, -10.0, 0, 0, 0
L 1442.0, 2766.0, -10.0, 1434.0, 2768.0, -10.0, 0, 0, 0
L 1440.0, 2758.0, -10.0, 1442.0, 2766.0, -10.0, 0, 0, 0
L 1465.0, 2758.0, -10.0, 1481.0, 2753.0, -10.0, 0, 0, 0
L 1460.0, 2741.0, -10.0, 1465.0, 2758.0, -10.0, 0, 0, 0
L 1476.0, 2736.0, -10.0, 1460.0, 2741.0, -10.0, 0, 0, 0
L 1481.0, 2753.0, -10.0, 1476.0, 2736.0, -10.0, 0, 0, 0
L -165.0, 1225.0, 64.0, -165.0, 1244.0, 64.0, 0, 0, 0
L -109.0, 1229.0, 64.0, -105.0, 1229.0, 63.0, 0, 0, 0
L -109.0, 1226.0, 64.0, -109.0, 1229.0, 64.0, 0, 0, 0
L -124.0, 1217.0, 64.0, -109.0, 1226.0, 64.0, 0, 0, 0
L -140.0, 1226.0, 64.0, -124.0, 1217.0, 64.0, 0, 0, 0
L -140.0, 1231.0, 64.0, -140.0, 1226.0, 64.0, 0, 0, 0
L -144.0, 1231.0, 65.0, -140.0, 1231.0, 64.0, 0, 0, 0
L -144.0, 1227.0, 65.0, -144.0, 1231.0, 65.0, 0, 0, 0
L -163.0, 1227.0, 65.0, -144.0, 1227.0, 65.0, 0, 0, 0
L -163.0, 1242.0, 65.0, -163.0, 1227.0, 65.0, 0, 0, 0
L -144.0, 1242.0, 65.0, -163.0, 1242.0, 65.0, 0, 0, 0
L -144.0, 1239.0, 65.0, -144.0, 1242.0, 65.0, 0, 0, 0
L -140.0, 1239.0, 64.0, -144.0, 1239.0, 65.0, 0, 0, 0
L -140.0, 1244.0, 64.0, -140.0, 1239.0, 64.0, 0, 0, 0
L -125.0, 1253.0, 64.0, -140.0, 1244.0, 64.0, 0, 0, 0
L -109.0, 1244.0, 64.0, -125.0, 1253.0, 64.0, 0, 0, 0
L -109.0, 1241.0, 64.0, -109.0, 1244.0, 64.0, 0, 0, 0
L -106.0, 1242.0, 63.0, -109.0, 1241.0, 64.0, 0, 0, 0
L -106.0, 1246.0, 63.0, -106.0, 1242.0, 63.0, 0, 0, 0
L -105.0, 1225.0, 63.0, -105.0, 1229.0, 63.0, 0, 0, 0
L -124.0, 1213.0, 63.0, -105.0, 1225.0, 63.0, 0, 0, 0
L -143.0, 1223.0, 64.0, -124.0, 1213.0, 63.0, 0, 0, 0
L -144.0, 1225.0, 64.0, -143.0, 1223.0, 64.0, 0, 0, 0
L -165.0, 1225.0, 64.0, -144.0, 1225.0, 64.0, 0, 0, 0
L -144.0, 1244.0, 64.0, -165.0, 1244.0, 64.0, 0, 0, 0
L -143.0, 1246.0, 64.0, -144.0, 1244.0, 64.0, 0, 0, 0
L -125.0, 1257.0, 64.0, -143.0, 1246.0, 64.0, 0, 0, 0
L -106.0, 1246.0, 63.0, -125.0, 1257.0, 64.0, 0, 0, 0
L -1175.0, 4503.0, -30.0, -1175.0, 4212.0, -33.0, 139, 69, 19
L 2581.0, -1495.0, 22.0, -3148.0, -1498.0, 234.0, 0, 0, 0
L 2948.0, -1498.0, -65.0, 2581.0, -1495.0, 22.0, 0, 0, 0
L 2944.0, -1144.0, -65.0, 2948.0, -1498.0, -65.0, 0, 0, 255
L 2949.0, -795.0, -63.0, 2944.0, -1144.0, -65.0, 0, 0, 255
L 2841.0, -569.0, -65.0, 2949.0, -795.0, -63.0, 0, 0, 255
L 2837.0, -530.0, -65.0, 2841.0, -569.0, -65.0, 0, 0, 255
L 2893.0, -289.0, -64.0, 2837.0, -530.0, -65.0, 0, 0, 255
L 2889.0, 141.0, -64.0, 2893.0, -289.0, -64.0, 0, 0, 255
L 2649.0, 457.0, -64.0, 2889.0, 141.0, -64.0, 0, 0, 255
L 2659.0, 595.0, -64.0, 2649.0, 457.0, -64.0, 0, 0, 255
L 2783.0, 603.0, -64.0, 2659.0, 595.0, -64.0, 0, 0, 255
L 2935.0, 633.0, -63.0, 2783.0, 603.0, -64.0, 0, 0, 255
L 2934.0, 943.0, -65.0, 2935.0, 633.0, -63.0, 0, 0, 255
L 2946.0, 1100.0, -64.0, 2934.0, 943.0, -65.0, 0, 0, 255
L 2787.0, 1240.0, -63.0, 2946.0, 1100.0, -64.0, 0, 0, 255
L 2635.0, 1399.0, -65.0, 2787.0, 1240.0, -63.0, 0, 0, 255
L 2639.0, 1558.0, -64.0, 2635.0, 1399.0, -65.0, 0, 0, 255
L 2786.0, 1726.0, -64.0, 2639.0, 1558.0, -64.0, 0, 0, 255
L 2775.0, 1995.0, -65.0, 2786.0, 1726.0, -64.0, 0, 0, 255
L 2828.0, 2295.0, -64.0, 2775.0, 1995.0, -65.0, 0, 0, 255
L 2819.0, 2621.0, -65.0, 2828.0, 2295.0, -64.0, 0, 0, 255
L 2783.0, 2651.0, -64.0, 2819.0, 2621.0, -65.0, 0, 0, 255
L 2627.0, 2923.0, -63.0, 2783.0, 2651.0, -64.0, 0, 0, 255
L 2624.0, 3210.0, -64.0, 2627.0, 2923.0, -63.0, 0, 0, 255
L 2614.0, 3374.0, -64.0, 2624.0, 3210.0, -64.0, 0, 0, 255
L 2606.0, 3560.0, -64.0, 2614.0, 3374.0, -64.0, 0, 0, 255
L 2303.0, 3861.0, -63.0, 2606.0, 3560.0, -64.0, 0, 0, 255
L 2296.0, 4007.0, -63.0, 2303.0, 3861.0, -63.0, 0, 0, 255
L 2154.0, 4235.0, -65.0, 2296.0, 4007.0, -63.0, 0, 0, 255
L 1988.0, 4247.0, -64.0, 2154.0, 4235.0, -65.0, 0, 0, 255
L 1885.0, 4023.0, -65.0, 1988.0, 4247.0, -64.0, 0, 0, 255
L 1880.0, 3977.0, -64.0, 1885.0, 4023.0, -65.0, 0, 0, 255
L 1776.0, 3999.0, -64.0, 1880.0, 3977.0, -64.0, 0, 0, 255
L 1498.0, 4256.0, -65.0, 1776.0, 3999.0, -64.0, 0, 0, 255
L 1352.0, 4250.0, -64.0, 1498.0, 4256.0, -65.0, 0, 0, 255
L 1198.0, 4052.0, -64.0, 1352.0, 4250.0, -64.0, 0, 0, 255
L 1162.0, 4034.0, -64.0, 1198.0, 4052.0, -64.0, 0, 0, 255
L 867.0, 4213.0, -63.0, 1162.0, 4034.0, -64.0, 0, 0, 255
L 715.0, 4250.0, -63.0, 867.0, 4213.0, -63.0, 0, 0, 255
L 548.0, 4251.0, -63.0, 715.0, 4250.0, -63.0, 0, 0, 255
L 419.0, 4200.0, -64.0, 548.0, 4251.0, -63.0, 0, 0, 255
L 272.0, 3985.0, -62.0, 419.0, 4200.0, -64.0, 0, 0, 255
L 233.0, 3981.0, -64.0, 272.0, 3985.0, -62.0, 0, 0, 255
L 118.0, 3997.0, -63.0, 233.0, 3981.0, -64.0, 0, 0, 255
L -93.0, 4127.0, -64.0, 118.0, 3997.0, -63.0, 0, 0, 255
L -177.0, 4134.0, -65.0, -93.0, 4127.0, -64.0, 0, 0, 255
L -289.0, 4005.0, -65.0, -177.0, 4134.0, -65.0, 0, 0, 255
L -355.0, 3978.0, -65.0, -289.0, 4005.0, -65.0, 0, 0, 255
L -403.0, 3972.0, -62.0, -355.0, 3978.0, -65.0, 0, 0, 255
L -453.0, 3999.0, -65.0, -403.0, 3972.0, -62.0, 0, 0, 255
L -732.0, 4290.0, -64.0, -453.0, 3999.0, -65.0, 0, 0, 255
L -907.0, 4296.0, -65.0, -732.0, 4290.0, -64.0, 0, 0, 255
L -1049.0, 4239.0, -65.0, -907.0, 4296.0, -65.0, 0, 0, 255
L -1373.0, 4203.0, -65.0, -1049.0, 4239.0, -65.0, 0, 0, 255
L -1496.0, 4204.0, -65.0, -1373.0, 4203.0, -65.0, 0, 0, 255
L -1635.0, 3980.0, -65.0, -1496.0, 4204.0, -65.0, 0, 0, 255
L -2025.0, 3983.0, -65.0, -1635.0, 3980.0, -65.0, 0, 0, 255
L -2067.0, 4003.0, -66.0, -2025.0, 3983.0, -65.0, 0, 0, 255
L -2331.0, 4153.0, -65.0, -2067.0, 4003.0, -66.0, 0, 0, 255
L -2490.0, 4243.0, -64.0, -2331.0, 4153.0, -65.0, 0, 0, 255
L -2631.0, 4245.0, -65.0, -2490.0, 4243.0, -64.0, 0, 0, 255
L -2811.0, 4298.0, -64.0, -2631.0, 4245.0, -65.0, 0, 0, 255
L -2947.0, 4132.0, -64.0, -2811.0, 4298.0, -64.0, 0, 0, 255
L -3007.0, 4100.0, -65.0, -2947.0, 4132.0, -64.0, 0, 0, 255
L -3150.0, 4179.0, -65.0, -3007.0, 4100.0, -65.0, 0, 0, 255
L -3148.0, -1498.0, 232.0, -3150.0, 4179.0, -65.0, 199, 21, 133
L -3146.0, -657.0, 0.0, -2174.0, -667.0, -7.0, 205, 133, 63
L -1760.0, -194.0, -7.0, -2177.0, -624.0, -7.0, 205, 133, 63
L -2177.0, -624.0, -7.0, -3150.0, -612.0, 0.0, 205, 133, 63
L -1760.0, -194.0, -7.0, -1410.0, 142.0, -7.0, 205, 133, 63
L -1410.0, 142.0, -7.0, -1095.0, 455.0, -7.0, 205, 133, 63
L -1095.0, 455.0, -7.0, -918.0, 633.0, -7.0, 205, 133, 63
L -918.0, 633.0, -7.0, 61.0, 646.0, -7.0, 205, 133, 63
L 61.0, 646.0, -7.0, 150.0, 715.0, -7.0, 205, 133, 63
L 240.0, 763.0, -7.0, 406.0, 633.0, -7.0, 205, 133, 63
L 406.0, 633.0, -7.0, 422.0, 318.0, -7.0, 205, 133, 63
L 422.0, 318.0, -7.0, 745.0, 329.0, -7.0, 205, 133, 63
L 745.0, 329.0, -7.0, 1048.0, 16.0, 1.0, 205, 133, 63
L 1048.0, 16.0, 1.0, 2774.0, 11.0, -37.0, 205, 133, 63
L 2775.0, -37.0, -37.0, 1000.0, -31.0, -7.0, 205, 133, 63
L 1000.0, -31.0, -7.0, 693.0, 280.0, -7.0, 205, 133, 63
L 693.0, 280.0, -7.0, -923.0, 282.0, -7.0, 205, 133, 63
L -923.0, 282.0, -7.0, -1047.0, 409.0, -7.0, 205, 133, 63
L -1047.0, 409.0, -7.0, -2174.0, -667.0, -7.0, 205, 133, 63
L -996.0, 474.0, -7.0, -878.0, 328.0, -7.0, 205, 133, 63
L -878.0, 328.0, -7.0, 360.0, 325.0, -7.0, 205, 133, 63
L 360.0, 325.0, -7.0, 350.0, 632.0, -7.0, 205, 133, 63
L 350.0, 632.0, -7.0, 219.0, 738.0, -7.0, 205, 133, 63
L 219.0, 738.0, -7.0, 70.0, 603.0, -7.0, 205, 133, 63
L 70.0, 603.0, -7.0, -894.0, 586.0, -7.0, 205, 133, 63
L -894.0, 586.0, -7.0, -996.0, 474.0, -7.0, 205, 133, 63
L 240.0, 763.0, -7.0, 412.0, 948.0, -7.0, 205, 133, 63
L 412.0, 948.0, -7.0, 407.0, 1590.0, -7.0, 205, 133, 63
L 407.0, 1590.0, -7.0, -1175.0, 3093.0, 5.0, 205, 133, 63
L -1175.0, 3093.0, 5.0, -1187.0, 3990.0, -19.0, 205, 133, 63
L -1187.0, 3990.0, -19.0, -1239.0, 3988.0, -21.0, 205, 133, 63
L -1239.0, 3988.0, -21.0, -1233.0, 3057.0, -2.0, 205, 133, 63
L -1233.0, 3057.0, -2.0, 363.0, 1546.0, -7.0, 205, 133, 63
L 363.0, 1546.0, -7.0, 362.0, 949.0, -7.0, 205, 133, 63
L 362.0, 949.0, -7.0, 150.0, 715.0, -6.0, 205, 133, 63
L 119.0, 578.0, -7.0, 130.0, 606.0, -7.0, 0, 0, 0
L 130.0, 606.0, -7.0, 138.0, 605.0, -7.0, 0, 0, 0
L 138.0, 605.0, -7.0, 143.0, 613.0, -7.0, 0, 0, 0
L 143.0, 613.0, -7.0, 146.0, 612.0, -7.0, 0, 0, 0
L 146.0, 612.0, -7.0, 143.0, 602.0, -7.0, 0, 0, 0
L 143.0, 602.0, -7.0, 151.0, 599.0, -7.0, 0, 0, 0
L 151.0, 599.0, -7.0, 139.0, 571.0, -7.0, 0, 0, 0
L 139.0, 571.0, -7.0, 119.0, 578.0, -7.0, 0, 0, 0
L 127.0, 711.0, -7.0, 149.0, 684.0, -7.0, 0, 0, 0
L 149.0, 684.0, -7.0, 158.0, 689.0, -7.0, 0, 0, 0
L 158.0, 689.0, -7.0, 164.0, 684.0, -7.0, 0, 0, 0
L 164.0, 684.0, -7.0, 166.0, 685.0, -7.0, 0, 0, 0
L 166.0, 685.0, -7.0, 162.0, 693.0, -7.0, 0, 0, 0
L 162.0, 693.0, -7.0, 169.0, 697.0, -7.0, 0, 0, 0
L 169.0, 697.0, -7.0, 148.0, 724.0, -7.0, 0, 0, 0
L 148.0, 724.0, -7.0, 127.0, 711.0, -7.0, 0, 0, 0
L 214.0, 619.0, -7.0, 206.0, 613.0, -7.0, 0, 0, 0
L 206.0, 613.0, -7.0, 228.0, 589.0, -7.0, 0, 0, 0
L 228.0, 589.0, -7.0, 247.0, 604.0, -7.0, 0, 0, 0
L 247.0, 604.0, -7.0, 226.0, 629.0, -7.0, 0, 0, 0
L 226.0, 629.0, -7.0, 218.0, 623.0, -7.0, 0, 0, 0
L 218.0, 623.0, -7.0, 211.0, 629.0, -7.0, 0, 0, 0
L 211.0, 629.0, -7.0, 209.0, 628.0, -7.0, 0, 0, 0
L 209.0, 628.0, -7.0, 214.0, 619.0, -7.0, 0, 0, 0
L 176.0, 636.0, -7.0, 178.0, 630.0, -7.0, 255, 0, 0
L 178.0, 630.0, -7.0, 176.0, 623.0, -7.0, 255, 0, 0
L 176.0, 623.0, -7.0, 167.0, 623.0, -7.0, 255, 0, 0
L 167.0, 623.0, -7.0, 164.0, 631.0, -7.0, 255, 0, 0
L 164.0, 631.0, -7.0, 167.0, 637.0, -7.0, 255, 0, 0
L 167.0, 637.0, -7.0, 176.0, 636.0, -7.0, 255, 0, 0
L 205.0, 609.0, -6.0, 208.0, 565.0, -7.0, 0, 0, 0
L 208.0, 565.0, -7.0, 190.0, 562.0, -5.0, 0, 0, 0
L 190.0, 562.0, -5.0, 170.0, 564.0, -7.0, 0, 0, 0
L 170.0, 564.0, -7.0, 169.0, 607.0, -7.0, 0, 0, 0
L 115.0, 642.0, -7.0, 84.0, 660.0, -7.0, 0, 0, 0
L 84.0, 660.0, -7.0, 89.0, 676.0, -7.0, 0, 0, 0
L 89.0, 676.0, -7.0, 100.0, 691.0, -7.0, 0, 0, 0
L 100.0, 691.0, -7.0, 136.0, 673.0, -7.0, 0, 0, 0
L 206.0, 726.0, -7.0, 183.0, 689.0, -7.0, 0, 0, 0
L 214.0, 669.0, -7.0, 235.0, 703.0, -7.0, 0, 0, 0
L 235.0, 703.0, -7.0, 206.0, 726.0, -7.0, 0, 0, 0
L -1156.0, 3638.0, -11.0, -1075.0, 3638.0, -11.0, 0, 0, 0
L -1075.0, 3638.0, -11.0, -1075.0, 3557.0, -11.0, 0, 0, 0
L -1075.0, 3557.0, -11.0, -1156.0, 3557.0, -11.0, 0, 0, 0
L -1156.0, 3557.0, -11.0, -1156.0, 3638.0, -11.0, 0, 0, 0
L -1156.0, 3733.0, -10.0, -1156.0, 3814.0, -10.0, 0, 0, 0
L -1156.0, 3814.0, -10.0, -1076.0, 3814.0, -10.0, 0, 0, 0
L -1076.0, 3814.0, -10.0, -1075.0, 3733.0, -10.0, 0, 0, 0
L -1075.0, 3733.0, -10.0, -1156.0, 3733.0, -10.0, 0, 0, 0
L -1264.0, 3733.0, -10.0, -1345.0, 3733.0, -10.0, 0, 0, 0
L -1345.0, 3733.0, -10.0, -1345.0, 3814.0, -10.0, 0, 0, 0
L -1345.0, 3814.0, -10.0, -1264.0, 3814.0, -10.0, 0, 0, 0
L -1264.0, 3814.0, -10.0, -1264.0, 3733.0, -10.0, 0, 0, 0
L -1263.0, 3638.0, -11.0, -1263.0, 3557.0, -11.0, 0, 0, 0
L -1263.0, 3557.0, -11.0, -1344.0, 3557.0, -11.0, 0, 0, 0
L -1344.0, 3557.0, -11.0, -1344.0, 3638.0, -11.0, 0, 0, 0
L -1344.0, 3638.0, -11.0, -1263.0, 3638.0, -11.0, 0, 0, 0
L -1194.0, 4133.0, 39.0, -1175.0, 4133.0, 39.0, 102, 255, 102
L -1175.0, 4133.0, 39.0, -1175.0, 4143.0, 39.0, 102, 255, 102
L -1175.0, 4203.0, 63.0, -1245.0, 4203.0, 63.0, 102, 255, 102
L -1245.0, 4203.0, 63.0, -1245.0, 4133.0, 63.0, 102, 255, 102
L -1245.0, 4133.0, 63.0, -1175.0, 4133.0, 63.0, 102, 255, 102
L -1175.0, 4133.0, 63.0, -1175.0, 4194.0, 63.0, 102, 255, 102
L -1185.0, 4194.0, 63.0, -1185.0, 4188.0, 60.0, 102, 255, 102
L -1184.0, 4143.0, 39.0, -1185.0, 4143.0, 39.0, 102, 255, 102
L -1185.0, 4143.0, 39.0, -1185.0, 4149.0, 35.0, 102, 255, 102
L -1247.0, 4212.0, -33.0, -1248.0, 4503.0, -33.0, 139, 69, 19
L 2948.0, -1498.0, -64.0, 3236.0, -1498.0, -63.0, 0, 0, 255
L -3150.0, 4179.0, -65.0, -3162.0, 4189.0, -69.0, 0, 0, 255
L -3162.0, 4189.0, -69.0, -3162.0, 4191.0, -69.0, 0, 0, 255
L -3162.0, 4191.0, -69.0, -3161.0, 4230.0, -72.0, 0, 0, 255
L -3161.0, 4230.0, -72.0, -3161.0, 4232.0, -72.0, 0, 0, 255
L -3161.0, 4232.0, -72.0, -3161.0, 4271.0, -72.0, 0, 0, 255
L -3161.0, 4271.0, -72.0, -3161.0, 4273.0, -72.0, 0, 0, 255
L -3161.0, 4273.0, -72.0, -3160.0, 4301.0, -72.0, 0, 0, 255
L -3160.0, 4301.0, -72.0, -3160.0, 4303.0, -72.0, 0, 0, 255
L -3160.0, 4303.0, -72.0, -3159.0, 4308.0, -72.0, 0, 0, 255
L -3159.0, 4308.0, -72.0, -3159.0, 4310.0, -72.0, 0, 0, 255
L -3159.0, 4310.0, -72.0, -3159.0, 4315.0, -72.0, 0, 0, 255
L -3159.0, 4315.0, -72.0, -3159.0, 4317.0, -72.0, 0, 0, 255
L -3159.0, 4317.0, -72.0, -3158.0, 4322.0, -72.0, 0, 0, 255
L -3158.0, 4322.0, -72.0, -3158.0, 4324.0, -72.0, 0, 0, 255
L -3158.0, 4324.0, -72.0, -3157.0, 4329.0, -72.0, 0, 0, 255
L -3157.0, 4329.0, -72.0, -3157.0, 4331.0, -72.0, 0, 0, 255
L -3157.0, 4331.0, -72.0, -3157.0, 4336.0, -72.0, 0, 0, 255
L -3157.0, 4336.0, -72.0, -3157.0, 4338.0, -72.0, 0, 0, 255
L -3157.0, 4338.0, -72.0, -3156.0, 4342.0, -72.0, 0, 0, 255
L -3156.0, 4342.0, -72.0, -3156.0, 4344.0, -72.0, 0, 0, 255
L -3156.0, 4344.0, -72.0, -3155.0, 4349.0, -72.0, 0, 0, 255
L -3155.0, 4349.0, -72.0, -3155.0, 4351.0, -72.0, 0, 0, 255
L -3155.0, 4351.0, -72.0, -3155.0, 4356.0, -72.0, 0, 0, 255
L -3155.0, 4356.0, -72.0, -3155.0, 4358.0, -72.0, 0, 0, 255
L -3155.0, 4358.0, -72.0, -3154.0, 4362.0, -72.0, 0, 0, 255
L -3154.0, 4362.0, -72.0, -3154.0, 4364.0, -72.0, 0, 0, 255
L -3154.0, 4364.0, -72.0, -3153.0, 4369.0, -72.0, 0, 0, 255
L -3153.0, 4369.0, -72.0, -3153.0, 4371.0, -72.0, 0, 0, 255
L -3153.0, 4371.0, -72.0, -3153.0, 4376.0, -72.0, 0, 0, 255
L -3153.0, 4376.0, -72.0, -3153.0, 4378.0, -72.0, 0, 0, 255
L -3153.0, 4378.0, -72.0, -3152.0, 4383.0, -72.0, 0, 0, 255
L -3152.0, 4383.0, -72.0, -3152.0, 4385.0, -72.0, 0, 0, 255
L -3152.0, 4385.0, -72.0, -3151.0, 4389.0, -72.0, 0, 0, 255
L -3151.0, 4389.0, -72.0, -3151.0, 4391.0, -72.0, 0, 0, 255
L -3151.0, 4391.0, -72.0, -3151.0, 4396.0, -72.0, 0, 0, 255
L -3151.0, 4396.0, -72.0, -3151.0, 4398.0, -72.0, 0, 0, 255
L -3151.0, 4398.0, -72.0, -3150.0, 4403.0, -72.0, 0, 0, 255
L -3150.0, 4403.0, -72.0, -3150.0, 4405.0, -72.0, 0, 0, 255
L -3150.0, 4405.0, -72.0, -3149.0, 4410.0, -72.0, 0, 0, 255
L -3149.0, 4410.0, -72.0, -3149.0, 4412.0, -72.0, 0, 0, 255
L -3149.0, 4412.0, -72.0, -3149.0, 4416.0, -72.0, 0, 0, 255
L -3149.0, 4416.0, -72.0, -3149.0, 4418.0, -72.0, 0, 0, 255
L -3149.0, 4418.0, -72.0, -3148.0, 4423.0, -72.0, 0, 0, 255
L -3148.0, 4423.0, -72.0, -3148.0, 4425.0, -72.0, 0, 0, 255
L -3148.0, 4425.0, -72.0, -3147.0, 4430.0, -72.0, 0, 0, 255
L -3147.0, 4430.0, -72.0, -3147.0, 4432.0, -72.0, 0, 0, 255
L -3147.0, 4432.0, -72.0, -3147.0, 4437.0, -72.0, 0, 0, 255
L -3147.0, 4437.0, -72.0, -3147.0, 4439.0, -72.0, 0, 0, 255
L -3147.0, 4439.0, -72.0, -3146.0, 4443.0, -72.0, 0, 0, 255
L -3146.0, 4443.0, -72.0, -3146.0, 4445.0, -72.0, 0, 0, 255
L -3146.0, 4445.0, -72.0, -3145.0, 4450.0, -72.0, 0, 0, 255
L -3145.0, 4450.0, -72.0, -3145.0, 4452.0, -72.0, 0, 0, 255
L -3145.0, 4452.0, -72.0, -3145.0, 4457.0, -72.0, 0, 0, 255
L -3145.0, 4457.0, -72.0, -3145.0, 4459.0, -72.0, 0, 0, 255
L -3145.0, 4459.0, -72.0, -3144.0, 4464.0, -72.0, 0, 0, 255
L -3144.0, 4464.0, -72.0, -3144.0, 4466.0, -72.0, 0, 0, 255
L -3144.0, 4466.0, -72.0, -3143.0, 4471.0, -72.0, 0, 0, 255
L -3143.0, 4471.0, -72.0, -3143.0, 4473.0, -72.0, 0, 0, 255
L -3143.0, 4473.0, -72.0, -3143.0, 4478.0, -72.0, 0, 0, 255
L -3143.0, 4478.0, -72.0, -3142.0, 4480.0, -72.0, 0, 0, 255
L -3142.0, 4480.0, -72.0, -3142.0, 4484.0, -72.0, 0, 0, 255
L -3142.0, 4484.0, -72.0, -3142.0, 4486.0, -72.0, 0, 0, 255
L -3142.0, 4486.0, -72.0, -3141.0, 4491.0, -72.0, 0, 0, 255
L -3141.0, 4491.0, -72.0, -3141.0, 4493.0, -72.0, 0, 0, 255
L -3141.0, 4493.0, -72.0, -3142.0, 4509.0, -72.0, 0, 0, 255
L -3142.0, 4509.0, -72.0, -3142.0, 4511.0, -72.0, 0, 0, 255
L -3142.0, 4511.0, -72.0, -3142.0, 4515.0, -72.0, 0, 0, 255
L -3142.0, 4515.0, -72.0, -3142.0, 4517.0, -72.0, 0, 0, 255
L -3142.0, 4517.0, -72.0, -3143.0, 4522.0, -72.0, 0, 0, 255
L -3143.0, 4522.0, -72.0, -3143.0, 4524.0, -72.0, 0, 0, 255
L -3143.0, 4524.0, -72.0, -3144.0, 4528.0, -72.0, 0, 0, 255
L -3144.0, 4528.0, -72.0, -3144.0, 4530.0, -72.0, 0, 0, 255
L -3144.0, 4530.0, -72.0, -3144.0, 4536.0, -72.0, 0, 0, 255
L -3144.0, 4536.0, -72.0, -3144.0, 4538.0, -72.0, 0, 0, 255
L -3144.0, 4538.0, -72.0, -3145.0, 4545.0, -72.0, 0, 0, 255
L -3145.0, 4545.0, -72.0, -3145.0, 4546.0, -72.0, 0, 0, 255
L -3145.0, 4546.0, -72.0, -3146.0, 4553.0, -72.0, 0, 0, 255
L -3146.0, 4553.0, -72.0, -3146.0, 4555.0, -72.0, 0, 0, 255
L -3146.0, 4555.0, -72.0, -3146.0, 4562.0, -72.0, 0, 0, 255
L -3146.0, 4562.0, -72.0, -3146.0, 4564.0, -72.0, 0, 0, 255
L -3146.0, 4564.0, -72.0, -3147.0, 4570.0, -72.0, 0, 0, 255
L -3147.0, 4570.0, -72.0, -3147.0, 4572.0, -72.0, 0, 0, 255
L -3147.0, 4572.0, -72.0, -3147.0, 4579.0, -72.0, 0, 0, 255
L -3147.0, 4579.0, -72.0, -3148.0, 4581.0, -72.0, 0, 0, 255
L -3148.0, 4581.0, -72.0, -3148.0, 4588.0, -72.0, 0, 0, 255
L -3148.0, 4588.0, -72.0, -3148.0, 4590.0, -72.0, 0, 0, 255
L -3148.0, 4590.0, -72.0, -3148.0, 4596.0, -72.0, 0, 0, 255
L -3148.0, 4596.0, -72.0, -3146.0, 4596.0, -72.0, 0, 0, 255
L -3146.0, 4596.0, -72.0, -2972.0, 4596.0, -72.0, 0, 0, 255
L -2972.0, 4596.0, -72.0, -2970.0, 4596.0, -70.0, 0, 0, 255
L -2887.0, 4596.0, -73.0, -2885.0, 4596.0, -73.0, 0, 0, 255
L -2885.0, 4596.0, -73.0, -2881.0, 4595.0, -73.0, 0, 0, 255
L -2881.0, 4595.0, -73.0, -2871.0, 4593.0, -73.0, 0, 0, 255
L -2871.0, 4593.0, -73.0, -2852.0, 4590.0, -73.0, 0, 0, 255
L -2852.0, 4590.0, -73.0, -2816.0, 4583.0, -73.0, 0, 0, 255
L -2816.0, 4583.0, -73.0, -2806.0, 4581.0, -73.0, 0, 0, 255
L -2806.0, 4581.0, -73.0, -2787.0, 4578.0, -73.0, 0, 0, 255
L -2787.0, 4578.0, -73.0, -2687.0, 4563.0, -73.0, 0, 0, 255
L -2687.0, 4563.0, -73.0, -2677.0, 4562.0, -73.0, 0, 0, 255
L -2677.0, 4562.0, -73.0, -2648.0, 4558.0, -73.0, 0, 0, 255
L -2648.0, 4558.0, -73.0, -2507.0, 4541.0, -73.0, 0, 0, 255
L -2507.0, 4541.0, -73.0, -2505.0, 4541.0, -73.0, 0, 0, 255
L -2505.0, 4541.0, -73.0, -2495.0, 4541.0, -73.0, 0, 0, 255
L -2495.0, 4541.0, -73.0, -2485.0, 4540.0, -73.0, 0, 0, 255
L -2485.0, 4540.0, -73.0, -2455.0, 4540.0, -73.0, 0, 0, 255
L -2455.0, 4540.0, -73.0, -2431.0, 4540.0, -73.0, 0, 0, 255
L -2431.0, 4540.0, -73.0, -2430.0, 4540.0, -73.0, 0, 0, 255
L -2430.0, 4540.0, -73.0, -2428.0, 4540.0, -73.0, 0, 0, 255
L -2428.0, 4540.0, -73.0, -2425.0, 4541.0, -73.0, 0, 0, 255
L -2425.0, 4541.0, -73.0, -2420.0, 4542.0, -73.0, 0, 0, 255
L -2420.0, 4542.0, -73.0, -2410.0, 4545.0, -73.0, 0, 0, 255
L -2410.0, 4545.0, -73.0, -2384.0, 4553.0, -73.0, 0, 0, 255
L -2384.0, 4553.0, -73.0, -2382.0, 4553.0, -73.0, 0, 0, 255
L -2382.0, 4553.0, -73.0, -2380.0, 4553.0, -73.0, 0, 0, 255
L -2380.0, 4553.0, -73.0, -2370.0, 4553.0, -73.0, 0, 0, 255
L -2370.0, 4553.0, -73.0, -2360.0, 4552.0, -73.0, 0, 0, 255
L -2360.0, 4552.0, -73.0, -2331.0, 4549.0, -73.0, 0, 0, 255
L -2331.0, 4549.0, -73.0, -2324.0, 4548.0, -73.0, 0, 0, 255
L -2324.0, 4548.0, -73.0, -2314.0, 4549.0, -73.0, 0, 0, 255
L -2314.0, 4549.0, -73.0, -2304.0, 4550.0, -73.0, 0, 0, 255
L -2304.0, 4550.0, -73.0, -2275.0, 4552.0, -73.0, 0, 0, 255
L -2275.0, 4552.0, -73.0, -1978.0, 4578.0, -73.0, 0, 0, 255
L -1978.0, 4578.0, -73.0, -1976.0, 4578.0, -73.0, 0, 0, 255
L -1976.0, 4578.0, -73.0, -1973.0, 4579.0, -73.0, 0, 0, 255
L -1973.0, 4579.0, -73.0, -1965.0, 4582.0, -73.0, 0, 0, 255
L -1965.0, 4582.0, -73.0, -1956.0, 4585.0, -73.0, 0, 0, 255
L -1956.0, 4585.0, -73.0, -1938.0, 4591.0, -73.0, 0, 0, 255
L -1938.0, 4591.0, -73.0, -1936.0, 4592.0, -73.0, 0, 0, 255
L -1936.0, 4592.0, -73.0, -1935.0, 4593.0, -73.0, 0, 0, 255
L -1935.0, 4593.0, -73.0, -1934.0, 4594.0, -73.0, 0, 0, 255
L -1934.0, 4594.0, -73.0, -1932.0, 4595.0, -73.0, 0, 0, 255
L -1932.0, 4595.0, -73.0, -1931.0, 4596.0, -73.0, 0, 0, 255
L -1931.0, 4596.0, -73.0, -1929.0, 4596.0, -73.0, 0, 0, 255
L -1929.0, 4596.0, -73.0, -1277.0, 4596.0, -73.0, 0, 0, 255
L -1277.0, 4596.0, -73.0, 3237.0, 4596.0, -72.0, 0, 0, 255
L 3237.0, 4596.0, -72.0, 3237.0, 4262.0, -72.0, 0, 0, 255
L 3237.0, 4262.0, -72.0, 3237.0, 78.0, -72.0, 0, 0, 255
L 3236.0, -1498.0, -63.0, 3237.0, 78.0, -72.0, 0, 0, 255
L -1175.0, 4503.0, -30.0, -1248.0, 4503.0, -33.0, 199, 21, 133
L -1175.0, 4503.0, -30.0, -1175.0, 4527.0, -30.0, 139, 69, 19
L -1248.0, 4503.0, -33.0, -1248.0, 4527.0, -33.0, 139, 69, 19
L -2972.0, 4596.0, -72.0, -2887.0, 4596.0, -73.0, 0, 0, 255
L 2961.0, 19.0, 116.0, 2968.0, 17.0, 120.0, 139, 69, 19
L -1193.0, 4077.0, -33.0, -1193.0, 4124.0, -33.0, 0, 0, 0
L -1193.0, 4077.0, -33.0, -1189.0, 4077.0, -33.0, 0, 0, 0
L -1189.0, 4077.0, -33.0, -1189.0, 4123.0, -33.0, 0, 0, 0
L -1189.0, 4123.0, -33.0, -1175.0, 4123.0, -33.0, 0, 0, 0
L -1224.0, 4077.0, -33.0, -1227.0, 4077.0, -33.0, 0, 0, 0
L -1224.0, 4077.0, -33.0, -1224.0, 4122.0, -33.0, 0, 0, 0
L -1193.0, 4124.0, -33.0, -1195.0, 4124.0, -33.0, 0, 0, 0
L -1195.0, 4124.0, -33.0, -1195.0, 4133.0, -33.0, 0, 0, 0
L -1222.0, 4133.0, -33.0, -1222.0, 4122.0, -33.0, 0, 0, 0
L -1227.0, 4077.0, -33.0, -1227.0, 4122.0, -33.0, 0, 0, 0
L -1222.0, 4133.0, -33.0, -1235.0, 4133.0, -33.0, 0, 0, 0
L -1235.0, 4133.0, -33.0, -1235.0, 4145.0, -33.0, 0, 0, 0
L -1247.0, 4212.0, -33.0, -1247.0, 4203.0, -33.0, 0, 0, 0
L -1195.0, 4212.0, -33.0, -1195.0, 4203.0, -33.0, 0, 0, 0
L -1175.0, 4212.0, -33.0, -1175.0, 4203.0, -33.0, 0, 0, 0
L -1175.0, 4133.0, -33.0, -1175.0, 4123.0, -33.0, 0, 0, 0
L -1175.0, 4133.0, -33.0, -1195.0, 4133.0, -33.0, 0, 0, 0
L -1175.0, 4212.0, -33.0, -1195.0, 4212.0, -33.0, 0, 0, 0
L -1175.0, 4203.0, -33.0, -1175.0, 4133.0, -33.0, 0, 0, 0
L -1195.0, 4203.0, -33.0, -1175.0, 4203.0, -33.0, 0, 0, 0
L -1222.0, 4203.0, -33.0, -1222.0, 4212.0, -33.0, 0, 0, 0
L -1222.0, 4212.0, -33.0, -1247.0, 4212.0, -33.0, 0, 0, 0
L -1222.0, 4203.0, -33.0, -1247.0, 4203.0, -33.0, 0, 0, 0
L -1222.0, 4122.0, -33.0, -1224.0, 4122.0, -33.0, 0, 0, 0
L -1227.0, 4122.0, -33.0, -1247.0, 4122.0, -33.0, 0, 0, 0
L -1247.0, 4203.0, -33.0, -1247.0, 4122.0, -33.0, 0, 0, 0
L -1235.0, 4145.0, -33.0, -1225.0, 4145.0, -33.0, 150, 150, 150
L -1235.0, 4192.0, -9.0, -1235.0, 4186.0, -12.0, 0, 204, 0
L -1225.0, 4203.0, -9.0, -1225.0, 4192.0, -9.0, 0, 204, 0
L -1225.0, 4192.0, -9.0, -1225.0, 4186.0, -12.0, 0, 204, 0
L -1235.0, 4192.0, -9.0, -1244.0, 4192.0, -9.0, 150, 150, 150
L -1235.0, 4192.0, -9.0, -1225.0, 4192.0, -9.0, 150, 150, 150
L -1244.0, 4203.0, -9.0, -1244.0, 4192.0, -9.0, 0, 204, 0
L -1244.0, 4192.0, -9.0, -1244.0, 4186.0, -6.0, 0, 204, 0
L -1225.0, 4203.0, -9.0, -1244.0, 4203.0, -9.0, 0, 204, 0
L -1239.0, 4144.0, 14.0, -1235.0, 4144.0, 14.0, 150, 150, 150
L -1244.0, 4144.0, 14.0, -1239.0, 4144.0, 14.0, 150, 150, 150
L -1185.0, 4192.0, 14.0, -1185.0, 4203.0, 14.0, 0, 204, 0
L -1185.0, 4203.0, 14.0, -1245.0, 4203.0, 14.0, 0, 204, 0
L -1245.0, 4203.0, 14.0, -1245.0, 4133.0, 14.0, 0, 204, 0
L -1245.0, 4133.0, 14.0, -1195.0, 4133.0, 14.0, 0, 204, 0
L -1235.0, 4144.0, 14.0, -1235.0, 4150.0, 11.0, 150, 150, 150
L -1185.0, 4192.0, 14.0, -1194.0, 4192.0, 14.0, 150, 150, 150
L -1194.0, 4143.0, 39.0, -1194.0, 4149.0, 35.0, 102, 255, 102
L -1194.0, 4192.0, 14.0, -1195.0, 4192.0, 14.0, 0, 204, 0
L -1194.0, 4133.0, 39.0, -1194.0, 4143.0, 39.0, 102, 255, 102
L -1185.0, 4143.0, 39.0, -1194.0, 4143.0, 39.0, 155, 155, 155
L -1195.0, 4133.0, 14.0, -1195.0, 4192.0, 14.0, 0, 204, 0
L -1184.0, 4143.0, 39.0, -1175.0, 4143.0, 39.0, 155, 155, 155
L -1185.0, 4194.0, 63.0, -1175.0, 4194.0, 63.0, 155, 155, 155
L -1175.0, 4203.0, 63.0, -1175.0, 4194.0, 63.0, 102, 255, 102
L -1175.0, 4143.0, 39.0, -1175.0, 4150.0, 42.0, 102, 255, 102
L -1225.0, 4169.0, -21.0, -1225.0, 4163.0, -24.0, 0, 204, 0
L -1235.0, 4169.0, -21.0, -1235.0, 4163.0, -24.0, 0, 204, 0
L -1225.0, 4169.0, -21.0, -1235.0, 4169.0, -21.0, 150, 150, 150
L -1225.0, 4180.0, -15.0, -1225.0, 4174.0, -18.0, 0, 204, 0
L -1235.0, 4180.0, -15.0, -1235.0, 4174.0, -18.0, 0, 204, 0
L -1225.0, 4180.0, -15.0, -1235.0, 4180.0, -15.0, 150, 150, 150
L -1225.0, 4157.0, -27.0, -1225.0, 4151.0, -30.0, 0, 204, 0
L -1235.0, 4157.0, -27.0, -1235.0, 4151.0, -30.0, 0, 204, 0
L -1225.0, 4157.0, -27.0, -1235.0, 4157.0, -27.0, 150, 150, 150
L -1225.0, 4163.0, -24.0, -1225.0, 4157.0, -27.0, 0, 204, 0
L -1235.0, 4163.0, -24.0, -1235.0, 4157.0, -27.0, 0, 204, 0
L -1225.0, 4163.0, -24.0, -1235.0, 4163.0, -24.0, 150, 150, 150
L -1225.0, 4151.0, -30.0, -1225.0, 4145.0, -33.0, 0, 204, 0
L -1235.0, 4151.0, -30.0, -1235.0, 4145.0, -33.0, 0, 204, 0
L -1225.0, 4151.0, -30.0, -1235.0, 4151.0, -30.0, 150, 150, 150
L -1225.0, 4174.0, -18.0, -1225.0, 4169.0, -21.0, 0, 204, 0
L -1235.0, 4174.0, -18.0, -1235.0, 4169.0, -21.0, 0, 204, 0
L -1225.0, 4174.0, -18.0, -1235.0, 4174.0, -18.0, 150, 150, 150
L -1225.0, 4186.0, -12.0, -1225.0, 4180.0, -15.0, 0, 204, 0
L -1235.0, 4186.0, -12.0, -1235.0, 4180.0, -15.0, 0, 204, 0
L -1225.0, 4186.0, -12.0, -1235.0, 4186.0, -12.0, 150, 150, 150
L -1244.0, 4168.0, 2.0, -1244.0, 4162.0, 5.0, 0, 204, 0
L -1235.0, 4168.0, 2.0, -1235.0, 4174.0, 0.0, 150, 150, 150
L -1244.0, 4168.0, 2.0, -1235.0, 4168.0, 2.0, 150, 150, 150
L -1235.0, 4180.0, -3.0, -1235.0, 4186.0, -6.0, 150, 150, 150
L -1244.0, 4180.0, -3.0, -1244.0, 4174.0, 0.0, 0, 204, 0
L -1235.0, 4180.0, -3.0, -1244.0, 4180.0, -3.0, 150, 150, 150
L -1235.0, 4156.0, 8.0, -1235.0, 4162.0, 5.0, 150, 150, 150
L -1244.0, 4156.0, 8.0, -1244.0, 4150.0, 11.0, 0, 204, 0
L -1235.0, 4156.0, 8.0, -1244.0, 4156.0, 8.0, 150, 150, 150
L -1235.0, 4162.0, 5.0, -1235.0, 4168.0, 2.0, 150, 150, 150
L -1244.0, 4162.0, 5.0, -1244.0, 4156.0, 8.0, 0, 204, 0
L -1235.0, 4162.0, 5.0, -1244.0, 4162.0, 5.0, 150, 150, 150
L -1235.0, 4150.0, 11.0, -1235.0, 4156.0, 8.0, 150, 150, 150
L -1244.0, 4150.0, 11.0, -1244.0, 4144.0, 14.0, 0, 204, 0
L -1235.0, 4150.0, 11.0, -1244.0, 4150.0, 11.0, 150, 150, 150
L -1235.0, 4174.0, 0.0, -1235.0, 4180.0, -3.0, 150, 150, 150
L -1244.0, 4174.0, 0.0, -1244.0, 4168.0, 2.0, 0, 204, 0
L -1235.0, 4174.0, 0.0, -1244.0, 4174.0, 0.0, 150, 150, 150
L -1235.0, 4186.0, -6.0, -1235.0, 4192.0, -9.0, 150, 150, 150
L -1244.0, 4186.0, -6.0, -1244.0, 4180.0, -3.0, 0, 204, 0
L -1235.0, 4186.0, -6.0, -1244.0, 4186.0, -6.0, 150, 150, 150
L -1194.0, 4168.0, 26.0, -1194.0, 4174.0, 23.0, 102, 255, 102
L -1185.0, 4168.0, 26.0, -1185.0, 4174.0, 23.0, 102, 255, 102
L -1194.0, 4168.0, 26.0, -1185.0, 4168.0, 26.0, 155, 155, 155
L -1194.0, 4155.0, 32.0, -1194.0, 4162.0, 29.0, 102, 255, 102
L -1185.0, 4155.0, 32.0, -1185.0, 4162.0, 29.0, 102, 255, 102
L -1194.0, 4155.0, 32.0, -1185.0, 4155.0, 32.0, 155, 155, 155
L -1194.0, 4162.0, 29.0, -1194.0, 4168.0, 26.0, 102, 255, 102
L -1185.0, 4162.0, 29.0, -1185.0, 4168.0, 26.0, 102, 255, 102
L -1194.0, 4162.0, 29.0, -1185.0, 4162.0, 29.0, 155, 155, 155
L -1194.0, 4180.0, 20.0, -1194.0, 4186.0, 17.0, 102, 255, 102
L -1185.0, 4180.0, 20.0, -1185.0, 4186.0, 17.0, 102, 255, 102
L -1194.0, 4180.0, 20.0, -1185.0, 4180.0, 20.0, 155, 155, 155
L -1185.0, 4186.0, 17.0, -1185.0, 4192.0, 14.0, 102, 255, 102
L -1194.0, 4186.0, 17.0, -1194.0, 4192.0, 14.0, 102, 255, 102
L -1185.0, 4186.0, 17.0, -1194.0, 4186.0, 17.0, 155, 155, 155
L -1185.0, 4174.0, 23.0, -1185.0, 4180.0, 20.0, 102, 255, 102
L -1194.0, 4174.0, 23.0, -1194.0, 4180.0, 20.0, 102, 255, 102
L -1185.0, 4174.0, 23.0, -1194.0, 4174.0, 23.0, 155, 155, 155
L -1185.0, 4149.0, 35.0, -1185.0, 4155.0, 32.0, 102, 255, 102
L -1194.0, 4149.0, 35.0, -1194.0, 4155.0, 32.0, 102, 255, 102
L -1185.0, 4149.0, 35.0, -1194.0, 4149.0, 35.0, 155, 155, 155
L -1184.0, 4169.0, 51.0, -1184.0, 4162.0, 48.0, 102, 255, 102
L -1175.0, 4169.0, 51.0, -1175.0, 4175.0, 54.0, 102, 255, 102
L -1184.0, 4169.0, 51.0, -1175.0, 4169.0, 51.0, 155, 155, 155
L -1175.0, 4182.0, 57.0, -1175.0, 4188.0, 60.0, 102, 255, 102
L -1184.0, 4182.0, 57.0, -1184.0, 4175.0, 54.0, 102, 255, 102
L -1175.0, 4182.0, 57.0, -1184.0, 4182.0, 57.0, 155, 155, 155
L -1175.0, 4188.0, 60.0, -1175.0, 4194.0, 63.0, 102, 255, 102
L -1185.0, 4188.0, 60.0, -1184.0, 4182.0, 57.0, 102, 255, 102
L -1175.0, 4188.0, 60.0, -1185.0, 4188.0, 60.0, 155, 155, 155
L -1175.0, 4175.0, 54.0, -1175.0, 4182.0, 57.0, 102, 255, 102
L -1184.0, 4175.0, 54.0, -1184.0, 4169.0, 51.0, 102, 255, 102
L -1175.0, 4175.0, 54.0, -1184.0, 4175.0, 54.0, 155, 155, 155
L -1175.0, 4156.0, 45.0, -1175.0, 4162.0, 48.0, 102, 255, 102
L -1184.0, 4156.0, 45.0, -1184.0, 4150.0, 42.0, 102, 255, 102
L -1175.0, 4156.0, 45.0, -1184.0, 4156.0, 45.0, 155, 155, 155
L -1175.0, 4162.0, 48.0, -1175.0, 4169.0, 51.0, 102, 255, 102
L -1184.0, 4162.0, 48.0, -1184.0, 4156.0, 45.0, 102, 255, 102
L -1175.0, 4162.0, 48.0, -1184.0, 4162.0, 48.0, 155, 155, 155
L -1175.0, 4150.0, 42.0, -1175.0, 4156.0, 45.0, 102, 255, 102
L -1184.0, 4150.0, 42.0, -1184.0, 4143.0, 39.0, 102, 255, 102
L -1175.0, 4150.0, 42.0, -1184.0, 4150.0, 42.0, 155, 155, 155
L -1375.0, -170.2, -3.3, -1416.6, -139.4, -3.3, 0, 0, 0
L -1416.6, -139.4, -3.3, -1405.3, -124.2, -3.3, 0, 0, 0
L -1400.4, -117.6, -3.3, -1389.5, -102.8, -3.3, 0, 0, 0
L -1389.5, -102.8, -3.3, -1347.9, -133.6, -3.3, 0, 0, 0
L -1347.9, -133.6, -3.3, -1375.0, -170.2, -3.3, 0, 0, 0
L -1403.8, -115.1, -11.2, -1390.4, -97.1, -11.2, 0, 0, 0
L -1390.4, -97.1, -11.2, -1342.3, -132.8, -10.5, 0, 0, 0
L -1342.3, -132.8, -10.5, -1374.1, -175.7, -11.1, 0, 0, 0
L -1374.1, -175.7, -11.2, -1422.3, -140.1, -11.2, 0, 0, 0
L -1422.3, -140.1, -11.2, -1408.4, -121.4, -11.2, 0, 0, 0
L -1403.8, -115.1, -11.2, -1400.4, -117.6, -3.3, 0, 0, 0
L -1408.4, -121.4, -11.2, -1405.3, -124.2, -3.3, 0, 0, 0
L -2208.8, -400.0, -2.8, -2209.5, -451.8, -2.8, 0, 0, 0
L -2255.0, -451.2, -2.8, -2254.3, -399.5, -2.8, 0, 0, 0
L -2254.3, -399.5, -2.8, -2208.8, -400.0, -2.8, 0, 0, 0
L -2236.6, -455.6, -11.2, -2259.0, -455.3, -11.2, 0, 0, 0
L -2259.0, -455.3, -11.2, -2258.3, -395.5, -11.2, 0, 0, 0
L -2258.3, -395.5, -11.2, -2205.0, -396.1, -11.2, 0, 0, 0
L -2205.0, -396.1, -11.2, -2205.6, -456.0, -11.2, 0, 0, 0
L -2205.6, -456.0, -11.2, -2228.7, -455.7, -11.2, 0, 0, 0
L -1979.6, 2159.0, -9.6, -1979.6, 2185.2, -9.6, 0, 0, 0
L -1979.6, 2185.2, -9.4, -1931.4, 2186.4, -7.5, 0, 0, 0
L -1931.4, 2186.4, -7.2, -1931.4, 2157.7, -7.2, 0, 0, 0
L -1931.4, 2157.7, -7.5, -1979.6, 2159.0, -9.0, 0, 0, 0
L -2099.4, 2144.3, -11.1, -2106.8, 2153.7, -11.2, 0, 0, 0
L -2106.8, 2153.7, -11.2, -2041.1, 2205.0, -11.2, 0, 0, 0
L -2041.1, 2205.0, -11.2, -2033.7, 2195.5, -11.1, 0, 0, 0
L -2033.7, 2195.5, -10.7, -2029.4, 2198.9, -10.7, 0, 0, 0
L -2029.4, 2198.9, -11.2, -2040.5, 2213.0, -11.2, 0, 0, 0
L -2040.5, 2213.0, -11.2, -2114.9, 2155.0, -11.2, 0, 0, 0
L -2103.8, 2140.8, -11.2, -2114.9, 2155.0, -11.2, 0, 0, 0
L -2103.8, 2140.8, -10.7, -2099.4, 2144.3, -10.7, 0, 0, 0
L -2095.2, 2129.7, -10.7, -2090.6, 2133.0, -10.7, 0, 0, 0
L -2090.6, 2133.0, -11.0, -2083.0, 2123.2, -10.9, 0, 0, 0
L -2083.0, 2123.2, -10.9, -2017.4, 2174.7, -10.9, 0, 0, 0
L -2017.4, 2174.7, -10.9, -2025.0, 2184.3, -11.0, 0, 0, 0
L -2025.0, 2184.3, -10.7, -2020.7, 2187.7, -10.7, 0, 0, 0
L -2020.7, 2187.7, -11.2, -2009.8, 2173.7, -11.2, 0, 0, 0
L -2009.8, 2173.7, -11.2, -2084.2, 2115.7, -11.2, 0, 0, 0
L -2084.2, 2115.7, -11.2, -2095.2, 2129.7, -11.2, 0, 0, 0
L -2228.6, -451.5, -2.8, -2228.7, -455.7, -11.2, 0, 0, 0
L -2236.5, -451.4, -2.8, -2255.0, -451.2, -2.8, 0, 0, 0
L -2236.5, -451.4, -2.8, -2236.6, -455.6, -11.2, 0, 0, 0
L -2209.5, -451.8, -2.8, -2228.6, -451.5, -2.8, 0, 0, 0
L 2199.7, 1448.2, -5.6, 2195.0, 1461.7, -4.9, 0, 0, 0
L 2206.0, 1449.8, -5.6, 2202.3, 1460.4, -5.1, 0, 0, 0
L 2202.3, 1460.4, -5.1, 2280.0, 1487.5, -4.4, 0, 0, 0
L 2280.0, 1487.5, -4.4, 2284.2, 1475.3, -5.3, 0, 0, 0
L 2289.6, 1459.8, -6.1, 2293.2, 1449.1, -6.5, 0, 0, 0
L 2293.2, 1449.1, -6.5, 2215.4, 1422.5, -6.7, 0, 0, 0
L 2215.4, 1422.5, -6.7, 2211.1, 1434.9, -6.5, 0, 0, 0
L 2211.1, 1434.9, -6.4, 2205.0, 1432.8, -6.4, 0, 0, 0
L 2205.0, 1432.8, -6.5, 2210.3, 1417.4, -7.3, 0, 0, 0
L 2079.2, 1339.2, -8.9, 2090.5, 1334.1, -8.9, 0, 0, 0
L 2070.9, 1343.0, -9.0, 2062.1, 1347.1, -9.0, 0, 0, 0
L 2062.1, 1347.1, -9.2, 2041.7, 1302.2, -9.6, 0, 0, 0
L 2041.7, 1302.2, -9.9, 2050.7, 1298.1, -9.8, 0, 0, 0
L 2050.7, 1298.1, -9.8, 2049.1, 1294.5, -9.9, 0, 0, 0
L 2049.1, 1294.5, -9.9, 2059.5, 1289.7, -9.8, 0, 0, 0
L 2061.2, 1293.3, -9.7, 2059.5, 1289.7, -9.8, 0, 0, 0
L 2061.2, 1293.3, -9.7, 2069.6, 1289.5, -9.7, 0, 0, 0
L 2069.6, 1289.5, -9.7, 2090.5, 1334.1, -9.0, 0, 0, 0
L 2079.2, 1339.2, -9.0, 2077.4, 1334.7, -9.0, 0, 0, 0
L 2077.4, 1334.7, -9.0, 2083.2, 1332.1, -8.8, 0, 0, 0
L 2083.2, 1332.1, -8.8, 2066.8, 1296.1, -8.7, 0, 0, 0
L 2066.8, 1296.1, -8.7, 2049.8, 1303.9, -9.3, 0, 0, 0
L 2049.8, 1303.9, -9.3, 2065.6, 1340.1, -9.1, 0, 0, 0
L 2065.6, 1340.1, -9.1, 2069.9, 1338.2, -9.1, 0, 0, 0
L 2071.3, 1338.4, -9.0, 2077.9, 1335.3, -9.0, 205, 133, 63
