P 96.2357, 379.5126, 0.6260, 255, 0, 0, 3, to_The_Feerrott
P 99.0000, 345.0000, 0.0000, 255, 0, 0, 2, Succor
P -214.0000, 283.0000, 30.8134, 255, 0, 0, 2, Priest_of_Discord
P 262.7525, 4.0697, -6.6240, 255, 210, 0, 2, Ungral_(Banker)
P -1000.0097, -625.3750, 80.3447, 0, 128, 0, 2, Cralk_(Spells)
P -1059.1132, -266.3855, 80.3447, 0, 128, 0, 2, Brogdog_(Beastlord_Spells)
P -1070.7762, -320.1115, 80.3447, 0, 128, 0, 2, Rognok_(Spells)
P -1075.8516, -615.0245, 75.9707, 0, 128, 0, 2, Chamt_(Shaman_Spells)
P 3.6419, -390.8940, 0.0020, 0, 128, 0, 2, Trusk_(Shadow_Knight_Spells)
P -13.5447, -266.1474, 4.3760, 0, 128, 0, 2, Iksob_Darkchaser_(Weapons)
P -384.1527, -223.5452, 60.3447, 0, 128, 0, 2, Brokk_Boxtripper_(Satchels)
P -479.7156, -448.6337, 4.4773, 0, 128, 0, 2, Cikoona_(Weapons)
P -492.8629, 331.3019, 46.3447, 0, 128, 0, 2, Praak_(Fletching)
P -494.2339, -510.3219, 4.4770, 0, 128, 0, 2, Grop_(Armor)
P -652.4642, -496.5921, 4.3760, 0, 0, 0, 2, Trurg_(Soulbinder)
P -679.9309, -269.0512, 4.4995, 0, 128, 0, 2, Sinsaal_(General)
P -684.5209, -655.4478, 4.4770, 0, 128, 0, 2, Uoola_(Armor)
P -697.1566, -624.5526, 4.3760, 0, 128, 0, 2, Gretamog_(Tailoring)
P -751.3024, -242.5590, 0.0020, 0, 128, 0, 2, Kerplooe_Dirtcarver_(Pottery)
P -786.2895, -331.1400, 39.3760, 0, 128, 0, 2, Gralbug_(Smithing)
P -847.7465, -98.1363, 39.3760, 0, 128, 0, 2, Puglala_(Smithing)
P -848.8958, -817.4113, 39.4630, 0, 128, 0, 2, Hrak_(General)
P -877.4142, -75.1413, 39.3760, 0, 128, 0, 2, Brana_(Weapons)
P -913.3997, -186.9473, 39.3760, 0, 128, 0, 2, Blergerda_(Smithing)
P -977.4824, -654.7963, 80.3447, 0, 128, 0, 2, Squeea_(Weapons)
P 0.8438, 244.8715, 2.6020, 0, 128, 0, 2, Angrog_(General)
P 1.9753, -80.9907, -26.6240, 0, 128, 0, 2, Snarg_Bonesmacker_(Weapons)
P 136.6653, -363.1108, 4.7895, 0, 128, 0, 2, Duuga_Tearstopper_(Armor)
P 141.2439, -251.9392, 4.6945, 0, 128, 0, 2, Lopuka_(Armor)
P 185.4053, -544.5054, 0.0020, 0, 128, 0, 2, Crunga_(General)
P 195.3125, -246.3521, 4.6885, 0, 128, 0, 2, Zarg_Knightbane_(Armor)
P 197.8028, -364.6426, 4.7895, 0, 128, 0, 2, Juk_Hidebeater_(Armor)
P 205.8369, -286.1528, 4.3760, 0, 128, 0, 2, Bubbgrib_(Smithing)
P 210.1547, -319.5246, 4.3760, 0, 128, 0, 2, Varrok_Neckchopper_(Weapons)
P 241.6134, -179.1980, 0.2624, 0, 128, 0, 2, Korgarg_Swillchugger_(Brewing)
P 277.0845, -314.7926, 0.0010, 0, 128, 0, 2, Sheerie_Oglarum_(Berserker_Tomes)
P 369.5013, -216.4207, 4.7895, 0, 128, 0, 2, Rora_Dirtstamp_(Weapons)
P 393.8781, -280.0375, 0.0020, 0, 128, 0, 2, Garakbar_(Alchemy)
P 4.0903, -276.0735, 4.3760, 0, 128, 0, 2, Crilt_(Shadow_Knight_Spells)
P 41.3443, -357.8569, 16.3760, 128, 128, 128, 2, Bonlarg_(GM_Shadowknight)
P 43.1324, -311.4895, 16.3760, 128, 128, 128, 2, Ruksa_(GM_Shadowknight)
P 68.1158, -37.0800, -26.6240, 128, 128, 128, 2, Lork_(GM_Warrior)
P 36.6543, -335.5819, 16.3760, 128, 128, 128, 2, Soonog_(GM_Shadowknight)
P 255.0891, -287.3335, 0.0010, 128, 128, 128, 2, Baddi_Waca_(GM_Berserker)
P 27.5677, 72.9526, -26.6240, 128, 128, 128, 2, Kogna_(GM_Warrior)
P -985.7703, -631.5576, 80.3447, 128, 128, 128, 2, Zulort_(GM_Shaman)
P -70.7850, -27.4178, -26.6240, 128, 128, 128, 2, Guntrik_(GM_Warrior)
P -809.0454, -730.9382, 39.3760, 128, 128, 128, 2, Fuga_(GM_Shaman)
P -38.7860, 63.8556, -26.6240, 128, 128, 128, 2, Horgus_(GM_Warrior)
P -1090.6029, -645.9952, 76.0726, 128, 128, 128, 2, Marda_(GM_Shaman)
P -1160.2751, -251.2559, 80.4466, 128, 128, 128, 2, Bordag_(GM_Beastlord)
P -874.6118, -752.9090, 39.3760, 128, 128, 128, 2, Jargo_(GM_Shaman)
P -51.9754, -332.0527, 4.6885, 255, 255, 255, 2, Greenblood_Guild
P 162.7027, -328.5000, 4.6885, 255, 255, 255, 2, Lether_Armer
P 166.4548, -284.2500, 4.6885, 255, 255, 255, 2, Metil_Armer
P 308.8636, -193.3125, 4.6885, 255, 255, 255, 2, Meet_and_Drink_Tew_Bie
P 219.3704, 11.1052, -6.3115, 255, 255, 255, 2, Oggok`s_Keep
P -580.0700, -471.4946, 1.5254, 0, 240, 0, 2, Klob_Pulp_(Parcels)
P 6.1931, -522.2764, 18.5227, 0, 127, 0, 2, Gemcrafter_Onup_(Melee_Augs)
P 256.3410, -256.6881, 1.5248, 155, 0, 155, 2, Brewing_Barrel
P -691.1915, -292.1088, 1.5235, 155, 0, 155, 2, Kiln
P -682.8019, -281.2007, 1.5294, 155, 0, 155, 2, Pottery_Wheel
P -704.0943, -699.0744, 1.5301, 155, 0, 155, 2, Community_Loom
P 200.3046, -270.2070, 1.5225, 155, 0, 155, 2, Forge
P -925.9689, -145.6882, 36.5296, 155, 0, 155, 2, Ogre_Forge_(Cultural)
P 226.6090, 8.4868, -9.3803, 0, 240, 0, 2, Garu_(Parcels)
P -2.7378, 73.7039, -30.7376, 0, 0, 0, 2, Gronk
P 250.1113, -199.0157, 0.3634, 0, 127, 0, 2, Chef_Dooga_(General)
P 275.2320, -251.8546, 0.2624, 0, 127, 0, 2, Clurg_(General)
P 211.6408, -259.1482, 0.0020, 0, 127, 127, 2, Artisan_Garth_Okken_(Trade_Skill_Quests)
P 181.6957, -519.5056, 0.0020, 0, 127, 0, 2, Erung_(General)
P 400.5592, -235.7641, 0.0020, 0, 127, 0, 2, Garakpor_(Alchemy)
P 403.1476, -259.1319, 0.0020, 0, 127, 0, 2, Bardopa_(Alchemy)
P 368.9925, -280.7808, 0.1030, 0, 127, 0, 2, Pordopa_(Alchemy)
P 229.4315, -80.8076, -1.5440, 0, 127, 127, 2, Bouncer_Krik_(Task_Master)
P 75.5718, 13.2745, -30.9980, 0, 127, 0, 2, Runkuck_(Mercenary_Liaison)
P 67.8740, 32.1160, -30.9980, 0, 127, 0, 2, Greska_(Mercenary_Liaison)
P 10.5340, -356.2633, 1.0020, 0, 0, 0, 2, Mooglan
P -15.0717, -384.6363, 0.0020, 0, 127, 0, 2, Kramf_(Shadow_Knight_Spells)
P -25.8226, -315.8937, 1.0020, 127, 127, 127, 2, Grevak_(GM_Shadow_Knight)
P 18.2324, -591.5880, 17.0020, 0, 0, 0, 2, Kizrak_the_Tyrant
P -762.6066, -655.3176, 0.0020, 0, 127, 127, 2, Bouncer_Raan_(Task_Master)
P -868.2777, -808.5446, 35.0020, 0, 240, 0, 2, Goobast_(Tribute)
P -1046.8491, -634.8259, 75.9707, 0, 0, 0, 2, Murak
P -1088.5334, -630.4883, 76.0726, 0, 127, 0, 2, Tokun_(Shaman_Spells)
P -1088.2380, -662.6055, 75.9707, 0, 127, 0, 2, Hoart_(Shaman_Spells)
P -1074.4301, -667.5154, 75.9707, 0, 127, 0, 2, Korff_(Shaman_Spells)
P -1056.7526, -668.8123, 75.9707, 0, 127, 0, 2, Barsk_(Shaman_Spells)
P -1025.0320, -644.9126, 75.9707, 0, 127, 0, 2, a_spell_research_merchant_(Research)
P -1159.8916, -543.3404, 75.9707, 0, 0, 0, 2, Bozlum_Blossom
P -1135.3949, -433.5795, 75.9707, 0, 0, 0, 2, Grapok
P -1079.1986, -350.9555, 75.9707, 0, 0, 0, 2, Puwdap
P -1139.8696, -362.6382, 76.0726, 0, 0, 0, 2, Bouncer_Gronk
P -1131.4138, -238.9491, 75.9707, 0, 0, 0, 2, Bakrishal
P -732.0927, -232.2430, 0.0020, 0, 127, 0, 2, Helgara_Dirtcarver_(Pottery)
P -483.3976, -92.8955, 2.9213, 0, 0, 0, 2, Exterminator_Glurg
P 33.9662, -18.8407, -53.3359, 240, 240, 240, 2, Ladder
P 171.8084, 1.2582, -62.1375, 240, 240, 240, 2, Ladder
