P -1421.9895, 6050.0000, 364.4332, 255, 0, 0, 3, to_Frontier_Mountains
P -1544.8223, -86.8586, -703.0906, 255, 0, 0, 3, to_Kaesora
P -1938.4928, -3134.4526, -44.9311, 255, 0, 0, 3, to_The_Plane_of_Knowledge_(Click_Book)
P -4188.5835, 1046.2228, 95.6260, 255, 0, 0, 3, to_The_Skyfire_Mountains
P 4200.0000, 150.0000, 0.0000, 255, 0, 0, 3, to_The_Warsliks_Woods
P -2731.6995, -3449.0266, -161.7177, 255, 0, 0, 3, to_Timorous_Deep_(Translocator_Breya)
P 4263.0000, 241.0000, 0.0000, 255, 0, 0, 2, Succor
P -3250.7922, -2502.8772, -139.3260, 128, 0, 128, 2, Forge
P -2357.1687, -2692.7537, -53.0927, 128, 0, 128, 2, Oven
P -2371.5469, -2847.5259, -53.0927, 128, 0, 128, 2, Sewing_Kit
P -2383.0435, -2680.8601, -53.0927, 128, 0, 128, 2, Brew_Barrel
P -2384.5605, -2866.9397, -53.0927, 128, 0, 128, 2, Kiln
P -2396.1543, -2861.2480, -53.0927, 128, 0, 128, 2, Pottery_Wheel
P -2146.0391, -2675.1777, -53.0927, 255, 210, 0, 2, Bank
P -2775.8567, -3068.9026, -156.5938, 0, 0, 0, 2, Soulbinder
P -2192.4475, -3018.2703, -53.0464, 0, 128, 0, 2, Dom_(Merchant)
P -2408.0925, -2751.6250, -53.0927, 0, 128, 0, 2, Merchants_(Spells)
P -2727.4836, -2513.9263, -53.0927, 128, 128, 128, 2, Uggrig_(GM_Beastlord)
P -2251.1482, -3139.0972, -53.0927, 128, 128, 128, 2, Dyth_(GM_Wizard)
P -3394.0000, -2675.0000, -134.3240, 255, 0, 0, 3, from_Overthere_Hammer
P 927.9265, -3736.5291, -172.5608, 240, 240, 240, 2, Wreck_of_the_Greysong
P -3765.9731, 668.0605, 83.2158, 0, 0, 0, 2, Ratrana_Zill
P -2712.2051, -2492.0115, -53.0917, 0, 0, 0, 2, General_V`Deers
P -2144.9536, -2473.7661, -53.0917, 0, 0, 0, 2, Captain_Rottgrime
P -2576.6963, -2646.6765, -53.0917, 0, 127, 0, 2, Tin_Merchants
P -2047.9221, -3140.7004, -53.0917, 0, 0, 0, 2, Galdon_Vok_Nir
P -2194.2852, -3247.9717, -61.1385, 0, 0, 0, 2, Kurron_Ni
P -2206.0710, -2905.5977, -53.0917, 0, 0, 0, 2, Admiral_Tylix
P -2124.8384, -2906.5269, -53.0917, 0, 0, 0, 2, Kuughrak_Bonecrush
P -2156.2190, -2850.7246, -53.0917, 0, 0, 0, 2, Inem_R`ker
P -2422.1736, -2365.6814, -42.5605, 0, 0, 0, 2, Tektite
P -2402.1279, -2359.9377, -42.5605, 0, 0, 0, 2, Stishovite
P -2400.5427, -2106.3816, -42.5605, 0, 0, 0, 2, Tourmaline
P -2430.8572, -2107.8188, -42.5605, 0, 0, 0, 2, Corundium
P -1513.3950, 3540.7915, 313.7271, 0, 0, 0, 2, Historian_Azern
P -2330.6724, -2802.2244, -51.5304, 0, 0, 0, 2, Nureya
P -2284.3044, -3115.5737, -53.0907, 0, 0, 0, 2, Shandral
P -2357.2727, -2682.9583, -51.5350, 0, 0, 0, 2, Vitratul_K`Reil
