P -1604.0000, 2397.0000, 243.0000, 255, 0, 0, 3, to_Frontier_Mountains
P -2564.0000, -25.0000, 19.0000, 255, 0, 0, 3, to_The_Skyfire_Mountains
P -500.0000, -300.0000, -500.0000, 255, 0, 0, 3, to_Howling_Stones
P -994.0000, -1819.0000, 3.0000, 255, 210, 0, 2, Trapezite_Mocilla_(Banker)
P -995.0000, -1833.0000, 3.0000, 255, 210, 0, 2, Trapezite_Asina_(Banker)
P -989.0000, -1806.0000, 3.0000, 255, 210, 0, 2, Trapezite_Bursio_(Banker)
P -990.0000, -1791.0000, 3.0000, 255, 210, 0, 2, Trapezite_Felix_(Banker)
P -1072.0000, -2085.0000, -3.0000, 0, 127, 0, 2, Merchant_Salinator_(Brewing)
P -1074.0000, -2112.0000, -3.0000, 0, 127, 0, 2, Mercator_Salonian_(Baking)
P -1080.0000, -2085.0000, -3.0000, 128, 0, 128, 2, Brewing_Barrel
P -1374.0000, -2019.0000, 0.0000, 0, 127, 0, 2, Mercator_Casca_(Potion)
P -1375.0000, -2022.0000, 0.0000, 128, 0, 128, 2, Alchemy_Table
P -1372.0000, -2001.0000, -1.0000, 128, 0, 128, 2, Fletching_Table
P -1379.0000, -1991.0000, -1.0000, 0, 127, 0, 2, Mercator_Cossus_(Fletching)
P -1400.0000, -1986.0000, 0.0000, 0, 127, 0, 2, Mercator_Porcii_(Reagents)
P -2026.0000, -1687.0000, 0.0000, 0, 240, 240, 2, Hortulanus_Cryolex_(Raid,Mission)
P -1521.0000, -1795.0000, -4.0000, 128, 0, 128, 2, Jewelry_Table
P -1521.0000, -1791.0000, -4.0000, 0, 127, 0, 2, Mercator_Torquatus_(Jewelcrafting)
P -1514.0000, -1787.0000, -4.0000, 0, 127, 0, 2, Mercator_Ovicula_(Tailoring)
P -1511.0000, -1779.0000, -4.0000, 128, 0, 128, 2, Loom
P -1544.0000, -1817.0000, -4.0000, 0, 127, 127, 2, High_Praetor_Yerlin_(Quest)
P -1338.0000, -1983.0000, 0.0000, 0, 127, 0, 2, Mercator_Geminus_(Pottery)
P -1302.0000, -1961.0000, 0.0000, 128, 0, 128, 2, Pottery_Wheel
P -1392.0000, -1970.0000, 0.0000, 0, 127, 0, 2, Mercator_Auger_(Research)
P -1397.0000, -1962.0000, 0.0000, 128, 0, 128, 2, Research_Table
P -1394.0000, -1923.0000, 0.0000, 128, 0, 128, 2, Kiln
P -770.0000, -2040.0000, 0.0000, 0, 127, 0, 2, Mercator_Acidinus_(Tinkering)
P -773.0000, -2033.0000, 0.0000, 128, 0, 128, 2, Tinkering_Table
P -2068.0000, -1717.0000, 2.0000, 128, 0, 128, 2, Poisoncrafting_Table
P -1112.0000, -1013.0000, 18.0000, 0, 0, 0, 2, Corumdium
P -1084.0000, -1014.0000, 18.0000, 0, 0, 0, 2, Tourmaline
P -1109.0000, -1398.0000, 18.0000, 0, 0, 0, 2, Tekitite
P -1085.0000, -1400.0000, 18.0000, 0, 0, 0, 2, Stishovite
P -2069.0000, -1708.0000, 2.0000, 0, 127, 0, 2, Mercator_Ocella_(Poison)
P -1958.0000, -2287.0000, -19.0000, 128, 0, 128, 2, Fly_Making_Bench
P -1941.0000, -2286.0000, -19.0000, 0, 127, 0, 2, Mercator_Gurges_(Fishing)
P -1702.0000, -1617.0000, 2.0000, 0, 240, 240, 2, Vizra,_magia_mortis_fortito_(Raid,Mission)
P -1699.0000, -1645.0000, 2.0000, 0, 127, 127, 2, Praetor_Noctis_Trayer_(Quests)
P -1711.0000, -1610.0000, 2.0000, 0, 240, 240, 2, Praetor_General_Teralus_(Raid
P -1273.0000, -1425.0000, 0.0000, 0, 127, 127, 2, Krama_Alaeus__(Quests)
P -1474.0000, -1851.0000, -3.0000, 0, 127, 127, 2, Indagatrix_Winter_(Quests)
P -1399.0000, -1902.0000, 0.0000, 0, 127, 0, 2, Mercator_Pera_(General)
P -1110.0000, -1536.0000, 0.0000, 0, 127, 127, 2, Praetor_Scout_Ellidia_(Quests)
P -606.0000, 10.0000, -400.0000, 0, 0, 0, 2, a_baleful_spirit
P -450.0000, -357.0000, -547.0000, 0, 240, 240, 2, Scout_Deni_M`Trix_(Raid)
P -1383.2045, -1977.4771, -0.3663, 0, 127, 0, 2, Irarae_(Bard_&_Enchanter_Spells)
P -475.4074, -323.5380, 11.9083, 127, 64, 0, 2, Needle_(Hunter)
P 695.1371, 1842.0786, 18.1554, 127, 64, 0, 2, Fang_(Hunter)
P 108.4236, 593.2672, -453.2407, 127, 64, 0, 2, Drakis_(Hunter)
P 1748.0000, 159.0000, 33.0000, 127, 64, 0, 2, Arcron_Thaumaturge_Osellik_(Hunter)
P -1850.8549, 48.5645, 6.2127, 240, 240, 240, 2, Western_Pool
P 1671.4043, -623.8409, 0.7777, 240, 240, 240, 2, Eastern_Pool
P 1409.6060, 762.0768, 4.6039, 240, 240, 240, 2, Southeast_Cactus
P -993.0829, -2072.2935, -4.0625, 0, 127, 0, 2, Trapat_Makalroi_(Augmentations)
P -979.4314, -2073.5425, -3.6302, 0, 127, 0, 2, Grifand_Makalroi_(Augmentations)
P -999.4282, -2060.8687, -3.6302, 0, 127, 0, 2, Justyl_Makalroi_(Augmentations)
P -1054.9081, -2048.1489, -1.5960, 0, 127, 0, 2, Frinshalor_(Cleric_&_Paladin_Spells)
P -1056.8722, -2060.5491, -1.6034, 0, 127, 0, 2, Zowikinski_(Ranger_&_Druid_Spells)
P -1091.2423, -2146.1516, -1.6196, 0, 127, 0, 2, Kris_Tawalalin_(Wizard_and_Mage_Spells)
P -1084.8306, -2160.8911, -1.6224, 0, 127, 0, 2, Pinskidan_(Shaman_&_Beastlord_Spells)
P -1374.4623, -2032.1637, 0.7879, 0, 127, 0, 2, Mercator_Kosco_(Potions)
P -1523.3462, -1806.1152, -2.5334, 0, 127, 0, 2, Mercator_Macatus_(Smithing)
P -1527.7454, -1814.8666, -2.5507, 128, 0, 128, 2, Forge
P -1543.5817, -1812.0576, -2.5507, 0, 127, 0, 2, Cromslor_(Melee_Tomes)
P -2072.9094, -1701.5509, 4.0583, 0, 127, 0, 2, Mercator_Acello_(Poison)
P -1903.2982, -2390.9907, -23.0965, 0, 127, 127, 2, Cresta_(Quest)
P -1084.0869, -2122.2393, -1.6214, 127, 0, 127, 2, Mixing_Bowl
P -383.2042, 1534.4019, -45.4281, 127, 64, 0, 2, Janissary_Virzak_(Hunter)
P 1080.2629, 84.5261, 1.2931, 127, 64, 0, 2, Banshee_(Hunter)
P 1933.6859, 63.9869, 27.8104, 127, 64, 0, 2, Banshee_(Hunter)
P 1447.9196, 417.0175, 2.2031, 127, 64, 0, 2, Banshee_(Hunter)
P 1361.7378, -52.7762, 5.0920, 127, 64, 0, 2, Banshee_(Hunter,Roam)
P -0.7950, -2522.8909, -39.3079, 127, 64, 0, 2, Bloodstalker_(Hunter)
P 1984.6295, -2428.9155, -36.0713, 127, 64, 0, 2, Bloodstalker_(Hunter)
P 301.1448, -2426.0559, -31.8247, 127, 64, 0, 2, Bloodstalker_(Hunter)
P 521.4138, -1763.1000, 4.8231, 127, 64, 0, 2, Bloodstalker_(Hunter,Roam)
P 2029.6836, -1079.0283, 4.8913, 127, 64, 0, 2, a_bluff_golem_(Hunter)
P 1343.7590, -1318.7614, -28.1808, 127, 64, 0, 2, a_bluff_golem_(Hunter)
P 791.4648, -1254.1479, 6.5758, 127, 64, 0, 2, a_bluff_golem_(Hunter)
P 1953.4504, -2305.8743, -10.8911, 127, 64, 0, 2, a_bluff_golem_(Hunter,Roam)
P 151.7941, 466.6715, -456.6642, 127, 64, 0, 2, Drakis_(Hunter)
P 123.3792, 593.6473, -456.6509, 127, 64, 0, 2, Drakis_(Hunter)
P 36.3274, 423.5862, -456.6374, 127, 64, 0, 2, Drakis_(Hunter)
P 174.8614, 385.5435, -456.6687, 127, 64, 0, 2, Drakis_(Hunter,Roam)
P 767.0739, 1860.0178, 27.2982, 127, 64, 0, 2, Fang_(Hunter)
P 897.2726, 1822.7024, 16.6457, 127, 64, 0, 2, Fang_(Hunter)
P 657.7244, 1666.0901, 22.1054, 127, 64, 0, 2, Fang_(Hunter)
P 1064.4794, 1717.0089, 6.5357, 127, 64, 0, 2, Fang_(Hunter,Roam)
P 622.7012, -1871.3459, 8.3452, 127, 64, 0, 2, a_grotesque_succulent_(Hunter)
P -369.8384, -759.2794, 7.3627, 127, 64, 0, 2, a_grotesque_succulent_(Hunter)
P -1456.0430, -1055.2498, 5.5030, 127, 64, 0, 2, a_grotesque_succulent_(Hunter,Roam)
P -485.3754, 612.4954, 0.8906, 127, 64, 0, 2, a_grotesque_succulent_(Hunter,Roam)
P -1684.2585, 2075.7732, 144.3919, 127, 64, 0, 2, an_iron_sentinel_(Hunter)
P -1893.5038, 2006.1125, 82.2694, 127, 64, 0, 2, an_iron_sentinel_(Hunter)
P -1325.0402, 1566.0181, 14.9027, 127, 64, 0, 2, an_iron_sentinel_(Hunter,Roam)
P -1796.1581, 397.2076, 7.7366, 127, 64, 0, 2, an_iron_sentinel_(Hunter,Roam)
P -196.2775, 1597.2434, -47.1619, 127, 64, 0, 2, Janissary_Virzak_(Hunter)
P -378.0881, 1529.0813, -47.1601, 127, 64, 0, 2, Janissary_Virzak_(Hunter)
P -1086.3821, 1653.4275, 10.0856, 127, 64, 0, 2, Janissary_Virzak_(Hunter)
P 373.6985, 1359.8533, 0.8260, 127, 64, 0, 2, Janissary_Virzak_(Hunter,Roam)
P 1933.5717, 1407.8696, 3.3789, 127, 64, 0, 2, a_Kar`Zok_lacerator_(Hunter)
P 1799.7900, 1479.9807, 1.3008, 127, 64, 0, 2, a_Kar`Zok_lacerator_(Hunter)
P 1791.5112, 1289.9154, 0.9244, 127, 64, 0, 2, a_Kar`Zok_lacerator_(Hunter)
P 1849.8948, 1324.7947, 3.5551, 127, 64, 0, 2, a_Kar`Zok_lacerator_(Hunter,Roam)
P -1874.2668, 1540.0626, 30.1463, 127, 64, 0, 2, a_majestic_cockatrice_(Hunter,Roam)
P -1012.8600, -616.0377, 0.8338, 127, 64, 0, 2, a_majestic_cockatrice_(Hunter,Roam)
P -2089.2419, 706.6095, 30.1982, 127, 64, 0, 2, a_majestic_cockatrice_(Hunter)
P 1696.5394, 184.4576, 30.0600, 127, 64, 0, 2, Myrmidon_Tundak_(Hunter)
P 1783.7944, 155.4402, 32.5131, 127, 64, 0, 2, Myrmidon_Tundak_(Hunter)
P 1588.4110, 72.4514, 28.6605, 127, 64, 0, 2, Myrmidon_Tundak_(Hunter)
P 1885.0886, -513.0781, 0.8045, 127, 64, 0, 2, Myrmidon_Tundak_(Hunter,Roam)
P -407.9782, 92.4751, 18.5870, 127, 64, 0, 2, Needle_(Hunter)
P -351.4817, 53.8748, 18.5868, 127, 64, 0, 2, Needle_(Hunter)
P -2019.6240, -509.9908, 1.5713, 127, 64, 0, 2, Needle_(Hunter)
P -477.5388, -323.8524, 11.2731, 127, 64, 0, 2, Needle_(Hunter)
P 139.6703, 743.2579, 3.4419, 127, 64, 0, 2, Observer_Eyrzekla_(Hunter)
P 1913.6201, 718.2510, 18.1720, 127, 64, 0, 2, Observer_Eyrzekla_(Hunter)
P 1514.7705, 634.6818, 0.8982, 127, 64, 0, 2, Observer_Eyrzekla_(Hunter,Roam)
P 899.5777, 330.1798, -453.1564, 127, 64, 0, 2, Rigelon_the_Watcher_(Hunter)
P 22.6213, -14.2982, -473.6234, 127, 64, 0, 2, Rigelon_the_Watcher_(Hunter)
P -431.9493, -649.7000, -463.8198, 127, 64, 0, 2, Rigelon_the_Watcher_(Hunter)
P 676.6739, 824.8256, -462.8040, 127, 64, 0, 2, Rigelon_the_Watcher_(Hunter,Roam)
P -1241.8602, 493.5313, 3.8628, 127, 64, 0, 2, Saber_(Hunter,Roam)_(Hunter)
P -1433.1610, 258.7593, 5.9230, 127, 64, 0, 2, Saber_(Hunter,Roam)_(Hunter)
P -1550.4529, 14.8487, 3.1275, 127, 64, 0, 2, Saber_(Hunter,Roam)_(Hunter)
P -1336.1384, 403.4274, 6.9112, 127, 64, 0, 2, Saber_(Hunter,Roam)_(Hunter)
P 1254.0000, -903.9400, 4.1300, 127, 64, 0, 2, Arcron_Thaumaturge_Osellik_(Hunter)
P -351.0915, 1493.1597, -48.3279, 127, 64, 0, 2, Flamescale_Overload_Takarious_(Hunter)
P -640.0647, -1273.2629, 0.8890, 240, 240, 240, 1, .
P 885.4398, -2401.0625, -32.9216, 240, 240, 0, 1, .
P 1388.0287, -541.2507, 1.3145, 240, 240, 0, 1, .
P 1779.0767, 733.7202, 12.2362, 240, 240, 0, 1, .
P 1557.7942, 1778.1810, 5.6926, 240, 240, 0, 1, .
P 693.7755, 1505.4047, 5.2236, 240, 240, 240, 1, .
P 497.1852, 1578.7727, 6.3676, 240, 240, 240, 1, .
P -273.4325, 1480.1631, -48.1761, 240, 240, 240, 1, .
P -461.8940, 1549.9965, -48.1545, 240, 240, 240, 1, .
P -1992.8313, 513.1975, 16.1541, 240, 240, 240, 1, .
P -2693.6497, 969.5457, 13.9171, 240, 240, 0, 1, .
P -1479.3998, 194.6984, 26.5746, 240, 240, 240, 1, .
P -2547.9492, -1066.2346, 13.8976, 240, 240, 0, 1, .
P -933.8183, -1324.2683, 0.9749, 240, 240, 240, 1, .
P -1386.0557, -2349.3840, -35.1599, 240, 240, 0, 1, .
P -432.5491, -712.1088, -462.0207, 240, 240, 0, 1, .
P 29.7117, -926.1550, -473.6734, 240, 240, 240, 1, .
P -140.3306, 280.1646, -465.7175, 240, 240, 0, 1, .
P -278.3054, 235.5751, -487.0141, 240, 240, 0, 1, .
P 893.5940, 714.5840, -446.6716, 240, 240, 240, 1, .
P -362.1738, -358.4975, 7.6712, 240, 240, 240, 1, .
P -1005.4622, 1789.9341, 4.9307, 240, 240, 240, 1, .
P 223.7134, 1209.6625, 0.7687, 240, 240, 240, 1, .
P -515.7445, 1823.3448, -4.2561, 240, 240, 0, 1, .
P -2181.5920, -2674.2720, -33.3867, 240, 240, 240, 1, .
P -2183.7085, -2439.2612, -34.5898, 240, 240, 240, 1, .
