P 25.0300, 113.0140, 0.1070, 255, 0, 0, 3, to_The_Gorge_of_King_Xorbb
P -152.0000, -228.0000, 5.2390, 255, 0, 0, 3, to_Misty_Thicket
P -201.0000, -90.0000, 1.0030, 240, 0, 0, 2, Succor
P 68.7316, 41.0624, -130.3631, 0, 0, 255, 1, GS:_Questionable_Cheese
P 172.3460, 129.9940, -48.9670, 255, 255, 255, 2, LVL_2
P 127.0340, -128.4490, -61.9670, 255, 255, 255, 2, LVL_2
P 63.8530, -357.6990, -110.9670, 255, 255, 255, 2, Water_-_LVL_3
P 67.1150, -333.8360, -45.9670, 255, 255, 255, 2, Bridge_-_LVL_2
P 221.4190, 202.5480, -86.9670, 255, 255, 255, 2, LVL_3
P -197.4720, 228.8590, -85.9670, 255, 255, 255, 2, LVL_3
P 177.8370, 15.7850, -4.9980, 255, 255, 255, 2, LVL_1
P 194.6110, -155.8800, -50.9670, 255, 255, 255, 2, LVL_1
P 115.3430, 10.4350, -110.9670, 255, 255, 255, 2, LVL_3
P 127.0490, -163.6600, -110.9670, 255, 255, 255, 2, LVL_3
P 74.1520, -313.4840, -110.9670, 255, 255, 255, 2, Water_-_LVL_3
P -104.2860, 223.3520, -47.9670, 255, 255, 255, 2, LVL_2
P 88.6910, 52.0240, -131.9350, 255, 255, 255, 2, LVL_4
P -14.1740, -109.2170, -131.9350, 255, 255, 255, 2, LVL_4
P 88.4100, -42.6930, -85.9670, 255, 255, 255, 2, LVL_3
P 71.3630, -64.5010, -85.9670, 255, 255, 255, 2, LVL_3
P 265.2130, 147.9570, -110.9670, 255, 255, 255, 2, LVL_2
P -88.6774, -73.5441, -131.9354, 0, 127, 0, 2, a_goblin_bartender_(Drinks)
P -85.9971, -12.0759, -131.9354, 250, 210, 0, 2, a_goblin_banker_(Banker)
P -142.3609, -59.2591, -131.9354, 0, 127, 0, 2, a_goblin_merchant_(Merchant)
P 112.0539, -86.4897, -131.9354, 0, 0, 0, 2, Lord_Pickclaw
P -170.5130, 92.8199, -131.9354, 0, 0, 0, 2, Battlelord_Paluk
P 89.2016, -165.9093, -130.9354, 0, 0, 0, 2, Lord_Pickclaw
P -3.7497, -7.9859, -164.9355, 0, 0, 0, 2, Sludge_Dankmire
P -105.6582, -155.1154, -82.7689, 127, 64, 0, 2, The_Sporali_Moldmaster_(Hunter)
P -194.2918, 226.5841, -85.6542, 127, 64, 0, 2, The_Sporali_Moldmaster_(Hunter,Roam)
P -142.4472, 84.6751, -130.4118, 127, 64, 0, 2, The_Sporali_Moldmaster_(Hunter)
P -108.0000, -166.0000, 0.0000, 128, 64, 0, 2, The_Sporali_Moldmaster_(Hunter)