P 72.4154, 108.1083, -35.9980, 255, 0, 0, 3, to_Trakanon`s_Teeth
P -12.7942, 673.5077, -179.9354, 240, 0, 0, 3, to_Trakanon`s_Teeth
P -610.7657, 441.7347, -115.0092, 240, 240, 0, 2, Underwater_Passage
P -190.2381, 206.6705, -121.5965, 240, 240, 0, 2, Underwater_Passage
P -260.1028, 192.8115, -175.9355, 240, 240, 0, 2, Water_Passage
P 134.9370, 306.6743, -175.9354, 240, 240, 0, 2, Water_Passage
P -286.0544, 1308.3472, -182.1740, 240, 240, 0, 2, One-Way_Fall
P -31.0440, 1558.5182, -179.9354, 240, 240, 0, 2, Click_Firepot_to_Open_Door
P 242.9771, 1555.0360, -179.9354, 240, 240, 0, 2, Fake_Wall
P 154.3533, 1555.4624, -179.9354, 240, 240, 240, 2, The_Entry_Hall
P 1.0000, -248.0000, 36.0030, 240, 0, 0, 2, from_Trakanon`s_Teeth
P -133.6774, 912.1653, -53.9667, 240, 240, 0, 2, Locked_Door_(Picklock_200+)
P -225.0817, 1661.8146, -125.9355, 240, 240, 0, 2, Locked_Door_(Picklock_200+)
P 386.8731, 959.8147, -103.9667, 240, 240, 240, 2, Disco_One
P 332.1462, 1322.8224, -103.9667, 240, 240, 240, 2, Disco_Two
P 431.2698, 1088.4319, -107.9667, 240, 240, 240, 2, Library
P 485.2108, 1089.2371, -107.9667, 240, 240, 0, 2, Fake_Wall
P 692.3347, 1076.1703, -127.9029, 240, 240, 240, 2, Bloody_Water
P 676.4907, 1106.4463, -112.5703, 240, 240, 240, 2, Laboratory
P 90.2753, 1280.1741, -177.5922, 240, 240, 0, 2, Trakanon_banish_spot
P 20.3667, 289.9675, -34.3958, 0, 0, 0, 2, Froglok_Bog_Mystic_(Roam)
P -315.6845, 460.0153, -71.9667, 0, 0, 0, 2, Gangrenous_Scarab
P -223.5865, 1885.6509, -125.9354, 0, 0, 0, 2, Spectral_Harbinger
P 452.2286, 2181.0408, -143.9354, 0, 0, 0, 2, Tolapumj
P 705.5234, 2085.5496, -143.9354, 240, 127, 0, 2, Trakanon_(Raid)
P -241.5537, 1311.8617, -105.9667, 127, 64, 0, 2, Arch_Duke_Latol_(Hunter)
P -26.8863, 1424.1819, -105.9667, 127, 64, 0, 2, Baron_Yosig_(Hunter)
P -225.8495, 1730.1764, -123.9354, 127, 64, 0, 2, blood_of_chottal_(Hunter)
P 743.7955, 1088.5280, -115.9667, 127, 64, 0, 2, Brogg_(Hunter)
P -81.2458, 1361.9983, -107.9667, 127, 64, 0, 2, crypt_caretaker_(Hunter)
P -223.7621, 1899.7986, -125.9354, 127, 64, 0, 2, Emperor_Chottal_(Hunter)
P 257.5580, 929.7732, -107.9667, 127, 64, 0, 2, frenzied_pox_scarab_(Hunter)
P -871.6750, 920.1575, -53.9667, 127, 64, 0, 2, Froggy_(Hunter)
P -540.8362, 686.7722, -71.7732, 127, 64, 0, 2, froglok_armorer_(Hunter)
P -665.5931, 947.4037, -53.9667, 127, 64, 0, 2, froglok_armsman_(Hunter)
P -659.9241, 744.6782, -71.9667, 127, 64, 0, 2, froglok_bartender_(Hunter)
P -768.7806, 1115.2102, -89.9667, 127, 64, 0, 2, froglok_chef_(Hunter)
P 319.4588, 1305.1780, -103.9667, 127, 64, 0, 2, froglok_commander_(Hunter)
P 377.8906, 925.9028, -106.4610, 127, 64, 0, 2, froglok_ostiary_(Hunter)
P 462.6166, 1201.3307, -107.9667, 127, 64, 0, 2, froglok_pickler_(Hunter)
P -800.5162, 1168.5032, -89.9667, 127, 64, 0, 2, froglok_repairer_(Hunter)
P 371.4823, 969.6013, -103.9667, 127, 64, 0, 2, Gruplinort_(Hunter)
P -242.6126, 1423.2948, -105.9667, 127, 64, 0, 2, Harbringer_Freglor_(Hunter)
P -27.4620, 1311.4840, -105.9667, 127, 64, 0, 2, Heirophant_Prime_Grekal_(Hunter)
P -109.5766, 920.1780, -169.9354, 127, 64, 0, 2, myconid_spore_king_(Hunter)
P -267.1718, 541.7509, -23.6403, 127, 64, 0, 2, a_necrosis_scarab_(Hunter)
P 470.5870, 2154.7100, -143.9354, 127, 64, 0, 2, sebilite_guardian_(Hunter)
