P -945.0000, 1133.0000, 9.0000, 255, 0, 0, 3, to_The_Plane_of_Knowledge_(Click_Book)
P 2811.0000, -811.0000, 60.0000, 255, 0, 0, 3, to_Dragonscale_Hills
P -2186.0000, -414.0000, 9.0000, 255, 0, 0, 3, to_The_Lesser_Faydark
P -421.0000, 1915.0000, -34.0000, 255, 0, 0, 3, to_Ak`Anon
P 2765.0000, -2084.0000, -58.0000, 255, 0, 0, 3, to_Loping_Plains
P 1029.0000, 1079.0000, -22.0000, 255, 0, 0, 3, to_Argath_(Blimp)
P -1639.0000, 1341.0000, 13.0000, 255, 0, 0, 2, Druid_Ring
P 1393.0000, 1101.0000, 0.0000, 0, 0, 0, 2, Genda_Minyte
P 1378.0000, 1239.0000, 2.0000, 0, 0, 0, 2, Phiz_Frugrin
P 1967.0000, -1654.0000, 28.0000, 0, 0, 0, 2, Meldrath_the_Malignant
P -1694.0000, -1673.0000, 12.0000, 0, 0, 0, 2, Gorehorn
P 565.0000, -112.0000, 1.0000, 0, 128, 0, 2, Fletching
P -426.0000, 1238.0000, 2.0000, 0, 128, 0, 2, Oren_Furdenbline_(Smithing)
P -722.0000, 1287.0000, 2.0000, 0, 128, 0, 2, Freed_Fimplefur_(Tailoring)
P -823.0000, 1467.0000, 2.0000, 0, 128, 0, 2, Fodin_Frugrin_(Smithing_Molds)
P -334.0000, 1436.0000, 2.0000, 0, 128, 0, 2, Glen_Garginburr_(General)
P 1478.0000, 1256.0000, 2.0000, 0, 128, 0, 2, Finkel_Rardobaen_(Baking)
P 1415.0000, 1084.0000, 2.0000, 0, 128, 0, 2, Torodrane_Frompwaddle_(Jewelcraft)
P 1571.0000, -1289.0000, 12.0000, 0, 0, 0, 2, Inactive_Clockwork
P -792.0000, 1462.0000, 0.0000, 0, 0, 0, 2, Zondo_Hyzill
P -696.0000, 1268.0000, 0.0000, 0, 0, 0, 2, Smith_Numden
P -485.0000, 1694.0000, 6.0000, 0, 127, 0, 2, Bigilam_Wantilans_(General)
P 170.0000, 42.0000, 0.0000, 240, 0, 0, 2, Succor
P -1668.0000, 874.0000, 0.0000, 240, 240, 240, 2, Kobold_Camp
P -1671.0000, 338.0000, 3.0000, 240, 240, 240, 2, Kobold_Camp
P -1616.0000, -1029.0000, 33.0000, 0, 0, 0, 2, Oograh_Breaknose
P -1651.0000, -1573.0000, 8.0000, 240, 240, 240, 2, Minotaur_Slave_Camp
P -1125.0000, -1630.0000, 12.0000, 240, 240, 240, 2, Kobold_Camp
P 430.0000, 2.0000, 1.0000, 0, 0, 0, 2, Jin_Fidentine
P 530.0000, -88.0000, 3.0000, 0, 0, 0, 2, Fopar_Fizfla
P 526.0000, -104.0000, 3.0000, 0, 0, 0, 2, Godbin_Strumharp
P 524.0000, 69.0000, 3.0000, 0, 0, 0, 2, Frebin_Tinderhue
P 689.0000, -149.0000, 3.0000, 0, 0, 0, 2, Jogl_Doobraugh
P 701.0000, -158.0000, 3.0000, 0, 0, 0, 2, Frugo_Prigdish
P 1134.0000, -400.0000, 1.0000, 0, 0, 0, 2, Biddliss_Sperandu
P 1215.0000, -1521.0000, 1.0000, 0, 0, 240, 1, GS:_Scrap_Metal_Strips
P 740.0000, -1260.0000, 2.0000, 0, 127, 0, 2, Ennixy_Frennor_(Poison)
P 342.0000, -1625.0000, 0.0000, 0, 0, 0, 2, Nilit_Druzlit
P 334.0000, -1652.0000, 4.0000, 0, 0, 0, 2, Tindo_Frugrin
P 263.0000, -1563.0000, 1.0000, 0, 0, 0, 2, Trapper_Snaplock
P 239.0000, -1584.0000, 4.0000, 0, 0, 0, 2, Brona_Frugrin
P 299.0000, 1411.0000, 2.0000, 240, 240, 240, 2, Kobold_Camp
P 1399.0000, 1100.0000, 1.0000, 0, 0, 0, 2, Greeble_Blacktoe
P 1550.0000, 920.0000, 1.0000, 0, 0, 0, 2, Berinsan
P 1617.0000, 927.0000, 20.0000, 0, 0, 0, 2, Dirolensab
P 1610.0000, 894.0000, 15.0000, 0, 0, 0, 2, Diloperia
P 1604.0000, 863.0000, 19.0000, 0, 0, 0, 2, Fearonoliop
P 1631.0000, 870.0000, 32.0000, 0, 0, 0, 2, Halorniop
P 1613.0000, 965.0000, 21.0000, 0, 0, 0, 2, Faeeron
P 1561.0000, -57.0000, -17.0000, 0, 0, 0, 2, Donlix_Bonkle
P 1572.0000, -109.0000, -2.0000, 0, 0, 0, 2, Vyntok_Bonkle
P 1541.0000, -135.0000, -1.0000, 0, 0, 0, 2, Winex_Kloktik
P 1513.0000, -103.0000, -19.0000, 0, 0, 0, 2, Jibble_Blexnik
P 1583.0000, -1247.0000, 13.0000, 0, 0, 0, 2, Yama_Twerik
P 596.0000, 128.0000, 6.0000, 0, 0, 0, 2, Jogl_Doobraugh
P 1531.0000, 841.0000, 16.0000, 0, 0, 0, 2, Galorin
P 1090.0000, 1080.0000, -83.0000, 0, 0, 240, 1, GS:_Scrap_Metal_Strips
P 515.0000, 850.0000, 7.0000, 240, 240, 240, 2, Dragon_Bones_with_Skeletons
P 468.0000, 892.0000, 4.0000, 0, 0, 240, 1, GS:_Gyrospire_Zeka_Gyroscope
P -1483.0000, 1610.0000, 12.0000, 0, 0, 0, 2, Metallurgist_Mirakzin
P -1866.0000, 1244.0000, 10.0000, 0, 0, 0, 2, Grenga_Cogsworth
P -1745.0000, -149.0000, 2.0000, 0, 0, 0, 2, Gana_Geargrinder
P -1512.0000, -1610.0000, 17.0000, 0, 0, 240, 1, GS:_Scrap_Metal_Strips
P 1625.0000, -1549.0000, 10.0000, 0, 0, 240, 1, GS:_Moss_Covered_Drake_Scale
P -910.0000, 234.0000, 12.0000, 0, 0, 0, 2, Brynn_Tinkerton
P -416.0000, 1735.0000, 8.0000, 0, 0, 240, 1, GS:_Scrap_Metal_Strips
P 498.0000, 905.0000, 5.0000, 0, 0, 0, 2, Yendar_Starpyre
P 517.0000, 856.0000, 3.0000, 0, 0, 0, 2, Findleznax_Grimblewimbus
P 1462.0000, 1093.0000, 0.0000, 0, 0, 240, 1, GS:_Scrap_Metal_Strips
P 1832.0000, -1159.0000, 16.0000, 240, 240, 240, 2, Minotaur_Slaver_Mines
P 2033.0000, -1529.0000, 27.0000, 0, 0, 0, 2, Dimlore_Stormhammer
P 2077.0000, -1538.0000, 24.0000, 0, 0, 0, 2, Legyn_Sarawyn
P 2037.0000, -1580.0000, 26.0000, 0, 0, 0, 2, Lodrand_Dindlenod
P 1064.3085, -1215.5470, 2.9769, 127, 64, 0, 2, Minotaur_Hero
P -208.9151, -223.4922, 12.3907, 0, 0, 240, 1, GS:_Moss_Covered_Drake_Scale
P 3.6616, -1723.2880, 7.8958, 0, 0, 240, 1, GS:_Moss_Covered_Drake_Scale
P 1210.8654, -1380.1205, 11.4200, 0, 0, 240, 1, GS:_Moss_Covered_Drake_Scale
P 1190.1233, -1384.9689, 14.9338, 0, 0, 240, 1, GS:_Russet_Oxide
P 1480.0442, -1584.2305, 4.1335, 0, 0, 240, 1, GS:_Russet_Oxide
P 1625.6880, -1580.5923, 8.8071, 0, 0, 240, 1, GS:_Moss_Covered_Drake_Scale
P 1998.2101, -1675.8335, 28.2841, 0, 0, 240, 1, GS:_Dusty_Old_Skull
P 1218.1697, 627.7354, 35.4966, 0, 0, 0, 2, Yulcabis
P 2099.5093, -1363.1935, 26.1604, 127, 64, 0, 2, Minotaur_Lord_(Hunter)