P 457.8485, -1206.2029, 670.4947, 255, 0, 0, 3, to_The_Skyfire_Mountains_(Click_Pad)
P -1692.6305, -18.6218, 19.8786, 255, 0, 0, 2, Succor
P -261.1979, -374.8470, 362.0009, 139, 69, 19, 2, Blood-Thirsty_Racnar_(Hunter)
P -902.5803, -809.3860, 208.6765, 139, 69, 19, 2, Elder_Azeron_(Hunter,Roam)
P 214.7878, -322.6047, 425.6791, 139, 69, 19, 2, Elder_Ekron_(Hunter)
P 176.4883, -1431.5105, 438.4935, 139, 69, 19, 2, Ellarr_Stormcloud_(Hunter)
P -634.4819, -1546.3672, 284.8501, 139, 69, 19, 2, Kluzen_the_Protector_(Hunter)
P -813.0869, -363.6566, 226.3039, 139, 69, 19, 2, Magma_Basilisk_(Hunter)
P -1292.0082, -1285.2776, 753.6147, 139, 69, 19, 2, Milyex_Vioren_(Hunter)
P -90.7545, -762.3074, 442.8362, 139, 69, 19, 2, Qunard_Ashenclaw_(Hunter)
P 570.9152, -1182.4391, 674.7477, 139, 69, 19, 2, Travenro_the_Skygazer_(Hunter)
P -1696.2732, -265.3688, 28.0597, 240, 240, 240, 1, .
P -1644.9402, -463.5509, 21.6874, 240, 240, 240, 1, .
P -1798.0210, -40.6404, 16.7065, 127, 64, 0, 2, Magma_Bailisk_(Hunter)
P -1781.4745, -877.2722, 16.9351, 240, 240, 240, 1, .
P -1644.3418, -745.9622, 17.9780, 240, 240, 240, 1, .
P -1061.6869, -743.4603, 198.1001, 240, 240, 0, 1, .
P -44.2580, -60.2925, 363.2813, 240, 240, 0, 1, .
P -99.5379, 495.7198, 405.5052, 240, 240, 0, 1, .
P 81.2699, 102.4164, 432.1244, 240, 240, 240, 1, .
P 435.3883, -379.8667, 437.5556, 240, 240, 0, 1, .
P 565.0677, -377.7886, 436.9963, 240, 240, 240, 1, .
P 767.1031, -746.3115, 444.5473, 0, 127, 127, 2, Ingisitorma_Calcesa_(Quests)
P -176.7684, -752.1509, 454.1008, 240, 240, 0, 1, .
P 533.8926, -1429.2815, 683.1186, 240, 240, 0, 1, .
P 665.7393, -1154.8478, 669.6852, 0, 0, 240, 1, GS:_Old_Blade_(Bane_Bound#1)
P -89.1891, -1627.7240, 485.2102, 240, 240, 240, 1, .
P 143.9402, -1274.7410, 444.6388, 0, 0, 240, 1, GS:_The_First_Brood
P 233.9661, -1396.0978, 440.1831, 240, 240, 0, 1, .
P -454.6623, -1740.9081, 592.7208, 240, 240, 240, 1, .
P -537.8521, -1768.2079, 592.7247, 240, 240, 240, 1, .
P -838.1534, -1950.8351, 679.6826, 240, 240, 240, 1, .
P -1124.3086, -1986.2332, 675.7432, 240, 240, 240, 1, .
P -1284.6613, -1672.5032, 678.1111, 240, 240, 0, 1, .
P -1029.6144, -1772.5806, 683.4484, 240, 240, 0, 1, .
P -1462.6117, -1386.9788, 717.3030, 240, 240, 240, 1, .
P -1204.5116, -1215.4446, 771.5118, 240, 240, 240, 1, .
P -709.8603, -1701.5552, 592.7179, 240, 240, 0, 1, .
P -630.0193, -1543.9751, 284.8524, 240, 240, 240, 1, .
P -992.4252, -1173.6232, 236.2073, 240, 240, 0, 1, .
P -1158.2123, -1301.2620, 227.9218, 240, 240, 0, 1, .
P -1149.3523, -762.4681, 208.8784, 240, 240, 0, 1, .
P -1756.0419, -468.4508, 23.3992, 240, 240, 0, 1, .
P -1647.2460, -81.2247, 13.6229, 240, 240, 0, 1, .
P -1961.6155, -196.6764, 1.3299, 0, 0, 240, 1, GS:_Singing_Stone_(random_location_in_lava)
P -1650.0889, -141.9845, 17.5393, 240, 240, 0, 1, .
P -1035.3799, -422.2357, 180.1303, 127, 64, 0, 2, Magma_Basilisk_(Hunter,In_Lava)
P -179.6210, -46.0878, 360.3176, 240, 240, 240, 1, .
P -201.9869, -95.5923, 361.7155, 127, 64, 0, 2, Blood-Thirsty_Racnar_(Hunter,Roam)
P -413.1560, 34.1331, 361.4409, 240, 240, 240, 1, .
P 436.4931, 138.5950, 435.8285, 240, 240, 240, 1, .
P 722.8227, 192.1425, 433.9460, 240, 240, 0, 1, .
P 261.6502, -56.1129, 426.6758, 240, 240, 0, 1, .
P 851.0251, -58.4509, 439.4674, 240, 240, 240, 1, .
P 757.3595, -769.6990, 450.3842, 240, 240, 0, 1, .
P -287.5955, -1027.2146, 524.8879, 240, 240, 240, 1, .
P -356.3350, -1287.7765, 592.7238, 240, 240, 0, 1, .
P -32.9659, -1180.7704, 599.1483, 240, 240, 240, 1, .
P 145.8223, -1600.5463, 680.3256, 240, 240, 240, 1, .
P 328.2498, -1717.3588, 684.3932, 240, 240, 0, 1, .
P 663.5399, -1265.3561, 677.7437, 240, 240, 0, 1, .
P -1214.1194, -1844.1255, 666.1476, 240, 240, 240, 1, .
P -1313.6653, -1155.5597, 752.7439, 240, 240, 240, 1, .
P -1346.8582, -1174.6438, 755.4153, 240, 240, 0, 2, .
P -1039.7870, -1646.0448, 692.3458, 240, 240, 0, 2, Bridge_Lever
P -1088.1564, -1749.5989, 694.6000, 240, 240, 0, 2, Bridge_Lever
P -695.7712, -1431.7787, 271.2874, 240, 240, 0, 1, .
P -977.7723, -823.2318, 208.0248, 240, 240, 0, 1, .
P -1008.9453, -534.5623, 201.6705, 240, 240, 240, 1, .
P -1716.4008, 126.8218, -2.0631, 127, 64, 0, 2, Magma_Basilisk_(Hunter,Roam,In_Lava)
P -1203.6924, -856.0239, 201.6348, 240, 240, 0, 1, .
P -87.0574, -225.3209, 360.5955, 240, 240, 0, 1, .
P 1220.0735, 792.5475, 274.8273, 240, 240, 0, 2, Blocked_Door_in_Regular_Zone
P 520.3643, -278.0686, 444.8792, 240, 240, 240, 1, .
P 34.1806, -1031.2107, 440.8889, 240, 240, 0, 1, .
P -381.4391, -758.8265, 524.8760, 240, 240, 240, 1, .
P -545.3660, -910.9330, 533.2881, 240, 240, 0, 1, .
P 166.3129, -1694.9009, 691.4930, 240, 240, 0, 2, Bridge_Lever
P 281.7274, -1700.9789, 691.1262, 240, 240, 0, 2, Bridge_Lever
P 415.9220, -1655.8711, 684.8561, 240, 240, 240, 1, .
P 309.3529, -1466.3219, 641.2538, 240, 240, 240, 1, .
P 542.3196, -1098.5459, 700.9351, 240, 240, 240, 1, .
P 441.1150, -1168.2179, 680.0713, 240, 240, 0, 1, .
P -771.3768, -498.6126, 261.2279, 240, 240, 0, 1, .
P -199.2374, 419.9566, 399.9836, 240, 240, 240, 1, .
P -276.3008, -843.5914, 524.8780, 240, 240, 0, 1, .
P -55.0400, -1550.6780, 445.6936, 240, 240, 240, 1, .
P 147.0865, -1296.1316, 438.5551, 240, 240, 240, 1, .
P 65.4072, -1314.3362, 448.3014, 0, 0, 240, 1, GS:_The_First_Brood
P -1080.0845, -1979.8650, 681.3976, 240, 240, 0, 1, .
P -1306.6012, -1382.8716, 760.2422, 240, 240, 0, 1, .
P -719.5648, -336.5990, 296.5153, 240, 240, 240, 2, Safe_Spot_(on_rock)
P -50.1327, -461.4378, 363.4422, 127, 64, 0, 2, Blood-Thirsty_Racnar_(Hunter)
P -752.6335, -1044.3179, 237.4333, 127, 64, 0, 2, Elder_Azeron_(Hunter,Roam)
