L 1058.0, -467.0, -6.0, 1062.0, -461.0, -6.0, 199, 21, 133
L 1062.0, -473.0, -6.0, 1058.0, -467.0, -6.0, 199, 21, 133
L 1068.0, -477.0, -6.0, 1062.0, -473.0, -6.0, 199, 21, 133
L 1076.0, -473.0, -6.0, 1068.0, -477.0, -6.0, 199, 21, 133
L 1080.0, -467.0, -6.0, 1076.0, -473.0, -6.0, 199, 21, 133
L 1076.0, -461.0, -6.0, 1080.0, -467.0, -6.0, 199, 21, 133
L 1070.0, -458.0, -6.0, 1076.0, -461.0, -6.0, 199, 21, 133
L 1062.0, -461.0, -6.0, 1070.0, -458.0, -6.0, 199, 21, 133
L 5045.0, 591.0, -197.0, 5046.0, 532.0, -197.0, 199, 21, 133
L -109.0, -3063.0, 218.0, -562.0, -3159.0, 191.0, 0, 0, 0
L -562.0, -3159.0, 191.0, -793.0, -3153.0, 188.0, 0, 0, 0
L -793.0, -3153.0, 188.0, -1114.0, -3143.0, 202.0, 0, 0, 0
L -1114.0, -3143.0, 202.0, -1233.0, -3097.0, 224.0, 0, 0, 0
L -1233.0, -3097.0, 224.0, -1431.0, -3019.0, 140.0, 0, 0, 0
L -1431.0, -3019.0, 140.0, -1565.0, -2967.0, 258.0, 0, 0, 0
L -1565.0, -2967.0, 258.0, -1598.0, -2954.0, 226.0, 0, 0, 0
L -1598.0, -2954.0, 226.0, -1652.0, -2933.0, 187.0, 0, 0, 0
L -1652.0, -2933.0, 187.0, -1801.0, -2874.0, 312.0, 0, 0, 0
L -1801.0, -2874.0, 312.0, -1917.0, -2814.0, 165.0, 0, 0, 0
L -1917.0, -2814.0, 165.0, -2029.0, -2745.0, 176.0, 0, 0, 0
L -2029.0, -2745.0, 176.0, -2083.0, -2711.0, 86.0, 0, 0, 0
L -2083.0, -2711.0, 86.0, -2110.0, -2695.0, 66.0, 0, 0, 0
L -2110.0, -2695.0, 66.0, -2201.0, -2639.0, 284.0, 0, 0, 0
L -2201.0, -2639.0, 284.0, -2239.0, -2615.0, 284.0, 0, 0, 0
L -2239.0, -2615.0, 284.0, -2295.0, -2581.0, 326.0, 0, 0, 0
L -2295.0, -2581.0, 326.0, -2369.0, -2536.0, 168.0, 0, 0, 0
L -2369.0, -2536.0, 168.0, -2419.0, -2505.0, 125.0, 0, 0, 0
L -2419.0, -2505.0, 125.0, -2467.0, -2475.0, 228.0, 0, 0, 0
L -2467.0, -2475.0, 228.0, -2514.0, -2446.0, 186.0, 0, 0, 0
L -2514.0, -2446.0, 186.0, -2556.0, -2421.0, 162.0, 0, 0, 0
L -2556.0, -2421.0, 162.0, -2601.0, -2393.0, 190.0, 0, 0, 0
L -2601.0, -2393.0, 190.0, -2645.0, -2365.0, 223.0, 0, 0, 0
L -2645.0, -2365.0, 223.0, -2691.0, -2334.0, 171.0, 0, 0, 0
L -2691.0, -2334.0, 171.0, -2721.0, -2303.0, 131.0, 0, 0, 0
L -2721.0, -2303.0, 131.0, -2779.0, -2245.0, 223.0, 0, 0, 0
L -2779.0, -2245.0, 223.0, -2828.0, -2196.0, 77.0, 0, 0, 0
L -2828.0, -2196.0, 77.0, -2904.0, -2120.0, 73.0, 0, 0, 0
L -2904.0, -2120.0, 73.0, -2931.0, -2093.0, 137.0, 0, 0, 0
L -2931.0, -2093.0, 137.0, -2976.0, -2020.0, 219.0, 0, 0, 0
L -2976.0, -2020.0, 219.0, -3150.0, -1905.0, 108.0, 0, 0, 0
L -3150.0, -1905.0, 108.0, -3215.0, -1884.0, 139.0, 0, 0, 0
L -3215.0, -1884.0, 139.0, -3312.0, -1835.0, 201.0, 0, 0, 0
L -3312.0, -1835.0, 201.0, -3471.0, -1830.0, 142.0, 0, 0, 0
L -3471.0, -1830.0, 142.0, -3614.0, -1830.0, 145.0, 0, 0, 0
L -3614.0, -1830.0, 145.0, -3688.0, -1830.0, 230.0, 0, 0, 0
L -3688.0, -1830.0, 230.0, -3846.0, -1830.0, 323.0, 0, 0, 0
L -3846.0, -1830.0, 323.0, -3964.0, -1830.0, 263.0, 0, 0, 0
L -3964.0, -1830.0, 263.0, -4055.0, -1828.0, 143.0, 0, 0, 0
L -4055.0, -1828.0, 143.0, -4178.0, -1823.0, 110.0, 0, 0, 0
L -4178.0, -1823.0, 110.0, -4264.0, -1820.0, 98.0, 0, 0, 0
L -4264.0, -1820.0, 98.0, -4383.0, -1789.0, 33.0, 0, 0, 0
L -4383.0, -1789.0, 33.0, -4442.0, -1763.0, 107.0, 0, 0, 0
L -4442.0, -1763.0, 107.0, -4496.0, -1740.0, 104.0, 0, 0, 0
L -4496.0, -1740.0, 104.0, -4531.0, -1725.0, 123.0, 0, 0, 0
L -4531.0, -1725.0, 123.0, -4531.0, -1684.0, 18.0, 0, 0, 0
L -4531.0, -1684.0, 18.0, -4529.0, -1634.0, -15.0, 0, 0, 0
L -4529.0, -1634.0, -15.0, -4527.0, -1563.0, -47.0, 0, 0, 0
L -4527.0, -1563.0, -47.0, -4525.0, -1481.0, -63.0, 0, 0, 0
L -4525.0, -1427.0, -63.0, -4526.0, -1217.0, 42.0, 0, 0, 0
L -4526.0, -1217.0, 42.0, -4453.0, -1148.0, 51.0, 0, 0, 0
L -4453.0, -1148.0, 51.0, -4367.0, -1060.0, 54.0, 0, 0, 0
L -4367.0, -1060.0, 54.0, -4372.0, -1002.0, 257.0, 0, 0, 0
L -4372.0, -1002.0, 257.0, -4328.0, -944.0, 158.0, 0, 0, 0
L -4328.0, -944.0, 158.0, -4293.0, -901.0, 71.0, 0, 0, 0
L -4293.0, -901.0, 71.0, -4229.0, -828.0, 52.0, 0, 0, 0
L -4229.0, -828.0, 52.0, -4143.0, -737.0, 53.0, 0, 0, 0
L -4143.0, -737.0, 53.0, -4103.0, -575.0, 127.0, 0, 0, 0
L -4103.0, -575.0, 127.0, -4096.0, -507.0, 123.0, 0, 0, 0
L -4096.0, -507.0, 123.0, -4052.0, -420.0, 148.0, 0, 0, 0
L -4052.0, -420.0, 148.0, -3977.0, -337.0, 168.0, 0, 0, 0
L -3977.0, -337.0, 168.0, -3918.0, -183.0, 218.0, 0, 0, 0
L -3918.0, -183.0, 218.0, -3897.0, -146.0, 254.0, 0, 0, 0
L -3897.0, -146.0, 254.0, -3805.0, -1.0, 93.0, 0, 0, 0
L -3805.0, -1.0, 93.0, -3730.0, 60.0, 69.0, 0, 0, 0
L -3730.0, 60.0, 69.0, -3620.0, 115.0, 65.0, 0, 0, 0
L -3620.0, 115.0, 65.0, -3518.0, 157.0, 96.0, 0, 0, 0
L -3518.0, 157.0, 96.0, -3400.0, 178.0, 121.0, 0, 0, 0
L -3400.0, 178.0, 121.0, -3298.0, 197.0, 112.0, 0, 0, 0
L -3298.0, 197.0, 112.0, -3174.0, 219.0, 99.0, 0, 0, 0
L -3174.0, 219.0, 99.0, -3080.0, 236.0, 136.0, 0, 0, 0
L -3080.0, 236.0, 136.0, -3051.0, 241.0, 43.0, 0, 0, 0
L -3051.0, 241.0, 43.0, -2865.0, 400.0, 134.0, 0, 0, 0
L -2865.0, 400.0, 134.0, -2858.0, 408.0, 147.0, 0, 0, 0
L -2858.0, 408.0, 147.0, -2825.0, 408.0, 97.0, 0, 0, 0
L -2825.0, 408.0, 97.0, -2775.0, 408.0, 29.0, 0, 0, 0
L -2775.0, 408.0, 29.0, -2662.0, 511.0, 45.0, 0, 0, 0
L -2662.0, 511.0, 45.0, -2632.0, 542.0, 45.0, 0, 0, 0
L -2632.0, 542.0, 45.0, -2585.0, 590.0, 45.0, 0, 0, 0
L -2585.0, 590.0, 45.0, -2498.0, 681.0, 26.0, 0, 0, 0
L -2498.0, 681.0, 26.0, -2408.0, 775.0, 30.0, 0, 0, 0
L -2408.0, 775.0, 30.0, -2246.0, 954.0, 53.0, 0, 0, 0
L -2246.0, 954.0, 53.0, -2217.0, 1006.0, 86.0, 0, 0, 0
L -2217.0, 1006.0, 86.0, -2232.0, 1061.0, 139.0, 0, 0, 0
L -2232.0, 1061.0, 139.0, -2254.0, 1181.0, 214.0, 0, 0, 0
L -2254.0, 1181.0, 214.0, -2262.0, 1261.0, 182.0, 0, 0, 0
L -2262.0, 1261.0, 182.0, -2307.0, 1306.0, 92.0, 0, 0, 0
L -2307.0, 1306.0, 92.0, -2378.0, 1409.0, 223.0, 0, 0, 0
L -2378.0, 1409.0, 223.0, -2447.0, 1468.0, 189.0, 0, 0, 0
L -2447.0, 1468.0, 189.0, -2530.0, 1511.0, 25.0, 0, 0, 0
L -2530.0, 1511.0, 25.0, -2716.0, 1489.0, 71.0, 0, 0, 0
L -2716.0, 1489.0, 71.0, -2806.0, 1499.0, 54.0, 0, 0, 0
L -2806.0, 1499.0, 54.0, -2836.0, 1566.0, 151.0, 0, 0, 0
L -2836.0, 1566.0, 151.0, -2942.0, 1603.0, 244.0, 0, 0, 0
L -2942.0, 1603.0, 244.0, -2977.0, 1638.0, 302.0, 0, 0, 0
L -2977.0, 1638.0, 302.0, -3041.0, 1702.0, 368.0, 0, 0, 0
L -3041.0, 1702.0, 368.0, -3055.0, 1716.0, 327.0, 0, 0, 0
L -3055.0, 1716.0, 327.0, -3073.0, 1734.0, 273.0, 0, 0, 0
L -3073.0, 1734.0, 273.0, -3116.0, 1777.0, 258.0, 0, 0, 0
L -3116.0, 1777.0, 258.0, -3166.0, 1827.0, 203.0, 0, 0, 0
L -3166.0, 1827.0, 203.0, -3218.0, 1879.0, 100.0, 0, 0, 0
L -3218.0, 1879.0, 100.0, -3260.0, 1921.0, 166.0, 0, 0, 0
L -3260.0, 1921.0, 166.0, -3296.0, 1957.0, 135.0, 0, 0, 0
L -3296.0, 1957.0, 135.0, -3340.0, 2001.0, 74.0, 0, 0, 0
L -3340.0, 2001.0, 74.0, -3387.0, 2048.0, 85.0, 0, 0, 0
L -3387.0, 2048.0, 85.0, -3423.0, 2084.0, 96.0, 0, 0, 0
L -3423.0, 2084.0, 96.0, -3453.0, 2115.0, 77.0, 0, 0, 0
L -3453.0, 2115.0, 77.0, -3501.0, 2162.0, 67.0, 0, 0, 0
L -3501.0, 2162.0, 67.0, -3552.0, 2213.0, 173.0, 0, 0, 0
L -3552.0, 2213.0, 173.0, -3577.0, 2238.0, 237.0, 0, 0, 0
L -3577.0, 2238.0, 237.0, -3552.0, 2339.0, 169.0, 0, 0, 0
L -3552.0, 2339.0, 169.0, -3534.0, 2413.0, 174.0, 0, 0, 0
L -3534.0, 2413.0, 174.0, -3436.0, 2536.0, 215.0, 0, 0, 0
L -3436.0, 2536.0, 215.0, -3296.0, 2659.0, 230.0, 0, 0, 0
L -3296.0, 2659.0, 230.0, -3204.0, 2864.0, 46.0, 0, 0, 0
L -3204.0, 2864.0, 46.0, -3221.0, 2956.0, 141.0, 0, 0, 0
L -3221.0, 2956.0, 141.0, -3168.0, 3005.0, 69.0, 0, 0, 0
L -3168.0, 3005.0, 69.0, -3103.0, 3136.0, 73.0, 0, 0, 0
L -3103.0, 3136.0, 73.0, -2912.0, 3289.0, 29.0, 0, 0, 0
L -2912.0, 3289.0, 29.0, -2807.0, 3386.0, 147.0, 0, 0, 0
L -2807.0, 3386.0, 147.0, -2699.0, 3531.0, 157.0, 0, 0, 0
L -2699.0, 3531.0, 157.0, -2632.0, 3675.0, 92.0, 0, 0, 0
L -2632.0, 3675.0, 92.0, -2528.0, 3806.0, 119.0, 0, 0, 0
L -2528.0, 3806.0, 119.0, -2527.0, 3902.0, 141.0, 0, 0, 0
L -2527.0, 3902.0, 141.0, -2433.0, 3908.0, 50.0, 0, 0, 0
L -2433.0, 3908.0, 50.0, -2280.0, 3917.0, 66.0, 0, 0, 0
L -2280.0, 3917.0, 66.0, -2124.0, 3927.0, 77.0, 0, 0, 0
L -2124.0, 3927.0, 77.0, -1939.0, 3938.0, 106.0, 0, 0, 0
L -1939.0, 3938.0, 106.0, -1779.0, 3948.0, 194.0, 0, 0, 0
L -1779.0, 3948.0, 194.0, -1703.0, 3931.0, 148.0, 0, 0, 0
L -1703.0, 3931.0, 148.0, -1601.0, 3893.0, 27.0, 0, 0, 0
L -1601.0, 3893.0, 27.0, -1524.0, 3864.0, 133.0, 0, 0, 0
L -1524.0, 3864.0, 133.0, -1490.0, 3842.0, 116.0, 0, 0, 0
L -1490.0, 3842.0, 116.0, -1464.0, 3802.0, 149.0, 0, 0, 0
L -1464.0, 3802.0, 149.0, -1423.0, 3742.0, 226.0, 0, 0, 0
L -1423.0, 3742.0, 226.0, -1382.0, 3680.0, 95.0, 0, 0, 0
L -1382.0, 3680.0, 95.0, -1361.0, 3648.0, 165.0, 0, 0, 0
L -1361.0, 3648.0, 165.0, -1322.0, 3590.0, 281.0, 0, 0, 0
L -1322.0, 3590.0, 281.0, -1298.0, 3553.0, 245.0, 0, 0, 0
L -1298.0, 3553.0, 245.0, -1257.0, 3492.0, 187.0, 0, 0, 0
L -1257.0, 3492.0, 187.0, -1229.0, 3450.0, 245.0, 0, 0, 0
L -1229.0, 3450.0, 245.0, -1108.0, 3394.0, 42.0, 0, 0, 0
L -1108.0, 3394.0, 42.0, -968.0, 3357.0, 105.0, 0, 0, 0
L -968.0, 3357.0, 105.0, -865.0, 3320.0, 118.0, 0, 0, 0
L -865.0, 3320.0, 118.0, -769.0, 3270.0, 181.0, 0, 0, 0
L -769.0, 3270.0, 181.0, -645.0, 3205.0, 86.0, 0, 0, 0
L -645.0, 3205.0, 86.0, -584.0, 3173.0, 122.0, 0, 0, 0
L -584.0, 3173.0, 122.0, -535.0, 3131.0, 185.0, 0, 0, 0
L -535.0, 3131.0, 185.0, -487.0, 3083.0, 78.0, 0, 0, 0
L -487.0, 3083.0, 78.0, -465.0, 3061.0, 163.0, 0, 0, 0
L -465.0, 3061.0, 163.0, -479.0, 2985.0, 145.0, 0, 0, 0
L -479.0, 2985.0, 145.0, -504.0, 2906.0, 194.0, 0, 0, 0
L -504.0, 2906.0, 194.0, -548.0, 2769.0, 205.0, 0, 0, 0
L -548.0, 2769.0, 205.0, -574.0, 2692.0, 135.0, 0, 0, 0
L -574.0, 2692.0, 135.0, -634.0, 2589.0, 171.0, 0, 0, 0
L -700.0, 2523.0, 27.0, -701.0, 2500.0, 27.0, 0, 0, 0
L -895.0, 2295.0, 57.0, -1008.0, 2247.0, 137.0, 0, 0, 0
L -1008.0, 2247.0, 137.0, -1054.0, 2219.0, 118.0, 0, 0, 0
L -1054.0, 2219.0, 118.0, -1104.0, 2195.0, 84.0, 0, 0, 0
L -1104.0, 2195.0, 84.0, -1160.0, 2169.0, 165.0, 0, 0, 0
L -1160.0, 2169.0, 165.0, -1260.0, 2147.0, 229.0, 0, 0, 0
L -1260.0, 2147.0, 229.0, -1370.0, 2114.0, 209.0, 0, 0, 0
L -1370.0, 2114.0, 209.0, -1495.0, 2023.0, 28.0, 0, 0, 0
L -1495.0, 2023.0, 28.0, -1538.0, 1968.0, 35.0, 0, 0, 0
L -1538.0, 1968.0, 35.0, -1557.0, 1944.0, 41.0, 0, 0, 0
L -1557.0, 1944.0, 41.0, -1624.0, 1891.0, 79.0, 0, 0, 0
L -1624.0, 1891.0, 79.0, -1715.0, 1860.0, 116.0, 0, 0, 0
L -1715.0, 1860.0, 116.0, -1780.0, 1786.0, 101.0, 0, 0, 0
L -1780.0, 1786.0, 101.0, -1801.0, 1671.0, 25.0, 0, 0, 0
L -1801.0, 1671.0, 25.0, -1733.0, 1576.0, 52.0, 0, 0, 0
L -1733.0, 1576.0, 52.0, -1689.0, 1560.0, 66.0, 0, 0, 0
L -1689.0, 1560.0, 66.0, -1674.0, 1517.0, 117.0, 0, 0, 0
L -1674.0, 1517.0, 117.0, -1649.0, 1427.0, 195.0, 0, 0, 0
L -1649.0, 1427.0, 195.0, -1632.0, 1357.0, 234.0, 0, 0, 0
L -1632.0, 1357.0, 234.0, -1561.0, 1319.0, 101.0, 0, 0, 0
L -1561.0, 1319.0, 101.0, -1457.0, 1315.0, 106.0, 0, 0, 0
L -1457.0, 1315.0, 106.0, -1291.0, 1309.0, 86.0, 0, 0, 0
L -1291.0, 1309.0, 86.0, -1036.0, 1334.0, 140.0, 0, 0, 0
L -1036.0, 1334.0, 140.0, -910.0, 1381.0, 218.0, 0, 0, 0
L -910.0, 1381.0, 218.0, -809.0, 1428.0, 187.0, 0, 0, 0
L -809.0, 1428.0, 187.0, -682.0, 1504.0, 127.0, 0, 0, 0
L -682.0, 1504.0, 127.0, -533.0, 1641.0, 45.0, 0, 0, 0
L -533.0, 1641.0, 45.0, -469.0, 1700.0, 57.0, 0, 0, 0
L -469.0, 1700.0, 57.0, -430.0, 1735.0, 141.0, 0, 0, 0
L -430.0, 1735.0, 141.0, -345.0, 1771.0, 229.0, 0, 0, 0
L -345.0, 1771.0, 229.0, -227.0, 1795.0, 296.0, 0, 0, 0
L -227.0, 1795.0, 296.0, -184.0, 1697.0, 15.0, 0, 0, 0
L -121.0, 1697.0, 15.0, -40.0, 1756.0, 91.0, 0, 0, 0
L -40.0, 1756.0, 91.0, 74.0, 1832.0, 180.0, 0, 0, 0
L 74.0, 1832.0, 180.0, 162.0, 1838.0, 165.0, 0, 0, 0
L 162.0, 1838.0, 165.0, 318.0, 1848.0, 190.0, 0, 0, 0
L 318.0, 1848.0, 190.0, 407.0, 1887.0, 198.0, 0, 0, 0
L 407.0, 1887.0, 198.0, 520.0, 1993.0, 194.0, 0, 0, 0
L 520.0, 1993.0, 194.0, 652.0, 2123.0, 116.0, 0, 0, 0
L 652.0, 2123.0, 116.0, 710.0, 2175.0, 31.0, 0, 0, 0
L 710.0, 2175.0, 31.0, 795.0, 2251.0, 28.0, 0, 0, 0
L 795.0, 2251.0, 28.0, 815.0, 2246.0, 75.0, 0, 0, 0
L 815.0, 2246.0, 75.0, 879.0, 2226.0, 129.0, 0, 0, 0
L 879.0, 2226.0, 129.0, 942.0, 2204.0, 173.0, 0, 0, 0
L 942.0, 2204.0, 173.0, 984.0, 2164.0, 249.0, 0, 0, 0
L 984.0, 2164.0, 249.0, 1149.0, 2123.0, 121.0, 0, 0, 0
L 1149.0, 2123.0, 121.0, 1307.0, 2107.0, 136.0, 0, 0, 0
L 1307.0, 2107.0, 136.0, 1461.0, 2114.0, 154.0, 0, 0, 0
L 1461.0, 2114.0, 154.0, 1598.0, 2118.0, 166.0, 0, 0, 0
L 1598.0, 2118.0, 166.0, 1716.0, 2122.0, 177.0, 0, 0, 0
L 1716.0, 2122.0, 177.0, 1807.0, 2156.0, 204.0, 0, 0, 0
L 1807.0, 2156.0, 204.0, 1893.0, 2237.0, 177.0, 0, 0, 0
L 1893.0, 2237.0, 177.0, 1958.0, 2349.0, 156.0, 0, 0, 0
L 1958.0, 2349.0, 156.0, 1965.0, 2432.0, 110.0, 0, 0, 0
L 1965.0, 2432.0, 110.0, 1887.0, 2513.0, 76.0, 0, 0, 0
L 1887.0, 2513.0, 76.0, 1887.0, 2572.0, 71.0, 0, 0, 0
L 1887.0, 2572.0, 71.0, 1799.0, 2612.0, 73.0, 0, 0, 0
L 1799.0, 2612.0, 73.0, 1788.0, 2614.0, 104.0, 0, 0, 0
L 1788.0, 2614.0, 104.0, 1754.0, 2644.0, 187.0, 0, 0, 0
L 1754.0, 2644.0, 187.0, 1669.0, 2679.0, 145.0, 0, 0, 0
L 1669.0, 2679.0, 145.0, 1510.0, 2736.0, 97.0, 0, 0, 0
L 1510.0, 2736.0, 97.0, 1460.0, 2768.0, 146.0, 0, 0, 0
L 1460.0, 2768.0, 146.0, 1367.0, 2800.0, 207.0, 0, 0, 0
L 1367.0, 2800.0, 207.0, 1340.0, 2881.0, 240.0, 0, 0, 0
L 1340.0, 2881.0, 240.0, 1337.0, 2945.0, 124.0, 0, 0, 0
L 1337.0, 3229.0, 114.0, 1386.0, 3299.0, 138.0, 0, 0, 0
L 1386.0, 3299.0, 138.0, 1419.0, 3339.0, 132.0, 0, 0, 0
L 1419.0, 3339.0, 132.0, 1505.0, 3465.0, 137.0, 0, 0, 0
L 1505.0, 3465.0, 137.0, 1613.0, 3563.0, 201.0, 0, 0, 0
L 1613.0, 3563.0, 201.0, 1756.0, 3604.0, 47.0, 0, 0, 0
L 1756.0, 3604.0, 47.0, 1882.0, 3640.0, 133.0, 0, 0, 0
L 1882.0, 3640.0, 133.0, 2055.0, 3621.0, 87.0, 0, 0, 0
L 2055.0, 3621.0, 87.0, 2203.0, 3597.0, 46.0, 0, 0, 0
L 2203.0, 3597.0, 46.0, 2267.0, 3515.0, 166.0, 0, 0, 0
L 2267.0, 3515.0, 166.0, 2303.0, 3468.0, 55.0, 0, 0, 0
L 2303.0, 3468.0, 55.0, 2357.0, 3365.0, 165.0, 0, 0, 0
L 2357.0, 3365.0, 165.0, 2493.0, 3206.0, 80.0, 0, 0, 0
L 2493.0, 3206.0, 80.0, 2667.0, 3235.0, 103.0, 0, 0, 0
L 2667.0, 3235.0, 103.0, 2749.0, 3232.0, 95.0, 0, 0, 0
L 2749.0, 3232.0, 95.0, 2962.0, 3221.0, 95.0, 0, 0, 0
L 2962.0, 3221.0, 95.0, 3130.0, 3213.0, 105.0, 0, 0, 0
L 3130.0, 3213.0, 105.0, 3177.0, 3170.0, 151.0, 0, 0, 0
L 3177.0, 3170.0, 151.0, 3224.0, 3100.0, 115.0, 0, 0, 0
L 3224.0, 3100.0, 115.0, 3269.0, 2962.0, 214.0, 0, 0, 0
L 3269.0, 2962.0, 214.0, 3263.0, 2906.0, 246.0, 0, 0, 0
L 3263.0, 2906.0, 246.0, 3248.0, 2795.0, 223.0, 0, 0, 0
L 3248.0, 2795.0, 223.0, 3198.0, 2730.0, 248.0, 0, 0, 0
L 3198.0, 2730.0, 248.0, 3080.0, 2624.0, 287.0, 0, 0, 0
L 3080.0, 2624.0, 287.0, 2999.0, 2569.0, 307.0, 0, 0, 0
L 2999.0, 2569.0, 307.0, 2894.0, 2498.0, 109.0, 0, 0, 0
L 2894.0, 2498.0, 109.0, 2868.0, 2347.0, 74.0, 0, 0, 0
L 2868.0, 2347.0, 74.0, 2912.0, 2285.0, 78.0, 0, 0, 0
L 2912.0, 2285.0, 78.0, 2975.0, 2196.0, 116.0, 0, 0, 0
L 2975.0, 2196.0, 116.0, 3077.0, 2155.0, 195.0, 0, 0, 0
L 3077.0, 2155.0, 195.0, 3280.0, 2108.0, 59.0, 0, 0, 0
L 3280.0, 2108.0, 59.0, 3443.0, 2129.0, 134.0, 0, 0, 0
L 3443.0, 2129.0, 134.0, 3614.0, 2128.0, 124.0, 0, 0, 0
L 3614.0, 2128.0, 124.0, 3812.0, 2115.0, 84.0, 0, 0, 0
L 3812.0, 2115.0, 84.0, 3937.0, 2107.0, 167.0, 0, 0, 0
L 3937.0, 2107.0, 167.0, 4018.0, 2082.0, 243.0, 0, 0, 0
L 4018.0, 2082.0, 243.0, 4188.0, 2019.0, 100.0, 0, 0, 0
L 4188.0, 2019.0, 100.0, 4292.0, 1980.0, 153.0, 0, 0, 0
L 4292.0, 1980.0, 153.0, 4386.0, 1945.0, 218.0, 0, 0, 0
L 4386.0, 1945.0, 218.0, 4460.0, 1896.0, 141.0, 0, 0, 0
L 4460.0, 1896.0, 141.0, 4559.0, 1831.0, 171.0, 0, 0, 0
L 4559.0, 1831.0, 171.0, 4655.0, 1767.0, 101.0, 0, 0, 0
L 4655.0, 1767.0, 101.0, 4742.0, 1709.0, 98.0, 0, 0, 0
L 4742.0, 1709.0, 98.0, 4789.0, 1675.0, 23.0, 0, 0, 0
L 4786.0, -525.0, 35.0, 4731.0, -620.0, 140.0, 0, 0, 0
L 4731.0, -620.0, 140.0, 4621.0, -698.0, 122.0, 0, 0, 0
L 4621.0, -698.0, 122.0, 4533.0, -758.0, 150.0, 0, 0, 0
L 4533.0, -758.0, 150.0, 4402.0, -830.0, 137.0, 0, 0, 0
L 4402.0, -830.0, 137.0, 4302.0, -884.0, 35.0, 0, 0, 0
L 4302.0, -884.0, 35.0, 4199.0, -972.0, 41.0, 0, 0, 0
L 4199.0, -972.0, 41.0, 4089.0, -1092.0, 48.0, 0, 0, 0
L 4089.0, -1092.0, 48.0, 4010.0, -1193.0, 49.0, 0, 0, 0
L 4010.0, -1193.0, 49.0, 3907.0, -1312.0, 65.0, 0, 0, 0
L 3907.0, -1312.0, 65.0, 3912.0, -1398.0, 150.0, 0, 0, 0
L 3912.0, -1398.0, 150.0, 3877.0, -1430.0, 136.0, 0, 0, 0
L 3877.0, -1430.0, 136.0, 3797.0, -1495.0, 68.0, 0, 0, 0
L 3797.0, -1495.0, 68.0, 3731.0, -1549.0, 76.0, 0, 0, 0
L 3731.0, -1549.0, 76.0, 3658.0, -1613.0, 76.0, 0, 0, 0
L 3658.0, -1613.0, 76.0, 3598.0, -1704.0, 62.0, 0, 0, 0
L 3598.0, -1704.0, 62.0, 3556.0, -1740.0, 158.0, 0, 0, 0
L 3556.0, -1740.0, 158.0, 3473.0, -1777.0, 229.0, 0, 0, 0
L 3473.0, -1777.0, 229.0, 3366.0, -1804.0, 125.0, 0, 0, 0
L 3366.0, -1804.0, 125.0, 3277.0, -1826.0, 99.0, 0, 0, 0
L 3277.0, -1826.0, 99.0, 3137.0, -1930.0, 148.0, 0, 0, 0
L 3137.0, -1930.0, 148.0, 3053.0, -1997.0, 140.0, 0, 0, 0
L 3053.0, -1997.0, 140.0, 2966.0, -2062.0, 99.0, 0, 0, 0
L 2966.0, -2062.0, 99.0, 2874.0, -2128.0, 53.0, 0, 0, 0
L 2874.0, -2128.0, 53.0, 2808.0, -2176.0, 30.0, 0, 0, 0
L 2808.0, -2176.0, 30.0, 2740.0, -2225.0, 29.0, 0, 0, 0
L 2740.0, -2225.0, 29.0, 2646.0, -2352.0, 34.0, 0, 0, 0
L 2646.0, -2352.0, 34.0, 2552.0, -2446.0, 39.0, 0, 0, 0
L 2552.0, -2446.0, 39.0, 2485.0, -2511.0, 54.0, 0, 0, 0
L 2485.0, -2511.0, 54.0, 2295.0, -2662.0, 247.0, 0, 0, 0
L 2295.0, -2662.0, 247.0, 2211.0, -2685.0, 299.0, 0, 0, 0
L 2211.0, -2685.0, 299.0, 2085.0, -2719.0, 223.0, 0, 0, 0
L 2085.0, -2719.0, 223.0, 1980.0, -2748.0, 198.0, 0, 0, 0
L 1980.0, -2748.0, 198.0, 1908.0, -2767.0, 253.0, 0, 0, 0
L 1908.0, -2767.0, 253.0, 1784.0, -2811.0, 188.0, 0, 0, 0
L 1784.0, -2811.0, 188.0, 1637.0, -2867.0, 251.0, 0, 0, 0
L 1637.0, -2867.0, 251.0, 1389.0, -2909.0, 61.0, 0, 0, 0
L 1389.0, -2909.0, 61.0, 1338.0, -2932.0, 132.0, 0, 0, 0
L 1338.0, -2932.0, 132.0, 1204.0, -2978.0, 127.0, 0, 0, 0
L 1204.0, -2978.0, 127.0, 1075.0, -3021.0, 104.0, 0, 0, 0
L 1075.0, -3021.0, 104.0, 947.0, -3028.0, 151.0, 0, 0, 0
L 947.0, -3028.0, 151.0, 818.0, -2989.0, 81.0, 0, 0, 0
L 818.0, -2989.0, 81.0, 764.0, -2972.0, 179.0, 0, 0, 0
L 764.0, -2972.0, 179.0, 710.0, -2947.0, 225.0, 0, 0, 0
L 710.0, -2947.0, 225.0, 601.0, -2913.0, 207.0, 0, 0, 0
L 601.0, -2913.0, 207.0, 478.0, -2900.0, 218.0, 0, 0, 0
L 478.0, -2900.0, 218.0, 370.0, -2901.0, 321.0, 0, 0, 0
L 370.0, -2901.0, 321.0, 218.0, -2905.0, 86.0, 0, 0, 0
L 218.0, -2905.0, 86.0, 87.0, -2985.0, 30.0, 0, 0, 0
L 87.0, -2985.0, 30.0, 35.0, -3005.0, 52.0, 0, 0, 0
L 35.0, -3005.0, 52.0, -12.0, -3025.0, 118.0, 0, 0, 0
L -12.0, -3025.0, 118.0, -109.0, -3063.0, 218.0, 0, 0, 0
L 4786.0, -525.0, 27.0, 4785.0, -504.0, 27.0, 0, 0, 0
L 4785.0, -504.0, 27.0, 4805.0, -504.0, 28.0, 0, 0, 0
L 4805.0, -504.0, 28.0, 4805.0, -215.0, -41.0, 0, 0, 0
L 4805.0, -215.0, -41.0, 4789.0, -215.0, -42.0, 0, 0, 0
L 4789.0, -215.0, -42.0, 4789.0, -169.0, -56.0, 0, 0, 0
L 4789.0, -169.0, -56.0, 4801.0, -169.0, -56.0, 0, 0, 0
L 4801.0, -169.0, -56.0, 4801.0, 138.0, -184.0, 0, 0, 0
L 4801.0, 138.0, -184.0, 4789.0, 138.0, -185.0, 0, 0, 0
L 4789.0, 138.0, -186.0, 4789.0, 184.0, -188.0, 0, 0, 0
L 4789.0, 184.0, -188.0, 4803.0, 184.0, -188.0, 0, 0, 0
L 4803.0, 184.0, -188.0, 4803.0, 467.0, -183.0, 0, 0, 0
L 4803.0, 467.0, -183.0, 4789.0, 467.0, -183.0, 0, 0, 0
L 4789.0, 467.0, -183.0, 4789.0, 513.0, -183.0, 0, 0, 0
L 4789.0, 513.0, -183.0, 4798.0, 513.0, -183.0, 0, 0, 0
L 4798.0, 870.0, -183.0, 4789.0, 870.0, -183.0, 0, 0, 0
L 4789.0, 870.0, -183.0, 4789.0, 916.0, -183.0, 0, 0, 0
L 4789.0, 916.0, -183.0, 4802.0, 916.0, -183.0, 0, 0, 0
L 4802.0, 916.0, -183.0, 4802.0, 1218.0, -124.0, 0, 0, 0
L 4802.0, 1218.0, -124.0, 4790.0, 1218.0, -124.0, 0, 0, 0
L 4790.0, 1218.0, -124.0, 4790.0, 1263.0, -124.0, 0, 0, 0
L 4790.0, 1263.0, -124.0, 4807.0, 1263.0, -123.0, 0, 0, 0
L 4807.0, 1263.0, -123.0, 4807.0, 1656.0, 23.0, 0, 0, 0
L 4807.0, 1656.0, 23.0, 4789.0, 1656.0, 22.0, 0, 0, 0
L 4789.0, 1656.0, 22.0, 4789.0, 1675.0, 22.0, 0, 0, 0
L 5043.0, 709.0, -197.0, 5043.0, 591.0, -197.0, 0, 0, 0
L 5043.0, 591.0, -197.0, 5104.0, 591.0, -197.0, 0, 0, 0
L 5163.0, 532.0, -197.0, 4984.0, 532.0, -197.0, 0, 0, 0
L 4984.0, 532.0, -197.0, 4984.0, 652.0, -197.0, 0, 0, 0
L 4984.0, 652.0, -197.0, 4798.0, 652.0, -198.0, 0, 0, 0
L 4798.0, 709.0, -198.0, 5043.0, 709.0, -197.0, 0, 0, 0
L 4335.0, 677.0, -194.0, 4335.0, 636.0, -192.0, 0, 0, 0
L 4335.0, 636.0, -192.0, 4294.0, 636.0, -192.0, 0, 0, 0
L 4294.0, 636.0, -192.0, 4294.0, 677.0, -194.0, 0, 0, 0
L 4294.0, 677.0, -194.0, 4335.0, 677.0, -194.0, 0, 0, 0
L 4210.0, 636.0, -194.0, 4210.0, 599.0, -194.0, 0, 0, 0
L 4210.0, 599.0, -194.0, 4208.0, 584.0, -189.0, 0, 0, 0
L 4208.0, 584.0, -189.0, 4158.0, 584.0, -189.0, 0, 0, 0
L 4158.0, 584.0, -190.0, 4156.0, 598.0, -194.0, 0, 0, 0
L 4160.0, 598.0, -194.0, 4010.0, 598.0, -194.0, 0, 0, 0
L 4010.0, 598.0, -194.0, 4010.0, 619.0, -194.0, 0, 0, 0
L 4010.0, 619.0, -194.0, 4155.0, 619.0, -194.0, 0, 0, 0
L 4155.0, 619.0, -194.0, 4160.0, 619.0, -194.0, 0, 0, 0
L 4155.0, 619.0, -194.0, 4156.0, 636.0, -194.0, 0, 0, 0
L 4156.0, 636.0, -194.0, 4210.0, 636.0, -194.0, 0, 0, 0
L 4206.0, 631.0, -185.0, 4206.0, 586.0, -185.0, 0, 0, 0
L 4206.0, 586.0, -185.0, 4160.0, 586.0, -185.0, 0, 0, 0
L 4160.0, 586.0, -185.0, 4160.0, 598.0, -185.0, 0, 0, 0
L 4206.0, 631.0, -185.0, 4160.0, 631.0, -185.0, 0, 0, 0
L 4160.0, 631.0, -185.0, 4160.0, 619.0, -185.0, 0, 0, 0
L 3859.0, 369.0, -161.0, 3943.0, 357.0, -161.0, 0, 0, 0
L 3943.0, 357.0, -161.0, 3942.0, 351.0, -161.0, 0, 0, 0
L 3942.0, 351.0, -161.0, 3868.0, 362.0, -160.0, 0, 0, 0
L 3868.0, 362.0, -160.0, 3863.0, 363.0, -161.0, 0, 0, 0
L 3863.0, 363.0, -161.0, 3855.0, 304.0, -156.0, 0, 0, 0
L 3855.0, 304.0, -156.0, 3944.0, 292.0, -157.0, 0, 0, 0
L 3944.0, 292.0, -157.0, 3951.0, 341.0, -160.0, 0, 0, 0
L 3951.0, 341.0, -160.0, 3956.0, 340.0, -160.0, 0, 0, 0
L 3956.0, 340.0, -160.0, 3948.0, 286.0, -157.0, 0, 0, 0
L 3948.0, 286.0, -157.0, 3850.0, 300.0, -155.0, 0, 0, 0
L 3850.0, 300.0, -156.0, 3859.0, 369.0, -161.0, 0, 0, 0
L 3072.0, -693.0, -218.0, 3118.0, -746.0, -213.0, 0, 0, 0
L 3118.0, -746.0, -213.0, 3055.0, -802.0, -214.0, 0, 0, 0
L 3055.0, -802.0, -214.0, 3050.0, -797.0, -215.0, 0, 0, 0
L 3050.0, -797.0, -215.0, 3111.0, -745.0, -214.0, 0, 0, 0
L 3111.0, -745.0, -214.0, 3071.0, -701.0, -218.0, 0, 0, 0
L 3071.0, -701.0, -218.0, 3005.0, -760.0, -217.0, 0, 0, 0
L 3005.0, -760.0, -217.0, 3037.0, -797.0, -216.0, 0, 0, 0
L 3037.0, -797.0, -216.0, 3033.0, -801.0, -216.0, 0, 0, 0
L 3033.0, -801.0, -216.0, 2997.0, -760.0, -217.0, 0, 0, 0
L 2997.0, -760.0, -217.0, 3072.0, -693.0, -217.0, 0, 0, 0
L 2339.0, -1626.0, -194.0, 2321.0, -1543.0, -194.0, 0, 0, 0
L 2321.0, -1543.0, -194.0, 2253.0, -1558.0, -195.0, 0, 0, 0
L 2253.0, -1558.0, -195.0, 2273.0, -1655.0, -194.0, 0, 0, 0
L 2273.0, -1655.0, -194.0, 2327.0, -1644.0, -194.0, 0, 0, 0
L 2327.0, -1644.0, -194.0, 2326.0, -1639.0, -194.0, 0, 0, 0
L 2326.0, -1639.0, -194.0, 2277.0, -1649.0, -194.0, 0, 0, 0
L 2277.0, -1649.0, -194.0, 2259.0, -1562.0, -196.0, 0, 0, 0
L 2259.0, -1562.0, -195.0, 2317.0, -1550.0, -194.0, 0, 0, 0
L 2317.0, -1550.0, -194.0, 2333.0, -1627.0, -194.0, 0, 0, 0
L 2333.0, -1627.0, -194.0, 2339.0, -1626.0, -194.0, 0, 0, 0
L 2293.0, -1724.0, -193.0, 2271.0, -1749.0, -192.0, 0, 0, 0
L 2271.0, -1749.0, -192.0, 2268.0, -1753.0, -192.0, 0, 0, 0
L 2268.0, -1753.0, -192.0, 2259.0, -1779.0, -191.0, 0, 0, 0
L 2259.0, -1779.0, -191.0, 2260.0, -1782.0, -190.0, 0, 0, 0
L 2260.0, -1782.0, -190.0, 2257.0, -1782.0, -190.0, 0, 0, 0
L 2257.0, -1782.0, -190.0, 2232.0, -1794.0, -190.0, 0, 0, 0
L 2232.0, -1794.0, -190.0, 2230.0, -1797.0, -190.0, 0, 0, 0
L 2230.0, -1797.0, -190.0, 2228.0, -1794.0, -191.0, 0, 0, 0
L 2228.0, -1794.0, -191.0, 2201.0, -1785.0, -192.0, 0, 0, 0
L 2201.0, -1785.0, -192.0, 2198.0, -1786.0, -192.0, 0, 0, 0
L 2198.0, -1786.0, -192.0, 2199.0, -1783.0, -192.0, 0, 0, 0
L 2199.0, -1783.0, -192.0, 2186.0, -1758.0, -192.0, 0, 0, 0
L 2186.0, -1758.0, -192.0, 2183.0, -1756.0, -192.0, 0, 0, 0
L 2183.0, -1756.0, -192.0, 2186.0, -1754.0, -192.0, 0, 0, 0
L 2186.0, -1754.0, -192.0, 2195.0, -1727.0, -193.0, 0, 0, 0
L 2195.0, -1727.0, -193.0, 2194.0, -1724.0, -193.0, 0, 0, 0
L 2194.0, -1724.0, -193.0, 2198.0, -1724.0, -193.0, 0, 0, 0
L 2198.0, -1724.0, -193.0, 2223.0, -1712.0, -194.0, 0, 0, 0
L 2223.0, -1712.0, -194.0, 2226.0, -1709.0, -194.0, 0, 0, 0
L 2226.0, -1709.0, -194.0, 2261.0, -1670.0, -194.0, 0, 0, 0
L 2261.0, -1670.0, -194.0, 2257.0, -1666.0, -194.0, 0, 0, 0
L 2257.0, -1666.0, -194.0, 2251.0, -1668.0, -194.0, 0, 0, 0
L 2251.0, -1668.0, -194.0, 2225.0, -1698.0, -194.0, 0, 0, 0
L 2225.0, -1698.0, -194.0, 2224.0, -1703.0, -194.0, 0, 0, 0
L 2224.0, -1703.0, -194.0, 2220.0, -1702.0, -194.0, 0, 0, 0
L 2220.0, -1702.0, -194.0, 2192.0, -1716.0, -194.0, 0, 0, 0
L 2192.0, -1716.0, -194.0, 2189.0, -1720.0, -193.0, 0, 0, 0
L 2189.0, -1720.0, -193.0, 2186.0, -1723.0, -193.0, 0, 0, 0
L 2186.0, -1723.0, -193.0, 2176.0, -1752.0, -192.0, 0, 0, 0
L 2176.0, -1752.0, -192.0, 2177.0, -1756.0, -192.0, 0, 0, 0
L 2177.0, -1756.0, -192.0, 2176.0, -1761.0, -192.0, 0, 0, 0
L 2176.0, -1761.0, -192.0, 2190.0, -1788.0, -191.0, 0, 0, 0
L 2190.0, -1788.0, -191.0, 2194.0, -1791.0, -191.0, 0, 0, 0
L 2194.0, -1791.0, -191.0, 2197.0, -1794.0, -191.0, 0, 0, 0
L 2197.0, -1794.0, -191.0, 2226.0, -1805.0, -188.0, 0, 0, 0
L 2226.0, -1805.0, -188.0, 2230.0, -1803.0, -188.0, 0, 0, 0
L 2230.0, -1803.0, -188.0, 2235.0, -1804.0, -188.0, 0, 0, 0
L 2235.0, -1804.0, -188.0, 2263.0, -1790.0, -190.0, 0, 0, 0
L 2263.0, -1790.0, -190.0, 2265.0, -1786.0, -190.0, 0, 0, 0
L 2265.0, -1786.0, -190.0, 2269.0, -1784.0, -190.0, 0, 0, 0
L 2269.0, -1784.0, -190.0, 2279.0, -1754.0, -191.0, 0, 0, 0
L 2279.0, -1754.0, -191.0, 2278.0, -1750.0, -192.0, 0, 0, 0
L 2278.0, -1750.0, -192.0, 2282.0, -1749.0, -192.0, 0, 0, 0
L 2282.0, -1749.0, -192.0, 2298.0, -1730.0, -192.0, 0, 0, 0
L 2298.0, -1730.0, -192.0, 2297.0, -1727.0, -193.0, 0, 0, 0
L 2297.0, -1727.0, -193.0, 2293.0, -1724.0, -193.0, 0, 0, 0
L 2951.0, -1463.0, -129.0, 2922.0, -1449.0, -129.0, 0, 0, 0
L 2922.0, -1449.0, -130.0, 2920.0, -1445.0, -130.0, 0, 0, 0
L 2920.0, -1445.0, -130.0, 2916.0, -1442.0, -130.0, 0, 0, 0
L 2916.0, -1442.0, -130.0, 2906.0, -1413.0, -130.0, 0, 0, 0
L 2906.0, -1413.0, -131.0, 2907.0, -1408.0, -131.0, 0, 0, 0
L 2907.0, -1408.0, -131.0, 2906.0, -1404.0, -131.0, 0, 0, 0
L 2906.0, -1404.0, -131.0, 2920.0, -1376.0, -131.0, 0, 0, 0
L 2920.0, -1376.0, -131.0, 2924.0, -1373.0, -131.0, 0, 0, 0
L 2924.0, -1373.0, -131.0, 2927.0, -1370.0, -131.0, 0, 0, 0
L 2927.0, -1370.0, -131.0, 2956.0, -1360.0, -129.0, 0, 0, 0
L 2956.0, -1360.0, -129.0, 2960.0, -1361.0, -129.0, 0, 0, 0
L 2960.0, -1361.0, -129.0, 2962.0, -1356.0, -129.0, 0, 0, 0
L 2962.0, -1356.0, -129.0, 2991.0, -1330.0, -128.0, 0, 0, 0
L 2991.0, -1330.0, -128.0, 2997.0, -1328.0, -128.0, 0, 0, 0
L 2997.0, -1328.0, -128.0, 3002.0, -1333.0, -128.0, 0, 0, 0
L 3002.0, -1333.0, -128.0, 2962.0, -1368.0, -129.0, 0, 0, 0
L 2962.0, -1368.0, -129.0, 2958.0, -1371.0, -129.0, 0, 0, 0
L 2958.0, -1371.0, -129.0, 2930.0, -1381.0, -130.0, 0, 0, 0
L 2930.0, -1381.0, -130.0, 2917.0, -1407.0, -130.0, 0, 0, 0
L 2917.0, -1407.0, -130.0, 2914.0, -1409.0, -130.0, 0, 0, 0
L 2914.0, -1409.0, -130.0, 2917.0, -1411.0, -130.0, 0, 0, 0
L 2917.0, -1411.0, -130.0, 2926.0, -1437.0, -129.0, 0, 0, 0
L 2926.0, -1437.0, -129.0, 2925.0, -1440.0, -129.0, 0, 0, 0
L 2925.0, -1440.0, -129.0, 2928.0, -1440.0, -129.0, 0, 0, 0
L 2928.0, -1440.0, -129.0, 2953.0, -1452.0, -128.0, 0, 0, 0
L 2953.0, -1452.0, -128.0, 2955.0, -1455.0, -128.0, 0, 0, 0
L 2955.0, -1455.0, -128.0, 2957.0, -1452.0, -128.0, 0, 0, 0
L 2957.0, -1452.0, -128.0, 2983.0, -1443.0, -128.0, 0, 0, 0
L 2983.0, -1443.0, -128.0, 2987.0, -1444.0, -128.0, 0, 0, 0
L 2987.0, -1444.0, -128.0, 2986.0, -1441.0, -128.0, 0, 0, 0
L 2986.0, -1441.0, -128.0, 2998.0, -1416.0, -128.0, 0, 0, 0
L 2998.0, -1416.0, -128.0, 3001.0, -1412.0, -128.0, 0, 0, 0
L 3001.0, -1412.0, -128.0, 3027.0, -1389.0, -127.0, 0, 0, 0
L 3027.0, -1389.0, -127.0, 3031.0, -1395.0, -127.0, 0, 0, 0
L 3031.0, -1395.0, -127.0, 3031.0, -1398.0, -128.0, 0, 0, 0
L 3031.0, -1398.0, -128.0, 3012.0, -1415.0, -128.0, 0, 0, 0
L 3012.0, -1415.0, -128.0, 3008.0, -1415.0, -128.0, 0, 0, 0
L 3008.0, -1415.0, -128.0, 3009.0, -1419.0, -128.0, 0, 0, 0
L 3009.0, -1419.0, -128.0, 2995.0, -1447.0, -128.0, 0, 0, 0
L 2995.0, -1447.0, -128.0, 2991.0, -1450.0, -128.0, 0, 0, 0
L 2991.0, -1450.0, -128.0, 2988.0, -1453.0, -128.0, 0, 0, 0
L 2988.0, -1453.0, -128.0, 2959.0, -1463.0, -128.0, 0, 0, 0
L 2959.0, -1463.0, -128.0, 2955.0, -1462.0, -128.0, 0, 0, 0
L 2955.0, -1462.0, -128.0, 2951.0, -1463.0, -128.0, 0, 0, 0
L 32.0, -1771.0, -195.0, 31.0, -1766.0, -195.0, 0, 0, 0
L 31.0, -1766.0, -195.0, 29.0, -1761.0, -195.0, 0, 0, 0
L 29.0, -1761.0, -195.0, 31.0, -1747.0, -195.0, 0, 0, 0
L 31.0, -1747.0, -195.0, 35.0, -1735.0, -195.0, 0, 0, 0
L 35.0, -1735.0, -195.0, 41.0, -1727.0, -195.0, 0, 0, 0
L 41.0, -1727.0, -195.0, 46.0, -1721.0, -195.0, 0, 0, 0
L 46.0, -1721.0, -195.0, 55.0, -1716.0, -195.0, 0, 0, 0
L 55.0, -1716.0, -195.0, 58.0, -1715.0, -195.0, 0, 0, 0
L 58.0, -1715.0, -195.0, 69.0, -1713.0, -195.0, 0, 0, 0
L 69.0, -1713.0, -195.0, 74.0, -1713.0, -195.0, 0, 0, 0
L 74.0, -1713.0, -195.0, 83.0, -1714.0, -195.0, 0, 0, 0
L 83.0, -1714.0, -195.0, 93.0, -1718.0, -195.0, 0, 0, 0
L 93.0, -1718.0, -195.0, 98.0, -1722.0, -195.0, 0, 0, 0
L 98.0, -1722.0, -195.0, 105.0, -1728.0, -195.0, 0, 0, 0
L 105.0, -1728.0, -195.0, 109.0, -1737.0, -195.0, 0, 0, 0
L 109.0, -1737.0, -195.0, 110.0, -1748.0, -195.0, 0, 0, 0
L 110.0, -1748.0, -195.0, 108.0, -1757.0, -195.0, 0, 0, 0
L 108.0, -1757.0, -195.0, 107.0, -1760.0, -195.0, 0, 0, 0
L 107.0, -1760.0, -195.0, 103.0, -1769.0, -195.0, 0, 0, 0
L 103.0, -1769.0, -195.0, 100.0, -1774.0, -195.0, 0, 0, 0
L 100.0, -1774.0, -195.0, 94.0, -1780.0, -195.0, 0, 0, 0
L 94.0, -1780.0, -195.0, 88.0, -1785.0, -195.0, 0, 0, 0
L 88.0, -1785.0, -195.0, 79.0, -1788.0, -195.0, 0, 0, 0
L 79.0, -1788.0, -195.0, 69.0, -1790.0, -195.0, 0, 0, 0
L 69.0, -1790.0, -195.0, 59.0, -1789.0, -195.0, 0, 0, 0
L 59.0, -1789.0, -195.0, 54.0, -1788.0, -195.0, 0, 0, 0
L 54.0, -1788.0, -195.0, 48.0, -1786.0, -195.0, 0, 0, 0
L 48.0, -1786.0, -195.0, 40.0, -1781.0, -195.0, 0, 0, 0
L 40.0, -1781.0, -195.0, 32.0, -1771.0, -194.0, 0, 0, 0
L 86.0, -1760.0, -194.0, 85.0, -1756.0, -194.0, 0, 0, 0
L 56.0, -1730.0, -194.0, 53.0, -1726.0, -194.0, 0, 0, 0
L 42.0, -1760.0, -194.0, 37.0, -1760.0, -194.0, 0, 0, 0
L 1000.0, -729.0, -200.0, 968.0, -731.0, -200.0, 0, 0, 255
L 968.0, -731.0, -200.0, 899.0, -753.0, -199.0, 0, 0, 255
L 899.0, -753.0, -199.0, 824.0, -800.0, -200.0, 0, 0, 255
L 824.0, -800.0, -200.0, 800.0, -866.0, -199.0, 0, 0, 255
L 717.0, -800.0, -200.0, 702.0, -796.0, -199.0, 0, 0, 255
L 625.0, -774.0, -199.0, 599.0, -772.0, -200.0, 0, 0, 255
L 599.0, -772.0, -200.0, 518.0, -780.0, -199.0, 0, 0, 255
L 518.0, -780.0, -199.0, 500.0, -780.0, -200.0, 0, 0, 255
L 500.0, -780.0, -200.0, 427.0, -772.0, -200.0, 0, 0, 255
L 427.0, -772.0, -200.0, 338.0, -761.0, -199.0, 0, 0, 255
L 338.0, -761.0, -199.0, 335.0, -700.0, -200.0, 0, 0, 255
L 315.0, -598.0, -199.0, 400.0, -504.0, -199.0, 0, 0, 255
L 400.0, -504.0, -199.0, 405.0, -500.0, -200.0, 0, 0, 255
L 405.0, -500.0, -200.0, 500.0, -413.0, -199.0, 0, 0, 255
L 500.0, -413.0, -199.0, 600.0, -361.0, -199.0, 0, 0, 255
L 600.0, -361.0, -199.0, 640.0, -359.0, -199.0, 0, 0, 255
L 640.0, -359.0, -199.0, 700.0, -340.0, -200.0, 0, 0, 255
L 700.0, -340.0, -200.0, 754.0, -299.0, -199.0, 0, 0, 255
L 754.0, -299.0, -199.0, 800.0, -257.0, -199.0, 0, 0, 255
L 800.0, -257.0, -199.0, 899.0, -129.0, -199.0, 0, 0, 255
L 899.0, -129.0, -199.0, 959.0, -99.0, -199.0, 0, 0, 255
L 959.0, -99.0, -199.0, 999.0, -70.0, -199.0, 0, 0, 255
L 999.0, -70.0, -199.0, 1027.0, -72.0, -200.0, 0, 0, 255
L 1027.0, -72.0, -200.0, 1100.0, -66.0, -199.0, 0, 0, 255
L 1100.0, -66.0, -199.0, 1140.0, -60.0, -199.0, 0, 0, 255
L 1140.0, -60.0, -199.0, 1199.0, -60.0, -200.0, 0, 0, 255
L 1199.0, -60.0, -200.0, 1236.0, -64.0, -200.0, 0, 0, 255
L 1236.0, -64.0, -200.0, 1307.0, -100.0, -200.0, 0, 0, 255
L 1307.0, -100.0, -200.0, 1378.0, -121.0, -199.0, 0, 0, 255
L 1378.0, -121.0, -199.0, 1399.0, -193.0, -200.0, 0, 0, 255
L 1399.0, -193.0, -200.0, 1404.0, -201.0, -200.0, 0, 0, 255
L 1404.0, -201.0, -200.0, 1462.0, -238.0, -199.0, 0, 0, 255
L 1462.0, -238.0, -199.0, 1481.0, -319.0, -199.0, 0, 0, 255
L 1481.0, -319.0, -199.0, 1500.0, -331.0, -200.0, 0, 0, 255
L 1500.0, -331.0, -200.0, 1556.0, -344.0, -199.0, 0, 0, 255
L 1556.0, -344.0, -199.0, 1563.0, -401.0, -200.0, 0, 0, 255
L 1563.0, -401.0, -200.0, 1563.0, -434.0, -200.0, 0, 0, 255
L 1563.0, -434.0, -200.0, 1559.0, -500.0, -199.0, 0, 0, 255
L 1559.0, -500.0, -199.0, 1500.0, -568.0, -199.0, 0, 0, 255
L 1500.0, -568.0, -199.0, 1400.0, -652.0, -199.0, 0, 0, 255
L 1400.0, -652.0, -199.0, 1342.0, -657.0, -200.0, 0, 0, 255
L 1342.0, -657.0, -200.0, 1299.0, -672.0, -200.0, 0, 0, 255
L 1299.0, -672.0, -200.0, 1247.0, -700.0, -200.0, 0, 0, 255
L 1247.0, -700.0, -200.0, 1199.0, -736.0, -199.0, 0, 0, 255
L 1199.0, -736.0, -199.0, 1174.0, -724.0, -200.0, 0, 0, 255
L 1174.0, -724.0, -200.0, 1099.0, -716.0, -200.0, 0, 0, 255
L 1099.0, -716.0, -200.0, 1049.0, -723.0, -199.0, 0, 0, 255
L 1039.0, -558.0, -169.0, 1049.0, -558.0, -169.0, 139, 69, 19
L 922.0, -568.0, -196.0, 922.0, -350.0, -196.0, 150, 150, 150
L 922.0, -350.0, -196.0, 1139.0, -349.0, -196.0, 150, 150, 150
L 1139.0, -349.0, -196.0, 1139.0, -568.0, -196.0, 150, 150, 150
L 1139.0, -568.0, -196.0, 1049.0, -567.0, -196.0, 150, 150, 150
L 1000.0, -567.0, -196.0, 922.0, -568.0, -196.0, 0, 0, 0
L 1000.0, -558.0, -169.0, 1009.0, -558.0, -169.0, 139, 69, 19
L 1015.0, -539.0, -169.0, 984.0, -539.0, -169.0, 0, 0, 0
L 984.0, -539.0, -169.0, 941.0, -466.0, -169.0, 0, 0, 0
L 941.0, -466.0, -169.0, 984.0, -392.0, -169.0, 0, 0, 0
L 984.0, -392.0, -169.0, 1069.0, -392.0, -169.0, 0, 0, 0
L 1069.0, -392.0, -169.0, 1111.0, -466.0, -169.0, 0, 0, 0
L 1111.0, -466.0, -169.0, 1069.0, -539.0, -169.0, 0, 0, 0
L 1069.0, -539.0, -169.0, 1034.0, -539.0, -169.0, 0, 0, 0
L 1034.0, -539.0, -169.0, 1034.0, -533.0, -169.0, 0, 0, 0
L 1034.0, -533.0, -169.0, 1065.0, -533.0, -169.0, 0, 0, 0
L 1065.0, -533.0, -169.0, 1104.0, -466.0, -169.0, 0, 0, 0
L 1104.0, -466.0, -169.0, 1065.0, -398.0, -169.0, 0, 0, 0
L 1065.0, -398.0, -169.0, 1002.0, -399.0, -169.0, 0, 0, 0
L 1002.0, -399.0, -169.0, 1002.0, -417.0, -169.0, 0, 0, 0
L 1002.0, -417.0, -169.0, 991.0, -417.0, -169.0, 0, 0, 0
L 991.0, -417.0, -169.0, 965.0, -466.0, -169.0, 0, 0, 0
L 965.0, -466.0, -169.0, 1000.0, -524.0, -169.0, 0, 0, 0
L 1000.0, -524.0, -169.0, 989.0, -533.0, -169.0, 150, 150, 150
L 988.0, -533.0, -169.0, 1015.0, -533.0, -169.0, 0, 0, 0
L 1015.0, -533.0, -169.0, 1015.0, -539.0, -169.0, 0, 0, 0
L 988.0, -533.0, -169.0, 983.6, -525.5, -166.0, 0, 204, 204
L 953.0, -473.0, -145.0, 949.0, -466.0, -145.0, 0, 204, 204
L 949.0, -466.0, -145.0, 953.2, -458.7, -142.5, 0, 204, 204
L 988.0, -399.0, -122.0, 1001.0, -399.0, -122.0, 0, 204, 204
L 1001.0, -417.0, -123.0, 991.0, -417.0, -123.0, 0, 204, 204
L 991.0, -417.0, -123.0, 987.8, -423.1, -126.0, 0, 204, 204
L 965.0, -466.0, -147.0, 969.4, -473.2, -149.8, 0, 204, 204
L 1001.0, -399.0, -122.0, 1065.0, -399.0, -121.0, 0, 204, 204
L 1064.0, -399.0, -121.0, 1053.0, -407.0, -121.0, 150, 150, 150
L 1053.0, -407.0, -121.0, 1088.0, -465.0, -121.0, 0, 204, 204
L 1088.0, -465.0, -121.0, 1062.0, -514.0, -121.0, 0, 204, 204
L 1062.0, -514.0, -121.0, 1047.0, -514.0, -121.0, 0, 204, 204
L 1047.0, -514.0, -121.0, 1047.0, -533.0, -121.0, 0, 204, 204
L 1047.0, -533.0, -121.0, 1000.0, -533.0, -121.0, 0, 204, 204
L 1000.0, -533.0, -121.0, 1000.0, -503.0, -122.0, 0, 204, 204
L 1000.0, -503.0, -122.0, 1010.0, -499.0, -122.0, 0, 204, 204
L 1010.0, -499.0, -122.0, 1020.0, -489.0, -122.0, 0, 204, 204
L 1020.0, -489.0, -122.0, 1026.0, -478.0, -122.0, 0, 204, 204
L 1026.0, -478.0, -122.0, 1027.0, -463.0, -122.0, 0, 204, 204
L 1027.0, -463.0, -122.0, 1023.0, -446.0, -122.0, 0, 204, 204
L 1023.0, -446.0, -122.0, 1015.0, -436.0, -122.0, 0, 204, 204
L 1015.0, -436.0, -122.0, 1009.0, -431.0, -122.0, 0, 204, 204
L 1009.0, -431.0, -122.0, 1001.0, -427.0, -122.0, 0, 204, 204
L 1001.0, -427.0, -122.0, 1001.0, -417.0, -122.0, 0, 204, 204
L 1065.0, -399.0, -121.0, 1068.9, -405.8, -115.9, 0, 204, 0
L 1104.0, -466.0, -97.0, 1099.1, -474.4, -94.0, 0, 204, 0
L 1065.0, -533.0, -73.0, 1049.0, -533.0, -73.0, 0, 204, 0
L 1049.0, -514.0, -74.0, 1062.0, -514.0, -74.0, 0, 204, 0
L 1062.0, -514.0, -74.0, 1065.2, -507.9, -77.0, 0, 204, 0
L 1088.0, -465.0, -98.0, 1083.6, -457.8, -100.9, 0, 204, 0
L 1049.0, -533.0, -73.0, 988.0, -533.0, -72.0, 0, 204, 0
L 987.0, -533.0, -72.0, 1000.0, -524.0, -72.0, 150, 150, 150
L 1000.0, -524.0, -72.0, 965.0, -466.0, -72.0, 0, 204, 0
L 965.0, -466.0, -72.0, 991.0, -417.0, -72.0, 0, 204, 0
L 991.0, -417.0, -72.0, 1002.0, -417.0, -72.0, 0, 204, 0
L 1002.0, -417.0, -72.0, 1002.0, -399.0, -72.0, 0, 204, 0
L 1002.0, -399.0, -72.0, 1050.0, -399.0, -75.0, 0, 204, 0
L 1050.0, -399.0, -75.0, 1050.0, -428.0, -75.0, 0, 204, 0
L 1050.0, -428.0, -75.0, 1040.0, -433.0, -75.0, 0, 204, 0
L 1040.0, -433.0, -75.0, 1030.0, -442.0, -75.0, 0, 204, 0
L 1030.0, -442.0, -75.0, 1025.0, -453.0, -75.0, 0, 204, 0
L 1025.0, -453.0, -75.0, 1023.0, -468.0, -75.0, 0, 204, 0
L 1023.0, -468.0, -75.0, 1027.0, -485.0, -75.0, 0, 204, 0
L 1027.0, -485.0, -75.0, 1035.0, -495.0, -75.0, 0, 204, 0
L 1035.0, -495.0, -75.0, 1041.0, -500.0, -75.0, 0, 204, 0
L 1041.0, -500.0, -75.0, 1049.0, -504.0, -75.0, 0, 204, 0
L 1049.0, -504.0, -75.0, 1049.0, -514.0, -75.0, 0, 204, 0
L 988.0, -533.0, -72.0, 983.1, -524.6, -69.0, 102, 255, 102
L 949.0, -466.0, -48.0, 953.9, -457.6, -45.1, 102, 255, 102
L 988.0, -399.0, -25.0, 1001.0, -399.0, -25.0, 102, 255, 102
L 1001.0, -417.0, -26.0, 991.0, -417.0, -26.0, 102, 255, 102
L 991.0, -417.0, -26.0, 987.8, -423.1, -28.9, 102, 255, 102
L 965.0, -466.0, -49.0, 969.2, -472.9, -51.8, 102, 255, 102
L 1001.0, -399.0, -25.0, 1065.0, -398.0, -24.0, 102, 255, 102
L 1065.0, -398.0, -24.0, 1104.0, -466.0, -24.0, 102, 255, 102
L 1104.0, -466.0, -24.0, 1065.0, -533.0, -24.0, 102, 255, 102
L 1065.0, -533.0, -24.0, 1000.0, -533.0, -26.0, 102, 255, 102
L 1000.0, -533.0, -26.0, 1000.0, -503.0, -26.0, 102, 255, 102
L 1000.0, -503.0, -26.0, 1010.0, -499.0, -26.0, 102, 255, 102
L 1010.0, -499.0, -26.0, 1020.0, -489.0, -26.0, 102, 255, 102
L 1020.0, -489.0, -26.0, 1026.0, -478.0, -26.0, 102, 255, 102
L 1026.0, -478.0, -26.0, 1027.0, -463.0, -26.0, 102, 255, 102
L 1027.0, -463.0, -26.0, 1023.0, -446.0, -26.0, 102, 255, 102
L 1023.0, -446.0, -26.0, 1015.0, -436.0, -26.0, 102, 255, 102
L 1015.0, -436.0, -26.0, 1009.0, -431.0, -26.0, 102, 255, 102
L 1009.0, -431.0, -26.0, 1001.0, -427.0, -26.0, 102, 255, 102
L 1001.0, -427.0, -26.0, 1001.0, -417.0, -26.0, 102, 255, 102
L -4525.0, -1481.0, -63.0, -4524.0, -1471.0, -63.0, 0, 0, 0
L -4524.0, -1471.0, -63.0, -4528.0, -1471.0, -63.0, 0, 0, 0
L -4528.0, -1437.0, -63.0, -4524.0, -1437.0, -63.0, 0, 0, 0
L -4524.0, -1437.0, -63.0, -4525.0, -1427.0, -63.0, 0, 0, 0
L -4528.0, -1471.0, -62.0, -4684.0, -1473.0, -63.0, 0, 0, 0
L -4684.0, -1473.0, -63.0, -4723.0, -1487.0, -63.0, 0, 0, 0
L -4723.0, -1487.0, -63.0, -4729.0, -1506.0, -63.0, 0, 0, 0
L -4729.0, -1506.0, -63.0, -4729.0, -1526.0, -63.0, 0, 0, 0
L -4729.0, -1526.0, -63.0, -4734.0, -1546.0, -63.0, 0, 0, 0
L -4734.0, -1546.0, -63.0, -4759.0, -1556.0, -63.0, 0, 0, 0
L -4759.0, -1556.0, -63.0, -4765.0, -1556.0, -63.0, 0, 0, 0
L -4784.0, -1536.0, -63.0, -4766.0, -1536.0, -63.0, 0, 0, 0
L -4758.0, -1536.0, -63.0, -4748.0, -1526.0, -63.0, 0, 0, 0
L -4748.0, -1526.0, -63.0, -4748.0, -1506.0, -63.0, 0, 0, 0
L -4748.0, -1506.0, -63.0, -4744.0, -1469.0, -63.0, 0, 0, 0
L -4744.0, -1469.0, -63.0, -4676.0, -1434.0, -63.0, 0, 0, 0
L -4676.0, -1434.0, -63.0, -4528.0, -1437.0, -62.0, 0, 0, 0
L -2056.0, 3407.0, -120.0, -2055.0, 3482.0, -126.0, 178, 102, 255
L -2055.0, 3482.0, -126.0, -2055.0, 3493.0, -127.0, 178, 102, 255
L -2055.0, 3493.0, -127.0, -2059.0, 3512.0, -129.0, 178, 102, 255
L -2059.0, 3512.0, -129.0, -2060.0, 3521.0, -130.0, 178, 102, 255
L -2060.0, 3521.0, -130.0, -2063.0, 3530.0, -131.0, 178, 102, 255
L -2063.0, 3530.0, -131.0, -2066.0, 3547.0, -132.0, 178, 102, 255
L -2066.0, 3547.0, -132.0, -2069.0, 3562.0, -134.0, 178, 102, 255
L -2069.0, 3562.0, -134.0, -2072.0, 3578.0, -135.0, 178, 102, 255
L -2072.0, 3578.0, -135.0, -2076.0, 3597.0, -137.0, 178, 102, 255
L -2076.0, 3597.0, -137.0, -2080.0, 3619.0, -139.0, 178, 102, 255
L -2080.0, 3619.0, -139.0, -2080.0, 3654.0, -144.0, 178, 102, 255
L -2080.0, 3654.0, -144.0, -2080.0, 3704.0, -151.0, 178, 102, 255
L -2080.0, 3704.0, -151.0, -2080.0, 3729.0, -155.0, 178, 102, 255
L -2080.0, 3729.0, -155.0, -2030.0, 3920.0, -169.0, 178, 102, 255
L -2030.0, 3920.0, -169.0, -2030.0, 4029.0, -170.0, 178, 102, 255
L -2030.0, 4029.0, -170.0, -2060.0, 4029.0, -170.0, 178, 102, 255
L -2060.0, 4029.0, -170.0, -2116.0, 4042.0, -170.0, 178, 102, 255
L -2116.0, 4042.0, -170.0, -2128.0, 4100.0, -170.0, 178, 102, 255
L -2128.0, 4100.0, -170.0, -2128.0, 4171.0, -170.0, 178, 102, 255
L -2128.0, 4171.0, -170.0, -2116.0, 4230.0, -170.0, 178, 102, 255
L -2116.0, 4230.0, -170.0, -2059.0, 4242.0, -170.0, 178, 102, 255
L -2059.0, 4242.0, -170.0, -1990.0, 4242.0, -170.0, 178, 102, 255
L -1990.0, 4242.0, -170.0, -1933.0, 4230.0, -170.0, 178, 102, 255
L -1933.0, 4230.0, -170.0, -1920.0, 4171.0, -170.0, 178, 102, 255
L -1920.0, 4100.0, -169.0, -1933.0, 4042.0, -170.0, 178, 102, 255
L -1933.0, 4042.0, -170.0, -2011.0, 4029.0, -169.0, 178, 102, 255
L -2011.0, 4029.0, -169.0, -2011.0, 3920.0, -169.0, 178, 102, 255
L -2011.0, 3920.0, -169.0, -2060.0, 3729.0, -156.0, 178, 102, 255
L -2060.0, 3729.0, -156.0, -2060.0, 3618.0, -139.0, 178, 102, 255
L -2060.0, 3618.0, -139.0, -2035.0, 3490.0, -127.0, 178, 102, 255
L -2035.0, 3490.0, -127.0, -2036.0, 3405.0, -121.0, 178, 102, 255
L -697.0, 2570.0, 26.0, -634.0, 2589.0, 171.0, 0, 0, 0
L -702.0, 2570.0, 27.0, -697.0, 2571.0, 19.0, 0, 0, 0
L -702.0, 2570.0, 27.0, -697.0, 2570.0, 26.0, 0, 0, 0
L -697.0, 2528.0, 28.0, -703.0, 2528.0, 28.0, 0, 0, 0
L -703.0, 2528.0, 28.0, -700.0, 2523.0, 27.0, 0, 0, 0
L -697.0, 2528.0, 28.0, -634.0, 2527.0, 4.0, 0, 0, 0
L -634.0, 2527.0, 4.0, -624.0, 2527.0, 0.0, 0, 0, 0
L -624.0, 2527.0, 0.0, -599.0, 2527.0, -9.0, 0, 0, 0
L -599.0, 2527.0, -9.0, -571.0, 2500.0, -9.0, 0, 0, 0
L -571.0, 2500.0, -9.0, -555.0, 2479.0, -9.0, 0, 0, 0
L -555.0, 2479.0, -9.0, -535.0, 2459.0, -9.0, 0, 0, 0
L -535.0, 2459.0, -9.0, -488.0, 2428.0, -9.0, 0, 0, 0
L -488.0, 2428.0, -9.0, -431.0, 2453.0, -9.0, 0, 0, 0
L -431.0, 2453.0, -9.0, -381.0, 2472.0, -9.0, 0, 0, 0
L -381.0, 2472.0, -9.0, -324.0, 2471.0, -9.0, 0, 0, 0
L -324.0, 2471.0, -9.0, -302.0, 2464.0, -9.0, 0, 0, 0
L -302.0, 2464.0, -9.0, -286.0, 2321.0, -9.0, 0, 0, 0
L -286.0, 2321.0, -9.0, -314.0, 2261.0, -9.0, 0, 0, 0
L -314.0, 2261.0, -9.0, -361.0, 2187.0, -9.0, 0, 0, 0
L -361.0, 2187.0, -9.0, -373.0, 2159.0, -9.0, 0, 0, 0
L -373.0, 2159.0, -9.0, -385.0, 2080.0, -9.0, 0, 0, 0
L -385.0, 2080.0, -9.0, -370.0, 2006.0, -9.0, 0, 0, 0
L -370.0, 2006.0, -9.0, -342.0, 1978.0, -9.0, 0, 0, 0
L -342.0, 1978.0, -9.0, -283.0, 1958.0, -9.0, 0, 0, 0
L -283.0, 1958.0, -9.0, -206.0, 1989.0, -9.0, 0, 0, 0
L -206.0, 1989.0, -9.0, -176.0, 1966.0, -9.0, 0, 0, 0
L -176.0, 1966.0, -9.0, -179.0, 1702.0, 15.0, 0, 0, 0
L -126.0, 1702.0, 15.0, -126.0, 1697.0, 15.0, 0, 0, 0
L -126.0, 1697.0, 15.0, -121.0, 1697.0, 15.0, 0, 0, 0
L -179.0, 1697.0, 15.0, -184.0, 1697.0, 15.0, 0, 0, 0
L -179.0, 1697.0, 15.0, -179.0, 1702.0, 15.0, 0, 0, 0
L -126.0, 1702.0, 15.0, -132.0, 1870.0, -5.0, 0, 0, 0
L -132.0, 1870.0, -5.0, -133.0, 1898.0, -9.0, 0, 0, 0
L -133.0, 1898.0, -9.0, -125.0, 1962.0, -9.0, 0, 0, 0
L -125.0, 1962.0, -9.0, -96.0, 1958.0, -9.0, 0, 0, 0
L -96.0, 1958.0, -9.0, -81.0, 1938.0, -9.0, 0, 0, 0
L -81.0, 1938.0, -9.0, -38.0, 1938.0, -9.0, 0, 0, 0
L -38.0, 1938.0, -9.0, -19.0, 1944.0, -9.0, 0, 0, 0
L -19.0, 1944.0, -9.0, -2.0, 1983.0, -9.0, 0, 0, 0
L -2.0, 1983.0, -9.0, -21.0, 2054.0, -7.0, 0, 0, 0
L -21.0, 2054.0, -7.0, -51.0, 2060.0, -9.0, 0, 0, 0
L -51.0, 2060.0, -9.0, -71.0, 2059.0, -9.0, 0, 0, 0
L -71.0, 2059.0, -9.0, -83.0, 2067.0, -9.0, 0, 0, 0
L -83.0, 2067.0, -9.0, -114.0, 2060.0, -9.0, 0, 0, 0
L -114.0, 2060.0, -9.0, -141.0, 2072.0, -9.0, 0, 0, 0
L -141.0, 2072.0, -9.0, -128.0, 2119.0, -9.0, 0, 0, 0
L -128.0, 2119.0, -9.0, -126.0, 2164.0, -9.0, 0, 0, 0
L -126.0, 2164.0, -9.0, -109.0, 2231.0, -9.0, 0, 0, 0
L -109.0, 2231.0, -9.0, -85.0, 2280.0, -9.0, 0, 0, 0
L -85.0, 2280.0, -9.0, -59.0, 2315.0, -9.0, 0, 0, 0
L -59.0, 2315.0, -9.0, 4.0, 2324.0, -9.0, 0, 0, 0
L 4.0, 2324.0, -9.0, 44.0, 2311.0, -9.0, 0, 0, 0
L 44.0, 2311.0, -9.0, 105.0, 2252.0, -9.0, 0, 0, 0
L 159.0, 2178.0, -9.0, 196.0, 2157.0, -9.0, 0, 0, 0
L 196.0, 2157.0, -9.0, 204.0, 2157.0, -9.0, 0, 0, 0
L 204.0, 2157.0, -9.0, 251.0, 2154.0, -9.0, 0, 0, 0
L 251.0, 2154.0, -9.0, 313.0, 2154.0, -9.0, 0, 0, 0
L 359.0, 2168.0, -9.0, 374.0, 2172.0, -9.0, 0, 0, 0
L 374.0, 2172.0, -9.0, 420.0, 2209.0, -9.0, 0, 0, 0
L 420.0, 2209.0, -9.0, 427.0, 2285.0, -9.0, 0, 0, 0
L 427.0, 2285.0, -9.0, 409.0, 2326.0, -9.0, 0, 0, 0
L 409.0, 2326.0, -9.0, 366.0, 2344.0, -9.0, 0, 0, 0
L 366.0, 2344.0, -9.0, 323.0, 2385.0, -9.0, 0, 0, 0
L 323.0, 2385.0, -9.0, 310.0, 2417.0, -9.0, 0, 0, 0
L 310.0, 2417.0, -9.0, 314.0, 2454.0, -9.0, 0, 0, 0
L 314.0, 2454.0, -9.0, 332.0, 2499.0, -9.0, 0, 0, 0
L 332.0, 2499.0, -9.0, 372.0, 2535.0, -9.0, 0, 0, 0
L 372.0, 2535.0, -9.0, 420.0, 2537.0, -9.0, 0, 0, 0
L 420.0, 2537.0, -9.0, 468.0, 2526.0, -9.0, 0, 0, 0
L 468.0, 2526.0, -9.0, 507.0, 2550.0, -9.0, 0, 0, 0
L 507.0, 2550.0, -9.0, 535.0, 2576.0, -9.0, 0, 0, 0
L 535.0, 2576.0, -9.0, 557.0, 2610.0, -9.0, 0, 0, 0
L 557.0, 2610.0, -9.0, 574.0, 2669.0, -9.0, 0, 0, 0
L 574.0, 2669.0, -9.0, 574.0, 2724.0, -9.0, 0, 0, 0
L 574.0, 2724.0, -9.0, 566.0, 2782.0, -9.0, 0, 0, 0
L 566.0, 2782.0, -9.0, 546.0, 2805.0, -9.0, 0, 0, 0
L 546.0, 2805.0, -9.0, 524.0, 2815.0, -9.0, 0, 0, 0
L 524.0, 2815.0, -9.0, 478.0, 2828.0, -9.0, 0, 0, 0
L 478.0, 2828.0, -9.0, 457.0, 2858.0, -9.0, 0, 0, 0
L 457.0, 2858.0, -9.0, 455.0, 2894.0, -9.0, 0, 0, 0
L 455.0, 2894.0, -9.0, 470.0, 2927.0, -9.0, 0, 0, 0
L 470.0, 2927.0, -9.0, 489.0, 2940.0, -9.0, 0, 0, 0
L 489.0, 2940.0, -9.0, 550.0, 2972.0, -9.0, 0, 0, 0
L 550.0, 2972.0, -9.0, 561.0, 2986.0, -9.0, 0, 0, 0
L 561.0, 2986.0, -9.0, 569.0, 3002.0, -9.0, 0, 0, 0
L 569.0, 3002.0, -9.0, 583.0, 3008.0, -9.0, 0, 0, 0
L 583.0, 3008.0, -9.0, 652.0, 3013.0, -9.0, 0, 0, 0
L 652.0, 3013.0, -9.0, 673.0, 3000.0, -9.0, 0, 0, 0
L 673.0, 3000.0, -9.0, 687.0, 2986.0, -9.0, 0, 0, 0
L 687.0, 2986.0, -9.0, 680.0, 2967.0, -9.0, 0, 0, 0
L 680.0, 2967.0, -9.0, 661.0, 2957.0, -9.0, 0, 0, 0
L 661.0, 2957.0, -9.0, 641.0, 2933.0, -9.0, 0, 0, 0
L 641.0, 2933.0, -9.0, 635.0, 2899.0, -9.0, 0, 0, 0
L 635.0, 2899.0, -9.0, 641.0, 2870.0, -9.0, 0, 0, 0
L 641.0, 2870.0, -9.0, 669.0, 2847.0, -9.0, 0, 0, 0
L 669.0, 2847.0, -9.0, 702.0, 2837.0, -9.0, 0, 0, 0
L 702.0, 2837.0, -9.0, 737.0, 2834.0, -9.0, 0, 0, 0
L 737.0, 2834.0, -9.0, 774.0, 2841.0, -9.0, 0, 0, 0
L 774.0, 2841.0, -9.0, 807.0, 2857.0, -9.0, 0, 0, 0
L 807.0, 2857.0, -9.0, 824.0, 2881.0, -9.0, 0, 0, 0
L 824.0, 2881.0, -9.0, 829.0, 2910.0, -9.0, 0, 0, 0
L 829.0, 2910.0, -9.0, 827.0, 2928.0, -9.0, 0, 0, 0
L 827.0, 2928.0, -9.0, 812.0, 2943.0, -9.0, 0, 0, 0
L 812.0, 2943.0, -9.0, 786.0, 2950.0, -9.0, 0, 0, 0
L 786.0, 2950.0, -9.0, 764.0, 2954.0, -9.0, 0, 0, 0
L 764.0, 2954.0, -9.0, 745.0, 2953.0, -9.0, 0, 0, 0
L 745.0, 2953.0, -9.0, 727.0, 2958.0, -9.0, 0, 0, 0
L 727.0, 2958.0, -9.0, 719.0, 2960.0, -9.0, 0, 0, 0
L 719.0, 2960.0, -9.0, 712.0, 2975.0, -9.0, 0, 0, 0
L 712.0, 2975.0, -9.0, 715.0, 2990.0, -9.0, 0, 0, 0
L 715.0, 2990.0, -9.0, 732.0, 2994.0, -9.0, 0, 0, 0
L 732.0, 2994.0, -9.0, 776.0, 2992.0, -9.0, 0, 0, 0
L 776.0, 2992.0, -9.0, 809.0, 3003.0, -9.0, 0, 0, 0
L 809.0, 3003.0, -9.0, 826.0, 3026.0, -9.0, 0, 0, 0
L 826.0, 3026.0, -9.0, 840.0, 3058.0, -9.0, 0, 0, 0
L 840.0, 3058.0, -9.0, 846.0, 3088.0, -9.0, 0, 0, 0
L 846.0, 3088.0, -9.0, 841.0, 3114.0, -9.0, 0, 0, 0
L 841.0, 3114.0, -9.0, 841.0, 3125.0, -9.0, 0, 0, 0
L 841.0, 3125.0, -9.0, 856.0, 3133.0, -9.0, 0, 0, 0
L 856.0, 3133.0, -9.0, 886.0, 3110.0, -9.0, 0, 0, 0
L 886.0, 3110.0, -9.0, 915.0, 3121.0, -9.0, 0, 0, 0
L 915.0, 3121.0, -9.0, 928.0, 3146.0, -9.0, 0, 0, 0
L 928.0, 3146.0, -9.0, 930.0, 3183.0, -9.0, 0, 0, 0
L 930.0, 3183.0, -9.0, 924.0, 3216.0, -9.0, 0, 0, 0
L 924.0, 3216.0, -9.0, 905.0, 3284.0, -9.0, 0, 0, 0
L 905.0, 3284.0, -9.0, 924.0, 3306.0, -9.0, 0, 0, 0
L 924.0, 3306.0, -9.0, 923.0, 3327.0, -9.0, 0, 0, 0
L 923.0, 3327.0, -9.0, 937.0, 3309.0, -9.0, 0, 0, 0
L 937.0, 3309.0, -9.0, 951.0, 3292.0, -9.0, 0, 0, 0
L 951.0, 3292.0, -9.0, 982.0, 3275.0, -9.0, 0, 0, 0
L 982.0, 3275.0, -9.0, 1015.0, 3265.0, -9.0, 0, 0, 0
L 1015.0, 3265.0, -9.0, 1021.0, 3253.0, -9.0, 0, 0, 0
L 1021.0, 3253.0, -9.0, 1024.0, 3244.0, -9.0, 0, 0, 0
L 1024.0, 3244.0, -9.0, 1019.0, 3223.0, -9.0, 0, 0, 0
L 1019.0, 3223.0, -9.0, 999.0, 3191.0, -9.0, 0, 0, 0
L 999.0, 3191.0, -9.0, 978.0, 3187.0, -9.0, 0, 0, 0
L 978.0, 3187.0, -9.0, 960.0, 3161.0, -9.0, 0, 0, 0
L 960.0, 3161.0, -9.0, 955.0, 3122.0, -9.0, 0, 0, 0
L 955.0, 3122.0, -9.0, 972.0, 3086.0, -9.0, 0, 0, 0
L 972.0, 3086.0, -9.0, 1028.0, 3062.0, -9.0, 0, 0, 0
L 1028.0, 3062.0, -9.0, 1061.0, 3073.0, -9.0, 0, 0, 0
L 1061.0, 3073.0, -9.0, 1088.0, 3109.0, -9.0, 0, 0, 0
L 1088.0, 3109.0, -9.0, 1089.0, 3145.0, -9.0, 0, 0, 0
L 1089.0, 3145.0, -9.0, 1073.0, 3158.0, -9.0, 0, 0, 0
L 1073.0, 3158.0, -9.0, 1048.0, 3171.0, -9.0, 0, 0, 0
L 1048.0, 3171.0, -9.0, 1034.0, 3182.0, -9.0, 0, 0, 0
L 1034.0, 3182.0, -9.0, 1034.0, 3196.0, -9.0, 0, 0, 0
L 1034.0, 3196.0, -9.0, 1039.0, 3211.0, -9.0, 0, 0, 0
L 1039.0, 3211.0, -9.0, 1063.0, 3229.0, -9.0, 0, 0, 0
L 1063.0, 3229.0, -9.0, 1090.0, 3212.0, -9.0, 0, 0, 0
L 1090.0, 3212.0, -9.0, 1150.0, 3207.0, -9.0, 0, 0, 0
L 1150.0, 3207.0, -9.0, 1170.0, 3191.0, -9.0, 0, 0, 0
L 1170.0, 3191.0, -9.0, 1168.0, 3161.0, -9.0, 0, 0, 0
L 1168.0, 3161.0, -9.0, 1155.0, 3138.0, -9.0, 0, 0, 0
L 1155.0, 3138.0, -9.0, 1159.0, 3078.0, -9.0, 0, 0, 0
L 1159.0, 3078.0, -9.0, 1190.0, 3067.0, -9.0, 0, 0, 0
L 1190.0, 3067.0, -9.0, 1198.0, 3048.0, -9.0, 0, 0, 0
L 1198.0, 3048.0, -9.0, 1189.0, 3031.0, -9.0, 0, 0, 0
L 1189.0, 3031.0, -9.0, 1165.0, 3016.0, -9.0, 0, 0, 0
L 1165.0, 3016.0, -9.0, 1141.0, 3024.0, -9.0, 0, 0, 0
L 1141.0, 3024.0, -9.0, 1124.0, 3026.0, -9.0, 0, 0, 0
L 1124.0, 3026.0, -9.0, 1088.0, 3019.0, -9.0, 0, 0, 0
L 1088.0, 3019.0, -9.0, 1049.0, 2988.0, -9.0, 0, 0, 0
L 1049.0, 2988.0, -9.0, 1030.0, 2964.0, -9.0, 0, 0, 0
L 1030.0, 2964.0, -9.0, 1023.0, 2926.0, -9.0, 0, 0, 0
L 1023.0, 2926.0, -9.0, 1027.0, 2882.0, -9.0, 0, 0, 0
L 1027.0, 2882.0, -9.0, 1043.0, 2845.0, -9.0, 0, 0, 0
L 1043.0, 2845.0, -9.0, 1074.0, 2814.0, -9.0, 0, 0, 0
L 1074.0, 2814.0, -9.0, 1110.0, 2799.0, -9.0, 0, 0, 0
L 1110.0, 2799.0, -9.0, 1155.0, 2793.0, -9.0, 0, 0, 0
L 1155.0, 2793.0, -9.0, 1188.0, 2805.0, -9.0, 0, 0, 0
L 1188.0, 2805.0, -9.0, 1204.0, 2845.0, -9.0, 0, 0, 0
L 1204.0, 2845.0, -9.0, 1207.0, 2869.0, -9.0, 0, 0, 0
L 1207.0, 2869.0, -9.0, 1200.0, 2892.0, -9.0, 0, 0, 0
L 1200.0, 2892.0, -9.0, 1176.0, 2899.0, -9.0, 0, 0, 0
L 1176.0, 2899.0, -9.0, 1153.0, 2898.0, -9.0, 0, 0, 0
L 1153.0, 2898.0, -9.0, 1127.0, 2902.0, -9.0, 0, 0, 0
L 1127.0, 2902.0, -9.0, 1120.0, 2923.0, -9.0, 0, 0, 0
L 1120.0, 2923.0, -9.0, 1116.0, 2953.0, -9.0, 0, 0, 0
L 1116.0, 2953.0, -9.0, 1131.0, 2969.0, -9.0, 0, 0, 0
L 1131.0, 2969.0, -9.0, 1153.0, 2979.0, -9.0, 0, 0, 0
L 1153.0, 2979.0, -9.0, 1171.0, 2985.0, -9.0, 0, 0, 0
L 1171.0, 2985.0, -9.0, 1190.0, 3000.0, -9.0, 0, 0, 0
L 1190.0, 3000.0, -9.0, 1205.0, 3019.0, -9.0, 0, 0, 0
L 1205.0, 3019.0, -9.0, 1213.0, 3041.0, -9.0, 0, 0, 0
L 1213.0, 3041.0, -9.0, 1225.0, 3052.0, -9.0, 0, 0, 0
L 1225.0, 3052.0, -9.0, 1249.0, 3053.0, -9.0, 0, 0, 0
L 1249.0, 3053.0, -9.0, 1303.0, 3036.0, -8.0, 0, 0, 0
L 1303.0, 3036.0, -8.0, 1396.0, 3038.0, 30.0, 0, 0, 0
L 1396.0, 3068.0, 30.0, 1401.0, 3068.0, 30.0, 0, 0, 0
L 1401.0, 3068.0, 30.0, 1401.0, 3074.0, 30.0, 0, 0, 0
L 1396.0, 3038.0, 30.0, 1401.0, 3038.0, 30.0, 0, 0, 0
L 1401.0, 3038.0, 30.0, 1401.0, 3033.0, 30.0, 0, 0, 0
L 1401.0, 3074.0, 30.0, 1387.0, 3101.0, 69.0, 0, 0, 0
L 1387.0, 3101.0, 69.0, 1337.0, 3229.0, 114.0, 0, 0, 0
L 1401.0, 3033.0, 30.0, 1337.0, 2945.0, 124.0, 0, 0, 0
L 1396.0, 3068.0, 30.0, 1337.0, 3070.0, -9.0, 0, 0, 0
L 1337.0, 3070.0, -9.0, 1302.0, 3062.0, -9.0, 0, 0, 0
L 1302.0, 3062.0, -9.0, 1265.0, 3079.0, -9.0, 0, 0, 0
L 1265.0, 3079.0, -9.0, 1236.0, 3080.0, -9.0, 0, 0, 0
L 1236.0, 3080.0, -9.0, 1214.0, 3102.0, -9.0, 0, 0, 0
L 1214.0, 3102.0, -9.0, 1198.0, 3148.0, -9.0, 0, 0, 0
L 1198.0, 3148.0, -9.0, 1220.0, 3168.0, -9.0, 0, 0, 0
L 1220.0, 3168.0, -9.0, 1231.0, 3199.0, -9.0, 0, 0, 0
L 1231.0, 3199.0, -9.0, 1223.0, 3227.0, -9.0, 0, 0, 0
L 1223.0, 3227.0, -9.0, 1190.0, 3254.0, -9.0, 0, 0, 0
L 1190.0, 3254.0, -9.0, 1150.0, 3240.0, -9.0, 0, 0, 0
L 1150.0, 3240.0, -9.0, 1102.0, 3255.0, -9.0, 0, 0, 0
L 1102.0, 3255.0, -9.0, 1094.0, 3291.0, -9.0, 0, 0, 0
L 1094.0, 3291.0, -9.0, 1107.0, 3313.0, -9.0, 0, 0, 0
L 1107.0, 3313.0, -9.0, 1136.0, 3321.0, -9.0, 0, 0, 0
L 1136.0, 3321.0, -9.0, 1164.0, 3304.0, -9.0, 0, 0, 0
L 1164.0, 3304.0, -9.0, 1195.0, 3312.0, -9.0, 0, 0, 0
L 1195.0, 3312.0, -9.0, 1215.0, 3340.0, -9.0, 0, 0, 0
L 1215.0, 3340.0, -9.0, 1214.0, 3387.0, -9.0, 0, 0, 0
L 1214.0, 3387.0, -9.0, 1205.0, 3431.0, -9.0, 0, 0, 0
L 1205.0, 3431.0, -9.0, 1184.0, 3467.0, -9.0, 0, 0, 0
L 1184.0, 3467.0, -9.0, 1153.0, 3501.0, -9.0, 0, 0, 0
L 1153.0, 3501.0, -9.0, 1106.0, 3521.0, -9.0, 0, 0, 0
L 1106.0, 3521.0, -9.0, 1064.0, 3529.0, -9.0, 0, 0, 0
L 1064.0, 3529.0, -9.0, 1020.0, 3521.0, -9.0, 0, 0, 0
L 1020.0, 3521.0, -9.0, 995.0, 3490.0, -9.0, 0, 0, 0
L 995.0, 3490.0, -9.0, 979.0, 3424.0, -9.0, 0, 0, 0
L 979.0, 3424.0, -9.0, 985.0, 3392.0, -9.0, 0, 0, 0
L 985.0, 3392.0, -9.0, 997.0, 3374.0, -9.0, 0, 0, 0
L 997.0, 3374.0, -9.0, 1023.0, 3367.0, -9.0, 0, 0, 0
L 1023.0, 3367.0, -9.0, 1048.0, 3376.0, -9.0, 0, 0, 0
L 1048.0, 3376.0, -9.0, 1066.0, 3376.0, -9.0, 0, 0, 0
L 1066.0, 3376.0, -9.0, 1076.0, 3361.0, -9.0, 0, 0, 0
L 1076.0, 3361.0, -9.0, 1081.0, 3328.0, -9.0, 0, 0, 0
L 1081.0, 3328.0, -9.0, 1066.0, 3307.0, -9.0, 0, 0, 0
L 1066.0, 3307.0, -9.0, 1047.0, 3296.0, -9.0, 0, 0, 0
L 1047.0, 3296.0, -9.0, 1022.0, 3289.0, -9.0, 0, 0, 0
L 1022.0, 3289.0, -9.0, 989.0, 3297.0, -9.0, 0, 0, 0
L 989.0, 3297.0, -9.0, 951.0, 3326.0, -9.0, 0, 0, 0
L 951.0, 3326.0, -9.0, 926.0, 3360.0, -9.0, 0, 0, 0
L 926.0, 3360.0, -9.0, 913.0, 3369.0, -9.0, 0, 0, 0
L 913.0, 3369.0, -9.0, 865.0, 3390.0, -9.0, 0, 0, 0
L 865.0, 3390.0, -9.0, 853.0, 3393.0, -9.0, 0, 0, 0
L 853.0, 3393.0, -9.0, 833.0, 3392.0, -9.0, 0, 0, 0
L 833.0, 3392.0, -9.0, 804.0, 3387.0, -9.0, 0, 0, 0
L 804.0, 3387.0, -9.0, 778.0, 3361.0, -9.0, 0, 0, 0
L 778.0, 3361.0, -9.0, 758.0, 3335.0, -9.0, 0, 0, 0
L 758.0, 3335.0, -9.0, 732.0, 3320.0, -9.0, 0, 0, 0
L 732.0, 3320.0, -9.0, 714.0, 3320.0, -9.0, 0, 0, 0
L 714.0, 3320.0, -9.0, 685.0, 3337.0, -9.0, 0, 0, 0
L 685.0, 3337.0, -9.0, 664.0, 3367.0, -9.0, 0, 0, 0
L 664.0, 3367.0, -9.0, 654.0, 3397.0, -9.0, 0, 0, 0
L 654.0, 3397.0, -9.0, 657.0, 3422.0, -9.0, 0, 0, 0
L 657.0, 3422.0, -9.0, 673.0, 3432.0, -9.0, 0, 0, 0
L 673.0, 3432.0, -9.0, 693.0, 3422.0, -9.0, 0, 0, 0
L 693.0, 3422.0, -9.0, 700.0, 3398.0, -9.0, 0, 0, 0
L 700.0, 3398.0, -9.0, 750.0, 3383.0, -9.0, 0, 0, 0
L 750.0, 3383.0, -9.0, 782.0, 3392.0, -9.0, 0, 0, 0
L 782.0, 3392.0, -9.0, 817.0, 3424.0, -9.0, 0, 0, 0
L 840.0, 3465.0, -9.0, 858.0, 3508.0, -9.0, 0, 0, 0
L 858.0, 3508.0, -9.0, 868.0, 3617.0, -9.0, 0, 0, 0
L 855.0, 3674.0, -9.0, 817.0, 3690.0, -3.0, 0, 0, 0
L 817.0, 3690.0, -3.0, 799.0, 3689.0, -9.0, 0, 0, 0
L 799.0, 3689.0, -9.0, 771.0, 3672.0, -9.0, 0, 0, 0
L 771.0, 3672.0, -9.0, 758.0, 3611.0, -9.0, 0, 0, 0
L 758.0, 3611.0, -9.0, 742.0, 3589.0, -9.0, 0, 0, 0
L 742.0, 3589.0, -9.0, 687.0, 3555.0, -9.0, 0, 0, 0
L 687.0, 3555.0, -9.0, 670.0, 3521.0, -9.0, 0, 0, 0
L 670.0, 3521.0, -9.0, 668.0, 3488.0, -9.0, 0, 0, 0
L 668.0, 3488.0, -9.0, 660.0, 3466.0, -9.0, 0, 0, 0
L 660.0, 3466.0, -9.0, 645.0, 3451.0, -9.0, 0, 0, 0
L 645.0, 3451.0, -9.0, 618.0, 3447.0, -9.0, 0, 0, 0
L 618.0, 3447.0, -9.0, 601.0, 3450.0, -9.0, 0, 0, 0
L 601.0, 3450.0, -9.0, 588.0, 3472.0, -9.0, 0, 0, 0
L 588.0, 3472.0, -9.0, 580.0, 3491.0, -9.0, 0, 0, 0
L 580.0, 3491.0, -9.0, 578.0, 3531.0, -9.0, 0, 0, 0
L 578.0, 3531.0, -9.0, 596.0, 3565.0, -9.0, 0, 0, 0
L 596.0, 3565.0, -9.0, 599.0, 3589.0, -9.0, 0, 0, 0
L 599.0, 3589.0, -9.0, 584.0, 3625.0, -9.0, 0, 0, 0
L 584.0, 3625.0, -9.0, 580.0, 3648.0, -9.0, 0, 0, 0
L 580.0, 3648.0, -9.0, 558.0, 3674.0, -9.0, 0, 0, 0
L 558.0, 3674.0, -9.0, 530.0, 3702.0, -9.0, 0, 0, 0
L 530.0, 3702.0, -9.0, 440.0, 3730.0, -9.0, 0, 0, 0
L 440.0, 3730.0, -9.0, 414.0, 3749.0, -9.0, 0, 0, 0
L 414.0, 3749.0, -9.0, 412.0, 3753.0, -9.0, 0, 0, 0
L 412.0, 3753.0, -9.0, 411.0, 3804.0, -9.0, 0, 0, 0
L 411.0, 3804.0, -9.0, 417.0, 3806.0, -9.0, 0, 0, 0
L 417.0, 3806.0, -9.0, 441.0, 3814.0, -9.0, 0, 0, 0
L 441.0, 3814.0, -9.0, 531.0, 3790.0, -9.0, 0, 0, 0
L 531.0, 3790.0, -9.0, 577.0, 3797.0, -9.0, 0, 0, 0
L 577.0, 3797.0, -9.0, 615.0, 3837.0, -9.0, 0, 0, 0
L 615.0, 3837.0, -9.0, 626.0, 3889.0, -9.0, 0, 0, 0
L 631.0, 3941.0, -9.0, 626.0, 3965.0, -9.0, 0, 0, 0
L 626.0, 3965.0, -9.0, 613.0, 4012.0, -9.0, 0, 0, 0
L 613.0, 4012.0, -9.0, 577.0, 4060.0, -9.0, 0, 0, 0
L 518.0, 4106.0, -9.0, 468.0, 4133.0, -9.0, 0, 0, 0
L 468.0, 4133.0, -9.0, 406.0, 4151.0, -9.0, 0, 0, 0
L 406.0, 4151.0, -9.0, 352.0, 4155.0, -9.0, 0, 0, 0
L 352.0, 4155.0, -9.0, 303.0, 4150.0, -9.0, 0, 0, 0
L 303.0, 4150.0, -9.0, 213.0, 4112.0, -9.0, 0, 0, 0
L 213.0, 4112.0, -9.0, 181.0, 4083.0, -9.0, 0, 0, 0
L 181.0, 4083.0, -9.0, 138.0, 3995.0, -9.0, 0, 0, 0
L 138.0, 3995.0, -9.0, 138.0, 3933.0, -9.0, 0, 0, 0
L 138.0, 3933.0, -9.0, 155.0, 3874.0, -9.0, 0, 0, 0
L 155.0, 3874.0, -9.0, 171.0, 3856.0, -9.0, 0, 0, 0
L 171.0, 3856.0, -9.0, 232.0, 3818.0, -6.0, 0, 0, 0
L 232.0, 3818.0, -6.0, 269.0, 3808.0, -9.0, 0, 0, 0
L 269.0, 3808.0, -9.0, 297.0, 3789.0, -9.0, 0, 0, 0
L 297.0, 3789.0, -9.0, 340.0, 3744.0, -9.0, 0, 0, 0
L 340.0, 3744.0, -9.0, 353.0, 3725.0, -9.0, 0, 0, 0
L 353.0, 3725.0, -9.0, 350.0, 3692.0, -9.0, 0, 0, 0
L 350.0, 3692.0, -9.0, 339.0, 3659.0, -9.0, 0, 0, 0
L 339.0, 3659.0, -9.0, 315.0, 3626.0, -9.0, 0, 0, 0
L 315.0, 3626.0, -9.0, 281.0, 3595.0, -9.0, 0, 0, 0
L 281.0, 3595.0, -9.0, 194.0, 3561.0, -9.0, 0, 0, 0
L 194.0, 3561.0, -9.0, 164.0, 3576.0, -9.0, 0, 0, 0
L 164.0, 3576.0, -9.0, 151.0, 3604.0, -9.0, 0, 0, 0
L 151.0, 3604.0, -9.0, 145.0, 3641.0, -9.0, 0, 0, 0
L 145.0, 3641.0, -9.0, 152.0, 3683.0, -9.0, 0, 0, 0
L 152.0, 3683.0, -9.0, 143.0, 3719.0, -9.0, 0, 0, 0
L 143.0, 3719.0, -9.0, 109.0, 3740.0, -9.0, 0, 0, 0
L 109.0, 3740.0, -9.0, 80.0, 3760.0, -9.0, 0, 0, 0
L 80.0, 3760.0, -9.0, 39.0, 3769.0, -9.0, 0, 0, 0
L 39.0, 3769.0, -9.0, 5.0, 3768.0, -9.0, 0, 0, 0
L 5.0, 3768.0, -9.0, -31.0, 3738.0, -9.0, 0, 0, 0
L -31.0, 3738.0, -9.0, -52.0, 3702.0, -9.0, 0, 0, 0
L -52.0, 3702.0, -9.0, -61.0, 3631.0, -9.0, 0, 0, 0
L -61.0, 3631.0, -9.0, -44.0, 3596.0, -9.0, 0, 0, 0
L -44.0, 3596.0, -9.0, -1.0, 3563.0, -9.0, 0, 0, 0
L -1.0, 3563.0, -9.0, 42.0, 3549.0, -9.0, 0, 0, 0
L 42.0, 3549.0, -9.0, 72.0, 3545.0, -9.0, 0, 0, 0
L 72.0, 3545.0, -9.0, 109.0, 3543.0, -9.0, 0, 0, 0
L 109.0, 3543.0, -9.0, 139.0, 3536.0, -9.0, 0, 0, 0
L 139.0, 3536.0, -9.0, 171.0, 3512.0, -9.0, 0, 0, 0
L 171.0, 3512.0, -9.0, 184.0, 3468.0, -9.0, 0, 0, 0
L 184.0, 3468.0, -9.0, 164.0, 3421.0, -9.0, 0, 0, 0
L 164.0, 3421.0, -9.0, 148.0, 3410.0, -9.0, 0, 0, 0
L 148.0, 3410.0, -9.0, 117.0, 3382.0, -9.0, 0, 0, 0
L 117.0, 3382.0, -9.0, 96.0, 3334.0, -9.0, 0, 0, 0
L 96.0, 3334.0, -9.0, 83.0, 3282.0, -9.0, 0, 0, 0
L 83.0, 3282.0, -9.0, 65.0, 3128.0, -9.0, 0, 0, 0
L 65.0, 3128.0, -9.0, 89.0, 3064.0, -9.0, 0, 0, 0
L 89.0, 3064.0, -9.0, 131.0, 2992.0, -9.0, 0, 0, 0
L 131.0, 2992.0, -9.0, 149.0, 2955.0, -9.0, 0, 0, 0
L 149.0, 2955.0, -9.0, 182.0, 2911.0, -9.0, 0, 0, 0
L 182.0, 2911.0, -9.0, 229.0, 2875.0, -9.0, 0, 0, 0
L 229.0, 2875.0, -9.0, 262.0, 2856.0, -8.0, 0, 0, 0
L 262.0, 2856.0, -8.0, 276.0, 2850.0, -9.0, 0, 0, 0
L 276.0, 2850.0, -9.0, 332.0, 2836.0, -9.0, 0, 0, 0
L 332.0, 2836.0, -9.0, 345.0, 2828.0, -9.0, 0, 0, 0
L 345.0, 2828.0, -9.0, 359.0, 2801.0, -9.0, 0, 0, 0
L 359.0, 2801.0, -9.0, 360.0, 2775.0, -9.0, 0, 0, 0
L 360.0, 2775.0, -9.0, 345.0, 2673.0, -9.0, 0, 0, 0
L 345.0, 2673.0, -9.0, 322.0, 2636.0, -9.0, 0, 0, 0
L 322.0, 2636.0, -9.0, 286.0, 2595.0, -9.0, 0, 0, 0
L 286.0, 2595.0, -9.0, 270.0, 2581.0, -9.0, 0, 0, 0
L 270.0, 2581.0, -9.0, 233.0, 2488.0, -9.0, 0, 0, 0
L 233.0, 2488.0, -9.0, 202.0, 2437.0, -9.0, 0, 0, 0
L 202.0, 2437.0, -9.0, 170.0, 2412.0, -9.0, 0, 0, 0
L 170.0, 2412.0, -9.0, 126.0, 2392.0, -9.0, 0, 0, 0
L 126.0, 2392.0, -9.0, 73.0, 2388.0, -9.0, 0, 0, 0
L 73.0, 2388.0, -9.0, 45.0, 2392.0, -9.0, 0, 0, 0
L 45.0, 2392.0, -9.0, 14.0, 2399.0, -9.0, 0, 0, 0
L 14.0, 2399.0, -9.0, -103.0, 2345.0, -9.0, 0, 0, 0
L -103.0, 2345.0, -9.0, -115.0, 2338.0, -9.0, 0, 0, 0
L -115.0, 2338.0, -9.0, -150.0, 2295.0, -9.0, 0, 0, 0
L -150.0, 2295.0, -9.0, -196.0, 2201.0, -9.0, 0, 0, 0
L -196.0, 2201.0, -9.0, -208.0, 2109.0, -9.0, 0, 0, 0
L -208.0, 2109.0, -9.0, -203.0, 2076.0, -9.0, 0, 0, 0
L -203.0, 2076.0, -9.0, -264.0, 2101.0, -9.0, 0, 0, 0
L -264.0, 2101.0, -9.0, -270.0, 2126.0, -9.0, 0, 0, 0
L -270.0, 2126.0, -9.0, -271.0, 2138.0, -9.0, 0, 0, 0
L -271.0, 2138.0, -9.0, -271.0, 2173.0, -9.0, 0, 0, 0
L -271.0, 2173.0, -9.0, -245.0, 2242.0, -9.0, 0, 0, 0
L -245.0, 2242.0, -9.0, -219.0, 2283.0, -9.0, 0, 0, 0
L -219.0, 2283.0, -9.0, -202.0, 2352.0, -9.0, 0, 0, 0
L -202.0, 2352.0, -9.0, -171.0, 2394.0, -9.0, 0, 0, 0
L -171.0, 2394.0, -9.0, -100.0, 2431.0, -9.0, 0, 0, 0
L -100.0, 2431.0, -9.0, -72.0, 2445.0, -9.0, 0, 0, 0
L -72.0, 2445.0, -9.0, -16.0, 2463.0, -9.0, 0, 0, 0
L -16.0, 2463.0, -9.0, 5.0, 2472.0, -9.0, 0, 0, 0
L 64.0, 2568.0, -9.0, 48.0, 2741.0, -9.0, 0, 0, 0
L -7.0, 2835.0, -9.0, -90.0, 2898.0, -9.0, 0, 0, 0
L -90.0, 2898.0, -9.0, -150.0, 2912.0, -9.0, 0, 0, 0
L -150.0, 2912.0, -9.0, -157.0, 2914.0, -9.0, 0, 0, 0
L -157.0, 2914.0, -9.0, -186.0, 2909.0, -9.0, 0, 0, 0
L -186.0, 2909.0, -9.0, -230.0, 2889.0, -9.0, 0, 0, 0
L -230.0, 2889.0, -9.0, -252.0, 2873.0, -9.0, 0, 0, 0
L -252.0, 2873.0, -9.0, -278.0, 2827.0, -9.0, 0, 0, 0
L -278.0, 2827.0, -9.0, -293.0, 2690.0, -9.0, 0, 0, 0
L -293.0, 2690.0, -9.0, -320.0, 2656.0, -9.0, 0, 0, 0
L -320.0, 2656.0, -9.0, -356.0, 2629.0, -9.0, 0, 0, 0
L -356.0, 2629.0, -9.0, -406.0, 2608.0, -9.0, 0, 0, 0
L -406.0, 2608.0, -9.0, -420.0, 2600.0, -9.0, 0, 0, 0
L -420.0, 2600.0, -9.0, -473.0, 2558.0, -9.0, 0, 0, 0
L -473.0, 2558.0, -9.0, -499.0, 2542.0, -9.0, 0, 0, 0
L -499.0, 2542.0, -9.0, -527.0, 2545.0, -9.0, 0, 0, 0
L -527.0, 2545.0, -9.0, -555.0, 2563.0, -9.0, 0, 0, 0
L -555.0, 2563.0, -9.0, -594.0, 2574.0, -8.0, 0, 0, 0
L -594.0, 2574.0, -8.0, -697.0, 2571.0, 19.0, 0, 0, 0
L -263.0, 2586.0, -9.0, -263.0, 2645.0, -9.0, 0, 0, 0
L -263.0, 2645.0, -9.0, -223.0, 2678.0, -9.0, 0, 0, 0
L -223.0, 2678.0, -9.0, -204.0, 2717.0, -9.0, 0, 0, 0
L -204.0, 2717.0, -9.0, -176.0, 2717.0, -9.0, 0, 0, 0
L -176.0, 2717.0, -9.0, -132.0, 2709.0, -9.0, 0, 0, 0
L -132.0, 2709.0, -9.0, -109.0, 2689.0, -9.0, 0, 0, 0
L -109.0, 2689.0, -9.0, -92.0, 2655.0, -9.0, 0, 0, 0
L -92.0, 2655.0, -9.0, -85.0, 2625.0, -9.0, 0, 0, 0
L -85.0, 2625.0, -9.0, -97.0, 2582.0, -9.0, 0, 0, 0
L -97.0, 2582.0, -9.0, -125.0, 2558.0, -9.0, 0, 0, 0
L -125.0, 2558.0, -9.0, -164.0, 2535.0, -9.0, 0, 0, 0
L -164.0, 2535.0, -9.0, -202.0, 2545.0, -9.0, 0, 0, 0
L -202.0, 2545.0, -9.0, -220.0, 2551.0, -9.0, 0, 0, 0
L -220.0, 2551.0, -9.0, -263.0, 2586.0, -9.0, 0, 0, 0
L 163.0, 2321.0, -9.0, 187.0, 2357.0, -9.0, 0, 0, 0
L 187.0, 2357.0, -9.0, 219.0, 2361.0, -9.0, 0, 0, 0
L 219.0, 2361.0, -9.0, 243.0, 2357.0, -9.0, 0, 0, 0
L 243.0, 2357.0, -9.0, 279.0, 2332.0, -9.0, 0, 0, 0
L 279.0, 2332.0, -9.0, 306.0, 2304.0, -9.0, 0, 0, 0
L 306.0, 2304.0, -9.0, 321.0, 2272.0, -9.0, 0, 0, 0
L 321.0, 2272.0, -9.0, 317.0, 2238.0, -9.0, 0, 0, 0
L 317.0, 2238.0, -9.0, 290.0, 2222.0, -9.0, 0, 0, 0
L 290.0, 2222.0, -9.0, 233.0, 2235.0, -9.0, 0, 0, 0
L 233.0, 2235.0, -9.0, 197.0, 2255.0, -9.0, 0, 0, 0
L 197.0, 2255.0, -9.0, 163.0, 2287.0, -9.0, 0, 0, 0
L 163.0, 2307.0, -9.0, 163.0, 2308.0, -9.0, 0, 0, 0
L 163.0, 2308.0, -9.0, 163.0, 2321.0, -9.0, 0, 0, 0
L 163.0, 2287.0, -9.0, 163.0, 2308.0, -9.0, 0, 0, 0
L 404.0, 2618.0, -9.0, 384.0, 2654.0, -9.0, 0, 0, 0
L 384.0, 2654.0, -9.0, 380.0, 2692.0, -9.0, 0, 0, 0
L 380.0, 2692.0, -9.0, 393.0, 2741.0, -9.0, 0, 0, 0
L 393.0, 2741.0, -9.0, 408.0, 2768.0, -9.0, 0, 0, 0
L 408.0, 2768.0, -9.0, 437.0, 2784.0, -9.0, 0, 0, 0
L 437.0, 2784.0, -9.0, 464.0, 2775.0, -9.0, 0, 0, 0
L 464.0, 2775.0, -9.0, 500.0, 2744.0, -9.0, 0, 0, 0
L 500.0, 2744.0, -9.0, 507.0, 2697.0, -9.0, 0, 0, 0
L 507.0, 2697.0, -9.0, 503.0, 2645.0, -9.0, 0, 0, 0
L 503.0, 2645.0, -9.0, 481.0, 2624.0, -9.0, 0, 0, 0
L 481.0, 2624.0, -9.0, 448.0, 2606.0, -9.0, 0, 0, 0
L 448.0, 2606.0, -9.0, 404.0, 2618.0, -9.0, 0, 0, 0
L 359.0, 2925.0, -9.0, 336.0, 2915.0, -9.0, 0, 0, 0
L 289.0, 2929.0, -9.0, 262.0, 2954.0, -9.0, 0, 0, 0
L 262.0, 2954.0, -9.0, 227.0, 3006.0, -9.0, 0, 0, 0
L 227.0, 3006.0, -9.0, 247.0, 3052.0, -9.0, 0, 0, 0
L 247.0, 3052.0, -9.0, 285.0, 3071.0, -9.0, 0, 0, 0
L 285.0, 3071.0, -9.0, 321.0, 3084.0, -9.0, 0, 0, 0
L 321.0, 3084.0, -9.0, 348.0, 3086.0, -9.0, 0, 0, 0
L 348.0, 3086.0, -9.0, 394.0, 3069.0, -9.0, 0, 0, 0
L 394.0, 3069.0, -9.0, 448.0, 3084.0, -9.0, 0, 0, 0
L 448.0, 3084.0, -9.0, 490.0, 3082.0, -9.0, 0, 0, 0
L 490.0, 3082.0, -9.0, 526.0, 3123.0, -9.0, 0, 0, 0
L 526.0, 3123.0, -9.0, 544.0, 3154.0, -9.0, 0, 0, 0
L 544.0, 3154.0, -9.0, 553.0, 3193.0, -9.0, 0, 0, 0
L 553.0, 3193.0, -9.0, 550.0, 3253.0, -9.0, 0, 0, 0
L 550.0, 3253.0, -9.0, 523.0, 3335.0, -9.0, 0, 0, 0
L 523.0, 3335.0, -9.0, 455.0, 3391.0, -9.0, 0, 0, 0
L 455.0, 3391.0, -9.0, 398.0, 3391.0, -9.0, 0, 0, 0
L 398.0, 3391.0, -9.0, 362.0, 3385.0, -9.0, 0, 0, 0
L 362.0, 3385.0, -9.0, 288.0, 3332.0, -9.0, 0, 0, 0
L 288.0, 3332.0, -9.0, 268.0, 3295.0, -9.0, 0, 0, 0
L 248.0, 3234.0, -9.0, 240.0, 3154.0, -9.0, 0, 0, 0
L 240.0, 3154.0, -9.0, 220.0, 3120.0, -9.0, 0, 0, 0
L 220.0, 3120.0, -9.0, 188.0, 3104.0, -9.0, 0, 0, 0
L 188.0, 3104.0, -9.0, 154.0, 3113.0, -9.0, 0, 0, 0
L 154.0, 3113.0, -9.0, 123.0, 3126.0, -9.0, 0, 0, 0
L 123.0, 3126.0, -9.0, 113.0, 3145.0, -9.0, 0, 0, 0
L 113.0, 3145.0, -9.0, 113.0, 3164.0, -9.0, 0, 0, 0
L 113.0, 3164.0, -9.0, 125.0, 3195.0, -9.0, 0, 0, 0
L 125.0, 3195.0, -9.0, 127.0, 3244.0, -9.0, 0, 0, 0
L 127.0, 3244.0, -9.0, 130.0, 3256.0, -9.0, 0, 0, 0
L 130.0, 3256.0, -9.0, 156.0, 3338.0, -9.0, 0, 0, 0
L 156.0, 3338.0, -9.0, 177.0, 3367.0, -9.0, 0, 0, 0
L 177.0, 3367.0, -9.0, 194.0, 3388.0, -9.0, 0, 0, 0
L 194.0, 3388.0, -9.0, 217.0, 3432.0, -9.0, 0, 0, 0
L 217.0, 3432.0, -9.0, 228.0, 3480.0, -9.0, 0, 0, 0
L 228.0, 3480.0, -9.0, 235.0, 3514.0, -9.0, 0, 0, 0
L 235.0, 3514.0, -9.0, 252.0, 3539.0, -9.0, 0, 0, 0
L 252.0, 3539.0, -9.0, 289.0, 3552.0, -9.0, 0, 0, 0
L 289.0, 3552.0, -9.0, 327.0, 3584.0, -9.0, 0, 0, 0
L 327.0, 3584.0, -9.0, 355.0, 3620.0, -9.0, 0, 0, 0
L 355.0, 3620.0, -9.0, 401.0, 3696.0, -9.0, 0, 0, 0
L 401.0, 3696.0, -9.0, 414.0, 3697.0, -9.0, 0, 0, 0
L 414.0, 3697.0, -9.0, 445.0, 3674.0, -9.0, 0, 0, 0
L 476.0, 3651.0, -9.0, 494.0, 3629.0, -9.0, 0, 0, 0
L 494.0, 3629.0, -9.0, 518.0, 3619.0, -9.0, 0, 0, 0
L 518.0, 3619.0, -9.0, 552.0, 3612.0, -9.0, 0, 0, 0
L 552.0, 3612.0, -9.0, 567.0, 3594.0, -9.0, 0, 0, 0
L 562.0, 3566.0, -9.0, 557.0, 3549.0, -9.0, 0, 0, 0
L 557.0, 3549.0, -9.0, 551.0, 3522.0, -9.0, 0, 0, 0
L 551.0, 3522.0, -9.0, 554.0, 3489.0, -9.0, 0, 0, 0
L 554.0, 3489.0, -9.0, 565.0, 3458.0, -9.0, 0, 0, 0
L 565.0, 3458.0, -9.0, 579.0, 3436.0, -9.0, 0, 0, 0
L 579.0, 3436.0, -9.0, 618.0, 3408.0, -9.0, 0, 0, 0
L 618.0, 3408.0, -9.0, 648.0, 3326.0, -9.0, 0, 0, 0
L 648.0, 3326.0, -9.0, 668.0, 3307.0, -9.0, 0, 0, 0
L 668.0, 3307.0, -9.0, 707.0, 3290.0, -9.0, 0, 0, 0
L 707.0, 3290.0, -9.0, 735.0, 3295.0, -9.0, 0, 0, 0
L 735.0, 3295.0, -9.0, 768.0, 3311.0, -9.0, 0, 0, 0
L 768.0, 3311.0, -9.0, 807.0, 3281.0, -9.0, 0, 0, 0
L 807.0, 3281.0, -9.0, 801.0, 3245.0, -9.0, 0, 0, 0
L 801.0, 3245.0, -9.0, 786.0, 3226.0, -9.0, 0, 0, 0
L 786.0, 3226.0, -9.0, 758.0, 3218.0, -9.0, 0, 0, 0
L 758.0, 3218.0, -9.0, 735.0, 3214.0, -9.0, 0, 0, 0
L 735.0, 3214.0, -9.0, 721.0, 3199.0, -9.0, 0, 0, 0
L 721.0, 3199.0, -9.0, 718.0, 3170.0, -9.0, 0, 0, 0
L 742.0, 3139.0, -9.0, 770.0, 3130.0, -9.0, 0, 0, 0
L 770.0, 3130.0, -9.0, 799.0, 3121.0, -9.0, 0, 0, 0
L 799.0, 3121.0, -9.0, 804.0, 3109.0, -9.0, 0, 0, 0
L 802.0, 3079.0, -9.0, 784.0, 3047.0, -9.0, 0, 0, 0
L 784.0, 3047.0, -9.0, 758.0, 3043.0, -9.0, 0, 0, 0
L 758.0, 3043.0, -9.0, 731.0, 3045.0, -9.0, 0, 0, 0
L 731.0, 3045.0, -9.0, 692.0, 3074.0, -9.0, 0, 0, 0
L 692.0, 3074.0, -9.0, 664.0, 3088.0, -9.0, 0, 0, 0
L 664.0, 3088.0, -9.0, 637.0, 3089.0, -9.0, 0, 0, 0
L 637.0, 3089.0, -9.0, 611.0, 3082.0, -9.0, 0, 0, 0
L 611.0, 3082.0, -9.0, 584.0, 3067.0, -9.0, 0, 0, 0
L 584.0, 3067.0, -9.0, 565.0, 3053.0, -9.0, 0, 0, 0
L 545.0, 3021.0, -9.0, 527.0, 3012.0, -9.0, 0, 0, 0
L 527.0, 3012.0, -9.0, 478.0, 3006.0, -9.0, 0, 0, 0
L 478.0, 3006.0, -9.0, 430.0, 2959.0, -9.0, 0, 0, 0
L 430.0, 2959.0, -9.0, 359.0, 2925.0, -9.0, 0, 0, 0
L 268.0, 3928.0, -9.0, 240.0, 3947.0, -9.0, 0, 0, 0
L 240.0, 3947.0, -9.0, 213.0, 3946.0, -9.0, 0, 0, 0
L 213.0, 3946.0, -9.0, 191.0, 3937.0, -9.0, 0, 0, 0
L 191.0, 3937.0, -9.0, 176.0, 3935.0, -9.0, 0, 0, 0
L 176.0, 3935.0, -9.0, 169.0, 3960.0, -9.0, 0, 0, 0
L 169.0, 3960.0, -9.0, 187.0, 4024.0, -9.0, 0, 0, 0
L 187.0, 4024.0, -9.0, 209.0, 4055.0, -9.0, 0, 0, 0
L 209.0, 4055.0, -9.0, 228.0, 4066.0, -9.0, 0, 0, 0
L 228.0, 4066.0, -9.0, 273.0, 4083.0, -9.0, 0, 0, 0
L 273.0, 4083.0, -9.0, 296.0, 4086.0, -9.0, 0, 0, 0
L 296.0, 4086.0, -9.0, 315.0, 4083.0, -9.0, 0, 0, 0
L 315.0, 4083.0, -9.0, 329.0, 4071.0, -9.0, 0, 0, 0
L 329.0, 4071.0, -9.0, 333.0, 4040.0, -9.0, 0, 0, 0
L 333.0, 4040.0, -9.0, 328.0, 4006.0, -9.0, 0, 0, 0
L 328.0, 4006.0, -9.0, 324.0, 3970.0, -9.0, 0, 0, 0
L 324.0, 3970.0, -9.0, 314.0, 3937.0, -9.0, 0, 0, 0
L 314.0, 3937.0, -9.0, 298.0, 3930.0, -9.0, 0, 0, 0
L 298.0, 3930.0, -9.0, 268.0, 3928.0, -9.0, 0, 0, 0
L 353.0, 3946.0, -9.0, 353.0, 3956.0, -9.0, 0, 0, 0
L 353.0, 3960.0, -9.0, 365.0, 4001.0, -9.0, 0, 0, 0
L 365.0, 4001.0, -9.0, 394.0, 4034.0, -9.0, 0, 0, 0
L 394.0, 4034.0, -9.0, 415.0, 4055.0, -9.0, 0, 0, 0
L 415.0, 4055.0, -9.0, 443.0, 4052.0, -9.0, 0, 0, 0
L 443.0, 4052.0, -9.0, 462.0, 4036.0, -9.0, 0, 0, 0
L 462.0, 4036.0, -9.0, 480.0, 4008.0, -9.0, 0, 0, 0
L 480.0, 4008.0, -9.0, 497.0, 3996.0, -9.0, 0, 0, 0
L 497.0, 3996.0, -9.0, 519.0, 3984.0, -9.0, 0, 0, 0
L 519.0, 3984.0, -9.0, 527.0, 3967.0, -9.0, 0, 0, 0
L 527.0, 3967.0, -9.0, 526.0, 3921.0, -9.0, 0, 0, 0
L 526.0, 3921.0, -9.0, 514.0, 3897.0, -9.0, 0, 0, 0
L 514.0, 3897.0, -9.0, 500.0, 3884.0, -9.0, 0, 0, 0
L 500.0, 3884.0, -9.0, 463.0, 3861.0, -9.0, 0, 0, 0
L 463.0, 3861.0, -9.0, 448.0, 3854.0, -9.0, 0, 0, 0
L 448.0, 3854.0, -9.0, 438.0, 3852.0, -9.0, 0, 0, 0
L 438.0, 3852.0, -9.0, 397.0, 3855.0, -9.0, 0, 0, 0
L 397.0, 3855.0, -9.0, 374.0, 3867.0, -9.0, 0, 0, 0
L 374.0, 3867.0, -9.0, 358.0, 3900.0, -9.0, 0, 0, 0
L 358.0, 3900.0, -9.0, 352.0, 3925.0, -9.0, 0, 0, 0
L 353.0, 3956.0, -9.0, 353.0, 3960.0, -9.0, 0, 0, 0
L 352.0, 3925.0, -9.0, 353.0, 3956.0, -9.0, 0, 0, 0
L 865.0, 3222.0, -9.0, 875.0, 3196.0, -9.0, 0, 0, 0
L 875.0, 3196.0, -9.0, 874.0, 3169.0, -9.0, 0, 0, 0
L 874.0, 3169.0, -9.0, 846.0, 3147.0, -9.0, 0, 0, 0
L 846.0, 3147.0, -9.0, 821.0, 3148.0, -9.0, 0, 0, 0
L 821.0, 3148.0, -9.0, 802.0, 3174.0, -9.0, 0, 0, 0
L 802.0, 3174.0, -9.0, 817.0, 3218.0, -9.0, 0, 0, 0
L 817.0, 3218.0, -9.0, 838.0, 3232.0, -9.0, 0, 0, 0
L 838.0, 3232.0, -9.0, 865.0, 3222.0, -9.0, 0, 0, 0
L 2922.0, 2995.0, 24.0, 2917.0, 3010.0, 24.0, 0, 0, 0
L 2917.0, 3010.0, 24.0, 2921.0, 3035.0, 24.0, 0, 0, 0
L 2921.0, 3035.0, 24.0, 2933.0, 3057.0, 24.0, 0, 0, 0
L 2933.0, 3057.0, 24.0, 2953.0, 3073.0, 24.0, 0, 0, 0
L 2953.0, 3073.0, 24.0, 2978.0, 3080.0, 24.0, 0, 0, 0
L 2978.0, 3080.0, 24.0, 3003.0, 3077.0, 24.0, 0, 0, 0
L 3003.0, 3077.0, 24.0, 3025.0, 3064.0, 24.0, 0, 0, 0
L 3025.0, 3064.0, 24.0, 3031.0, 3057.0, 24.0, 0, 0, 0
L 3031.0, 3057.0, 24.0, 3040.0, 3061.0, 24.0, 0, 0, 0
L 3040.0, 3061.0, 24.0, 3054.0, 3034.0, 24.0, 0, 0, 0
L 3054.0, 3034.0, 24.0, 3045.0, 3029.0, 24.0, 0, 0, 0
L 3045.0, 3029.0, 24.0, 3047.0, 3020.0, 24.0, 0, 0, 0
L 3047.0, 3020.0, 24.0, 3044.0, 2995.0, 24.0, 0, 0, 0
L 3044.0, 2995.0, 24.0, 3032.0, 2973.0, 24.0, 0, 0, 0
L 3032.0, 2973.0, 24.0, 3012.0, 2957.0, 24.0, 0, 0, 0
L 3012.0, 2957.0, 24.0, 2987.0, 2950.0, 24.0, 0, 0, 0
L 2987.0, 2950.0, 24.0, 2962.0, 2953.0, 24.0, 0, 0, 0
L 2962.0, 2953.0, 24.0, 2940.0, 2966.0, 24.0, 0, 0, 0
L 2940.0, 2966.0, 24.0, 2930.0, 2978.0, 24.0, 0, 0, 0
L 2930.0, 2978.0, 24.0, 2927.0, 2981.0, 24.0, 0, 0, 0
L 2927.0, 2981.0, 24.0, 2933.0, 2984.0, 24.0, 0, 0, 0
L 2933.0, 2984.0, 24.0, 2934.0, 2980.0, 24.0, 0, 0, 0
L 2934.0, 2980.0, 24.0, 2943.0, 2969.0, 24.0, 0, 0, 0
L 2943.0, 2969.0, 24.0, 2963.0, 2957.0, 24.0, 0, 0, 0
L 2963.0, 2957.0, 24.0, 2987.0, 2955.0, 24.0, 0, 0, 0
L 2987.0, 2955.0, 24.0, 3010.0, 2961.0, 24.0, 0, 0, 0
L 3002.0, 2959.0, 24.0, 2997.0, 2969.0, 24.0, 0, 0, 0
L 2997.0, 2969.0, 24.0, 3010.0, 2976.0, 24.0, 0, 0, 0
L 3010.0, 2976.0, 24.0, 3016.0, 2966.0, 24.0, 0, 0, 0
L 3010.0, 2961.0, 24.0, 3028.0, 2975.0, 24.0, 0, 0, 0
L 3028.0, 2975.0, 24.0, 3040.0, 2996.0, 24.0, 0, 0, 0
L 3040.0, 2996.0, 24.0, 3043.0, 3019.0, 24.0, 0, 0, 0
L 3043.0, 3019.0, 24.0, 3041.0, 3027.0, 24.0, 0, 0, 0
L 3041.0, 3027.0, 24.0, 3026.0, 3020.0, 24.0, 0, 0, 0
L 3026.0, 3020.0, 24.0, 3012.0, 3047.0, 24.0, 0, 0, 0
L 3012.0, 3047.0, 24.0, 3027.0, 3055.0, 24.0, 0, 0, 0
L 3001.0, 3073.0, 24.0, 2978.0, 3075.0, 24.0, 0, 0, 0
L 2978.0, 3075.0, 24.0, 2955.0, 3069.0, 24.0, 0, 0, 0
L 2963.0, 3071.0, 24.0, 2968.0, 3060.0, 24.0, 0, 0, 0
L 2968.0, 3060.0, 24.0, 2955.0, 3053.0, 24.0, 0, 0, 0
L 2955.0, 3053.0, 24.0, 2949.0, 3065.0, 24.0, 0, 0, 0
L 2955.0, 3069.0, 24.0, 2936.0, 3054.0, 24.0, 0, 0, 0
L 2936.0, 3054.0, 24.0, 2925.0, 3034.0, 24.0, 0, 0, 0
L 2925.0, 3034.0, 24.0, 2922.0, 3011.0, 24.0, 0, 0, 0
L 2922.0, 3011.0, 24.0, 2926.0, 2997.0, 24.0, 0, 0, 0
L 2926.0, 2997.0, 24.0, 2928.0, 2994.0, 24.0, 0, 0, 0
L 2928.0, 2994.0, 24.0, 2922.0, 2991.0, 24.0, 0, 0, 0
L 2922.0, 2991.0, 24.0, 2922.0, 2995.0, 24.0, 0, 0, 0
L 3027.0, 3055.0, 24.0, 3022.0, 3061.0, 24.0, 0, 0, 0
L 3022.0, 3061.0, 24.0, 3001.0, 3073.0, 24.0, 0, 0, 0
L 3017.0, 3046.0, 24.0, 3028.0, 3025.0, 24.0, 0, 0, 0
L 3028.0, 3025.0, 24.0, 3050.0, 3036.0, 24.0, 0, 0, 0
L 3050.0, 3036.0, 24.0, 3039.0, 3057.0, 24.0, 0, 0, 0
L 3039.0, 3057.0, 24.0, 3017.0, 3046.0, 24.0, 0, 0, 0
L 3022.0, 3028.0, 24.0, 3025.0, 3029.0, 24.0, 0, 0, 0
L 3019.0, 3041.0, 24.0, 3016.0, 3040.0, 24.0, 0, 0, 0
L -4766.0, -1536.0, -63.0, -4758.0, -1536.0, -63.0, 0, 0, 0
L -4765.0, -1556.0, -63.0, -4783.0, -1556.0, -63.0, 0, 0, 0
L -4766.0, -1536.0, -63.0, -4765.0, -1556.0, -63.0, 199, 21, 133
L -701.0, 2500.0, 27.0, -895.0, 2295.0, 57.0, 0, 0, 0
L -1920.0, 4171.0, -170.0, -1920.0, 4100.0, -169.0, 178, 102, 255
L 817.0, 3424.0, -9.0, 840.0, 3465.0, -9.0, 0, 0, 0
L 868.0, 3617.0, -9.0, 855.0, 3674.0, -9.0, 0, 0, 0
L 5.0, 2472.0, -9.0, 64.0, 2568.0, -9.0, 0, 0, 0
L 48.0, 2741.0, -9.0, -7.0, 2835.0, -9.0, 0, 0, 0
L 159.0, 2178.0, -9.0, 105.0, 2252.0, -9.0, 0, 0, 0
L 359.0, 2168.0, -9.0, 313.0, 2154.0, -9.0, 0, 0, 0
L 289.0, 2929.0, -9.0, 336.0, 2915.0, -9.0, 0, 0, 0
L 565.0, 3053.0, -9.0, 545.0, 3021.0, -9.0, 0, 0, 0
L 268.0, 3295.0, -9.0, 248.0, 3234.0, -9.0, 0, 0, 0
L 445.0, 3674.0, -9.0, 476.0, 3651.0, -9.0, 0, 0, 0
L 577.0, 4060.0, -9.0, 518.0, 4106.0, -9.0, 0, 0, 0
L 626.0, 3889.0, -9.0, 631.0, 3941.0, -9.0, 0, 0, 0
L 562.0, 3566.0, -9.0, 567.0, 3594.0, -9.0, 0, 0, 0
L 802.0, 3079.0, -9.0, 804.0, 3109.0, -9.0, 0, 0, 0
L 742.0, 3139.0, -9.0, 718.0, 3170.0, -9.0, 0, 0, 0
L 4798.0, 652.0, -198.0, 4798.0, 513.0, -183.0, 0, 0, 0
L 4798.0, 709.0, -198.0, 4798.0, 870.0, -183.0, 0, 0, 0
L 335.0, -700.0, -200.0, 330.0, -668.0, -200.0, 0, 0, 255
L 330.0, -668.0, -200.0, 315.0, -598.0, -199.0, 0, 0, 255
L 800.0, -866.0, -199.0, 734.0, -865.0, -200.0, 0, 0, 255
L 734.0, -865.0, -200.0, 717.0, -800.0, -200.0, 0, 0, 255
L 702.0, -796.0, -199.0, 625.0, -774.0, -199.0, 0, 0, 255
L 1000.0, -790.0, -169.0, 1000.0, -558.0, -169.0, 139, 69, 19
L 1039.0, -710.0, -169.0, 1039.0, -558.0, -169.0, 139, 69, 19
L 1049.0, -558.0, -169.0, 1048.0, -790.0, -169.0, 139, 69, 19
L 1009.0, -558.0, -169.0, 1009.0, -789.0, -169.0, 139, 69, 19
L 1048.0, -790.0, -169.0, 1039.0, -790.0, -169.0, 139, 69, 19
L 1039.0, -790.0, -169.0, 1039.0, -710.0, -169.0, 139, 69, 19
L 1009.0, -789.0, -169.0, 1000.0, -790.0, -169.0, 139, 69, 19
L 949.0, -466.0, -145.0, 965.0, -466.0, -147.0, 150, 150, 150
L 965.0, -466.0, -147.0, 953.0, -473.0, -145.0, 150, 150, 150
L 982.5, -495.0, -158.0, 986.9, -502.2, -160.8, 0, 204, 204
L 970.5, -503.0, -157.0, 966.1, -495.5, -154.0, 0, 204, 204
L 982.5, -495.0, -158.0, 970.5, -503.0, -157.0, 150, 150, 150
L 973.8, -480.5, -152.5, 978.1, -487.8, -155.2, 0, 204, 204
L 961.8, -488.0, -151.0, 957.4, -480.5, -148.0, 0, 204, 204
L 973.8, -480.5, -152.5, 961.8, -488.0, -151.0, 150, 150, 150
L 991.2, -509.5, -163.5, 995.6, -516.8, -166.2, 0, 204, 204
L 979.2, -518.0, -163.0, 974.9, -510.5, -160.0, 0, 204, 204
L 991.2, -509.5, -163.5, 979.2, -518.0, -163.0, 150, 150, 150
L 986.9, -502.2, -160.8, 991.2, -509.5, -163.5, 0, 204, 204
L 974.9, -510.5, -160.0, 970.5, -503.0, -157.0, 0, 204, 204
L 986.9, -502.2, -160.8, 974.9, -510.5, -160.0, 150, 150, 150
L 995.6, -516.8, -166.2, 1000.0, -524.0, -169.0, 0, 204, 204
L 983.6, -525.5, -166.0, 979.2, -518.0, -163.0, 0, 204, 204
L 995.6, -516.8, -166.2, 983.6, -525.5, -166.0, 150, 150, 150
L 978.1, -487.8, -155.2, 982.5, -495.0, -158.0, 0, 204, 204
L 966.1, -495.5, -154.0, 961.8, -488.0, -151.0, 0, 204, 204
L 978.1, -487.8, -155.2, 966.1, -495.5, -154.0, 150, 150, 150
L 969.4, -473.2, -149.8, 973.8, -480.5, -152.5, 0, 204, 204
L 957.4, -480.5, -148.0, 953.0, -473.0, -145.0, 0, 204, 204
L 969.4, -473.2, -149.8, 957.4, -480.5, -148.0, 150, 150, 150
L 978.0, -441.5, -135.0, 974.8, -447.6, -138.0, 0, 204, 204
L 966.0, -436.9, -135.0, 971.0, -428.1, -132.0, 0, 204, 204
L 978.0, -441.5, -135.0, 966.0, -436.9, -135.0, 150, 150, 150
L 991.0, -417.0, -123.0, 988.0, -399.0, -122.0, 150, 150, 150
L 984.5, -429.2, -129.0, 981.2, -435.4, -132.0, 0, 204, 204
L 976.1, -419.4, -129.0, 982.1, -409.2, -125.5, 0, 204, 204
L 984.5, -429.2, -129.0, 976.1, -419.4, -129.0, 150, 150, 150
L 987.8, -423.1, -126.0, 984.5, -429.2, -129.0, 0, 204, 204
L 982.1, -409.2, -125.5, 988.0, -399.0, -122.0, 0, 204, 204
L 987.8, -423.1, -126.0, 982.1, -409.2, -125.5, 150, 150, 150
L 981.2, -435.4, -132.0, 978.0, -441.5, -135.0, 0, 204, 204
L 971.0, -428.1, -132.0, 976.1, -419.4, -129.0, 0, 204, 204
L 981.2, -435.4, -132.0, 971.0, -428.1, -132.0, 150, 150, 150
L 971.5, -453.8, -141.0, 968.2, -459.9, -144.0, 0, 204, 204
L 957.5, -451.4, -140.0, 961.7, -444.2, -137.5, 0, 204, 204
L 971.5, -453.8, -141.0, 957.5, -451.4, -140.0, 150, 150, 150
L 974.8, -447.6, -138.0, 971.5, -453.8, -141.0, 0, 204, 204
L 961.7, -444.2, -137.5, 966.0, -436.9, -135.0, 0, 204, 204
L 974.8, -447.6, -138.0, 961.7, -444.2, -137.5, 150, 150, 150
L 968.2, -459.9, -144.0, 965.0, -466.0, -147.0, 0, 204, 204
L 953.2, -458.7, -142.5, 957.5, -451.4, -140.0, 0, 204, 204
L 968.2, -459.9, -144.0, 953.2, -458.7, -142.5, 150, 150, 150
L 1088.0, -465.0, -98.0, 1104.0, -466.0, -97.0, 150, 150, 150
L 1070.5, -436.0, -109.5, 1066.1, -428.8, -112.4, 0, 204, 0
L 1080.8, -426.1, -109.5, 1086.6, -436.1, -106.4, 0, 204, 0
L 1070.5, -436.0, -109.5, 1080.8, -426.1, -109.5, 150, 150, 150
L 1079.2, -450.5, -103.8, 1074.9, -443.2, -106.6, 0, 204, 0
L 1092.4, -446.1, -103.2, 1098.2, -456.0, -100.1, 0, 204, 0
L 1079.2, -450.5, -103.8, 1092.4, -446.1, -103.2, 150, 150, 150
L 1083.6, -457.8, -100.9, 1079.2, -450.5, -103.8, 0, 204, 0
L 1098.2, -456.0, -100.1, 1104.0, -466.0, -97.0, 0, 204, 0
L 1083.6, -457.8, -100.9, 1098.2, -456.0, -100.1, 150, 150, 150
L 1074.9, -443.2, -106.6, 1070.5, -436.0, -109.5, 0, 204, 0
L 1086.6, -436.1, -106.4, 1092.4, -446.1, -103.2, 0, 204, 0
L 1074.9, -443.2, -106.6, 1086.6, -436.1, -106.4, 150, 150, 150
L 1061.8, -421.5, -115.2, 1057.4, -414.2, -118.1, 0, 204, 0
L 1072.9, -412.6, -113.8, 1076.8, -419.3, -111.6, 0, 204, 0
L 1061.8, -421.5, -115.2, 1072.9, -412.6, -113.8, 150, 150, 150
L 1057.4, -414.2, -118.1, 1053.0, -407.0, -121.0, 0, 204, 0
L 1068.9, -405.8, -115.9, 1072.9, -412.6, -113.8, 0, 204, 0
L 1057.4, -414.2, -118.1, 1068.9, -405.8, -115.9, 150, 150, 150
L 1066.1, -428.8, -112.4, 1061.8, -421.5, -115.2, 0, 204, 0
L 1076.8, -419.3, -111.6, 1080.8, -426.1, -109.5, 0, 204, 0
L 1066.1, -428.8, -112.4, 1076.8, -419.3, -111.6, 150, 150, 150
L 1065.0, -533.0, -73.0, 1062.0, -514.0, -74.0, 150, 150, 150
L 1084.5, -499.5, -85.0, 1079.6, -507.9, -82.0, 0, 204, 0
L 1075.0, -489.5, -86.0, 1078.2, -483.4, -89.0, 0, 204, 0
L 1084.5, -499.5, -85.0, 1075.0, -489.5, -86.0, 150, 150, 150
L 1094.2, -482.8, -91.0, 1089.4, -491.1, -88.0, 0, 204, 0
L 1081.5, -477.2, -92.0, 1084.8, -471.1, -95.0, 0, 204, 0
L 1094.2, -482.8, -91.0, 1081.5, -477.2, -92.0, 150, 150, 150
L 1099.1, -474.4, -94.0, 1094.2, -482.8, -91.0, 0, 204, 0
L 1084.8, -471.1, -95.0, 1088.0, -465.0, -98.0, 0, 204, 0
L 1099.1, -474.4, -94.0, 1084.8, -471.1, -95.0, 150, 150, 150
L 1089.4, -491.1, -88.0, 1084.5, -499.5, -85.0, 0, 204, 0
L 1078.2, -483.4, -89.0, 1081.5, -477.2, -92.0, 0, 204, 0
L 1089.4, -491.1, -88.0, 1078.2, -483.4, -89.0, 150, 150, 150
L 1074.8, -516.2, -79.0, 1069.9, -524.6, -76.0, 0, 204, 0
L 1068.5, -501.8, -80.0, 1071.8, -495.6, -83.0, 0, 204, 0
L 1074.8, -516.2, -79.0, 1068.5, -501.8, -80.0, 150, 150, 150
L 1079.6, -507.9, -82.0, 1074.8, -516.2, -79.0, 0, 204, 0
L 1071.8, -495.6, -83.0, 1075.0, -489.5, -86.0, 0, 204, 0
L 1079.6, -507.9, -82.0, 1071.8, -495.6, -83.0, 150, 150, 150
L 1069.9, -524.6, -76.0, 1065.0, -533.0, -73.0, 0, 204, 0
L 1065.2, -507.9, -77.0, 1068.5, -501.8, -80.0, 0, 204, 0
L 1069.9, -524.6, -76.0, 1065.2, -507.9, -77.0, 150, 150, 150
L 988.0, -399.0, -25.0, 991.0, -417.0, -26.0, 150, 150, 150
L 965.0, -466.0, -49.0, 949.0, -466.0, -48.0, 150, 150, 150
L 978.0, -441.5, -37.5, 974.8, -447.6, -40.4, 102, 255, 102
L 968.5, -432.5, -36.5, 973.4, -424.1, -33.6, 102, 255, 102
L 978.0, -441.5, -37.5, 968.5, -432.5, -36.5, 150, 150, 150
L 971.5, -453.8, -43.2, 968.2, -459.9, -46.1, 102, 255, 102
L 958.8, -449.2, -42.2, 963.6, -440.9, -39.4, 102, 255, 102
L 971.5, -453.8, -43.2, 958.8, -449.2, -42.2, 150, 150, 150
L 984.5, -429.2, -31.8, 981.2, -435.4, -34.6, 102, 255, 102
L 978.2, -415.8, -30.8, 983.1, -407.4, -27.9, 150, 150, 150
L 984.5, -429.2, -31.8, 978.2, -415.8, -30.8, 150, 150, 150
L 987.8, -423.1, -28.9, 984.5, -429.2, -31.8, 102, 255, 102
L 983.1, -407.4, -27.9, 988.0, -399.0, -25.0, 102, 255, 102
L 987.8, -423.1, -28.9, 983.1, -407.4, -27.9, 150, 150, 150
L 981.2, -435.4, -34.6, 978.0, -441.5, -37.5, 102, 255, 102
L 973.4, -424.1, -33.6, 978.2, -415.8, -30.8, 102, 255, 102
L 981.2, -435.4, -34.6, 973.4, -424.1, -33.6, 150, 150, 150
L 974.8, -447.6, -40.4, 971.5, -453.8, -43.2, 102, 255, 102
L 963.6, -440.9, -39.4, 968.5, -432.5, -36.5, 102, 255, 102
L 974.8, -447.6, -40.4, 963.6, -440.9, -39.4, 150, 150, 150
L 968.2, -459.9, -46.1, 965.0, -466.0, -49.0, 102, 255, 102
L 953.9, -457.6, -45.1, 958.8, -449.2, -42.2, 102, 255, 102
L 968.2, -459.9, -46.1, 953.9, -457.6, -45.1, 150, 150, 150
L 968.5, -499.5, -60.0, 964.2, -492.2, -57.4, 102, 255, 102
L 981.7, -493.7, -60.0, 986.3, -501.3, -63.0, 102, 255, 102
L 968.5, -499.5, -60.0, 981.7, -493.7, -60.0, 150, 150, 150
L 978.2, -516.2, -66.0, 973.4, -507.9, -63.0, 102, 255, 102
L 990.9, -508.9, -66.0, 995.4, -516.4, -69.0, 102, 255, 102
L 978.2, -516.2, -66.0, 990.9, -508.9, -66.0, 150, 150, 150
L 983.1, -524.6, -69.0, 978.2, -516.2, -66.0, 102, 255, 102
L 995.4, -516.4, -69.0, 1000.0, -524.0, -72.0, 102, 255, 102
L 983.1, -524.6, -69.0, 995.4, -516.4, -69.0, 150, 150, 150
L 973.4, -507.9, -63.0, 968.5, -499.5, -60.0, 102, 255, 102
L 986.3, -501.3, -63.0, 990.9, -508.9, -66.0, 102, 255, 102
L 973.4, -507.9, -63.0, 986.3, -501.3, -63.0, 150, 150, 150
L 960.0, -484.9, -54.8, 954.5, -475.4, -51.4, 102, 255, 102
L 973.4, -479.9, -54.5, 977.6, -486.8, -57.2, 102, 255, 102
L 960.0, -484.9, -54.8, 973.4, -479.9, -54.5, 150, 150, 150
L 954.5, -475.4, -51.4, 949.0, -466.0, -48.0, 102, 255, 102
L 969.2, -472.9, -51.8, 973.4, -479.9, -54.5, 102, 255, 102
L 954.5, -475.4, -51.4, 969.2, -472.9, -51.8, 150, 150, 150
L 964.2, -492.2, -57.4, 960.0, -484.9, -54.8, 102, 255, 102
L 977.6, -486.8, -57.2, 981.7, -493.7, -60.0, 102, 255, 102
L 964.2, -492.2, -57.4, 977.6, -486.8, -57.2, 150, 150, 150
L 4472.8, 1322.5, -129.7, 4428.7, 1310.4, -129.7, 0, 0, 0
L 4428.5, 1308.1, -129.7, 4428.7, 1310.4, -129.7, 0, 0, 0
L 4428.5, 1308.1, -129.7, 4423.8, 1307.9, -129.7, 0, 0, 0
L 4423.8, 1307.9, -129.7, 4394.7, 1285.3, -131.1, 0, 0, 0
L 4393.8, 1281.9, -131.4, 4394.7, 1285.3, -131.1, 0, 0, 0
L 4393.8, 1281.9, -131.4, 4391.2, 1284.3, -131.0, 0, 0, 0
L 4391.2, 1284.3, -130.7, 4354.7, 1288.8, -130.1, 0, 0, 0
L 4351.6, 1287.1, -130.1, 4354.7, 1288.8, -130.1, 0, 0, 0
L 4351.6, 1287.1, -130.1, 4351.5, 1290.6, -130.0, 0, 0, 0
L 4351.5, 1290.6, -130.0, 4328.8, 1319.7, -129.7, 0, 0, 0
L 4325.5, 1320.6, -129.7, 4328.8, 1319.7, -129.7, 0, 0, 0
L 4325.5, 1320.6, -129.7, 4327.9, 1323.2, -129.7, 0, 0, 0
L 4327.9, 1323.2, -129.7, 4332.4, 1359.7, -129.7, 0, 0, 0
L 4330.7, 1362.8, -129.7, 4332.4, 1359.7, -129.7, 0, 0, 0
L 4330.7, 1362.8, -129.7, 4334.1, 1362.9, -129.7, 0, 0, 0
L 4334.1, 1362.9, -129.7, 4363.2, 1385.6, -129.7, 0, 0, 0
L 4364.2, 1388.9, -129.7, 4363.2, 1385.6, -129.7, 0, 0, 0
L 4364.2, 1388.9, -129.7, 4366.3, 1386.9, -129.7, 0, 0, 0
L 4366.3, 1386.9, -129.7, 4366.7, 1386.5, -129.7, 0, 0, 0
L 4366.7, 1386.5, -129.7, 4403.2, 1382.0, -129.7, 0, 0, 0
L 4407.4, 1384.3, -129.7, 4403.2, 1382.0, -129.7, 0, 0, 0
L 4407.4, 1384.3, -129.7, 4408.8, 1382.5, -129.7, 0, 0, 0
L 4408.8, 1382.5, -129.7, 4475.7, 1401.0, -129.5, 0, 0, 0
L 4475.7, 1401.0, -127.5, 4471.5, 1410.0, -124.0, 0, 0, 0
L 4471.5, 1410.0, -122.7, 4463.1, 1411.4, -121.9, 0, 0, 0
L 4463.1, 1411.4, -122.3, 4414.9, 1398.1, -129.7, 0, 0, 0
L 4410.9, 1394.1, -129.7, 4414.9, 1398.1, -129.7, 0, 0, 0
L 4410.9, 1394.1, -129.7, 4407.1, 1397.3, -129.7, 0, 0, 0
L 4407.1, 1397.3, -129.7, 4366.7, 1402.3, -128.4, 0, 0, 0
L 4361.2, 1399.6, -129.7, 4366.7, 1402.3, -128.8, 0, 0, 0
L 4361.2, 1399.6, -129.7, 4355.1, 1399.1, -129.7, 0, 0, 0
L 4355.1, 1399.1, -129.7, 4323.0, 1374.0, -129.7, 0, 0, 0
L 4321.0, 1368.3, -129.7, 4323.0, 1374.0, -129.7, 0, 0, 0
L 4321.0, 1368.3, -129.7, 4317.1, 1363.6, -129.7, 0, 0, 0
L 4317.1, 1363.6, -129.7, 4312.1, 1323.1, -129.7, 0, 0, 0
L 4314.8, 1317.7, -129.7, 4312.1, 1323.1, -129.7, 0, 0, 0
L 4314.8, 1317.7, -129.7, 4315.3, 1311.6, -129.7, 0, 0, 0
L 4315.3, 1311.6, -129.7, 4340.3, 1279.5, -130.3, 0, 0, 0
L 4346.1, 1277.5, -130.4, 4346.1, 1277.5, -130.4, 0, 0, 0
L 4346.1, 1277.5, -130.4, 4340.3, 1279.5, -130.3, 0, 0, 0
L 4346.1, 1277.5, -130.4, 4350.8, 1273.5, -130.5, 0, 0, 0
L 4350.8, 1273.5, -130.5, 4391.2, 1268.5, -132.8, 0, 0, 0
L 4396.7, 1271.2, -133.0, 4391.2, 1268.5, -132.8, 0, 0, 0
L 4396.8, 1271.2, -133.0, 4402.8, 1271.7, -133.3, 0, 0, 0
L 4402.8, 1271.7, -133.2, 4434.9, 1296.8, -130.2, 0, 0, 0
L 4436.5, 1301.3, -129.7, 4434.9, 1296.8, -130.1, 0, 0, 0
L 4436.5, 1301.3, -129.7, 4440.6, 1299.8, -129.7, 0, 0, 0
L 4440.6, 1299.8, -129.7, 4472.1, 1308.5, -129.7, 0, 0, 0
L 4472.1, 1308.5, -129.7, 4475.0, 1313.6, -129.7, 0, 0, 0
L 4475.0, 1313.6, -129.8, 4472.8, 1322.5, -129.7, 0, 0, 0
