L 773.0, -524.0, -73.0, 776.0, -524.0, -73.0, 0, 0, 0
L 773.0, -535.0, -73.0, 776.0, -535.0, -73.0, 0, 0, 0
L 791.0, -568.0, -73.0, 773.0, -568.0, -73.0, 0, 0, 0
L 791.0, -640.0, -74.0, 791.0, -568.0, -73.0, 0, 0, 0
L 798.0, -640.0, -77.0, 798.0, -659.0, -77.0, 150, 150, 150
L 796.0, -659.0, -76.0, 796.0, -640.0, -76.0, 150, 150, 150
L 794.0, -640.0, -75.0, 794.0, -659.0, -75.0, 150, 150, 150
L 791.0, -640.0, -74.0, 800.0, -640.0, -76.0, 0, 0, 0
L 792.0, -640.0, -74.0, 792.0, -659.0, -74.0, 150, 150, 150
L 875.0, -634.0, -78.0, 800.0, -634.0, -78.0, 0, 0, 0
L 875.0, -683.0, -78.0, 875.0, -634.0, -78.0, 0, 0, 0
L 831.0, -683.0, -78.0, 846.0, -683.0, -78.0, 0, 0, 0
L 846.0, -683.0, -78.0, 875.0, -683.0, -78.0, 0, 0, 0
L 846.0, -677.0, -78.0, 846.0, -683.0, -78.0, 150, 150, 150
L 844.0, -673.0, -78.0, 846.0, -677.0, -78.0, 150, 150, 150
L 841.0, -671.0, -78.0, 844.0, -673.0, -78.0, 150, 150, 150
L 833.0, -673.0, -78.0, 841.0, -671.0, -78.0, 150, 150, 150
L 831.0, -677.0, -78.0, 833.0, -673.0, -78.0, 150, 150, 150
L 831.0, -683.0, -78.0, 831.0, -677.0, -78.0, 150, 150, 150
L 800.0, -683.0, -78.0, 831.0, -683.0, -78.0, 0, 0, 0
L 744.0, -659.0, -73.0, 800.0, -659.0, -77.0, 0, 0, 0
L 744.0, -595.0, -73.0, 744.0, -659.0, -73.0, 0, 0, 0
L 720.0, -595.0, -73.0, 744.0, -595.0, -73.0, 0, 0, 0
L 720.0, -500.0, -73.0, 720.0, -595.0, -73.0, 0, 0, 0
L 773.0, -500.0, -73.0, 720.0, -500.0, -73.0, 0, 0, 0
L 1005.0, -697.0, -70.0, 1003.0, -635.0, -70.0, 0, 0, 0
L 772.0, -351.0, -90.0, 767.0, -351.0, -90.0, 0, 0, 0
L 767.0, -336.0, -90.0, 772.0, -336.0, -90.0, 0, 0, 0
L 704.0, -248.0, -91.0, 720.0, -248.0, -91.0, 0, 0, 0
L 704.0, -252.0, -91.0, 704.0, -248.0, -91.0, 0, 0, 0
L 699.0, -252.0, -91.0, 704.0, -252.0, -91.0, 0, 0, 0
L 699.0, -248.0, -91.0, 699.0, -252.0, -91.0, 0, 0, 0
L 683.0, -240.0, -91.0, 699.0, -248.0, -91.0, 0, 0, 0
L 679.0, -240.0, -91.0, 683.0, -240.0, -91.0, 0, 0, 0
L 679.0, -235.0, -91.0, 679.0, -240.0, -91.0, 0, 0, 0
L 999.0, -627.0, -70.0, 1003.0, -635.0, -70.0, 0, 0, 0
L 999.0, -584.0, -70.0, 999.0, -627.0, -70.0, 0, 0, 0
L 907.0, -584.0, -70.0, 999.0, -584.0, -70.0, 0, 0, 0
L 928.0, -550.0, -81.0, 946.0, -550.0, -81.0, 150, 150, 150
L 928.0, -548.0, -80.0, 947.0, -548.0, -80.0, 150, 150, 150
L 947.0, -544.0, -78.0, 928.0, -544.0, -78.0, 150, 150, 150
L 928.0, -546.0, -79.0, 947.0, -546.0, -79.0, 150, 150, 150
L 947.0, -542.0, -77.0, 928.0, -542.0, -77.0, 150, 150, 150
L 928.0, -540.0, -76.0, 947.0, -540.0, -76.0, 150, 150, 150
L 947.0, -538.0, -75.0, 928.0, -538.0, -75.0, 150, 150, 150
L 947.0, -535.0, -73.0, 946.0, -550.0, -81.0, 0, 0, 0
L 928.0, -535.0, -74.0, 928.0, -550.0, -81.0, 0, 0, 0
L 676.0, -205.0, -99.0, 698.0, -205.0, -99.0, 150, 150, 150
L 697.0, -207.0, -98.0, 676.0, -207.0, -98.0, 150, 150, 150
L 676.0, -209.0, -97.0, 696.0, -209.0, -97.0, 150, 150, 150
L 695.0, -211.0, -96.0, 676.0, -211.0, -96.0, 150, 150, 150
L 676.0, -213.0, -95.0, 694.0, -213.0, -95.0, 150, 150, 150
L 693.0, -215.0, -94.0, 676.0, -215.0, -94.0, 150, 150, 150
L 676.0, -217.0, -93.0, 692.0, -217.0, -93.0, 150, 150, 150
L 676.0, -217.0, -93.0, 675.0, -202.0, -100.0, 150, 150, 150
L 676.0, -217.0, -93.0, 691.0, -219.0, -92.0, 150, 150, 150
L 683.0, -235.0, -91.0, 701.0, -199.0, -100.0, 0, 0, 0
L 679.0, -235.0, -91.0, 683.0, -235.0, -91.0, 0, 0, 0
L 648.0, -179.0, -100.0, 648.0, -188.0, -100.0, 0, 0, 0
L 652.0, -163.0, -100.0, 648.0, -179.0, -100.0, 0, 0, 0
L 660.0, -148.0, -100.0, 652.0, -163.0, -100.0, 0, 0, 0
L 683.0, -148.0, -100.0, 660.0, -148.0, -100.0, 0, 0, 0
L 699.0, -180.0, -100.0, 683.0, -148.0, -100.0, 0, 0, 0
L 703.0, -184.0, -100.0, 699.0, -180.0, -100.0, 0, 0, 0
L 708.0, -184.0, -100.0, 703.0, -184.0, -100.0, 0, 0, 0
L 708.0, -180.0, -100.0, 708.0, -184.0, -100.0, 0, 0, 0
L 708.0, -203.0, -100.0, 764.0, -203.0, -100.0, 0, 0, 0
L 708.0, -199.0, -100.0, 708.0, -203.0, -100.0, 0, 0, 0
L 701.0, -199.0, -100.0, 708.0, -199.0, -100.0, 0, 0, 0
L 676.0, -203.0, -100.0, 699.0, -203.0, -100.0, 150, 150, 150
L 674.0, -199.0, -100.0, 675.0, -202.0, -100.0, 150, 150, 150
L 670.0, -193.0, -100.0, 674.0, -199.0, -100.0, 150, 150, 150
L 661.0, -188.0, -100.0, 670.0, -193.0, -100.0, 150, 150, 150
L 648.0, -188.0, -100.0, 661.0, -188.0, -100.0, 150, 150, 150
L 648.0, -203.0, -91.0, 648.0, -188.0, -100.0, 0, 0, 0
L 652.0, -219.0, -91.0, 648.0, -203.0, -91.0, 0, 0, 0
L 660.0, -235.0, -91.0, 652.0, -219.0, -91.0, 0, 0, 0
L 664.0, -235.0, -91.0, 660.0, -235.0, -91.0, 0, 0, 0
L 664.0, -240.0, -91.0, 664.0, -235.0, -91.0, 0, 0, 0
L 660.0, -240.0, -91.0, 664.0, -240.0, -91.0, 0, 0, 0
L 660.0, -355.0, -91.0, 660.0, -240.0, -91.0, 0, 0, 0
L 767.0, -355.0, -91.0, 660.0, -355.0, -91.0, 0, 0, 0
L 968.0, -275.0, -106.0, 963.0, -275.0, -106.0, 0, 0, 0
L 968.0, -279.0, -106.0, 968.0, -275.0, -106.0, 0, 0, 0
L 1032.0, -279.0, -106.0, 968.0, -279.0, -106.0, 0, 0, 0
L 1032.0, -299.0, -102.0, 1032.0, -279.0, -106.0, 0, 0, 0
L 1027.0, -299.0, -102.0, 1029.0, -299.0, -102.0, 0, 0, 0
L 1027.0, -288.0, -102.0, 1027.0, -299.0, -102.0, 0, 0, 0
L 976.0, -288.0, -102.0, 1027.0, -288.0, -102.0, 0, 0, 0
L 976.0, -335.0, -102.0, 976.0, -288.0, -102.0, 0, 0, 0
L 999.0, -335.0, -102.0, 976.0, -335.0, -102.0, 0, 0, 0
L 999.0, -319.0, -102.0, 999.0, -335.0, -102.0, 0, 0, 0
L 1027.0, -319.0, -102.0, 999.0, -319.0, -102.0, 0, 0, 0
L 1027.0, -308.0, -102.0, 1027.0, -319.0, -102.0, 0, 0, 0
L 1032.0, -308.0, -102.0, 1029.0, -308.0, -102.0, 0, 0, 0
L 1032.0, -328.0, -98.0, 1032.0, -308.0, -102.0, 0, 0, 0
L 1032.0, -360.0, -94.0, 1032.0, -328.0, -98.0, 0, 0, 0
L 1023.0, -364.0, -94.0, 1032.0, -360.0, -94.0, 0, 0, 0
L 1007.0, -368.0, -94.0, 1023.0, -364.0, -94.0, 0, 0, 0
L 968.0, -376.0, -94.0, 1007.0, -368.0, -94.0, 0, 0, 0
L 963.0, -399.0, -94.0, 968.0, -399.0, -94.0, 0, 0, 0
L 920.0, -427.0, -82.0, 916.0, -427.0, -82.0, 0, 0, 0
L 920.0, -432.0, -82.0, 920.0, -427.0, -82.0, 0, 0, 0
L 880.0, -432.0, -82.0, 920.0, -432.0, -82.0, 0, 0, 0
L 880.0, -436.0, -82.0, 880.0, -432.0, -82.0, 0, 0, 0
L 875.0, -436.0, -82.0, 880.0, -436.0, -82.0, 0, 0, 0
L 875.0, -432.0, -82.0, 875.0, -436.0, -82.0, 0, 0, 0
L 871.0, -432.0, -82.0, 875.0, -432.0, -82.0, 0, 0, 0
L 880.0, -451.0, -82.0, 875.0, -451.0, -82.0, 0, 0, 0
L 880.0, -455.0, -82.0, 880.0, -451.0, -82.0, 0, 0, 0
L 939.0, -455.0, -82.0, 880.0, -455.0, -82.0, 0, 0, 0
L 939.0, -432.0, -82.0, 939.0, -455.0, -82.0, 0, 0, 0
L 935.0, -432.0, -82.0, 939.0, -432.0, -82.0, 0, 0, 0
L 935.0, -427.0, -82.0, 935.0, -432.0, -82.0, 0, 0, 0
L 939.0, -427.0, -82.0, 935.0, -427.0, -82.0, 0, 0, 0
L 956.0, -403.0, -93.0, 956.0, -380.0, -93.0, 150, 150, 150
L 952.0, -380.0, -92.0, 952.0, -403.0, -92.0, 150, 150, 150
L 948.0, -403.0, -91.0, 948.0, -380.0, -91.0, 150, 150, 150
L 944.0, -380.0, -90.0, 944.0, -403.0, -90.0, 150, 150, 150
L 940.0, -403.0, -89.0, 940.0, -380.0, -89.0, 150, 150, 150
L 938.0, -403.0, -88.0, 916.0, -403.0, -88.0, 150, 150, 150
L 916.0, -407.0, -87.0, 939.0, -407.0, -87.0, 150, 150, 150
L 939.0, -411.0, -86.0, 916.0, -411.0, -86.0, 150, 150, 150
L 916.0, -415.0, -85.0, 939.0, -415.0, -85.0, 150, 150, 150
L 939.0, -419.0, -84.0, 916.0, -419.0, -84.0, 150, 150, 150
L 916.0, -423.0, -83.0, 939.0, -423.0, -83.0, 150, 150, 150
L 939.0, -403.0, -89.0, 963.0, -403.0, -94.0, 0, 0, 0
L 939.0, -427.0, -82.0, 939.0, -403.0, -87.0, 0, 0, 0
L 916.0, -380.0, -88.0, 960.0, -380.0, -94.0, 0, 0, 0
L 916.0, -403.0, -88.0, 916.0, -380.0, -88.0, 0, 0, 0
L 916.0, -427.0, -82.0, 916.0, -403.0, -88.0, 0, 0, 0
L 968.0, -384.0, -94.0, 968.0, -376.0, -94.0, 0, 0, 0
L 963.0, -384.0, -94.0, 968.0, -384.0, -94.0, 0, 0, 0
L 963.0, -380.0, -94.0, 963.0, -384.0, -94.0, 0, 0, 0
L 960.0, -380.0, -94.0, 963.0, -380.0, -94.0, 0, 0, 0
L 960.0, -403.0, -94.0, 960.0, -380.0, -94.0, 150, 150, 150
L 963.0, -403.0, -94.0, 960.0, -403.0, -94.0, 0, 0, 0
L 963.0, -399.0, -94.0, 963.0, -403.0, -94.0, 0, 0, 0
L 968.0, -407.0, -94.0, 968.0, -399.0, -94.0, 0, 0, 0
L 979.0, -407.0, -94.0, 968.0, -407.0, -94.0, 0, 0, 0
L 1007.0, -415.0, -94.0, 979.0, -407.0, -94.0, 0, 0, 0
L 1063.0, -415.0, -94.0, 1007.0, -415.0, -94.0, 0, 0, 0
L 1063.0, -364.0, -94.0, 1063.0, -415.0, -94.0, 0, 0, 0
L 1084.0, -351.0, -98.0, 1060.0, -351.0, -98.0, 0, 0, 0
L 1099.0, -351.0, -104.0, 1084.0, -351.0, -98.0, 0, 0, 0
L 1127.0, -351.0, -107.0, 1099.0, -351.0, -104.0, 0, 0, 0
L 1127.0, -315.0, -107.0, 1127.0, -351.0, -107.0, 0, 0, 0
L 1127.0, -292.0, -98.0, 1127.0, -315.0, -107.0, 0, 0, 0
L 1127.0, -256.0, -98.0, 1127.0, -292.0, -98.0, 0, 0, 0
L 1071.0, -256.0, -98.0, 1127.0, -256.0, -98.0, 0, 0, 0
L 1071.0, -291.0, -98.0, 1071.0, -256.0, -98.0, 0, 0, 0
L 1087.0, -291.0, -98.0, 1071.0, -291.0, -98.0, 0, 0, 0
L 1087.0, -312.0, -98.0, 1087.0, -291.0, -98.0, 0, 0, 0
L 968.0, -256.0, -106.0, 968.0, -260.0, -106.0, 0, 0, 0
L 968.0, -256.0, -106.0, 1055.0, -256.0, -106.0, 0, 0, 0
L 963.0, -260.0, -106.0, 968.0, -260.0, -106.0, 0, 0, 0
L 963.0, -256.0, -106.0, 963.0, -260.0, -106.0, 0, 0, 0
L 923.0, -280.0, -107.0, 923.0, -256.0, -107.0, 150, 150, 150
L 919.0, -284.0, -108.0, 963.0, -284.0, -108.0, 150, 150, 150
L 919.0, -256.0, -108.0, 919.0, -284.0, -108.0, 150, 150, 150
L 963.0, -256.0, -107.0, 915.0, -256.0, -109.0, 0, 0, 0
L 963.0, -280.0, -107.0, 923.0, -280.0, -107.0, 150, 150, 150
L 963.0, -288.0, -109.0, 963.0, -275.0, -106.0, 0, 0, 0
L 804.0, -228.0, -96.0, 806.0, -204.0, -96.0, 0, 0, 0
L 808.0, -244.0, -98.0, 804.0, -228.0, -96.0, 0, 0, 0
L 852.0, -300.0, -105.0, 808.0, -244.0, -98.0, 0, 0, 0
L 859.0, -315.0, -105.0, 852.0, -300.0, -105.0, 0, 0, 0
L 879.0, -315.0, -105.0, 859.0, -315.0, -105.0, 0, 0, 0
L 891.0, -321.0, -109.0, 879.0, -315.0, -105.0, 0, 0, 0
L 899.0, -323.0, -109.0, 891.0, -321.0, -109.0, 0, 0, 0
L 963.0, -323.0, -109.0, 951.0, -323.0, -109.0, 0, 0, 0
L 951.0, -323.0, -109.0, 899.0, -323.0, -109.0, 0, 0, 0
L 951.0, -311.0, -109.0, 951.0, -323.0, -109.0, 150, 150, 150
L 963.0, -311.0, -109.0, 951.0, -311.0, -109.0, 150, 150, 150
L 963.0, -288.0, -109.0, 963.0, -323.0, -109.0, 0, 0, 0
L 915.0, -288.0, -109.0, 963.0, -288.0, -109.0, 150, 150, 150
L 915.0, -256.0, -109.0, 915.0, -288.0, -109.0, 150, 150, 150
L 899.0, -256.0, -109.0, 915.0, -256.0, -109.0, 0, 0, 0
L 891.0, -271.0, -109.0, 899.0, -256.0, -109.0, 0, 0, 0
L 879.0, -276.0, -105.0, 891.0, -271.0, -109.0, 0, 0, 0
L 860.0, -276.0, -105.0, 879.0, -276.0, -105.0, 0, 0, 0
L 864.0, -279.0, -105.0, 860.0, -276.0, -105.0, 0, 0, 0
L 859.0, -284.0, -105.0, 864.0, -279.0, -105.0, 0, 0, 0
L 851.0, -276.0, -104.0, 859.0, -284.0, -105.0, 0, 0, 0
L 839.0, -259.0, -102.0, 851.0, -276.0, -104.0, 0, 0, 0
L 834.0, -229.0, -97.0, 839.0, -259.0, -102.0, 0, 0, 0
L 841.0, -204.0, -96.0, 834.0, -229.0, -97.0, 0, 0, 0
L 841.0, -150.0, -96.0, 841.0, -204.0, -96.0, 0, 0, 0
L 834.0, -150.0, -96.0, 841.0, -150.0, -96.0, 150, 150, 150
L 834.0, -158.0, -96.0, 834.0, -150.0, -96.0, 150, 150, 150
L 820.0, -151.0, -98.0, 831.0, -151.0, -98.0, 150, 150, 150
L 820.0, -158.0, -97.0, 820.0, -147.0, -98.0, 150, 150, 150
L 820.0, -153.0, -97.0, 831.0, -153.0, -97.0, 150, 150, 150
L 831.0, -149.0, -99.0, 820.0, -149.0, -99.0, 150, 150, 150
L 831.0, -158.0, -96.0, 831.0, -147.0, -99.0, 150, 150, 150
L 820.0, -155.0, -96.0, 831.0, -155.0, -96.0, 150, 150, 150
L 805.0, -175.0, -100.0, 806.0, -204.0, -96.0, 0, 0, 0
L 817.0, -150.0, -96.0, 803.0, -149.0, -100.0, 150, 150, 150
L 817.0, -158.0, -96.0, 817.0, -150.0, -96.0, 150, 150, 150
L 768.0, -180.0, -100.0, 708.0, -180.0, -100.0, 0, 0, 0
L 768.0, -175.0, -100.0, 768.0, -180.0, -100.0, 0, 0, 0
L 760.0, -175.0, -100.0, 768.0, -175.0, -100.0, 0, 0, 0
L 760.0, -128.0, -100.0, 760.0, -175.0, -100.0, 0, 0, 0
L 839.0, -128.0, -100.0, 760.0, -128.0, -100.0, 0, 0, 0
L 843.0, -147.0, -100.0, 839.0, -128.0, -100.0, 0, 0, 0
L 803.0, -175.0, -100.0, 803.0, -149.0, -100.0, 150, 150, 150
L 783.0, -175.0, -100.0, 805.0, -175.0, -100.0, 0, 0, 0
L 783.0, -180.0, -100.0, 783.0, -175.0, -100.0, 0, 0, 0
L 787.0, -180.0, -100.0, 783.0, -180.0, -100.0, 0, 0, 0
L 787.0, -227.0, -100.0, 787.0, -180.0, -100.0, 0, 0, 0
L 756.0, -212.0, -98.0, 756.0, -227.0, -98.0, 150, 150, 150
L 752.0, -227.0, -97.0, 752.0, -212.0, -97.0, 150, 150, 150
L 760.0, -212.0, -99.0, 760.0, -227.0, -99.0, 150, 150, 150
L 747.0, -212.0, -96.0, 764.0, -212.0, -99.0, 0, 0, 0
L 748.0, -212.0, -96.0, 748.0, -227.0, -96.0, 150, 150, 150
L 747.0, -208.0, -95.0, 747.0, -212.0, -95.0, 0, 0, 0
L 708.0, -208.0, -93.0, 747.0, -208.0, -95.0, 0, 0, 0
L 708.0, -231.0, -93.0, 708.0, -208.0, -93.0, 0, 0, 0
L 764.0, -227.0, -100.0, 764.0, -203.0, -100.0, 150, 150, 150
L 747.0, -227.0, -96.0, 787.0, -227.0, -100.0, 0, 0, 0
L 747.0, -231.0, -95.0, 747.0, -227.0, -95.0, 0, 0, 0
L 720.0, -235.0, -94.0, 743.0, -235.0, -94.0, 150, 150, 150
L 743.0, -243.0, -92.0, 720.0, -243.0, -92.0, 150, 150, 150
L 720.0, -248.0, -91.0, 720.0, -231.0, -93.0, 0, 0, 0
L 743.0, -239.0, -93.0, 720.0, -239.0, -93.0, 150, 150, 150
L 743.0, -248.0, -91.0, 743.0, -231.0, -93.0, 0, 0, 0
L 747.0, -248.0, -91.0, 743.0, -248.0, -91.0, 0, 0, 0
L 747.0, -271.0, -91.0, 747.0, -248.0, -91.0, 0, 0, 0
L 704.0, -271.0, -91.0, 747.0, -271.0, -91.0, 0, 0, 0
L 704.0, -267.0, -91.0, 704.0, -271.0, -91.0, 0, 0, 0
L 699.0, -267.0, -91.0, 704.0, -267.0, -91.0, 0, 0, 0
L 699.0, -271.0, -91.0, 699.0, -267.0, -91.0, 0, 0, 0
L 683.0, -279.0, -91.0, 699.0, -271.0, -91.0, 0, 0, 0
L 683.0, -332.0, -91.0, 683.0, -279.0, -91.0, 0, 0, 0
L 704.0, -332.0, -91.0, 683.0, -332.0, -91.0, 0, 0, 0
L 704.0, -327.0, -91.0, 704.0, -332.0, -91.0, 0, 0, 0
L 696.0, -327.0, -91.0, 704.0, -327.0, -91.0, 0, 0, 0
L 692.0, -315.0, -91.0, 696.0, -327.0, -91.0, 0, 0, 0
L 692.0, -288.0, -91.0, 692.0, -315.0, -91.0, 0, 0, 0
L 755.0, -288.0, -91.0, 755.0, -315.0, -91.0, 150, 150, 150
L 692.0, -288.0, -91.0, 755.0, -288.0, -91.0, 150, 150, 150
L 699.0, -280.0, -89.0, 692.0, -288.0, -91.0, 0, 0, 0
L 759.0, -280.0, -89.0, 699.0, -280.0, -89.0, 0, 0, 0
L 767.0, -288.0, -89.0, 759.0, -280.0, -89.0, 0, 0, 0
L 767.0, -307.0, -89.0, 767.0, -288.0, -89.0, 0, 0, 0
L 759.0, -315.0, -89.0, 767.0, -307.0, -89.0, 0, 0, 0
L 755.0, -315.0, -91.0, 759.0, -315.0, -89.0, 0, 0, 0
L 739.0, -315.0, -91.0, 755.0, -315.0, -91.0, 0, 0, 0
L 731.0, -323.0, -91.0, 739.0, -315.0, -91.0, 0, 0, 0
L 731.0, -327.0, -91.0, 731.0, -323.0, -91.0, 0, 0, 0
L 719.0, -327.0, -91.0, 731.0, -327.0, -91.0, 0, 0, 0
L 719.0, -332.0, -91.0, 719.0, -327.0, -91.0, 0, 0, 0
L 767.0, -332.0, -91.0, 719.0, -332.0, -91.0, 0, 0, 0
L 856.0, -432.0, -82.0, 856.0, -427.0, -82.0, 0, 0, 0
L 871.0, -427.0, -82.0, 871.0, -432.0, -82.0, 0, 0, 0
L 875.0, -427.0, -82.0, 871.0, -427.0, -82.0, 0, 0, 0
L 875.0, -416.0, -82.0, 875.0, -427.0, -82.0, 0, 0, 0
L 875.0, -376.0, -91.0, 875.0, -416.0, -82.0, 0, 0, 0
L 871.0, -343.0, -91.0, 875.0, -376.0, -91.0, 0, 0, 0
L 863.0, -324.0, -91.0, 871.0, -343.0, -91.0, 0, 0, 0
L 772.0, -324.0, -91.0, 863.0, -324.0, -91.0, 0, 0, 0
L 856.0, -427.0, -82.0, 772.0, -427.0, -91.0, 0, 0, 0
L 852.0, -432.0, -82.0, 856.0, -432.0, -82.0, 0, 0, 0
L 852.0, -455.0, -82.0, 852.0, -432.0, -82.0, 0, 0, 0
L 875.0, -459.0, -81.0, 852.0, -459.0, -81.0, 150, 150, 150
L 852.0, -463.0, -80.0, 875.0, -463.0, -80.0, 150, 150, 150
L 875.0, -467.0, -79.0, 852.0, -467.0, -79.0, 150, 150, 150
L 852.0, -471.0, -78.0, 875.0, -471.0, -78.0, 150, 150, 150
L 875.0, -475.0, -77.0, 852.0, -475.0, -77.0, 150, 150, 150
L 852.0, -479.0, -76.0, 875.0, -479.0, -76.0, 150, 150, 150
L 875.0, -483.0, -75.0, 852.0, -483.0, -75.0, 150, 150, 150
L 852.0, -487.0, -74.0, 875.0, -487.0, -74.0, 150, 150, 150
L 856.0, -491.0, -73.0, 856.0, -496.0, -73.0, 0, 0, 0
L 852.0, -491.0, -73.0, 856.0, -491.0, -73.0, 0, 0, 0
L 852.0, -455.0, -82.0, 852.0, -491.0, -73.0, 0, 0, 0
L 875.0, -455.0, -82.0, 852.0, -455.0, -82.0, 150, 150, 150
L 875.0, -491.0, -73.0, 875.0, -451.0, -82.0, 0, 0, 0
L 871.0, -491.0, -73.0, 875.0, -491.0, -73.0, 0, 0, 0
L 871.0, -496.0, -73.0, 871.0, -491.0, -73.0, 0, 0, 0
L 852.0, -573.0, -73.0, 878.0, -573.0, -73.0, 0, 0, 0
L 852.0, -496.0, -73.0, 852.0, -573.0, -73.0, 0, 0, 0
L 856.0, -496.0, -73.0, 852.0, -496.0, -73.0, 0, 0, 0
L 947.0, -496.0, -73.0, 871.0, -496.0, -73.0, 0, 0, 0
L 947.0, -535.0, -73.0, 947.0, -496.0, -73.0, 0, 0, 0
L 907.0, -535.0, -73.0, 947.0, -535.0, -73.0, 150, 150, 150
L 907.0, -573.0, -73.0, 907.0, -535.0, -73.0, 0, 0, 0
L 895.0, -573.0, -73.0, 907.0, -573.0, -73.0, 0, 0, 0
L 907.0, -580.0, -70.0, 907.0, -584.0, -70.0, 0, 0, 0
L 866.0, -584.0, -70.0, 866.0, -580.0, -70.0, 0, 0, 0
L 843.0, -584.0, -70.0, 866.0, -584.0, -70.0, 0, 0, 0
L 843.0, -448.0, -70.0, 843.0, -584.0, -70.0, 0, 0, 0
L 763.0, -448.0, -70.0, 843.0, -448.0, -70.0, 0, 0, 0
L 763.0, -396.0, -70.0, 763.0, -448.0, -70.0, 0, 0, 0
L 688.0, -396.0, -70.0, 763.0, -396.0, -70.0, 0, 0, 0
L 692.0, -403.0, -71.0, 688.0, -396.0, -70.0, 0, 0, 0
L 690.0, -408.0, -73.0, 692.0, -403.0, -71.0, 0, 0, 0
L 687.0, -410.0, -73.0, 690.0, -408.0, -73.0, 0, 0, 0
L 685.0, -400.0, -74.0, 687.0, -410.0, -74.0, 0, 0, 0
L 491.0, -487.0, -77.0, 504.0, -491.0, -79.0, 0, 0, 0
L 451.0, -479.0, -76.0, 491.0, -487.0, -77.0, 0, 0, 0
L 435.0, -487.0, -76.0, 451.0, -479.0, -76.0, 0, 0, 0
L 423.0, -495.0, -76.0, 435.0, -487.0, -76.0, 0, 0, 0
L 407.0, -499.0, -76.0, 423.0, -495.0, -76.0, 0, 0, 0
L 335.0, -499.0, -76.0, 407.0, -499.0, -76.0, 0, 0, 0
L 316.0, -487.0, -76.0, 335.0, -499.0, -76.0, 0, 0, 0
L 304.0, -471.0, -76.0, 316.0, -487.0, -76.0, 0, 0, 0
L 288.0, -443.0, -76.0, 304.0, -471.0, -76.0, 0, 0, 0
L 280.0, -403.0, -76.0, 288.0, -443.0, -76.0, 0, 0, 0
L 280.0, -390.0, -76.0, 280.0, -403.0, -76.0, 0, 0, 0
L 290.0, -390.0, -76.0, 280.0, -390.0, -76.0, 0, 0, 0
L 290.0, -377.0, -76.0, 290.0, -390.0, -76.0, 0, 0, 0
L 280.0, -377.0, -76.0, 290.0, -377.0, -76.0, 0, 0, 0
L 280.0, -363.0, -76.0, 280.0, -377.0, -76.0, 0, 0, 0
L 234.0, -363.0, -72.0, 280.0, -363.0, -76.0, 0, 0, 0
L 234.0, -353.0, -72.0, 234.0, -363.0, -72.0, 0, 0, 0
L 221.0, -353.0, -72.0, 234.0, -353.0, -72.0, 0, 0, 0
L 221.0, -371.0, -72.0, 221.0, -353.0, -72.0, 0, 0, 0
L 164.0, -371.0, -72.0, 221.0, -371.0, -72.0, 0, 0, 0
L 164.0, -363.0, -72.0, 164.0, -371.0, -72.0, 0, 0, 0
L 167.0, -360.0, -71.0, 164.0, -363.0, -72.0, 0, 0, 0
L 169.0, -356.0, -69.0, 167.0, -360.0, -71.0, 0, 0, 0
L 170.0, -351.0, -68.0, 169.0, -356.0, -69.0, 0, 0, 0
L 166.0, -347.0, -68.0, 170.0, -351.0, -68.0, 0, 0, 0
L 161.0, -345.0, -68.0, 166.0, -347.0, -68.0, 0, 0, 0
L 152.0, -343.0, -68.0, 161.0, -345.0, -68.0, 0, 0, 0
L 152.0, -328.0, -68.0, 152.0, -343.0, -68.0, 0, 0, 0
L 161.0, -326.0, -68.0, 152.0, -328.0, -68.0, 0, 0, 0
L 166.0, -324.0, -68.0, 161.0, -326.0, -68.0, 0, 0, 0
L 170.0, -320.0, -68.0, 166.0, -324.0, -68.0, 0, 0, 0
L 169.0, -315.0, -69.0, 170.0, -320.0, -68.0, 0, 0, 0
L 167.0, -311.0, -71.0, 169.0, -315.0, -69.0, 0, 0, 0
L 164.0, -307.0, -72.0, 167.0, -311.0, -71.0, 0, 0, 0
L 164.0, -300.0, -72.0, 164.0, -307.0, -72.0, 0, 0, 0
L 221.0, -300.0, -72.0, 164.0, -300.0, -72.0, 0, 0, 0
L 221.0, -318.0, -72.0, 221.0, -300.0, -72.0, 0, 0, 0
L 234.0, -318.0, -72.0, 221.0, -318.0, -72.0, 0, 0, 0
L 234.0, -308.0, -72.0, 234.0, -318.0, -72.0, 0, 0, 0
L 383.0, -308.0, -76.0, 234.0, -308.0, -72.0, 0, 0, 0
L 383.0, -377.0, -76.0, 383.0, -308.0, -76.0, 0, 0, 0
L 373.0, -377.0, -76.0, 383.0, -377.0, -76.0, 0, 0, 0
L 373.0, -390.0, -76.0, 373.0, -377.0, -76.0, 0, 0, 0
L 383.0, -390.0, -76.0, 373.0, -390.0, -76.0, 0, 0, 0
L 383.0, -403.0, -76.0, 383.0, -390.0, -76.0, 0, 0, 0
L 387.0, -411.0, -76.0, 383.0, -403.0, -76.0, 0, 0, 0
L 395.0, -420.0, -76.0, 387.0, -411.0, -76.0, 0, 0, 0
L 407.0, -428.0, -76.0, 395.0, -420.0, -76.0, 0, 0, 0
L 423.0, -428.0, -76.0, 407.0, -428.0, -76.0, 0, 0, 0
L 435.0, -420.0, -76.0, 423.0, -428.0, -76.0, 0, 0, 0
L 444.0, -412.0, -76.0, 435.0, -420.0, -76.0, 0, 0, 0
L 452.0, -396.0, -76.0, 444.0, -412.0, -76.0, 0, 0, 0
L 476.0, -392.0, -76.0, 452.0, -396.0, -76.0, 0, 0, 0
L 476.0, -384.0, -76.0, 476.0, -392.0, -76.0, 0, 0, 0
L 491.0, -372.0, -77.0, 476.0, -384.0, -76.0, 0, 0, 0
L 508.0, -356.0, -79.0, 491.0, -372.0, -77.0, 0, 0, 0
L 555.0, -399.0, -80.0, 555.0, -356.0, -80.0, 0, 0, 255
L 539.0, -491.0, -79.0, 535.0, -491.0, -80.0, 0, 0, 255
L 547.0, -475.0, -79.0, 539.0, -491.0, -79.0, 0, 0, 255
L 551.0, -463.0, -79.0, 547.0, -475.0, -79.0, 0, 0, 255
L 555.0, -448.0, -79.0, 551.0, -463.0, -79.0, 0, 0, 255
L 508.0, -475.0, -80.0, 511.0, -448.0, -79.0, 0, 0, 255
L 504.0, -491.0, -80.0, 508.0, -475.0, -80.0, 0, 0, 255
L 508.0, -515.0, -80.0, 504.0, -511.0, -79.0, 0, 0, 255
L 508.0, -519.0, -80.0, 508.0, -515.0, -80.0, 0, 0, 255
L 535.0, -496.0, -80.0, 535.0, -491.0, -80.0, 0, 0, 255
L 539.0, -496.0, -80.0, 535.0, -496.0, -80.0, 0, 0, 255
L 539.0, -511.0, -80.0, 539.0, -496.0, -80.0, 0, 0, 255
L 535.0, -515.0, -80.0, 539.0, -511.0, -80.0, 0, 0, 255
L 535.0, -519.0, -80.0, 535.0, -515.0, -80.0, 0, 0, 255
L 508.0, -519.0, -80.0, 535.0, -519.0, -80.0, 0, 0, 255
L 504.0, -496.0, -79.0, 504.0, -511.0, -79.0, 0, 0, 255
L 508.0, -496.0, -79.0, 504.0, -496.0, -79.0, 0, 0, 255
L 508.0, -491.0, -79.0, 508.0, -496.0, -79.0, 0, 0, 255
L 504.0, -491.0, -79.0, 508.0, -491.0, -79.0, 0, 0, 255
L 514.0, -348.0, -80.0, 514.0, -345.0, -80.0, 150, 150, 150
L 515.0, -345.0, -80.0, 515.0, -348.0, -80.0, 150, 150, 150
L 518.0, -348.0, -80.0, 518.0, -345.0, -80.0, 150, 150, 150
L 519.0, -345.0, -80.0, 519.0, -348.0, -80.0, 150, 150, 150
L 522.0, -348.0, -80.0, 522.0, -345.0, -80.0, 150, 150, 150
L 523.0, -345.0, -80.0, 523.0, -348.0, -80.0, 150, 150, 150
L 526.0, -348.0, -80.0, 526.0, -345.0, -80.0, 150, 150, 150
L 527.0, -345.0, -80.0, 527.0, -348.0, -80.0, 150, 150, 150
L 533.0, -348.0, -80.0, 533.0, -345.0, -80.0, 150, 150, 150
L 536.0, -348.0, -80.0, 533.0, -348.0, -80.0, 150, 150, 150
L 536.0, -345.0, -80.0, 536.0, -348.0, -80.0, 150, 150, 150
L 533.0, -345.0, -80.0, 536.0, -345.0, -80.0, 150, 150, 150
L 527.0, -345.0, -80.0, 531.0, -345.0, -80.0, 150, 150, 150
L 523.0, -345.0, -80.0, 526.0, -345.0, -80.0, 150, 150, 150
L 519.0, -345.0, -80.0, 522.0, -345.0, -80.0, 150, 150, 150
L 515.0, -345.0, -80.0, 518.0, -345.0, -80.0, 150, 150, 150
L 511.0, -345.0, -80.0, 514.0, -345.0, -80.0, 150, 150, 150
L 511.0, -348.0, -80.0, 511.0, -345.0, -80.0, 150, 150, 150
L 514.0, -348.0, -80.0, 511.0, -348.0, -80.0, 150, 150, 150
L 518.0, -348.0, -80.0, 515.0, -348.0, -80.0, 150, 150, 150
L 522.0, -348.0, -80.0, 519.0, -348.0, -80.0, 150, 150, 150
L 526.0, -348.0, -80.0, 523.0, -348.0, -80.0, 150, 150, 150
L 531.0, -348.0, -80.0, 527.0, -348.0, -80.0, 150, 150, 150
L 531.0, -345.0, -80.0, 531.0, -348.0, -80.0, 150, 150, 150
L 537.0, -345.0, -80.0, 540.0, -345.0, -80.0, 150, 150, 150
L 537.0, -348.0, -80.0, 537.0, -345.0, -80.0, 150, 150, 150
L 540.0, -348.0, -80.0, 537.0, -348.0, -80.0, 150, 150, 150
L 540.0, -345.0, -80.0, 540.0, -348.0, -80.0, 150, 150, 150
L 541.0, -345.0, -80.0, 544.0, -345.0, -80.0, 150, 150, 150
L 541.0, -348.0, -80.0, 541.0, -345.0, -80.0, 150, 150, 150
L 544.0, -348.0, -80.0, 541.0, -348.0, -80.0, 150, 150, 150
L 544.0, -345.0, -80.0, 544.0, -348.0, -80.0, 150, 150, 150
L 545.0, -348.0, -80.0, 545.0, -345.0, -80.0, 150, 150, 150
L 549.0, -345.0, -80.0, 549.0, -348.0, -80.0, 0, 0, 255
L 545.0, -345.0, -80.0, 548.0, -345.0, -80.0, 150, 150, 150
L 548.0, -348.0, -80.0, 545.0, -348.0, -80.0, 150, 150, 150
L 548.0, -345.0, -80.0, 548.0, -348.0, -80.0, 150, 150, 150
L 551.0, -352.0, -80.0, 555.0, -356.0, -80.0, 0, 0, 255
L 549.0, -348.0, -80.0, 551.0, -352.0, -80.0, 0, 0, 255
L 559.0, -345.0, -80.0, 549.0, -345.0, -80.0, 0, 0, 255
L 559.0, -311.0, -80.0, 559.0, -345.0, -80.0, 0, 0, 255
L 575.0, -287.0, -80.0, 559.0, -311.0, -80.0, 0, 0, 255
L 623.0, -287.0, -80.0, 575.0, -287.0, -80.0, 0, 0, 255
L 623.0, -236.0, -80.0, 623.0, -287.0, -80.0, 0, 0, 255
L 575.0, -252.0, -80.0, 623.0, -236.0, -80.0, 0, 0, 255
L 516.0, -288.0, -80.0, 575.0, -252.0, -80.0, 0, 0, 255
L 500.0, -312.0, -80.0, 516.0, -288.0, -80.0, 0, 0, 255
L 500.0, -345.0, -80.0, 500.0, -312.0, -80.0, 0, 0, 255
L 510.0, -345.0, -80.0, 500.0, -345.0, -80.0, 0, 0, 255
L 508.0, -348.0, -80.0, 510.0, -345.0, -80.0, 0, 0, 255
L 508.0, -399.0, -80.0, 508.0, -348.0, -80.0, 0, 0, 255
L 512.0, -448.0, -80.0, 512.0, -435.0, -80.0, 139, 69, 19
L 555.0, -435.0, -80.0, 555.0, -448.0, -79.0, 139, 69, 19
L 507.0, -435.0, -79.0, 560.0, -435.0, -79.0, 139, 69, 19
L 507.0, -448.0, -79.0, 507.0, -435.0, -79.0, 139, 69, 19
L 560.0, -448.0, -79.0, 507.0, -448.0, -79.0, 139, 69, 19
L 560.0, -435.0, -79.0, 560.0, -448.0, -79.0, 139, 69, 19
L 512.0, -412.0, -80.0, 512.0, -399.0, -79.0, 139, 69, 19
L 507.0, -399.0, -79.0, 557.0, -399.0, -80.0, 139, 69, 19
L 507.0, -412.0, -79.0, 507.0, -399.0, -79.0, 139, 69, 19
L 556.0, -412.0, -80.0, 507.0, -412.0, -79.0, 139, 69, 19
L 555.0, -412.0, -80.0, 555.0, -399.0, -80.0, 139, 69, 19
L 560.0, -412.0, -79.0, 555.0, -412.0, -80.0, 139, 69, 19
L 560.0, -399.0, -79.0, 560.0, -412.0, -79.0, 139, 69, 19
L 555.0, -399.0, -80.0, 560.0, -399.0, -79.0, 139, 69, 19
L 649.0, -400.0, -80.0, 685.0, -400.0, -74.0, 0, 0, 0
L 643.0, -398.0, -80.0, 649.0, -400.0, -80.0, 0, 0, 0
L 631.0, -392.0, -80.0, 643.0, -398.0, -80.0, 0, 0, 0
L 560.0, -356.0, -79.0, 555.0, -356.0, -80.0, 0, 0, 0
L 575.0, -356.0, -77.0, 560.0, -356.0, -79.0, 0, 0, 0
L 591.0, -360.0, -77.0, 575.0, -356.0, -77.0, 0, 0, 0
L 610.0, -375.0, -77.0, 591.0, -360.0, -77.0, 0, 0, 0
L 631.0, -392.0, -81.0, 610.0, -375.0, -77.0, 0, 0, 0
L 559.0, -491.0, -79.0, 539.0, -491.0, -79.0, 0, 0, 0
L 575.0, -487.0, -77.0, 559.0, -491.0, -79.0, 0, 0, 0
L 591.0, -475.0, -77.0, 575.0, -487.0, -77.0, 0, 0, 0
L 611.0, -447.0, -77.0, 591.0, -475.0, -77.0, 0, 0, 0
L 632.0, -437.0, -80.0, 611.0, -447.0, -77.0, 0, 0, 0
L 632.0, -491.0, -80.0, 632.0, -437.0, -80.0, 0, 0, 0
L 648.0, -515.0, -79.0, 648.0, -491.0, -79.0, 0, 0, 0
L 687.0, -515.0, -79.0, 648.0, -515.0, -79.0, 0, 0, 0
L 687.0, -491.0, -80.0, 687.0, -515.0, -79.0, 0, 0, 0
L 687.0, -448.0, -80.0, 687.0, -491.0, -80.0, 0, 0, 0
L 641.0, -448.0, -80.0, 687.0, -448.0, -80.0, 0, 0, 0
L 641.0, -445.0, -80.0, 641.0, -448.0, -80.0, 0, 0, 0
L 643.0, -437.0, -80.0, 641.0, -445.0, -80.0, 0, 0, 0
L 649.0, -435.0, -80.0, 643.0, -437.0, -80.0, 0, 0, 0
L 685.0, -435.0, -74.0, 649.0, -435.0, -80.0, 0, 0, 0
L 687.0, -425.0, -74.0, 685.0, -435.0, -74.0, 0, 0, 0
L 690.0, -427.0, -73.0, 687.0, -425.0, -73.0, 0, 0, 0
L 692.0, -431.0, -71.0, 690.0, -427.0, -73.0, 0, 0, 0
L 688.0, -439.0, -70.0, 692.0, -431.0, -71.0, 0, 0, 0
L 720.0, -439.0, -70.0, 688.0, -439.0, -70.0, 0, 0, 0
L 720.0, -491.0, -70.0, 720.0, -439.0, -70.0, 0, 0, 0
L 800.0, -491.0, -70.0, 720.0, -491.0, -70.0, 0, 0, 0
L 800.0, -508.0, -70.0, 800.0, -491.0, -70.0, 0, 0, 0
L 776.0, -508.0, -70.0, 800.0, -508.0, -70.0, 0, 0, 0
L 800.0, -551.0, -70.0, 776.0, -551.0, -70.0, 0, 0, 0
L 800.0, -627.0, -70.0, 800.0, -551.0, -70.0, 0, 0, 0
L 964.0, -627.0, -70.0, 800.0, -627.0, -70.0, 0, 0, 0
L 964.0, -697.0, -70.0, 964.0, -627.0, -70.0, 0, 0, 0
L -356.0, -123.0, -82.0, -356.0, -7.0, -91.0, 0, 0, 0
L -515.0, -123.0, -82.0, -356.0, -123.0, -82.0, 0, 0, 0
L -515.0, -44.0, -82.0, -515.0, -123.0, -82.0, 0, 0, 0
L -515.0, -11.0, -82.0, -515.0, -44.0, -82.0, 0, 0, 0
L -595.0, -11.0, -82.0, -515.0, -11.0, -82.0, 0, 0, 0
L -595.0, 8.0, -93.0, -595.0, -11.0, -82.0, 0, 0, 0
L -611.0, 24.0, -101.0, -595.0, 8.0, -93.0, 0, 0, 0
L -655.0, 24.0, -101.0, -611.0, 24.0, -101.0, 0, 0, 0
L -675.0, 24.0, -110.0, -655.0, 24.0, -101.0, 0, 0, 0
L -686.0, 28.0, -110.0, -675.0, 24.0, -110.0, 0, 0, 0
L -695.0, 32.0, -110.0, -686.0, 28.0, -110.0, 0, 0, 0
L -703.0, 39.0, -110.0, -695.0, 32.0, -110.0, 0, 0, 0
L -711.0, 52.0, -110.0, -703.0, 39.0, -110.0, 0, 0, 0
L -719.0, 60.0, -110.0, -711.0, 52.0, -110.0, 0, 0, 0
L -727.0, 64.0, -110.0, -719.0, 60.0, -110.0, 0, 0, 0
L -731.0, 64.0, -110.0, -727.0, 64.0, -110.0, 0, 0, 0
L -731.0, 79.0, -110.0, -731.0, 64.0, -110.0, 0, 0, 0
L -736.0, 80.0, -110.0, -731.0, 79.0, -110.0, 0, 0, 0
L -736.0, 64.0, -110.0, -736.0, 80.0, -110.0, 0, 0, 0
L -743.0, 60.0, -110.0, -736.0, 64.0, -110.0, 0, 0, 0
L -759.0, 56.0, -110.0, -743.0, 60.0, -110.0, 0, 0, 0
L -771.0, 48.0, -110.0, -759.0, 56.0, -110.0, 0, 0, 0
L -779.0, 40.0, -110.0, -771.0, 48.0, -110.0, 0, 0, 0
L -786.0, 36.0, -110.0, -779.0, 40.0, -110.0, 0, 0, 0
L -799.0, 28.0, -110.0, -786.0, 36.0, -110.0, 0, 0, 0
L -811.0, 24.0, -110.0, -799.0, 28.0, -110.0, 0, 0, 0
L -819.0, 24.0, -110.0, -811.0, 24.0, -110.0, 0, 0, 0
L -827.0, 32.0, -110.0, -819.0, 24.0, -110.0, 0, 0, 0
L -839.0, 40.0, -110.0, -827.0, 32.0, -110.0, 0, 0, 0
L -847.0, 44.0, -110.0, -839.0, 40.0, -110.0, 0, 0, 0
L -855.0, 44.0, -110.0, -847.0, 44.0, -110.0, 0, 0, 0
L -862.0, 48.0, -110.0, -855.0, 44.0, -110.0, 0, 0, 0
L -867.0, 52.0, -110.0, -862.0, 48.0, -110.0, 0, 0, 0
L -867.0, 55.0, -110.0, -867.0, 52.0, -110.0, 150, 150, 150
L -875.0, 64.0, -110.0, -867.0, 55.0, -110.0, 150, 150, 150
L -875.0, 71.0, -110.0, -875.0, 64.0, -110.0, 0, 0, 0
L -887.0, 92.0, -110.0, -875.0, 71.0, -110.0, 0, 0, 0
L -887.0, 99.0, -110.0, -887.0, 92.0, -110.0, 0, 0, 0
L -883.0, 111.0, -110.0, -887.0, 99.0, -110.0, 0, 0, 0
L -883.0, 115.0, -110.0, -883.0, 111.0, -110.0, 0, 0, 0
L -887.0, 123.0, -110.0, -883.0, 115.0, -110.0, 0, 0, 0
L -887.0, 132.0, -110.0, -887.0, 123.0, -110.0, 0, 0, 0
L -891.0, 140.0, -110.0, -887.0, 132.0, -110.0, 0, 0, 0
L -899.0, 152.0, -110.0, -891.0, 140.0, -110.0, 0, 0, 0
L -911.0, 140.0, -110.0, -899.0, 152.0, -110.0, 0, 0, 0
L -923.0, 136.0, -110.0, -911.0, 140.0, -110.0, 0, 0, 0
L -930.0, 136.0, -110.0, -923.0, 136.0, -110.0, 0, 0, 0
L -943.0, 140.0, -110.0, -930.0, 136.0, -110.0, 0, 0, 0
L -952.0, 132.0, -110.0, -943.0, 140.0, -110.0, 0, 0, 0
L -978.0, 116.0, -110.0, -952.0, 132.0, -110.0, 0, 0, 0
L -991.0, 112.0, -110.0, -978.0, 116.0, -110.0, 0, 0, 0
L -1027.0, 112.0, -110.0, -991.0, 112.0, -110.0, 0, 0, 0
L -1028.0, 108.0, -109.0, -1027.0, 112.0, -110.0, 0, 0, 0
L -1026.0, 104.0, -107.0, -1028.0, 108.0, -109.0, 0, 0, 0
L -1025.0, 99.0, -106.0, -1026.0, 104.0, -107.0, 0, 0, 0
L -1024.0, 95.0, -104.0, -1025.0, 99.0, -106.0, 0, 0, 0
L -1023.0, 88.0, -103.0, -1024.0, 95.0, -104.0, 0, 0, 0
L -1021.0, 84.0, -101.0, -1023.0, 88.0, -103.0, 0, 0, 0
L -1020.0, 79.0, -100.0, -1021.0, 84.0, -101.0, 0, 0, 0
L -1020.0, 75.0, -98.0, -1020.0, 79.0, -100.0, 0, 0, 0
L -1019.0, 72.0, -97.0, -1020.0, 75.0, -98.0, 0, 0, 0
L -1015.0, 67.0, -95.0, -1019.0, 72.0, -97.0, 0, 0, 0
L -1012.0, 63.0, -94.0, -1015.0, 67.0, -95.0, 0, 0, 0
L -1011.0, 56.0, -92.0, -1012.0, 63.0, -94.0, 0, 0, 0
L -1011.0, 47.0, -89.0, -1011.0, 56.0, -92.0, 0, 0, 0
L -1009.0, 39.0, -87.0, -1011.0, 47.0, -89.0, 0, 0, 0
L -995.0, 35.0, -87.0, -1009.0, 39.0, -87.0, 0, 0, 0
L -983.0, 35.0, -87.0, -995.0, 35.0, -87.0, 0, 0, 0
L -959.0, 47.0, -87.0, -983.0, 35.0, -87.0, 0, 0, 0
L -935.0, 47.0, -87.0, -959.0, 47.0, -87.0, 0, 0, 0
L -923.0, 39.0, -87.0, -935.0, 47.0, -87.0, 0, 0, 0
L -899.0, 55.0, -87.0, -923.0, 39.0, -87.0, 0, 0, 0
L -875.0, 63.0, -110.0, -899.0, 55.0, -87.0, 0, 0, 0
L -883.0, 36.0, -87.0, -867.0, 52.0, -110.0, 0, 0, 0
L -911.0, 24.0, -87.0, -883.0, 36.0, -87.0, 0, 0, 0
L -912.0, -23.0, -87.0, -911.0, 24.0, -87.0, 0, 0, 0
L -935.0, -47.0, -87.0, -912.0, -23.0, -87.0, 0, 0, 0
L -959.0, -47.0, -81.0, -935.0, -47.0, -87.0, 0, 0, 0
L -960.0, -59.0, -81.0, -959.0, -47.0, -81.0, 0, 0, 0
L -1007.0, -59.0, -81.0, -960.0, -59.0, -81.0, 0, 0, 0
L -1007.0, -47.0, -81.0, -1007.0, -59.0, -81.0, 0, 0, 0
L -1019.0, -47.0, -87.0, -1007.0, -47.0, -81.0, 0, 0, 0
L -1043.0, -35.0, -87.0, -1019.0, -47.0, -87.0, 0, 0, 0
L -1055.0, 0.0, -87.0, -1043.0, -35.0, -87.0, 0, 0, 0
L -1055.0, 23.0, -87.0, -1055.0, 0.0, -87.0, 0, 0, 0
L -1045.0, 39.0, -87.0, -1055.0, 23.0, -87.0, 0, 0, 0
L -1043.0, 48.0, -89.0, -1045.0, 39.0, -87.0, 0, 0, 0
L -1043.0, 55.0, -92.0, -1043.0, 48.0, -89.0, 0, 0, 0
L -1041.0, 63.0, -94.0, -1043.0, 55.0, -92.0, 0, 0, 0
L -1037.0, 67.0, -95.0, -1041.0, 63.0, -94.0, 0, 0, 0
L -1034.0, 71.0, -97.0, -1037.0, 67.0, -95.0, 0, 0, 0
L -1032.0, 75.0, -98.0, -1034.0, 71.0, -97.0, 0, 0, 0
L -1031.0, 79.0, -100.0, -1032.0, 75.0, -98.0, 0, 0, 0
L -1033.0, 87.0, -103.0, -1031.0, 79.0, -100.0, 0, 0, 0
L -1036.0, 95.0, -104.0, -1033.0, 87.0, -103.0, 0, 0, 0
L -1036.0, 100.0, -106.0, -1036.0, 95.0, -104.0, 0, 0, 0
L -1037.0, 103.0, -107.0, -1036.0, 100.0, -106.0, 0, 0, 0
L -1039.0, 108.0, -109.0, -1037.0, 103.0, -107.0, 0, 0, 0
L -1039.0, 112.0, -110.0, -1039.0, 108.0, -109.0, 0, 0, 0
L -1051.0, 108.0, -110.0, -1039.0, 112.0, -110.0, 0, 0, 0
L -1059.0, 108.0, -110.0, -1051.0, 108.0, -110.0, 0, 0, 0
L -1087.0, 100.0, -110.0, -1059.0, 108.0, -110.0, 0, 0, 0
L -1099.0, 92.0, -110.0, -1087.0, 100.0, -110.0, 0, 0, 0
L -1111.0, 76.0, -110.0, -1099.0, 92.0, -110.0, 0, 0, 0
L -1159.0, 76.0, -110.0, -1111.0, 76.0, -110.0, 0, 0, 0
L 859.0, -768.0, -44.0, 867.0, -777.0, -42.0, 0, 204, 0
L 867.0, -777.0, -42.0, 871.0, -779.0, -42.0, 0, 204, 0
L 871.0, -779.0, -42.0, 875.0, -780.0, -41.0, 0, 204, 0
L 875.0, -780.0, -41.0, 879.0, -780.0, -40.0, 0, 204, 0
L 879.0, -780.0, -40.0, 886.0, -775.0, -39.0, 0, 204, 0
L 886.0, -775.0, -39.0, 889.0, -772.0, -37.0, 0, 204, 0
L 889.0, -772.0, -37.0, 903.0, -772.0, -37.0, 0, 204, 0
L 903.0, -772.0, -37.0, 907.0, -776.0, -39.0, 0, 204, 0
L 907.0, -776.0, -39.0, 919.0, -780.0, -40.0, 0, 204, 0
L 919.0, -780.0, -40.0, 922.0, -775.0, -40.0, 0, 204, 0
L 922.0, -775.0, -40.0, 923.0, -771.0, -40.0, 0, 204, 0
L 923.0, -771.0, -40.0, 921.0, -767.0, -40.0, 0, 204, 0
L 921.0, -767.0, -40.0, 917.0, -761.0, -39.0, 0, 204, 0
L 917.0, -761.0, -39.0, 913.0, -757.0, -37.0, 0, 204, 0
L 905.0, -755.0, -36.0, 905.0, -742.0, -36.0, 199, 21, 133
L 905.0, -755.0, -36.0, 909.0, -755.0, -36.0, 0, 204, 0
L 909.0, -755.0, -36.0, 913.0, -757.0, -37.0, 0, 204, 0
L 905.0, -742.0, -36.0, 909.0, -742.0, -36.0, 0, 204, 0
L 909.0, -742.0, -36.0, 913.0, -739.0, -37.0, 0, 204, 0
L 913.0, -739.0, -37.0, 917.0, -735.0, -39.0, 0, 204, 0
L 917.0, -735.0, -39.0, 922.0, -729.0, -40.0, 0, 204, 0
L 922.0, -729.0, -40.0, 922.0, -725.0, -40.0, 0, 204, 0
L 922.0, -725.0, -40.0, 917.0, -721.0, -39.0, 0, 204, 0
L 917.0, -721.0, -39.0, 913.0, -718.0, -37.0, 0, 204, 0
L 913.0, -718.0, -37.0, 910.0, -713.0, -34.0, 0, 204, 0
L 910.0, -713.0, -34.0, 910.0, -646.0, -34.0, 0, 204, 0
L 910.0, -646.0, -34.0, 991.0, -644.0, -40.0, 0, 204, 0
L 991.0, -644.0, -40.0, 1003.0, -651.0, -40.0, 0, 204, 0
L 1003.0, -651.0, -40.0, 1003.0, -660.0, -40.0, 0, 204, 0
L 1003.0, -660.0, -40.0, 1006.0, -660.0, -40.0, 0, 204, 0
L 1006.0, -660.0, -40.0, 1006.0, -652.0, -40.0, 0, 204, 0
L 1006.0, -652.0, -40.0, 1075.0, -652.0, -47.0, 0, 204, 0
L 1075.0, -652.0, -47.0, 1091.0, -660.0, -47.0, 0, 204, 0
L 1091.0, -660.0, -47.0, 1103.0, -675.0, -47.0, 0, 204, 0
L 1103.0, -675.0, -47.0, 1103.0, -688.0, -47.0, 0, 204, 0
L 1103.0, -688.0, -47.0, 1103.0, -743.0, -54.0, 0, 204, 0
L 1103.0, -743.0, -54.0, 1103.0, -751.0, -54.0, 0, 204, 0
L 1103.0, -751.0, -54.0, 1090.0, -767.0, -54.0, 0, 204, 0
L 1090.0, -767.0, -54.0, 1075.0, -775.0, -54.0, 0, 204, 0
L 1075.0, -775.0, -54.0, 1060.0, -775.0, -54.0, 0, 204, 0
L 1060.0, -775.0, -54.0, 1000.0, -775.0, -61.0, 0, 0, 0
L 1000.0, -775.0, -61.0, 991.0, -775.0, -61.0, 0, 0, 0
L 991.0, -775.0, -61.0, 964.0, -751.0, -61.0, 0, 0, 0
L 964.0, -751.0, -61.0, 964.0, -734.0, -61.0, 0, 0, 0
L 964.0, -734.0, -61.0, 964.0, -697.0, -70.0, 0, 0, 0
L 1005.0, -697.0, -70.0, 1005.0, -704.0, -69.0, 0, 0, 0
L 1005.0, -704.0, -69.0, 1005.0, -736.0, -61.0, 0, 0, 0
L 1062.0, -744.0, -54.0, 1061.0, -687.0, -47.0, 0, 204, 0
L 1061.0, -687.0, -46.0, 1006.0, -687.0, -40.0, 0, 204, 0
L 1006.0, -687.0, -40.0, 1006.0, -677.0, -40.0, 0, 204, 0
L 1006.0, -677.0, -40.0, 1003.0, -677.0, -40.0, 0, 204, 0
L 1003.0, -677.0, -40.0, 1003.0, -687.0, -40.0, 0, 204, 0
L 1003.0, -687.0, -40.0, 991.0, -693.0, -40.0, 0, 204, 0
L 991.0, -693.0, -40.0, 978.0, -695.0, -40.0, 0, 204, 0
L 978.0, -695.0, -40.0, 974.0, -695.0, -39.0, 0, 204, 0
L 974.0, -695.0, -39.0, 971.0, -695.0, -37.0, 0, 204, 0
L 971.0, -695.0, -37.0, 959.0, -695.0, -34.0, 0, 204, 0
L 959.0, -695.0, -34.0, 959.0, -815.0, -34.0, 0, 204, 0
L 959.0, -815.0, -34.0, 897.0, -815.0, -34.0, 0, 204, 0
L 897.0, -815.0, -34.0, 888.0, -803.0, -39.0, 0, 204, 0
L 888.0, -803.0, -39.0, 879.0, -799.0, -40.0, 0, 204, 0
L 875.0, -799.0, -41.0, 862.0, -805.0, -43.0, 0, 204, 0
L 862.0, -805.0, -43.0, 856.0, -807.0, -45.0, 0, 204, 0
L 856.0, -807.0, -45.0, 853.0, -807.0, -45.0, 0, 204, 0
L 853.0, -807.0, -45.0, 846.0, -807.0, -47.0, 0, 204, 0
L 846.0, -807.0, -47.0, 842.0, -807.0, -48.0, 0, 204, 0
L 842.0, -807.0, -48.0, 836.0, -807.0, -50.0, 0, 204, 0
L 875.0, -799.0, -41.0, 879.0, -799.0, -40.0, 0, 204, 0
L 836.0, -807.0, -50.0, 836.0, -799.0, -50.0, 0, 204, 0
L 836.0, -799.0, -50.0, 833.0, -799.0, -50.0, 100, 50, 0
L 833.0, -799.0, -50.0, 833.0, -807.0, -50.0, 0, 0, 0
L 833.0, -807.0, -50.0, 829.0, -815.0, -53.0, 0, 0, 0
L 829.0, -815.0, -53.0, 828.0, -819.0, -54.0, 0, 0, 0
L 828.0, -819.0, -54.0, 827.0, -827.0, -56.0, 0, 0, 0
L 827.0, -827.0, -56.0, 827.0, -831.0, -58.0, 0, 0, 0
L 827.0, -831.0, -58.0, 828.0, -839.0, -60.0, 0, 0, 0
L 828.0, -839.0, -60.0, 830.0, -843.0, -62.0, 0, 0, 0
L 830.0, -843.0, -62.0, 831.0, -847.0, -63.0, 0, 0, 0
L 831.0, -847.0, -63.0, 835.0, -855.0, -63.0, 0, 0, 0
L 835.0, -855.0, -63.0, 835.0, -863.0, -63.0, 0, 0, 0
L 835.0, -863.0, -63.0, 831.0, -879.0, -63.0, 0, 0, 0
L 831.0, -879.0, -63.0, 827.0, -887.0, -63.0, 0, 0, 0
L 827.0, -887.0, -63.0, 825.0, -899.0, -63.0, 0, 0, 0
L 825.0, -899.0, -63.0, 815.0, -907.0, -63.0, 0, 0, 0
L 815.0, -907.0, -63.0, 799.0, -915.0, -63.0, 0, 0, 0
L 799.0, -915.0, -63.0, 755.0, -915.0, -63.0, 0, 0, 0
L 755.0, -915.0, -63.0, 731.0, -907.0, -63.0, 0, 0, 0
L 731.0, -907.0, -63.0, 715.0, -899.0, -63.0, 0, 0, 0
L 715.0, -899.0, -63.0, 688.0, -895.0, -63.0, 0, 0, 0
L 688.0, -895.0, -63.0, 679.0, -891.0, -60.0, 0, 0, 0
L 679.0, -891.0, -60.0, 676.0, -887.0, -58.0, 0, 0, 0
L 676.0, -887.0, -58.0, 676.0, -770.0, -58.0, 0, 0, 0
L 676.0, -770.0, -58.0, 675.0, -753.0, -63.0, 0, 0, 0
L 675.0, -753.0, -63.0, 671.0, -747.0, -63.0, 0, 0, 0
L 671.0, -747.0, -63.0, 660.0, -735.0, -64.0, 0, 0, 0
L 660.0, -735.0, -64.0, 653.0, -731.0, -66.0, 0, 0, 0
L 653.0, -731.0, -66.0, 657.0, -729.0, -66.0, 150, 150, 150
L 657.0, -729.0, -66.0, 653.0, -726.0, -66.0, 150, 150, 150
L 656.0, -725.0, -66.0, 652.0, -723.0, -66.0, 150, 150, 150
L 653.0, -726.0, -66.0, 656.0, -725.0, -66.0, 150, 150, 150
L 652.0, -723.0, -66.0, 657.0, -720.0, -66.0, 150, 150, 150
L 657.0, -720.0, -66.0, 657.0, -716.0, -66.0, 150, 150, 150
L 657.0, -716.0, -66.0, 654.0, -713.0, -66.0, 150, 150, 150
L 654.0, -713.0, -66.0, 653.0, -709.0, -66.0, 150, 150, 150
L 653.0, -709.0, -66.0, 657.0, -707.0, -66.0, 150, 150, 150
L 657.0, -707.0, -66.0, 657.0, -701.0, -66.0, 150, 150, 150
L 657.0, -701.0, -66.0, 653.0, -698.0, -66.0, 150, 150, 150
L 653.0, -698.0, -66.0, 658.0, -695.0, -66.0, 150, 150, 150
L 658.0, -695.0, -66.0, 661.0, -697.0, -66.0, 150, 150, 150
L 661.0, -697.0, -66.0, 663.0, -694.0, -66.0, 150, 150, 150
L 663.0, -694.0, -66.0, 664.0, -697.0, -66.0, 150, 150, 150
L 664.0, -697.0, -66.0, 669.0, -693.0, -66.0, 150, 150, 150
L 669.0, -693.0, -66.0, 671.0, -696.0, -66.0, 150, 150, 150
L 671.0, -696.0, -66.0, 675.0, -691.0, -66.0, 150, 150, 150
L 675.0, -691.0, -66.0, 679.0, -697.0, -66.0, 150, 150, 150
L 679.0, -697.0, -66.0, 682.0, -694.0, -66.0, 150, 150, 150
L 682.0, -694.0, -66.0, 686.0, -697.0, -66.0, 150, 150, 150
L 686.0, -697.0, -66.0, 691.0, -694.0, -66.0, 150, 150, 150
L 691.0, -694.0, -66.0, 693.0, -697.0, -66.0, 150, 150, 150
L 693.0, -697.0, -66.0, 698.0, -693.0, -66.0, 150, 150, 150
L 698.0, -693.0, -66.0, 703.0, -700.0, -64.0, 0, 0, 0
L 703.0, -700.0, -64.0, 707.0, -704.0, -63.0, 0, 0, 0
L 707.0, -704.0, -63.0, 757.0, -704.0, -63.0, 0, 0, 0
L 757.0, -704.0, -63.0, 795.0, -712.0, -63.0, 0, 0, 0
L 795.0, -712.0, -63.0, 807.0, -731.0, -63.0, 0, 0, 0
L 807.0, -731.0, -63.0, 812.0, -736.0, -62.0, 0, 0, 0
L 812.0, -736.0, -62.0, 816.0, -739.0, -60.0, 0, 0, 0
L 816.0, -739.0, -60.0, 820.0, -747.0, -58.0, 0, 0, 0
L 820.0, -747.0, -58.0, 824.0, -751.0, -56.0, 0, 0, 0
L 824.0, -751.0, -56.0, 829.0, -763.0, -53.0, 0, 0, 0
L 829.0, -763.0, -53.0, 833.0, -771.0, -50.0, 0, 0, 0
L 833.0, -771.0, -50.0, 833.0, -780.0, -50.0, 0, 0, 0
L 833.0, -780.0, -50.0, 836.0, -780.0, -50.0, 100, 50, 0
L 836.0, -780.0, -50.0, 836.0, -772.0, -50.0, 0, 204, 0
L 836.0, -772.0, -50.0, 859.0, -768.0, -44.0, 0, 204, 0
L 779.0, -804.0, -51.0, 784.0, -807.0, -50.0, 0, 0, 0
L 784.0, -807.0, -50.0, 783.0, -811.0, -51.0, 0, 0, 0
L 783.0, -811.0, -51.0, 781.0, -815.0, -53.0, 0, 0, 0
L 781.0, -815.0, -53.0, 777.0, -819.0, -54.0, 0, 0, 0
L 777.0, -819.0, -54.0, 772.0, -827.0, -56.0, 0, 0, 0
L 772.0, -827.0, -56.0, 768.0, -831.0, -58.0, 0, 0, 0
L 768.0, -831.0, -58.0, 763.0, -839.0, -60.0, 0, 0, 0
L 763.0, -839.0, -60.0, 762.0, -843.0, -62.0, 0, 0, 0
L 762.0, -843.0, -62.0, 758.0, -848.0, -63.0, 0, 0, 0
L 758.0, -848.0, -63.0, 755.0, -848.0, -63.0, 0, 0, 0
L 755.0, -848.0, -63.0, 730.0, -839.0, -63.0, 0, 0, 0
L 730.0, -839.0, -63.0, 743.0, -819.0, -63.0, 0, 0, 0
L 743.0, -819.0, -63.0, 747.0, -818.0, -62.0, 0, 0, 0
L 747.0, -818.0, -62.0, 751.0, -816.0, -60.0, 0, 0, 0
L 751.0, -816.0, -60.0, 759.0, -808.0, -58.0, 0, 0, 0
L 759.0, -808.0, -58.0, 763.0, -805.0, -56.0, 0, 0, 0
L 763.0, -805.0, -56.0, 771.0, -803.0, -54.0, 0, 0, 0
L 771.0, -803.0, -54.0, 775.0, -803.0, -53.0, 0, 0, 0
L 775.0, -803.0, -52.0, 779.0, -804.0, -51.0, 0, 0, 0
L 775.0, -776.0, -53.0, 769.0, -775.0, -55.0, 0, 0, 0
L 769.0, -775.0, -55.0, 761.0, -773.0, -58.0, 0, 0, 0
L 761.0, -773.0, -58.0, 751.0, -768.0, -61.0, 0, 0, 0
L 751.0, -768.0, -61.0, 746.0, -765.0, -63.0, 0, 0, 0
L 746.0, -765.0, -63.0, 739.0, -760.0, -63.0, 0, 0, 0
L 739.0, -760.0, -63.0, 738.0, -752.0, -63.0, 0, 0, 0
L 738.0, -752.0, -63.0, 742.0, -744.0, -63.0, 0, 0, 0
L 742.0, -744.0, -63.0, 750.0, -737.0, -63.0, 0, 0, 0
L 750.0, -737.0, -63.0, 757.0, -731.0, -63.0, 0, 0, 0
L 757.0, -731.0, -63.0, 760.0, -733.0, -63.0, 0, 0, 0
L 760.0, -733.0, -63.0, 767.0, -739.0, -61.0, 0, 0, 0
L 767.0, -739.0, -61.0, 771.0, -747.0, -59.0, 0, 0, 0
L 771.0, -747.0, -59.0, 776.0, -753.0, -56.0, 0, 0, 0
L 776.0, -753.0, -56.0, 783.0, -763.0, -54.0, 0, 0, 0
L 783.0, -763.0, -54.0, 783.0, -765.0, -53.0, 0, 0, 0
L 783.0, -765.0, -53.0, 783.0, -772.0, -50.0, 0, 0, 0
L 783.0, -772.0, -50.0, 775.0, -776.0, -53.0, 0, 0, 0
L 698.0, -693.0, -66.0, 694.0, -685.0, -66.0, 0, 0, 0
L 694.0, -685.0, -66.0, 686.0, -664.0, -69.0, 0, 0, 0
L 686.0, -664.0, -69.0, 680.0, -655.0, -72.0, 0, 0, 0
L 680.0, -655.0, -72.0, 675.0, -623.0, -84.0, 0, 0, 0
L 675.0, -623.0, -84.0, 675.0, -532.0, -84.0, 0, 0, 0
L 675.0, -532.0, -84.0, 567.0, -532.0, -84.0, 0, 0, 0
L 567.0, -532.0, -84.0, 562.0, -536.0, -83.0, 0, 0, 0
L 562.0, -536.0, -83.0, 558.0, -540.0, -81.0, 0, 0, 0
L 558.0, -540.0, -81.0, 556.0, -543.0, -80.0, 0, 0, 0
L 556.0, -543.0, -80.0, 592.0, -543.0, -80.0, 0, 0, 0
L 592.0, -543.0, -80.0, 592.0, -600.0, -80.0, 0, 0, 0
L 592.0, -600.0, -80.0, 540.0, -600.0, -80.0, 0, 0, 0
L 540.0, -600.0, -80.0, 540.0, -711.0, -80.0, 0, 0, 0
L 527.0, -711.0, -80.0, 559.0, -711.0, -84.0, 0, 0, 0
L 559.0, -711.0, -84.0, 584.0, -711.0, -84.0, 0, 0, 0
L 584.0, -711.0, -84.0, 592.0, -712.0, -83.0, 0, 0, 0
L 592.0, -712.0, -83.0, 596.0, -713.0, -82.0, 0, 0, 0
L 596.0, -713.0, -82.0, 599.0, -714.0, -81.0, 0, 0, 0
L 599.0, -714.0, -81.0, 608.0, -717.0, -77.0, 0, 0, 0
L 608.0, -717.0, -77.0, 615.0, -723.0, -72.0, 0, 0, 0
L 615.0, -723.0, -72.0, 624.0, -726.0, -69.0, 0, 0, 0
L 624.0, -726.0, -69.0, 632.0, -727.0, -67.0, 0, 0, 0
L 632.0, -727.0, -67.0, 640.0, -727.0, -66.0, 0, 0, 0
L 640.0, -727.0, -66.0, 650.0, -729.0, -66.0, 0, 0, 0
L 650.0, -729.0, -66.0, 653.0, -731.0, -66.0, 0, 0, 0
L 386.0, -711.0, -80.0, 484.0, -711.0, -80.0, 0, 0, 0
L 492.0, -711.0, -80.0, 492.0, -716.0, -80.0, 0, 0, 0
L 492.0, -716.0, -80.0, 484.0, -716.0, -80.0, 0, 0, 0
L 535.0, -716.0, -80.0, 527.0, -716.0, -80.0, 0, 0, 0
L 527.0, -716.0, -80.0, 527.0, -711.0, -80.0, 0, 0, 0
L 527.0, -711.0, -80.0, 535.0, -711.0, -80.0, 0, 0, 0
L 535.0, -711.0, -80.0, 535.0, -595.0, -80.0, 0, 0, 255
L 535.0, -595.0, -80.0, 587.0, -595.0, -80.0, 0, 0, 255
L 587.0, -595.0, -80.0, 587.0, -555.0, -80.0, 0, 0, 255
L 587.0, -555.0, -80.0, 583.0, -548.0, -80.0, 0, 0, 255
L 583.0, -548.0, -80.0, 555.0, -548.0, -80.0, 0, 0, 255
L 555.0, -548.0, -80.0, 556.0, -543.0, -80.0, 0, 0, 255
L 556.0, -543.0, -80.0, 546.0, -541.0, -80.0, 0, 0, 255
L 546.0, -541.0, -80.0, 545.0, -542.0, -80.0, 0, 0, 255
L 545.0, -542.0, -80.0, 546.0, -539.0, -80.0, 0, 0, 255
L 546.0, -539.0, -80.0, 539.0, -525.0, -80.0, 0, 0, 255
L 539.0, -525.0, -80.0, 539.0, -522.0, -80.0, 0, 0, 255
L 513.0, -541.0, -80.0, 515.0, -540.0, -80.0, 0, 0, 255
L 515.0, -540.0, -80.0, 513.0, -539.0, -80.0, 0, 0, 255
L 513.0, -539.0, -80.0, 520.0, -526.0, -80.0, 0, 0, 255
L 520.0, -526.0, -80.0, 520.0, -522.0, -80.0, 0, 0, 255
L 520.0, -522.0, -80.0, 539.0, -522.0, -80.0, 0, 0, 255
L 513.0, -541.0, -80.0, 512.0, -543.0, -80.0, 0, 0, 255
L 512.0, -543.0, -80.0, 507.0, -545.0, -80.0, 0, 0, 255
L 507.0, -545.0, -80.0, 504.0, -547.0, -80.0, 0, 0, 255
L 504.0, -547.0, -80.0, 499.0, -550.0, -80.0, 0, 0, 255
L 499.0, -550.0, -80.0, 495.0, -552.0, -80.0, 0, 0, 255
L 484.0, -711.0, -80.0, 492.0, -711.0, -80.0, 0, 0, 0
L 484.0, -563.0, -78.0, 484.0, -711.0, -80.0, 0, 0, 255
L 484.0, -716.0, -80.0, 472.0, -716.0, -76.0, 0, 0, 0
L 472.0, -716.0, -76.0, 472.0, -759.0, -76.0, 0, 0, 0
L 472.0, -759.0, -76.0, 547.0, -759.0, -76.0, 0, 0, 0
L 547.0, -759.0, -76.0, 547.0, -716.0, -76.0, 0, 0, 0
L 547.0, -716.0, -76.0, 535.0, -716.0, -80.0, 0, 0, 0
L 386.0, -711.0, -80.0, 360.0, -695.0, -78.0, 0, 0, 0
L 360.0, -695.0, -78.0, 360.0, -671.0, -78.0, 0, 0, 0
L 360.0, -671.0, -78.0, 312.0, -671.0, -78.0, 0, 0, 0
L 312.0, -671.0, -78.0, 312.0, -657.0, -81.0, 0, 0, 0
L 312.0, -657.0, -82.0, 309.0, -657.0, -82.0, 0, 0, 0
L 309.0, -657.0, -82.0, 309.0, -675.0, -76.0, 0, 0, 0
L 309.0, -620.0, -76.0, 309.0, -638.0, -82.0, 0, 0, 0
L 309.0, -638.0, -82.0, 312.0, -638.0, -82.0, 0, 0, 0
L 312.0, -638.0, -82.0, 312.0, -624.0, -78.0, 0, 0, 0
L 312.0, -624.0, -78.0, 360.0, -624.0, -78.0, 0, 0, 0
L 360.0, -624.0, -78.0, 360.0, -603.0, -78.0, 0, 0, 0
L 360.0, -603.0, -78.0, 362.0, -599.0, -77.0, 0, 0, 0
L 362.0, -599.0, -77.0, 366.0, -595.0, -74.0, 0, 0, 0
L 366.0, -595.0, -74.0, 370.0, -592.0, -72.0, 0, 0, 0
L 370.0, -592.0, -72.0, 377.0, -583.0, -69.0, 0, 0, 0
L 377.0, -583.0, -69.0, 381.0, -579.0, -69.0, 0, 0, 0
L 381.0, -579.0, -69.0, 384.0, -576.0, -69.0, 0, 0, 0
L 384.0, -576.0, -69.0, 390.0, -576.0, -69.0, 0, 0, 0
L 390.0, -576.0, -69.0, 395.0, -576.0, -69.0, 0, 0, 0
L 395.0, -576.0, -69.0, 399.0, -576.0, -70.0, 0, 0, 0
L 399.0, -576.0, -70.0, 463.0, -576.0, -78.0, 0, 0, 0
L 463.0, -576.0, -78.0, 479.0, -560.0, -78.0, 0, 0, 0
L 309.0, -675.0, -76.0, 264.0, -675.0, -76.0, 0, 0, 0
L 264.0, -675.0, -76.0, 264.0, -683.0, -77.0, 0, 0, 0
L 264.0, -683.0, -77.0, 263.0, -687.0, -79.0, 0, 0, 0
L 263.0, -687.0, -79.0, 261.0, -691.0, -81.0, 0, 0, 0
L 261.0, -691.0, -81.0, 258.0, -695.0, -82.0, 0, 0, 0
L 258.0, -695.0, -82.0, 254.0, -707.0, -82.0, 0, 0, 0
L 263.0, -711.0, -72.0, 263.0, -787.0, -72.0, 0, 0, 0
L 254.0, -707.0, -82.0, 263.0, -711.0, -72.0, 0, 0, 0
L 263.0, -787.0, -72.0, 175.0, -787.0, -72.0, 0, 0, 0
L 175.0, -787.0, -72.0, 175.0, -812.0, -72.0, 0, 0, 0
L 175.0, -812.0, -72.0, 215.0, -812.0, -72.0, 0, 0, 0
L 215.0, -812.0, -72.0, 215.0, -891.0, -72.0, 0, 0, 0
L 215.0, -891.0, -72.0, 119.0, -891.0, -72.0, 0, 0, 0
L 119.0, -891.0, -72.0, 119.0, -939.0, -72.0, 0, 0, 0
L 119.0, -939.0, -72.0, 8.0, -939.0, -72.0, 0, 0, 0
L 8.0, -939.0, -72.0, 8.0, -812.0, -72.0, 0, 0, 0
L 8.0, -812.0, -72.0, 120.0, -812.0, -72.0, 0, 0, 0
L 120.0, -812.0, -72.0, 120.0, -787.0, -72.0, 0, 0, 0
L 120.0, -787.0, -72.0, -39.0, -787.0, -72.0, 0, 0, 0
L -39.0, -787.0, -72.0, -39.0, -560.0, -72.0, 0, 0, 0
L -39.0, -560.0, -72.0, 104.0, -560.0, -72.0, 0, 0, 0
L 104.0, -560.0, -72.0, 104.0, -536.0, -72.0, 0, 0, 0
L 104.0, -536.0, -72.0, 120.0, -536.0, -72.0, 0, 0, 0
L 120.0, -536.0, -72.0, 120.0, -535.0, -72.0, 0, 0, 0
L 120.0, -471.0, -72.0, -56.0, -471.0, -72.0, 0, 0, 0
L -56.0, -471.0, -72.0, -56.0, -512.0, -83.0, 0, 0, 0
L -56.0, -512.0, -83.0, -56.0, -545.0, -87.0, 0, 0, 0
L -56.0, -545.0, -87.0, -56.0, -568.0, -90.0, 0, 0, 0
L -56.0, -568.0, -90.0, -56.0, -591.0, -90.0, 0, 0, 0
L -56.0, -591.0, -90.0, -56.0, -616.0, -90.0, 0, 0, 0
L -56.0, -616.0, -90.0, -56.0, -640.0, -90.0, 0, 0, 0
L -56.0, -640.0, -90.0, -56.0, -664.0, -90.0, 0, 0, 0
L -56.0, -664.0, -90.0, -56.0, -687.0, -90.0, 0, 0, 0
L -56.0, -687.0, -90.0, -56.0, -699.0, -90.0, 0, 0, 0
L -56.0, -699.0, -90.0, -183.0, -699.0, -90.0, 0, 0, 0
L -183.0, -699.0, -90.0, -183.0, -687.0, -90.0, 0, 0, 0
L -183.0, -687.0, -90.0, -200.0, -687.0, -90.0, 0, 0, 0
L -200.0, -687.0, -90.0, -200.0, -696.0, -90.0, 0, 0, 0
L -200.0, -696.0, -90.0, -200.0, -703.0, -91.0, 0, 0, 0
L -200.0, -703.0, -91.0, -193.0, -717.0, -98.0, 0, 0, 0
L -193.0, -717.0, -99.0, -180.0, -735.0, -103.0, 0, 0, 0
L -180.0, -735.0, -103.0, -180.0, -755.0, -104.0, 0, 0, 0
L -180.0, -755.0, -104.0, -188.0, -771.0, -104.0, 0, 0, 0
L -188.0, -771.0, -104.0, -203.0, -779.0, -104.0, 0, 0, 0
L -203.0, -779.0, -104.0, -219.0, -779.0, -104.0, 0, 0, 0
L -219.0, -779.0, -104.0, -239.0, -775.0, -104.0, 0, 0, 0
L -239.0, -775.0, -104.0, -244.0, -775.0, -104.0, 0, 0, 0
L -244.0, -775.0, -104.0, -253.0, -772.0, -106.0, 0, 0, 0
L -253.0, -772.0, -106.0, -258.0, -768.0, -108.0, 0, 0, 0
L -258.0, -768.0, -108.0, -270.0, -756.0, -111.0, 0, 0, 0
L -270.0, -756.0, -113.0, -280.0, -771.0, -113.0, 0, 0, 0
L -280.0, -771.0, -113.0, -343.0, -771.0, -113.0, 0, 0, 0
L -343.0, -771.0, -113.0, -379.0, -759.0, -113.0, 0, 0, 0
L -379.0, -759.0, -113.0, -407.0, -742.0, -113.0, 0, 0, 0
L -407.0, -742.0, -113.0, -425.0, -717.0, -113.0, 0, 0, 0
L -425.0, -717.0, -113.0, -425.0, -706.0, -113.0, 0, 0, 0
L -425.0, -706.0, -113.0, -426.0, -702.0, -111.0, 0, 0, 0
L -426.0, -702.0, -111.0, -439.0, -679.0, -108.0, 0, 0, 0
L -439.0, -679.0, -108.0, -407.0, -663.0, -113.0, 150, 150, 150
L -407.0, -663.0, -113.0, -399.0, -652.0, -113.0, 150, 150, 150
L -395.0, -635.0, -113.0, -383.0, -612.0, -113.0, 150, 150, 150
L -383.0, -612.0, -113.0, -371.0, -604.0, -113.0, 0, 0, 0
L -371.0, -604.0, -113.0, -351.0, -576.0, -113.0, 0, 0, 0
L -296.0, -635.0, -113.0, -304.0, -651.0, -113.0, 150, 150, 150
L -304.0, -651.0, -113.0, -304.0, -659.0, -113.0, 150, 150, 150
L -304.0, -659.0, -113.0, -316.0, -667.0, -113.0, 150, 150, 150
L -316.0, -667.0, -113.0, -312.0, -675.0, -113.0, 150, 150, 150
L -281.0, -675.0, -113.0, -288.0, -703.0, -113.0, 0, 0, 0
L -288.0, -703.0, -113.0, -280.0, -716.0, -113.0, 0, 0, 0
L -280.0, -716.0, -113.0, -269.0, -721.0, -113.0, 0, 0, 0
L -269.0, -721.0, -112.0, -248.0, -735.0, -105.0, 0, 0, 0
L -248.0, -735.0, -105.0, -244.0, -739.0, -104.0, 0, 0, 0
L -244.0, -739.0, -104.0, -239.0, -740.0, -104.0, 0, 0, 0
L -239.0, -740.0, -104.0, -235.0, -735.0, -103.0, 0, 0, 0
L -235.0, -735.0, -103.0, -235.0, -727.0, -101.0, 0, 0, 0
L -235.0, -727.0, -101.0, -247.0, -703.0, -91.0, 0, 0, 0
L -247.0, -703.0, -91.0, -247.0, -696.0, -90.0, 0, 0, 0
L -247.0, -696.0, -90.0, -247.0, -663.0, -90.0, 0, 0, 0
L -247.0, -663.0, -90.0, -231.0, -648.0, -90.0, 0, 0, 0
L -231.0, -648.0, -90.0, -211.0, -640.0, -90.0, 0, 0, 0
L -211.0, -640.0, -90.0, -200.0, -640.0, -90.0, 0, 0, 0
L -200.0, -640.0, -90.0, -200.0, -648.0, -90.0, 0, 0, 0
L -200.0, -648.0, -90.0, -183.0, -648.0, -90.0, 0, 0, 0
L -183.0, -648.0, -90.0, -183.0, -636.0, -90.0, 0, 0, 0
L -183.0, -636.0, -90.0, -119.0, -636.0, -90.0, 0, 0, 0
L -119.0, -636.0, -90.0, -119.0, -565.0, -90.0, 0, 0, 0
L -119.0, -565.0, -90.0, -119.0, -515.0, -83.0, 0, 0, 0
L -119.0, -515.0, -83.0, -119.0, -408.0, -72.0, 0, 0, 0
L -119.0, -408.0, -72.0, 12.0, -408.0, -72.0, 0, 0, 0
L 12.0, -408.0, -72.0, 12.0, -391.0, -72.0, 0, 0, 0
L 12.0, -391.0, -72.0, -71.0, -391.0, -72.0, 0, 0, 0
L -71.0, -391.0, -72.0, -71.0, -320.0, -72.0, 0, 0, 0
L -71.0, -320.0, -72.0, -28.0, -320.0, -79.0, 0, 0, 0
L 76.0, -320.0, -79.0, 119.0, -320.0, -72.0, 0, 0, 0
L 119.0, -320.0, -72.0, 119.0, -391.0, -72.0, 0, 0, 0
L 119.0, -391.0, -72.0, 75.0, -391.0, -72.0, 0, 0, 0
L 75.0, -391.0, -72.0, 75.0, -408.0, -72.0, 0, 0, 0
L 75.0, -408.0, -72.0, 183.0, -408.0, -72.0, 0, 0, 0
L 183.0, -408.0, -72.0, 183.0, -619.0, -72.0, 0, 0, 0
L 183.0, -619.0, -72.0, 159.0, -619.0, -72.0, 0, 0, 0
L 159.0, -619.0, -72.0, 159.0, -636.0, -72.0, 0, 0, 0
L 159.0, -636.0, -72.0, 179.0, -636.0, -72.0, 0, 0, 0
L 179.0, -636.0, -72.0, 179.0, -691.0, -72.0, 0, 0, 0
L 179.0, -691.0, -72.0, 159.0, -691.0, -72.0, 0, 0, 0
L 159.0, -691.0, -72.0, 159.0, -723.0, -72.0, 0, 0, 0
L 159.0, -723.0, -72.0, 127.0, -723.0, -72.0, 0, 0, 0
L 127.0, -723.0, -72.0, 127.0, -732.0, -72.0, 0, 0, 0
L 127.0, -732.0, -72.0, 208.0, -732.0, -72.0, 0, 0, 0
L 208.0, -732.0, -72.0, 208.0, -576.0, -72.0, 0, 0, 0
L 208.0, -576.0, -72.0, 234.0, -576.0, -72.0, 0, 0, 0
L 234.0, -576.0, -72.0, 258.0, -599.0, -82.0, 0, 0, 0
L 258.0, -599.0, -82.0, 264.0, -609.0, -77.0, 0, 0, 0
L 264.0, -620.0, -76.0, 264.0, -609.0, -77.0, 0, 0, 0
L 264.0, -620.0, -76.0, 309.0, -620.0, -76.0, 0, 0, 0
L 80.0, -732.0, -72.0, 80.0, -723.0, -72.0, 0, 0, 0
L 80.0, -723.0, -72.0, 48.0, -723.0, -72.0, 0, 0, 0
L 48.0, -723.0, -72.0, 48.0, -636.0, -72.0, 0, 0, 0
L 48.0, -636.0, -72.0, 104.0, -636.0, -72.0, 0, 0, 0
L 104.0, -636.0, -72.0, 104.0, -619.0, -72.0, 0, 0, 0
L 104.0, -619.0, -72.0, 15.0, -619.0, -72.0, 0, 0, 0
L 15.0, -619.0, -72.0, 15.0, -644.0, -72.0, 0, 0, 0
L 15.0, -644.0, -72.0, 39.0, -644.0, -72.0, 0, 0, 0
L 39.0, -644.0, -72.0, 39.0, -711.0, -72.0, 0, 0, 0
L 39.0, -711.0, -72.0, 15.0, -711.0, -72.0, 0, 0, 0
L 15.0, -711.0, -72.0, 15.0, -732.0, -72.0, 0, 0, 0
L 15.0, -732.0, -72.0, 80.0, -732.0, -72.0, 0, 0, 0
L -235.0, -610.0, -103.0, -227.0, -606.0, -98.0, 150, 150, 150
L -227.0, -606.0, -98.0, -227.0, -621.0, -98.0, 150, 150, 150
L -227.0, -621.0, -98.0, -227.0, -622.0, -98.0, 0, 0, 0
L -227.0, -621.0, -98.0, -220.0, -606.0, -94.0, 0, 0, 0
L -295.0, -532.0, -98.0, -228.0, -532.0, -98.0, 0, 0, 0
L -228.0, -532.0, -98.0, -220.0, -553.0, -94.0, 0, 0, 0
L -220.0, -553.0, -94.0, -220.0, -606.0, -94.0, 0, 0, 0
L -295.0, -532.0, -98.0, -311.0, -540.0, -104.0, 0, 0, 0
L -311.0, -540.0, -104.0, -351.0, -576.0, -113.0, 0, 0, 0
L -407.0, -706.0, -113.0, -407.0, -663.0, -113.0, 150, 150, 150
L -439.0, -679.0, -108.0, -439.0, -624.0, -89.0, 0, 0, 0
L -439.0, -624.0, -89.0, -407.0, -612.0, -105.0, 0, 0, 0
L -407.0, -612.0, -105.0, -383.0, -612.0, -113.0, 0, 0, 0
L -425.0, -706.0, -113.0, -407.0, -706.0, -113.0, 150, 150, 150
L -296.0, -635.0, -113.0, -296.0, -627.0, -113.0, 150, 150, 150
L -296.0, -627.0, -113.0, -280.0, -615.0, -109.0, 150, 150, 150
L -252.0, -599.0, -110.0, -248.0, -587.0, -110.0, 0, 0, 255
L -248.0, -587.0, -110.0, -243.0, -585.0, -109.0, 150, 150, 150
L -243.0, -585.0, -109.0, -243.0, -598.0, -109.0, 150, 150, 150
L -243.0, -598.0, -109.0, -235.0, -592.0, -103.0, 150, 150, 150
L -235.0, -592.0, -103.0, -235.0, -610.0, -103.0, 150, 150, 150
L -227.0, -622.0, -98.0, -236.0, -626.0, -98.0, 0, 0, 0
L -236.0, -626.0, -98.0, -244.0, -627.0, -98.0, 0, 0, 0
L -244.0, -627.0, -98.0, -271.0, -651.0, -104.0, 0, 0, 0
L -271.0, -651.0, -104.0, -271.0, -655.0, -106.0, 0, 0, 0
L -271.0, -655.0, -106.0, -272.0, -659.0, -107.0, 0, 0, 0
L -272.0, -659.0, -107.0, -276.0, -663.0, -109.0, 0, 0, 0
L -276.0, -663.0, -109.0, -280.0, -671.0, -111.0, 0, 0, 0
L -280.0, -671.0, -111.0, -281.0, -675.0, -113.0, 0, 0, 0
L -281.0, -675.0, -113.0, -312.0, -675.0, -113.0, 150, 150, 150
L -248.0, -587.0, -110.0, -248.0, -552.0, -115.0, 0, 0, 255
L -248.0, -552.0, -115.0, -280.0, -552.0, -115.0, 0, 0, 255
L -280.0, -552.0, -115.0, -311.0, -572.0, -115.0, 0, 0, 255
L -311.0, -572.0, -115.0, -315.0, -579.0, -115.0, 0, 0, 255
L -315.0, -579.0, -115.0, -315.0, -587.0, -115.0, 0, 0, 255
L -315.0, -587.0, -115.0, -311.0, -603.0, -115.0, 0, 0, 255
L -311.0, -603.0, -115.0, -295.0, -611.0, -115.0, 0, 0, 255
L -295.0, -611.0, -115.0, -269.0, -609.0, -110.0, 0, 0, 255
L -243.0, -554.0, -111.0, -243.0, -573.0, -111.0, 255, 255, 0
L -243.0, -573.0, -111.0, -241.0, -573.0, -111.0, 178, 102, 255
L -196.0, -573.0, -111.0, -196.0, -550.0, -111.0, 178, 102, 255
L -196.0, -550.0, -111.0, -203.0, -550.0, -111.0, 178, 102, 255
L -203.0, -550.0, -111.0, -203.0, -548.0, -111.0, 178, 102, 255
L -203.0, -547.0, -111.0, -196.0, -547.0, -111.0, 178, 102, 255
L -196.0, -547.0, -111.0, -196.0, -523.0, -111.0, 178, 102, 255
L -196.0, -523.0, -111.0, -188.0, -519.0, -111.0, 178, 102, 255
L -188.0, -519.0, -111.0, -179.0, -519.0, -111.0, 178, 102, 255
L -179.0, -519.0, -111.0, -171.0, -523.0, -111.0, 178, 102, 255
L -171.0, -523.0, -111.0, -148.0, -523.0, -111.0, 178, 102, 255
L -148.0, -523.0, -111.0, -148.0, -496.0, -111.0, 178, 102, 255
L -148.0, -496.0, -111.0, -171.0, -496.0, -111.0, 178, 102, 255
L -171.0, -496.0, -111.0, -179.0, -500.0, -111.0, 178, 102, 255
L -179.0, -500.0, -111.0, -188.0, -500.0, -111.0, 178, 102, 255
L -188.0, -500.0, -111.0, -196.0, -496.0, -111.0, 178, 102, 255
L -196.0, -496.0, -111.0, -196.0, -471.0, -111.0, 178, 102, 255
L -196.0, -471.0, -111.0, -132.0, -471.0, -111.0, 178, 102, 255
L -132.0, -471.0, -111.0, -132.0, -367.0, -111.0, 178, 102, 255
L -132.0, -367.0, -111.0, -93.0, -367.0, -111.0, 178, 102, 255
L -93.0, -367.0, -111.0, -93.0, -370.0, -111.0, 178, 102, 255
L -93.0, -370.0, -111.0, -99.0, -370.0, -111.0, 178, 102, 255
L -99.0, -370.0, -111.0, -99.0, -407.0, -111.0, 178, 102, 255
L -99.0, -407.0, -111.0, -56.0, -407.0, -111.0, 178, 102, 255
L -56.0, -407.0, -111.0, -56.0, -388.0, -111.0, 178, 102, 255
L -56.0, -388.0, -111.0, -61.0, -388.0, -111.0, 178, 102, 255
L -61.0, -388.0, -111.0, -61.0, -385.0, -111.0, 178, 102, 255
L -61.0, -385.0, -111.0, -56.0, -385.0, -111.0, 178, 102, 255
L -56.0, -385.0, -111.0, -56.0, -372.0, -111.0, 178, 102, 255
L -56.0, -372.0, -111.0, -72.0, -372.0, -111.0, 178, 102, 255
L -72.0, -372.0, -111.0, -70.0, -385.0, -111.0, 178, 102, 255
L -70.0, -385.0, -111.0, -70.0, -388.0, -111.0, 178, 102, 255
L -70.0, -388.0, -111.0, -76.0, -388.0, -111.0, 178, 102, 255
L -76.0, -388.0, -111.0, -78.0, -370.0, -111.0, 178, 102, 255
L -78.0, -370.0, -111.0, -78.0, -367.0, -111.0, 178, 102, 255
L -78.0, -367.0, -111.0, -4.0, -367.0, -111.0, 178, 102, 255
L -4.0, -367.0, -111.0, -4.0, -322.0, -111.0, 178, 102, 255
L -4.0, -322.0, -111.0, -4.0, -319.0, -111.0, 178, 102, 255
L -4.0, -319.0, -111.0, -4.0, -290.0, -111.0, 178, 102, 255
L -4.0, -290.0, -111.0, -4.0, -285.0, -110.0, 178, 102, 255
L -4.0, -285.0, -110.0, -4.0, -266.0, -108.0, 178, 102, 255
L -4.0, -266.0, -108.0, -10.0, -266.0, -108.0, 178, 102, 255
L -10.0, -266.0, -108.0, -20.0, -270.0, -108.0, 178, 102, 255
L -20.0, -270.0, -108.0, -29.0, -278.0, -109.0, 178, 102, 255
L -29.0, -278.0, -109.0, -32.0, -282.0, -110.0, 178, 102, 255
L -32.0, -282.0, -110.0, -44.0, -297.0, -111.0, 178, 102, 255
L -44.0, -297.0, -111.0, -47.0, -299.0, -110.0, 178, 102, 255
L -47.0, -299.0, -110.0, -51.0, -300.0, -108.0, 178, 102, 255
L -51.0, -300.0, -108.0, -68.0, -300.0, -100.0, 178, 102, 255
L -68.0, -300.0, -100.0, -73.0, -300.0, -98.0, 178, 102, 255
L -73.0, -300.0, -98.0, -73.0, -306.0, -98.0, 178, 102, 255
L -73.0, -306.0, -98.0, -89.0, -306.0, -98.0, 178, 102, 255
L -89.0, -306.0, -98.0, -89.0, -319.0, -98.0, 178, 102, 255
L -89.0, -319.0, -98.0, -76.0, -319.0, -98.0, 178, 102, 255
L -76.0, -319.0, -98.0, -73.0, -319.0, -98.0, 178, 102, 255
L -73.0, -319.0, -98.0, -35.0, -319.0, -111.0, 178, 102, 255
L -35.0, -319.0, -111.0, -35.0, -322.0, -111.0, 178, 102, 255
L -35.0, -319.0, -111.0, -35.0, -352.0, -111.0, 178, 102, 255
L -35.0, -352.0, -111.0, -147.0, -352.0, -111.0, 178, 102, 255
L -147.0, -352.0, -111.0, -147.0, -400.0, -111.0, 178, 102, 255
L -147.0, -400.0, -111.0, -152.0, -400.0, -111.0, 178, 102, 255
L -152.0, -400.0, -111.0, -152.0, -376.0, -111.0, 178, 102, 255
L -152.0, -376.0, -111.0, -229.0, -376.0, -112.0, 178, 102, 255
L -229.0, -376.0, -112.0, -243.0, -376.0, -112.0, 178, 102, 255
L -243.0, -376.0, -112.0, -243.0, -447.0, -113.0, 178, 102, 255
L -243.0, -447.0, -113.0, -224.0, -447.0, -113.0, 178, 102, 255
L -224.0, -447.0, -113.0, -152.0, -447.0, -111.0, 178, 102, 255
L -152.0, -447.0, -111.0, -152.0, -415.0, -111.0, 178, 102, 255
L -152.0, -415.0, -111.0, -147.0, -415.0, -111.0, 178, 102, 255
L -147.0, -415.0, -111.0, -147.0, -456.0, -111.0, 178, 102, 255
L -147.0, -456.0, -111.0, -219.0, -456.0, -111.0, 178, 102, 255
L -219.0, -456.0, -111.0, -219.0, -496.0, -111.0, 178, 102, 255
L -219.0, -496.0, -111.0, -227.0, -500.0, -111.0, 178, 102, 255
L -227.0, -500.0, -111.0, -236.0, -500.0, -111.0, 178, 102, 255
L -236.0, -500.0, -111.0, -244.0, -496.0, -111.0, 178, 102, 255
L -244.0, -496.0, -111.0, -267.0, -496.0, -111.0, 178, 102, 255
L -267.0, -496.0, -111.0, -267.0, -523.0, -111.0, 178, 102, 255
L -267.0, -523.0, -111.0, -244.0, -523.0, -111.0, 178, 102, 255
L -244.0, -523.0, -111.0, -236.0, -519.0, -111.0, 178, 102, 255
L -236.0, -519.0, -111.0, -227.0, -519.0, -111.0, 178, 102, 255
L -227.0, -519.0, -111.0, -219.0, -523.0, -111.0, 178, 102, 255
L -219.0, -523.0, -111.0, -219.0, -547.0, -111.0, 178, 102, 255
L -219.0, -547.0, -111.0, -212.0, -547.0, -111.0, 178, 102, 255
L -212.0, -547.0, -111.0, -212.0, -548.0, -111.0, 178, 102, 255
L -212.0, -550.0, -111.0, -219.0, -550.0, -111.0, 178, 102, 255
L -219.0, -550.0, -111.0, -219.0, -554.0, -111.0, 178, 102, 255
L -219.0, -554.0, -111.0, -241.0, -554.0, -111.0, 178, 102, 255
L -18.0, -322.0, -111.0, -21.0, -322.0, -111.0, 178, 102, 255
L -21.0, -322.0, -111.0, -21.0, -319.0, -111.0, 178, 102, 255
L -21.0, -319.0, -111.0, -18.0, -319.0, -111.0, 178, 102, 255
L -18.0, -319.0, -111.0, -18.0, -322.0, -111.0, 178, 102, 255
L 8.0, -320.0, -79.0, 8.0, -313.0, -80.0, 0, 0, 0
L 8.0, -313.0, -80.0, 8.0, -287.0, -81.0, 0, 0, 0
L 8.0, -287.0, -81.0, 8.0, -277.0, -81.0, 0, 0, 0
L 41.0, -320.0, -79.0, 39.0, -313.0, -80.0, 0, 0, 0
L 39.0, -313.0, -80.0, 39.0, -287.0, -81.0, 0, 0, 0
L 39.0, -287.0, -81.0, 39.0, -257.0, -81.0, 0, 0, 0
L 39.0, -257.0, -81.0, 8.0, -257.0, -81.0, 0, 0, 0
L 8.0, -257.0, -81.0, 8.0, -268.0, -81.0, 0, 0, 0
L 8.0, -268.0, -81.0, 5.5, -268.0, -81.0, 0, 0, 0
L 3.0, -268.0, -81.0, 3.0, -256.0, -81.0, 0, 0, 0
L 3.0, -256.0, -81.0, -28.0, -256.0, -81.0, 0, 0, 0
L -28.0, -256.0, -81.0, -28.0, -76.0, -81.0, 0, 0, 0
L -28.0, -76.0, -81.0, -208.0, -76.0, -81.0, 0, 0, 0
L -208.0, -76.0, -81.0, -208.0, -51.0, -81.0, 0, 0, 0
L -208.0, -51.0, -81.0, -205.0, -51.0, -81.0, 0, 0, 0
L -203.0, -51.0, -81.0, -203.0, -67.0, -81.0, 0, 0, 0
L -203.0, -67.0, -81.0, -116.0, -67.0, -81.0, 0, 0, 0
L -174.0, -12.0, -81.0, -203.0, -12.0, -81.0, 0, 0, 0
L -203.0, -12.0, -81.0, -203.0, -42.0, -81.0, 0, 0, 0
L -203.0, -42.0, -81.0, -205.0, -42.0, -81.0, 0, 0, 0
L -208.0, -42.0, -81.0, -208.0, -16.0, -81.0, 0, 0, 0
L -208.0, -16.0, -81.0, -347.0, -16.0, -81.0, 0, 0, 0
L -347.0, -16.0, -81.0, -347.0, -107.0, -81.0, 0, 0, 0
L -347.0, -252.0, -81.0, -347.0, -107.0, -81.0, 0, 0, 0
L -347.0, -252.0, -81.0, -347.0, -343.0, -81.0, 0, 0, 0
L -156.0, -339.0, -81.0, -156.0, -305.0, -81.0, 0, 0, 0
L -156.0, -296.0, -81.0, -156.0, -288.0, -81.0, 0, 0, 0
L -156.0, -288.0, -81.0, -203.0, -288.0, -81.0, 0, 0, 0
L -208.0, -283.0, -81.0, 3.0, -283.0, -81.0, 0, 0, 0
L 3.0, -283.0, -81.0, 3.0, -277.0, -81.0, 0, 0, 0
L 3.0, -277.0, -81.0, 5.5, -277.0, -81.0, 0, 0, 0
L -75.0, -215.0, -81.0, -75.0, -236.0, -81.0, 150, 150, 150
L -75.0, -236.0, -81.0, -96.0, -236.0, -81.0, 150, 150, 150
L -96.0, -236.0, -81.0, -96.0, -215.0, -81.0, 150, 150, 150
L -96.0, -215.0, -81.0, -75.0, -215.0, -81.0, 150, 150, 150
L -76.0, -225.0, -80.0, -77.0, -230.0, -80.0, 0, 0, 0
L -77.0, -230.0, -80.0, -81.0, -234.0, -80.0, 0, 0, 0
L -81.0, -234.0, -80.0, -85.0, -235.0, -80.0, 0, 0, 0
L -85.0, -235.0, -80.0, -90.0, -234.0, -80.0, 0, 0, 0
L -90.0, -234.0, -80.0, -94.0, -230.0, -80.0, 0, 0, 0
L -94.0, -230.0, -80.0, -95.0, -225.0, -80.0, 0, 0, 0
L -95.0, -225.0, -80.0, -94.0, -221.0, -80.0, 0, 0, 0
L -94.0, -221.0, -80.0, -90.0, -217.0, -80.0, 0, 0, 0
L -90.0, -217.0, -80.0, -85.0, -216.0, -80.0, 0, 0, 0
L -85.0, -216.0, -80.0, -81.0, -217.0, -80.0, 0, 0, 0
L -81.0, -217.0, -80.0, -77.0, -221.0, -80.0, 0, 0, 0
L -77.0, -221.0, -80.0, -76.0, -225.0, -80.0, 0, 0, 0
L -147.0, -215.0, -81.0, -147.0, -236.0, -81.0, 150, 150, 150
L -147.0, -236.0, -81.0, -168.0, -236.0, -81.0, 150, 150, 150
L -168.0, -236.0, -81.0, -168.0, -215.0, -81.0, 150, 150, 150
L -168.0, -215.0, -81.0, -147.0, -215.0, -81.0, 150, 150, 150
L -153.0, -217.0, -80.0, -149.0, -221.0, -80.0, 0, 0, 0
L -149.0, -221.0, -80.0, -148.0, -225.0, -80.0, 0, 0, 0
L -148.0, -225.0, -80.0, -149.0, -230.0, -80.0, 0, 0, 0
L -149.0, -230.0, -80.0, -153.0, -234.0, -80.0, 0, 0, 0
L -153.0, -234.0, -80.0, -157.0, -235.0, -80.0, 0, 0, 0
L -157.0, -235.0, -80.0, -162.0, -234.0, -80.0, 0, 0, 0
L -162.0, -234.0, -80.0, -166.0, -230.0, -80.0, 0, 0, 0
L -166.0, -230.0, -80.0, -167.0, -225.0, -80.0, 0, 0, 0
L -167.0, -225.0, -80.0, -166.0, -221.0, -80.0, 0, 0, 0
L -166.0, -221.0, -80.0, -162.0, -217.0, -80.0, 0, 0, 0
L -162.0, -217.0, -80.0, -157.0, -216.0, -80.0, 0, 0, 0
L -157.0, -216.0, -80.0, -153.0, -217.0, -80.0, 0, 0, 0
L -219.0, -215.0, -81.0, -219.0, -236.0, -81.0, 150, 150, 150
L -219.0, -236.0, -81.0, -240.0, -236.0, -81.0, 150, 150, 150
L -240.0, -236.0, -81.0, -240.0, -215.0, -81.0, 150, 150, 150
L -240.0, -215.0, -81.0, -219.0, -215.0, -81.0, 150, 150, 150
L -221.0, -221.0, -80.0, -220.0, -225.0, -80.0, 0, 0, 0
L -220.0, -225.0, -80.0, -221.0, -230.0, -80.0, 0, 0, 0
L -221.0, -230.0, -80.0, -225.0, -234.0, -80.0, 0, 0, 0
L -225.0, -234.0, -80.0, -229.0, -235.0, -80.0, 0, 0, 0
L -229.0, -235.0, -80.0, -234.0, -234.0, -80.0, 0, 0, 0
L -234.0, -234.0, -80.0, -238.0, -230.0, -80.0, 0, 0, 0
L -238.0, -230.0, -80.0, -239.0, -225.0, -80.0, 0, 0, 0
L -239.0, -225.0, -80.0, -238.0, -221.0, -80.0, 0, 0, 0
L -238.0, -221.0, -80.0, -234.0, -217.0, -80.0, 0, 0, 0
L -234.0, -217.0, -80.0, -229.0, -216.0, -80.0, 0, 0, 0
L -229.0, -216.0, -80.0, -225.0, -217.0, -80.0, 0, 0, 0
L -225.0, -217.0, -80.0, -221.0, -221.0, -80.0, 0, 0, 0
L -279.0, -275.0, -81.0, -279.0, -296.0, -81.0, 150, 150, 150
L -279.0, -296.0, -81.0, -300.0, -296.0, -81.0, 150, 150, 150
L -300.0, -296.0, -81.0, -300.0, -275.0, -81.0, 150, 150, 150
L -300.0, -275.0, -81.0, -279.0, -275.0, -81.0, 150, 150, 150
L -280.0, -285.0, -80.0, -281.0, -290.0, -80.0, 0, 0, 0
L -281.0, -290.0, -80.0, -285.0, -294.0, -80.0, 0, 0, 0
L -285.0, -294.0, -80.0, -289.0, -295.0, -80.0, 0, 0, 0
L -289.0, -295.0, -80.0, -294.0, -294.0, -80.0, 0, 0, 0
L -294.0, -294.0, -80.0, -298.0, -290.0, -80.0, 0, 0, 0
L -298.0, -290.0, -80.0, -299.0, -285.0, -80.0, 0, 0, 0
L -299.0, -285.0, -80.0, -298.0, -281.0, -80.0, 0, 0, 0
L -298.0, -281.0, -80.0, -294.0, -277.0, -80.0, 0, 0, 0
L -294.0, -277.0, -80.0, -289.0, -276.0, -80.0, 0, 0, 0
L -289.0, -276.0, -80.0, -285.0, -277.0, -80.0, 0, 0, 0
L -285.0, -277.0, -80.0, -281.0, -281.0, -80.0, 0, 0, 0
L -281.0, -281.0, -80.0, -280.0, -285.0, -80.0, 0, 0, 0
L -279.0, -84.0, -81.0, -300.0, -84.0, -81.0, 150, 150, 150
L -300.0, -84.0, -81.0, -300.0, -63.0, -81.0, 150, 150, 150
L -300.0, -63.0, -81.0, -279.0, -63.0, -81.0, 150, 150, 150
L -279.0, -63.0, -81.0, -279.0, -84.0, -81.0, 150, 150, 150
L -285.0, -82.0, -80.0, -289.0, -83.0, -80.0, 0, 0, 0
L -289.0, -83.0, -80.0, -294.0, -82.0, -80.0, 0, 0, 0
L -294.0, -82.0, -80.0, -298.0, -78.0, -80.0, 0, 0, 0
L -298.0, -78.0, -80.0, -299.0, -73.0, -80.0, 0, 0, 0
L -299.0, -73.0, -80.0, -298.0, -69.0, -80.0, 0, 0, 0
L -298.0, -69.0, -80.0, -294.0, -65.0, -80.0, 0, 0, 0
L -294.0, -65.0, -80.0, -289.0, -64.0, -80.0, 0, 0, 0
L -289.0, -64.0, -80.0, -285.0, -65.0, -80.0, 0, 0, 0
L -285.0, -65.0, -80.0, -281.0, -69.0, -80.0, 0, 0, 0
L -281.0, -69.0, -80.0, -280.0, -73.0, -80.0, 0, 0, 0
L -280.0, -73.0, -80.0, -281.0, -78.0, -80.0, 0, 0, 0
L -281.0, -78.0, -80.0, -285.0, -82.0, -80.0, 0, 0, 0
L -240.0, -144.0, -81.0, -240.0, -123.0, -81.0, 150, 150, 150
L -240.0, -123.0, -81.0, -219.0, -123.0, -81.0, 150, 150, 150
L -219.0, -123.0, -81.0, -219.0, -144.0, -81.0, 150, 150, 150
L -219.0, -144.0, -81.0, -240.0, -144.0, -81.0, 150, 150, 150
L -234.0, -125.0, -80.0, -229.0, -124.0, -80.0, 0, 0, 0
L -229.0, -124.0, -80.0, -225.0, -125.0, -80.0, 0, 0, 0
L -225.0, -125.0, -80.0, -221.0, -129.0, -80.0, 0, 0, 0
L -221.0, -129.0, -80.0, -220.0, -133.0, -80.0, 0, 0, 0
L -220.0, -133.0, -80.0, -221.0, -138.0, -80.0, 0, 0, 0
L -221.0, -138.0, -80.0, -225.0, -142.0, -80.0, 0, 0, 0
L -225.0, -142.0, -80.0, -229.0, -143.0, -80.0, 0, 0, 0
L -229.0, -143.0, -80.0, -234.0, -142.0, -80.0, 0, 0, 0
L -234.0, -142.0, -80.0, -238.0, -138.0, -80.0, 0, 0, 0
L -238.0, -138.0, -80.0, -239.0, -133.0, -80.0, 0, 0, 0
L -239.0, -133.0, -80.0, -238.0, -129.0, -80.0, 0, 0, 0
L -238.0, -129.0, -80.0, -234.0, -125.0, -80.0, 0, 0, 0
L -168.0, -144.0, -81.0, -168.0, -123.0, -81.0, 150, 150, 150
L -168.0, -123.0, -81.0, -147.0, -123.0, -81.0, 150, 150, 150
L -147.0, -123.0, -81.0, -147.0, -144.0, -81.0, 150, 150, 150
L -147.0, -144.0, -81.0, -168.0, -144.0, -81.0, 150, 150, 150
L -162.0, -142.0, -80.0, -166.0, -138.0, -80.0, 0, 0, 0
L -166.0, -138.0, -80.0, -167.0, -133.0, -80.0, 0, 0, 0
L -167.0, -133.0, -80.0, -166.0, -129.0, -80.0, 0, 0, 0
L -166.0, -129.0, -80.0, -162.0, -125.0, -80.0, 0, 0, 0
L -162.0, -125.0, -80.0, -157.0, -124.0, -80.0, 0, 0, 0
L -157.0, -124.0, -80.0, -153.0, -125.0, -80.0, 0, 0, 0
L -153.0, -125.0, -80.0, -149.0, -129.0, -80.0, 0, 0, 0
L -149.0, -129.0, -80.0, -148.0, -133.0, -80.0, 0, 0, 0
L -148.0, -133.0, -80.0, -149.0, -138.0, -80.0, 0, 0, 0
L -149.0, -138.0, -80.0, -153.0, -142.0, -80.0, 0, 0, 0
L -153.0, -142.0, -80.0, -157.0, -143.0, -80.0, 0, 0, 0
L -157.0, -143.0, -80.0, -162.0, -142.0, -80.0, 0, 0, 0
L -96.0, -144.0, -81.0, -96.0, -123.0, -81.0, 150, 150, 150
L -96.0, -123.0, -81.0, -75.0, -123.0, -81.0, 150, 150, 150
L -75.0, -123.0, -81.0, -75.0, -144.0, -81.0, 150, 150, 150
L -75.0, -144.0, -81.0, -96.0, -144.0, -81.0, 150, 150, 150
L -94.0, -138.0, -80.0, -95.0, -133.0, -80.0, 0, 0, 0
L -95.0, -133.0, -80.0, -94.0, -129.0, -80.0, 0, 0, 0
L -94.0, -129.0, -80.0, -90.0, -125.0, -80.0, 0, 0, 0
L -90.0, -125.0, -80.0, -85.0, -124.0, -80.0, 0, 0, 0
L -85.0, -124.0, -80.0, -81.0, -125.0, -80.0, 0, 0, 0
L -81.0, -125.0, -80.0, -77.0, -129.0, -80.0, 0, 0, 0
L -77.0, -129.0, -80.0, -76.0, -133.0, -80.0, 0, 0, 0
L -76.0, -133.0, -80.0, -77.0, -138.0, -80.0, 0, 0, 0
L -77.0, -138.0, -80.0, -81.0, -142.0, -80.0, 0, 0, 0
L -81.0, -142.0, -80.0, -85.0, -143.0, -80.0, 0, 0, 0
L -85.0, -143.0, -80.0, -90.0, -142.0, -80.0, 0, 0, 0
L -90.0, -142.0, -80.0, -94.0, -138.0, -80.0, 0, 0, 0
L -156.0, -305.0, -81.0, -153.0, -305.0, -81.0, 0, 0, 0
L -151.0, -305.0, -81.0, -151.0, -343.0, -81.0, 0, 0, 0
L -151.0, -343.0, -81.0, -131.0, -343.0, -81.0, 0, 0, 0
L -131.0, -343.0, -81.0, -131.0, -347.0, -81.0, 0, 0, 0
L -131.0, -347.0, -81.0, -119.0, -347.0, -81.0, 0, 0, 0
L -119.0, -347.0, -81.0, -119.0, -351.0, -81.0, 0, 0, 0
L -119.0, -351.0, -81.0, -107.0, -351.0, -81.0, 0, 0, 0
L -107.0, -351.0, -81.0, -107.0, -355.0, -81.0, 0, 0, 0
L -107.0, -355.0, -81.0, -92.0, -355.0, -81.0, 0, 0, 0
L -92.0, -288.0, -81.0, -151.0, -288.0, -81.0, 0, 0, 0
L -151.0, -288.0, -81.0, -151.0, -296.0, -81.0, 0, 0, 0
L -151.0, -296.0, -81.0, -153.0, -296.0, -81.0, 0, 0, 0
L -124.0, -19.0, -82.0, -132.0, -23.0, -82.0, 150, 150, 150
L -132.0, -23.0, -82.0, -140.0, -31.0, -82.0, 150, 150, 150
L -140.0, -31.0, -82.0, -151.0, -27.0, -82.0, 150, 150, 150
L -151.0, -27.0, -82.0, -159.0, -19.0, -82.0, 150, 150, 150
L -159.0, -19.0, -82.0, -175.0, -11.0, -89.0, 150, 150, 150
L -175.0, -11.0, -89.0, -175.0, -7.0, -91.0, 0, 0, 0
L -175.0, -7.0, -91.0, -356.0, -7.0, -91.0, 0, 0, 0
L -111.0, -19.0, -82.0, -111.0, -41.0, -82.0, 0, 0, 0
L -111.0, -41.0, -82.0, -99.0, -41.0, -82.0, 0, 0, 0
L -99.0, -41.0, -82.0, -87.0, -34.0, -82.0, 0, 0, 0
L -87.0, -34.0, -82.0, -84.0, -20.0, -82.0, 0, 0, 0
L -84.0, -20.0, -82.0, -84.0, 39.0, -82.0, 0, 0, 0
L -84.0, 39.0, -82.0, -196.0, 39.0, -82.0, 0, 0, 0
L -196.0, 39.0, -82.0, -196.0, 71.0, -82.0, 0, 0, 0
L -196.0, 71.0, -82.0, -344.0, 71.0, -82.0, 0, 0, 0
L -344.0, 71.0, -82.0, -344.0, 143.0, -82.0, 0, 0, 0
L -344.0, 143.0, -82.0, -595.0, 143.0, -82.0, 0, 0, 0
L -595.0, 143.0, -82.0, -595.0, 95.0, -92.0, 0, 0, 0
L -595.0, 95.0, -92.0, -635.0, 95.0, -92.0, 0, 0, 0
L -635.0, 95.0, -92.0, -655.0, 75.0, -101.0, 0, 0, 0
L -655.0, 75.0, -101.0, -675.0, 75.0, -110.0, 0, 0, 0
L -675.0, 75.0, -110.0, -687.0, 79.0, -110.0, 0, 0, 0
L -687.0, 79.0, -110.0, -695.0, 83.0, -110.0, 0, 0, 0
L -695.0, 83.0, -110.0, -704.0, 91.0, -110.0, 0, 0, 0
L -704.0, 91.0, -110.0, -712.0, 103.0, -110.0, 0, 0, 0
L -712.0, 103.0, -110.0, -720.0, 111.0, -110.0, 0, 0, 0
L -720.0, 111.0, -110.0, -727.0, 115.0, -110.0, 0, 0, 0
L -727.0, 115.0, -110.0, -731.0, 115.0, -110.0, 0, 0, 0
L -731.0, 115.0, -110.0, -731.0, 103.0, -110.0, 0, 0, 0
L -731.0, 103.0, -110.0, -736.0, 103.0, -110.0, 0, 0, 0
L -736.0, 103.0, -110.0, -736.0, 115.0, -110.0, 0, 0, 0
L -736.0, 115.0, -110.0, -740.0, 119.0, -110.0, 0, 0, 0
L -740.0, 119.0, -110.0, -744.0, 128.0, -110.0, 0, 0, 0
L -744.0, 128.0, -110.0, -752.0, 139.0, -110.0, 0, 0, 0
L -752.0, 139.0, -110.0, -760.0, 147.0, -110.0, 0, 0, 0
L -760.0, 147.0, -110.0, -771.0, 155.0, -110.0, 0, 0, 0
L -771.0, 155.0, -110.0, -779.0, 159.0, -110.0, 0, 0, 0
L -779.0, 159.0, -110.0, -783.0, 163.0, -110.0, 0, 0, 0
L -783.0, 163.0, -110.0, -792.0, 179.0, -110.0, 0, 0, 0
L -792.0, 179.0, -110.0, -799.0, 183.0, -110.0, 0, 0, 0
L -799.0, 183.0, -110.0, -803.0, 183.0, -110.0, 0, 0, 0
L -803.0, 183.0, -110.0, -811.0, 179.0, -110.0, 0, 0, 0
L -811.0, 179.0, -110.0, -819.0, 163.0, -110.0, 0, 0, 0
L -819.0, 163.0, -110.0, -823.0, 159.0, -110.0, 0, 0, 0
L -823.0, 159.0, -110.0, -831.0, 155.0, -110.0, 0, 0, 0
L -831.0, 155.0, -110.0, -839.0, 155.0, -110.0, 0, 0, 0
L -839.0, 155.0, -110.0, -847.0, 159.0, -110.0, 0, 0, 0
L -847.0, 159.0, -110.0, -855.0, 159.0, -110.0, 0, 0, 0
L -855.0, 159.0, -110.0, -859.0, 155.0, -110.0, 0, 0, 0
L -859.0, 155.0, -110.0, -863.0, 147.0, -110.0, 0, 0, 0
L -863.0, 147.0, -110.0, -867.0, 143.0, -110.0, 0, 0, 0
L -867.0, 143.0, -110.0, -876.0, 139.0, -110.0, 0, 0, 0
L -876.0, 139.0, -110.0, -880.0, 147.0, -110.0, 0, 0, 0
L -880.0, 147.0, -110.0, -888.0, 159.0, -110.0, 0, 0, 0
L -888.0, 159.0, -110.0, -892.0, 171.0, -110.0, 0, 0, 0
L -892.0, 171.0, -110.0, -884.0, 180.0, -110.0, 0, 0, 0
L -884.0, 180.0, -110.0, -880.0, 192.0, -110.0, 0, 0, 0
L -880.0, 192.0, -110.0, -880.0, 203.0, -110.0, 0, 0, 0
L -880.0, 203.0, -110.0, -884.0, 215.0, -110.0, 0, 0, 0
L -884.0, 215.0, -110.0, -891.0, 223.0, -110.0, 0, 0, 0
L -891.0, 223.0, -110.0, -903.0, 227.0, -110.0, 0, 0, 0
L -903.0, 227.0, -110.0, -915.0, 227.0, -110.0, 0, 0, 0
L -915.0, 227.0, -110.0, -927.0, 223.0, -110.0, 0, 0, 0
L -927.0, 223.0, -110.0, -939.0, 215.0, -110.0, 0, 0, 0
L -939.0, 215.0, -110.0, -963.0, 227.0, -110.0, 0, 0, 0
L -963.0, 227.0, -110.0, -956.0, 256.0, -110.0, 0, 0, 0
L -956.0, 256.0, -110.0, -947.0, 264.0, -110.0, 0, 0, 0
L -947.0, 264.0, -110.0, -935.0, 264.0, -110.0, 0, 0, 0
L -935.0, 264.0, -110.0, -927.0, 268.0, -110.0, 0, 0, 0
L -927.0, 268.0, -110.0, -924.0, 276.0, -110.0, 0, 0, 0
L -924.0, 276.0, -110.0, -924.0, 283.0, -110.0, 0, 0, 0
L -924.0, 283.0, -110.0, -928.0, 299.0, -110.0, 0, 0, 0
L -928.0, 299.0, -110.0, -935.0, 303.0, -110.0, 0, 0, 0
L -935.0, 303.0, -110.0, -947.0, 303.0, -110.0, 0, 0, 0
L -947.0, 303.0, -110.0, -955.0, 299.0, -110.0, 0, 0, 0
L -955.0, 299.0, -110.0, -967.0, 275.0, -110.0, 0, 0, 0
L -967.0, 275.0, -110.0, -967.0, 267.0, -110.0, 0, 0, 0
L -967.0, 267.0, -110.0, -983.0, 239.0, -110.0, 0, 0, 0
L -983.0, 239.0, -110.0, -983.0, 212.0, -110.0, 0, 0, 0
L -983.0, 212.0, -110.0, -963.0, 212.0, -110.0, 0, 0, 0
L -963.0, 212.0, -110.0, -951.0, 204.0, -110.0, 0, 0, 0
L -951.0, 204.0, -110.0, -959.0, 179.0, -110.0, 0, 0, 0
L -959.0, 179.0, -110.0, -959.0, 160.0, -110.0, 0, 0, 0
L -959.0, 160.0, -110.0, -955.0, 151.0, -110.0, 0, 0, 0
L -955.0, 151.0, -110.0, -963.0, 151.0, -110.0, 0, 0, 0
L -963.0, 151.0, -110.0, -991.0, 135.0, -110.0, 0, 0, 0
L -991.0, 135.0, -110.0, -1003.0, 131.0, -110.0, 0, 0, 0
L -1003.0, 131.0, -110.0, -1015.0, 131.0, -110.0, 0, 0, 0
L -1015.0, 131.0, -110.0, -1027.0, 135.0, -110.0, 0, 0, 0
L -1027.0, 135.0, -110.0, -1051.0, 127.0, -110.0, 0, 0, 0
L -1051.0, 127.0, -110.0, -1059.0, 127.0, -110.0, 0, 0, 0
L -1059.0, 127.0, -110.0, -1075.0, 123.0, -110.0, 0, 0, 0
L -1075.0, 123.0, -110.0, -1087.0, 119.0, -110.0, 0, 0, 0
L -1087.0, 119.0, -110.0, -1099.0, 111.0, -110.0, 0, 0, 0
L -1099.0, 111.0, -110.0, -1111.0, 99.0, -110.0, 0, 0, 0
L -1111.0, 99.0, -110.0, -1135.0, 99.0, -110.0, 0, 0, 0
L 338.0, -379.0, -74.0, 326.0, -377.0, -74.0, 0, 0, 0
L 326.0, -377.0, -74.0, 324.0, -390.0, -74.0, 0, 0, 0
L 324.0, -390.0, -74.0, 336.0, -391.0, -74.0, 0, 0, 0
L 336.0, -391.0, -74.0, 338.0, -378.0, -74.0, 0, 0, 0
L 120.0, -535.0, -72.0, 120.0, -471.0, -72.0, 0, 0, 0
L 484.0, -563.0, -78.0, 495.0, -552.0, -80.0, 0, 0, 255
L -875.0, 64.0, -110.0, -875.0, 63.0, -110.0, 0, 0, 0
L -175.0, -11.0, -89.0, -174.0, -12.0, -81.0, 0, 0, 0
L -269.0, -609.0, -110.0, -252.0, -599.0, -110.0, 0, 0, 255
L 776.0, -508.0, -70.0, 776.0, -524.0, -73.0, 0, 0, 0
L 776.0, -535.0, -73.0, 776.0, -551.0, -70.0, 0, 0, 0
L 773.0, -500.0, -73.0, 773.0, -524.0, -73.0, 0, 0, 0
L 773.0, -535.0, -73.0, 773.0, -568.0, -73.0, 0, 0, 0
L 907.0, -580.0, -70.0, 895.0, -580.0, -73.0, 0, 0, 0
L 866.0, -580.0, -70.0, 878.0, -580.0, -73.0, 0, 0, 0
L 843.0, -147.0, -100.0, 831.0, -147.0, -99.0, 150, 150, 150
L 803.0, -147.0, -100.0, 820.0, -147.0, -98.0, 150, 150, 150
L 817.0, -158.0, -96.0, 820.0, -158.0, -97.0, 150, 150, 150
L 831.0, -158.0, -96.0, 834.0, -158.0, -96.0, 150, 150, 150
L 747.0, -231.0, -95.0, 743.0, -231.0, -93.0, 0, 0, 0
L 708.0, -231.0, -93.0, 720.0, -231.0, -93.0, 0, 0, 0
L 767.0, -332.0, -91.0, 767.0, -336.0, -90.0, 0, 0, 0
L 767.0, -355.0, -91.0, 767.0, -351.0, -90.0, 0, 0, 0
L 772.0, -336.0, -90.0, 772.0, -324.0, -91.0, 0, 0, 0
L 772.0, -351.0, -90.0, 772.0, -427.0, -91.0, 0, 0, 0
L 632.0, -491.0, -80.0, 648.0, -491.0, -79.0, 0, 0, 0
L 800.0, -634.0, -78.0, 800.0, -640.0, -76.0, 0, 0, 0
L 800.0, -683.0, -78.0, 800.0, -659.0, -77.0, 0, 0, 0
L 41.0, -320.0, -79.0, 76.0, -320.0, -79.0, 0, 0, 0
L 8.0, -320.0, -79.0, -28.0, -320.0, -79.0, 0, 0, 0
L -280.0, -615.0, -109.0, -269.0, -609.0, -110.0, 150, 150, 150
L -399.0, -652.0, -113.0, -395.0, -635.0, -113.0, 150, 150, 150
L 905.0, -755.0, -36.0, 900.0, -755.0, -36.0, 0, 204, 0
L 905.0, -742.0, -36.0, 900.0, -742.0, -36.0, 0, 204, 0
L 1060.0, -312.0, -98.0, 1060.0, -331.0, -98.0, 0, 0, 0
L 1063.0, -364.0, -94.0, 1055.0, -360.0, -94.0, 0, 0, 0
L 1060.0, -312.0, -98.0, 1087.0, -312.0, -98.0, 0, 0, 0
L 1056.0, -331.0, -98.0, 1056.0, -333.0, -98.0, 205, 133, 63
L 1060.0, -333.0, -98.0, 1060.0, -337.0, -98.0, 205, 133, 63
L 1052.0, -337.0, -98.0, 1052.0, -333.0, -98.0, 205, 133, 63
L 1052.0, -337.0, -98.0, 1056.0, -337.0, -98.0, 205, 133, 63
L 1056.0, -337.0, -98.0, 1056.0, -340.0, -98.0, 205, 133, 63
L 1056.0, -337.0, -98.0, 1060.0, -337.0, -98.0, 205, 133, 63
L 1052.0, -333.0, -98.0, 1056.0, -333.0, -98.0, 205, 133, 63
L 1056.0, -333.0, -98.0, 1060.0, -333.0, -98.0, 205, 133, 63
L 1056.0, -340.0, -98.0, 1052.0, -340.0, -98.0, 0, 0, 0
L 1055.0, -360.0, -94.0, 1052.0, -340.0, -98.0, 0, 0, 0
L 1056.0, -331.0, -98.0, 1052.0, -331.0, -98.0, 0, 0, 0
L 1052.0, -331.0, -98.0, 1055.0, -256.0, -106.0, 0, 0, 0
L 1056.0, -331.0, -98.0, 1060.0, -331.0, -98.0, 0, 0, 0
L 1060.0, -340.0, -98.0, 1060.0, -351.0, -98.0, 0, 0, 0
L 1056.0, -340.0, -98.0, 1060.0, -340.0, -98.0, 0, 0, 0
L -76.0, -306.0, -81.0, -80.0, -306.0, -81.0, 0, 0, 0
L -76.0, -306.0, -81.0, -76.0, -309.2, -81.0, 0, 0, 0
L -92.0, -319.0, -81.0, -88.0, -319.0, -81.0, 0, 0, 0
L -92.0, -355.0, -81.0, -92.0, -319.0, -81.0, 0, 0, 0
L -92.0, -319.0, -81.0, -92.0, -315.8, -81.0, 255, 255, 0
L -92.0, -306.0, -81.0, -92.0, -288.0, -81.0, 0, 0, 0
L -92.0, -306.0, -81.0, -84.0, -312.0, -81.0, 255, 255, 0
L -84.0, -312.0, -81.0, -76.0, -319.0, -81.0, 255, 255, 0
L -156.0, -302.0, -81.0, -156.0, -298.0, -81.0, 205, 133, 63
L -151.0, -302.0, -81.0, -151.0, -298.0, -81.0, 205, 133, 63
L -153.0, -305.0, -81.0, -151.0, -305.0, -81.0, 0, 0, 0
L -153.0, -296.0, -81.0, -156.0, -296.0, -81.0, 0, 0, 0
L -153.0, -305.0, -81.0, -153.0, -302.0, -81.0, 205, 133, 63
L -156.0, -298.0, -81.0, -153.0, -298.0, -81.0, 205, 133, 63
L -153.0, -298.0, -81.0, -153.0, -296.0, -81.0, 205, 133, 63
L -153.0, -298.0, -81.0, -151.0, -298.0, -81.0, 205, 133, 63
L -156.0, -302.0, -81.0, -153.0, -302.0, -81.0, 205, 133, 63
L -153.0, -302.0, -81.0, -151.0, -302.0, -81.0, 205, 133, 63
L -203.0, -327.0, -81.0, -183.0, -327.0, -81.0, 0, 0, 0
L -203.0, -317.0, -81.0, -203.0, -327.0, -81.0, 0, 0, 0
L -183.0, -327.0, -81.0, -183.0, -339.0, -81.0, 0, 0, 0
L -203.0, -288.0, -81.0, -203.0, -308.0, -81.0, 0, 0, 0
L -183.0, -339.0, -81.0, -156.0, -339.0, -81.0, 0, 0, 0
L -208.0, -317.0, -81.0, -205.0, -317.0, -81.0, 0, 0, 0
L -208.0, -308.0, -81.0, -208.0, -283.0, -81.0, 0, 0, 0
L -203.0, -308.0, -81.0, -205.0, -308.0, -81.0, 0, 0, 0
L -347.0, -343.0, -81.0, -208.0, -343.0, -81.0, 0, 0, 0
L -208.0, -343.0, -81.0, -208.0, -317.0, -81.0, 0, 0, 0
L -208.0, -310.0, -81.0, -208.0, -314.0, -81.0, 205, 133, 63
L -203.0, -314.0, -81.0, -203.0, -310.0, -81.0, 205, 133, 63
L -208.0, -314.0, -81.0, -205.0, -314.0, -81.0, 205, 133, 63
L -208.0, -310.0, -81.0, -205.0, -310.0, -81.0, 205, 133, 63
L -205.0, -317.0, -81.0, -203.0, -317.0, -81.0, 0, 0, 0
L -205.0, -308.0, -81.0, -208.0, -308.0, -81.0, 0, 0, 0
L -205.0, -317.0, -81.0, -205.0, -314.0, -81.0, 205, 133, 63
L -205.0, -314.0, -81.0, -203.0, -314.0, -81.0, 205, 133, 63
L -205.0, -310.0, -81.0, -203.0, -310.0, -81.0, 205, 133, 63
L -205.0, -310.0, -81.0, -205.0, -308.0, -81.0, 205, 133, 63
L 841.0, -150.0, -96.0, 843.0, -147.0, -100.0, 0, 0, 0
L 803.0, -149.0, -100.0, 803.0, -147.0, -100.0, 150, 150, 150
L -209.0, -547.0, -111.0, -205.0, -547.0, -111.0, 205, 133, 63
L -209.0, -550.0, -111.0, -205.0, -550.0, -111.0, 205, 133, 63
L -209.0, -547.0, -111.0, -209.0, -548.0, -111.0, 205, 133, 63
L -205.0, -547.0, -111.0, -205.0, -548.0, -111.0, 205, 133, 63
L -203.0, -548.0, -111.0, -203.0, -547.0, -111.0, 178, 102, 255
L -212.0, -548.0, -111.0, -212.0, -550.0, -111.0, 178, 102, 255
L -203.0, -548.0, -111.0, -205.0, -548.0, -111.0, 205, 133, 63
L -209.0, -548.0, -111.0, -209.0, -550.0, -111.0, 205, 133, 63
L -205.0, -548.0, -111.0, -205.0, -550.0, -111.0, 205, 133, 63
L -209.0, -548.0, -111.0, -212.0, -548.0, -111.0, 205, 133, 63
L -241.0, -554.0, -111.0, -243.0, -554.0, -111.0, 178, 102, 255
L -241.0, -573.0, -111.0, -196.0, -573.0, -111.0, 178, 102, 255
L -241.0, -554.0, -111.0, -241.0, -573.0, -111.0, 255, 255, 0
L 1027.0, -305.0, -102.0, 1027.0, -301.0, -102.0, 205, 133, 63
L 1032.0, -305.0, -102.0, 1032.0, -301.0, -102.0, 205, 133, 63
L 1029.0, -308.0, -102.0, 1027.0, -308.0, -102.0, 0, 0, 0
L 1029.0, -299.0, -102.0, 1032.0, -299.0, -102.0, 0, 0, 0
L 1029.0, -308.0, -102.0, 1029.0, -305.0, -102.0, 205, 133, 63
L 1027.0, -301.0, -102.0, 1029.0, -301.0, -102.0, 0, 0, 0
L 1029.0, -301.0, -102.0, 1029.0, -299.0, -102.0, 205, 133, 63
L 1029.0, -301.0, -102.0, 1032.0, -301.0, -102.0, 205, 133, 63
L 1027.0, -305.0, -102.0, 1029.0, -305.0, -102.0, 205, 133, 63
L 1029.0, -305.0, -102.0, 1032.0, -305.0, -102.0, 205, 133, 63
L 946.0, -550.0, -81.0, 972.0, -550.0, -81.0, 0, 0, 0
L 999.0, -502.0, -81.0, 1000.0, -502.0, -81.0, 0, 0, 0
L 999.0, -522.0, -81.0, 999.0, -511.0, -81.0, 0, 0, 0
L 1031.0, -513.0, -81.0, 1002.0, -513.0, -81.0, 0, 0, 0
L 1002.0, -488.0, -81.0, 1031.0, -488.0, -81.0, 0, 0, 0
L 981.0, -547.0, -81.0, 981.0, -548.0, -81.0, 0, 0, 0
L 1031.0, -488.0, -81.0, 1031.0, -513.0, -81.0, 0, 0, 0
L 999.0, -550.0, -81.0, 999.0, -573.0, -81.0, 0, 0, 0
L 1002.0, -543.0, -81.0, 1002.0, -531.0, -81.0, 0, 0, 0
L 1031.0, -518.0, -81.0, 1031.0, -543.0, -81.0, 0, 0, 0
L 1031.0, -543.0, -81.0, 1002.0, -543.0, -81.0, 0, 0, 0
L 999.0, -547.0, -81.0, 981.0, -547.0, -81.0, 0, 0, 0
L 999.0, -531.0, -81.0, 999.0, -547.0, -81.0, 0, 0, 0
L 999.0, -550.0, -81.0, 981.0, -550.0, -81.0, 0, 0, 0
L 1002.0, -502.0, -81.0, 1002.0, -488.0, -81.0, 0, 0, 0
L 1002.0, -531.0, -81.0, 1000.0, -531.0, -81.0, 0, 0, 0
L 1002.0, -518.0, -81.0, 1031.0, -518.0, -81.0, 0, 0, 0
L 999.0, -573.0, -81.0, 928.0, -573.0, -81.0, 0, 0, 0
L 1002.0, -522.0, -81.0, 1002.0, -518.0, -81.0, 0, 0, 0
L 999.0, -522.0, -81.0, 1000.0, -522.0, -81.0, 0, 0, 0
L 972.0, -547.0, -81.0, 960.0, -547.0, -81.0, 0, 0, 0
L 960.0, -496.0, -81.0, 999.0, -496.0, -81.0, 0, 0, 0
L 960.0, -547.0, -81.0, 960.0, -496.0, -81.0, 0, 0, 0
L 999.0, -496.0, -81.0, 999.0, -502.0, -81.0, 0, 0, 0
L 972.0, -550.0, -81.0, 972.0, -548.0, -81.0, 0, 0, 0
L 928.0, -550.0, -81.0, 928.0, -573.0, -81.0, 0, 0, 0
L 1002.0, -513.0, -81.0, 1002.0, -511.0, -81.0, 0, 0, 0
L 999.0, -511.0, -81.0, 1000.0, -511.0, -81.0, 0, 0, 0
L 999.0, -508.0, -81.0, 999.0, -504.0, -81.0, 205, 133, 63
L 1002.0, -504.0, -81.0, 1002.0, -508.0, -81.0, 205, 133, 63
L 999.0, -508.0, -81.0, 1000.0, -508.0, -81.0, 205, 133, 63
L 999.0, -504.0, -81.0, 1000.0, -504.0, -81.0, 205, 133, 63
L 1000.0, -502.0, -81.0, 1002.0, -502.0, -81.0, 0, 0, 0
L 1000.0, -511.0, -81.0, 1002.0, -511.0, -81.0, 0, 0, 0
L 1000.0, -502.0, -81.0, 1000.0, -504.0, -81.0, 205, 133, 63
L 1000.0, -508.0, -81.0, 1002.0, -508.0, -81.0, 205, 133, 63
L 1000.0, -504.0, -81.0, 1002.0, -504.0, -81.0, 205, 133, 63
L 1000.0, -508.0, -81.0, 1000.0, -511.0, -81.0, 205, 133, 63
L 999.0, -528.0, -81.0, 999.0, -524.0, -81.0, 205, 133, 63
L 1002.0, -524.0, -81.0, 1002.0, -528.0, -81.0, 205, 133, 63
L 999.0, -528.0, -81.0, 1000.0, -528.0, -81.0, 205, 133, 63
L 999.0, -524.0, -81.0, 1000.0, -524.0, -81.0, 205, 133, 63
L 1000.0, -522.0, -81.0, 1002.0, -522.0, -81.0, 0, 0, 0
L 1000.0, -531.0, -81.0, 999.0, -531.0, -81.0, 0, 0, 0
L 1000.0, -522.0, -81.0, 1000.0, -524.0, -81.0, 205, 133, 63
L 1000.0, -528.0, -81.0, 1002.0, -528.0, -81.0, 205, 133, 63
L 1000.0, -524.0, -81.0, 1002.0, -524.0, -81.0, 205, 133, 63
L 1000.0, -528.0, -81.0, 1000.0, -531.0, -81.0, 205, 133, 63
L 974.0, -547.0, -81.0, 978.0, -547.0, -81.0, 205, 133, 63
L 974.0, -550.0, -81.0, 978.0, -550.0, -81.0, 205, 133, 63
L 972.0, -548.0, -81.0, 972.0, -547.0, -81.0, 0, 0, 0
L 981.0, -548.0, -81.0, 981.0, -550.0, -81.0, 0, 0, 0
L 972.0, -548.0, -81.0, 974.0, -548.0, -81.0, 205, 133, 63
L 978.0, -547.0, -81.0, 978.0, -548.0, -81.0, 205, 133, 63
L 978.0, -548.0, -81.0, 981.0, -548.0, -81.0, 205, 133, 63
L 978.0, -548.0, -81.0, 978.0, -550.0, -81.0, 205, 133, 63
L 974.0, -547.0, -81.0, 974.0, -548.0, -81.0, 205, 133, 63
L 974.0, -548.0, -81.0, 974.0, -550.0, -81.0, 205, 133, 63
L 878.0, -573.0, -73.0, 878.0, -576.0, -73.0, 0, 0, 0
L 895.0, -573.0, -73.0, 895.0, -576.0, -73.0, 0, 0, 0
L 882.0, -573.0, -73.0, 890.0, -573.0, -73.0, 205, 133, 63
L 882.0, -580.0, -73.0, 890.0, -580.0, -73.0, 205, 133, 63
L 878.0, -576.0, -73.0, 878.0, -580.0, -73.0, 0, 0, 0
L 895.0, -576.0, -73.0, 895.0, -580.0, -73.0, 0, 0, 0
L 878.0, -576.0, -73.0, 882.0, -576.0, -73.0, 205, 133, 63
L 890.0, -573.0, -73.0, 890.0, -576.0, -73.0, 205, 133, 63
L 890.0, -576.0, -73.0, 895.0, -576.0, -73.0, 205, 133, 63
L 890.0, -576.0, -73.0, 890.0, -580.0, -73.0, 205, 133, 63
L 882.0, -573.0, -73.0, 882.0, -576.0, -73.0, 205, 133, 63
L 882.0, -576.0, -73.0, 882.0, -580.0, -73.0, 205, 133, 63
L -208.0, -48.0, -81.0, -208.0, -44.0, -81.0, 205, 133, 63
L -203.0, -48.0, -81.0, -203.0, -44.0, -81.0, 205, 133, 63
L -205.0, -51.0, -81.0, -203.0, -51.0, -81.0, 0, 0, 0
L -205.0, -42.0, -81.0, -208.0, -42.0, -81.0, 0, 0, 0
L -205.0, -51.0, -81.0, -205.0, -48.0, -81.0, 205, 133, 63
L -208.0, -44.0, -81.0, -205.0, -44.0, -81.0, 205, 133, 63
L -205.0, -44.0, -81.0, -205.0, -42.0, -81.0, 205, 133, 63
L -205.0, -44.0, -81.0, -203.0, -44.0, -81.0, 205, 133, 63
L -208.0, -48.0, -81.0, -205.0, -48.0, -81.0, 205, 133, 63
L -205.0, -48.0, -81.0, -203.0, -48.0, -81.0, 205, 133, 63
L -116.0, -67.0, -81.0, -116.0, -19.0, -82.0, 0, 0, 0
L -116.0, -19.0, -82.0, -124.0, -19.0, -82.0, 150, 150, 150
L -111.0, -19.0, -82.0, -116.0, -19.0, -82.0, 0, 0, 0
L 1062.0, -744.0, -54.0, 1013.0, -744.0, -54.0, 0, 0, 0
L 1005.0, -736.0, -61.0, 1013.0, -744.0, -54.0, 0, 0, 0
L 485.0, -745.0, -91.0, 485.0, -718.0, -91.0, 0, 0, 255
L 498.0, -746.0, -91.0, 485.0, -745.0, -91.0, 0, 0, 255
L 533.0, -718.0, -91.0, 533.0, -745.0, -91.0, 0, 0, 255
L 533.0, -745.0, -91.0, 498.0, -746.0, -91.0, 0, 0, 255
L 495.0, -552.0, -80.0, 479.0, -560.0, -78.0, 0, 0, 0
L 3.0, -271.0, -81.0, 3.0, -274.0, -81.0, 205, 133, 63
L 5.5, -268.0, -81.0, 3.0, -268.0, -81.0, 0, 0, 0
L 5.5, -268.0, -81.0, 5.5, -271.0, -81.0, 205, 133, 63
L 3.0, -271.0, -81.0, 8.0, -271.0, -81.0, 205, 133, 63
L 3.0, -274.0, -81.0, 5.5, -274.0, -81.0, 205, 133, 63
L 5.5, -274.0, -81.0, 8.0, -274.0, -81.0, 205, 133, 63
L 5.5, -277.0, -81.0, 8.0, -277.0, -81.0, 0, 0, 0
L 5.5, -274.0, -81.0, 5.5, -277.0, -81.0, 205, 133, 63
L 8.0, -271.0, -81.0, 8.0, -274.0, -81.0, 205, 133, 63
L -76.0, -312.5, -81.0, -76.0, -315.8, -81.0, 0, 0, 0
L -84.0, -306.0, -81.0, -88.0, -306.0, -81.0, 0, 0, 0
L -76.0, -312.5, -81.0, -84.0, -306.0, -81.0, 255, 255, 0
L -76.0, -309.2, -81.0, -76.0, -312.5, -81.0, 0, 0, 0
L -80.0, -306.0, -81.0, -84.0, -306.0, -81.0, 0, 0, 0
L -76.0, -309.2, -81.0, -80.0, -306.0, -81.0, 255, 255, 0
L -76.0, -315.8, -81.0, -76.0, -319.0, -81.0, 0, 0, 0
L -88.0, -306.0, -81.0, -92.0, -306.0, -81.0, 0, 0, 0
L -76.0, -315.8, -81.0, -88.0, -306.0, -81.0, 255, 255, 0
L -84.0, -319.0, -81.0, -80.0, -319.0, -81.0, 0, 0, 0
L -92.0, -312.5, -81.0, -92.0, -309.2, -81.0, 255, 255, 0
L -84.0, -319.0, -81.0, -92.0, -312.5, -81.0, 255, 255, 0
L -80.0, -319.0, -81.0, -76.0, -319.0, -81.0, 0, 0, 0
L -92.0, -309.2, -81.0, -92.0, -306.0, -81.0, 255, 255, 0
L -80.0, -319.0, -81.0, -92.0, -309.2, -81.0, 255, 255, 0
L -88.0, -319.0, -81.0, -84.0, -319.0, -81.0, 0, 0, 0
L -92.0, -315.8, -81.0, -92.0, -312.5, -81.0, 255, 255, 0
L -88.0, -319.0, -81.0, -92.0, -315.8, -81.0, 255, 255, 0
L -1135.0, 99.0, -110.0, -1135.0, 112.7, -110.0, 0, 0, 0
L -1159.0, 76.0, -110.0, -1159.0, 99.0, -110.0, 0, 0, 0
L -1159.0, 99.0, -110.0, -1159.0, 123.0, -110.0, 0, 0, 0
L -1135.0, 99.0, -110.0, -1159.0, 99.0, -110.0, 199, 21, 133
